1.653408885002136230e+00
0.000000000000000000e+00
4.373342990875244141e-01
2.375944852828979492e+00
2.053624689579010010e-01
2.974577546119689941e-01
5.535527467727661133e-01
3.219213724136352539e+00
5.339123725891113281e+00
1.129007577896118164e+00
6.305484101176261902e-03
1.756934881210327148e+00
1.072441861033439636e-01
5.675927996635437012e-01
1.915444970130920410e+00
5.087545886635780334e-02
7.639594674110412598e-01
2.461146354675292969e+00
4.620902538299560547e-01
0.000000000000000000e+00
8.940972685813903809e-01
1.185283437371253967e-01
2.162859737873077393e-01
2.256404399871826172e+00
1.338704377412796021e-01
3.662799717858433723e-03
0.000000000000000000e+00
1.793068528175354004e+00
1.822044998407363892e-01
1.798578072339296341e-03
1.100714597851037979e-02
0.000000000000000000e+00
4.967963397502899170e-01
5.190915893763303757e-03
1.594422734342515469e-03
2.729877710342407227e+00
3.765219748020172119e-01
7.353544980287551880e-02
5.583022832870483398e-01
1.679969280958175659e-01
5.320353433489799500e-02
4.098807275295257568e-01
4.141381382942199707e-01
1.582282185554504395e+00
4.888171255588531494e-01
2.357695400714874268e-01
3.827916979789733887e-01
4.598851799964904785e-01
3.271174430847167969e-01
1.446457862854003906e+00
1.229041814804077148e+00
0.000000000000000000e+00
8.295240998268127441e-01
0.000000000000000000e+00
1.993663549423217773e+00
3.270040154457092285e-01
4.803843200206756592e-01
1.200316008180379868e-02
1.872782468795776367e+00
8.758838772773742676e-01
5.444610714912414551e-01
1.747006028890609741e-01
7.717718482017517090e-01
1.347559571266174316e+00
1.096560239791870117e+00
1.431522607803344727e+00
0.000000000000000000e+00
2.672063112258911133e-01
7.918338477611541748e-02
1.264376878738403320e+00
0.000000000000000000e+00
2.994039840996265411e-02
2.236008942127227783e-01
1.358679234981536865e-01
6.675291657447814941e-01
1.066571116447448730e+00
5.233059171587228775e-03
2.540368437767028809e-01
3.825853765010833740e-02
6.940674185752868652e-01
3.422942459583282471e-01
5.056439638137817383e-01
1.787140488624572754e+00
1.976798325777053833e-01
1.907090187072753906e+00
1.101440284401178360e-03
1.460764646530151367e+00
5.917496979236602783e-02
7.519531250000000000e-01
5.702726915478706360e-02
7.750435173511505127e-02
5.916937068104743958e-02
1.145007908344268799e-01
0.000000000000000000e+00
6.465200781822204590e-01
1.888822466135025024e-01
1.312927365303039551e+00
2.533096671104431152e-01
4.944764077663421631e-02
2.087701723212376237e-04
1.577726099640130997e-03
7.087871432304382324e-01
4.256820678710937500e-01
6.799315214157104492e-01
9.995641708374023438e-01
3.531087338924407959e-01
7.834015488624572754e-01
5.479195713996887207e-02
3.056578040122985840e-01
4.862308800220489502e-01
1.704873800277709961e+00
0.000000000000000000e+00
1.248603820800781250e+00
1.066704511642456055e+00
7.513329386711120605e-01
9.380510449409484863e-02
0.000000000000000000e+00
1.921564457006752491e-03
1.341799497604370117e-01
3.251246690750122070e+00
9.019330739974975586e-01
2.973493188619613647e-02
1.419181227684020996e-01
8.538491725921630859e-01
3.683893680572509766e-01
1.558942198753356934e+00
0.000000000000000000e+00
1.242405399680137634e-01
2.348294496536254883e+00
2.374614477157592773e-01
3.325902298092842102e-02
9.030057787895202637e-01
8.638421446084976196e-02
4.148937016725540161e-02
1.679981243796646595e-03
0.000000000000000000e+00
2.946748733520507812e-01
4.473492145538330078e+00
0.000000000000000000e+00
1.316080540418624878e-01
9.094868898391723633e-01
2.662806808948516846e-01
9.079495668411254883e-01
2.116209268569946289e-02
8.600934147834777832e-01
1.454449892044067383e+00
8.554388284683227539e-01
1.248863697052001953e+00
1.846675127744674683e-01
7.706717252731323242e-01
4.388230800628662109e+00
5.658184289932250977e-01
3.146145641803741455e-01
7.020834088325500488e-01
1.824108958244323730e+00
6.501125097274780273e-01
1.668034791946411133e-01
9.159601479768753052e-02
2.829253196716308594e+00
1.345350891351699829e-01
1.709563583135604858e-01
1.648876905441284180e+00
1.550014495849609375e+00
3.058139383792877197e-01
3.563849627971649170e-01
7.268948107957839966e-02
1.248961198143661022e-03
0.000000000000000000e+00
1.942602992057800293e+00
1.744036555290222168e+00
1.556996852159500122e-01
7.395230978727340698e-02
0.000000000000000000e+00
8.481171131134033203e-01
2.443002909421920776e-01
7.716457843780517578e+00
0.000000000000000000e+00
1.818867586553096771e-02
6.096673384308815002e-02
7.977820932865142822e-02
7.733523845672607422e-02
1.962526887655258179e-01
1.994640566408634186e-03
1.343131184577941895e+00
7.518132925033569336e-01
0.000000000000000000e+00
0.000000000000000000e+00
1.413685083389282227e+00
0.000000000000000000e+00
0.000000000000000000e+00
0.000000000000000000e+00
1.516940770670771599e-03
1.367309808731079102e+00
7.118386030197143555e-01
0.000000000000000000e+00
3.833626210689544678e-01
8.338836431503295898e-01
1.908655315637588501e-01
4.282116293907165527e-01
1.177167654037475586e+00
1.477174997329711914e+00
7.546255588531494141e-01
6.418014168739318848e-01
1.179593726992607117e-01
1.517577678896486759e-03
6.907028704881668091e-02
0.000000000000000000e+00
3.046745061874389648e-02
2.484550885856151581e-02
2.819771289825439453e+00
6.725378334522247314e-04
3.368341028690338135e-01
6.252869032323360443e-03
5.144737362861633301e-01
6.230628490447998047e-01
1.017460346221923828e+00
1.552267074584960938e-01
6.433129310607910156e-01
8.450276851654052734e-01
1.651740193367004395e+00
8.434317260980606079e-02
2.910164594650268555e-01
6.018842458724975586e-01
1.237339302897453308e-01
2.035861611366271973e-01
0.000000000000000000e+00
5.233713388442993164e-01
1.633138805627822876e-01
2.679197676479816437e-02
0.000000000000000000e+00
4.353214204311370850e-01
1.173465773463249207e-01
6.942255496978759766e-01
2.272297143936157227e+00
4.553212523460388184e-01
6.277239918708801270e-01
1.735778093338012695e+00
1.138433694839477539e+00
1.150158420205116272e-02
6.450509428977966309e-01
1.950782388448715210e-01
1.222214996814727783e-01
2.883132696151733398e-01
1.591244697570800781e+00
2.103125154972076416e-01
2.351669371128082275e-01
4.455276727676391602e-01
1.727557182312011719e-02
1.606652855873107910e+00
9.811474084854125977e-01
4.843058586120605469e-01
6.057572737336158752e-02
3.907848596572875977e-01
3.628520667552947998e-02
3.360064625740051270e-01
2.020526379346847534e-01
2.745317295193672180e-02
0.000000000000000000e+00
1.859374344348907471e-02
6.769271939992904663e-02
1.001716613769531250e+00
1.837018504738807678e-02
1.042638123035430908e-01
0.000000000000000000e+00
0.000000000000000000e+00
0.000000000000000000e+00
2.598596096038818359e+00
7.974824309349060059e-02
1.046108126640319824e+00
2.636348009109497070e-01
4.660566449165344238e-01
7.131765037775039673e-02
9.903114438056945801e-01
8.593061566352844238e-02
4.032351374626159668e-01
2.349012494087219238e-01
2.465458959341049194e-01
2.814845144748687744e-01
1.650830030441284180e+00
7.841505855321884155e-02
9.746386110782623291e-02
9.251713752746582031e-01
3.976373076438903809e-01
1.140862777829170227e-01
3.545068949460983276e-02
3.240553736686706543e-01
1.087694287300109863e+00
1.612077467143535614e-02
5.781325101852416992e-01
0.000000000000000000e+00
1.308627724647521973e+00
1.981135845184326172e+00
3.319748938083648682e-01
2.498600184917449951e-01
4.886769223958253860e-03
1.776540726423263550e-01
5.184631347656250000e-01
5.314476490020751953e-01
1.838079094886779785e+00
4.749619483947753906e+00
1.415467858314514160e+00
9.177568554878234863e-02
7.081344258040189743e-03
5.945154428482055664e-01
5.382680799812078476e-03
0.000000000000000000e+00
8.912211284041404724e-03
0.000000000000000000e+00
0.000000000000000000e+00
9.924002736806869507e-02
1.872780621051788330e-01
3.728496730327606201e-01
9.082400356419384480e-04
7.652958035469055176e-01
3.479646146297454834e-01
1.076263859868049622e-01
0.000000000000000000e+00
2.586927115917205811e-01
5.179572701454162598e-01
7.381382398307323456e-03
8.668996095657348633e-01
0.000000000000000000e+00
0.000000000000000000e+00
7.234557867050170898e-01
7.649616003036499023e-01
1.414655685424804688e+00
9.003499150276184082e-02
0.000000000000000000e+00
8.623686432838439941e-01
7.937284111976623535e-01
2.273491372761782259e-05
8.251188555732369423e-04
2.222589682787656784e-03
0.000000000000000000e+00
3.334585204720497131e-02
4.522881656885147095e-02
1.304749488830566406e+00
1.038162559270858765e-01
3.553918004035949707e-01
4.119062423706054688e-01
6.067832559347152710e-02
8.875531144440174103e-03
3.194299042224884033e-01
0.000000000000000000e+00
1.353737950325012207e+00
1.029007196426391602e+00
2.533282637596130371e-01
0.000000000000000000e+00
2.854658067226409912e-01
2.244941294193267822e-01
9.321653842926025391e-01
1.204339504241943359e+00
0.000000000000000000e+00
2.431908622384071350e-02
6.616237759590148926e-01
1.467038512229919434e+00
0.000000000000000000e+00
1.076608777046203613e+00
0.000000000000000000e+00
6.234131008386611938e-02
2.088251113891601562e-01
2.434665858745574951e-01
1.722856462001800537e-01
9.256100654602050781e-02
4.489767551422119141e-01
8.439362049102783203e-01
9.737643003463745117e-01
4.177526235580444336e-01
2.211084842681884766e+00
0.000000000000000000e+00
4.416184723377227783e-01
5.204573273658752441e-01
1.865254044532775879e-01
6.942332535982131958e-02
3.500488996505737305e-01
5.946167279034852982e-03
1.648970996029675007e-03
1.191195324063301086e-01
6.277654767036437988e-01
3.189368546009063721e-01
3.214607760310173035e-02
2.051177263259887695e+00
3.326286077499389648e+00
3.359269201755523682e-01
5.008537173271179199e-01
1.000521302223205566e+00
0.000000000000000000e+00
0.000000000000000000e+00
0.000000000000000000e+00
1.565258055925369263e-01
3.254059553146362305e-01
2.856247685849666595e-02
3.575726295821368694e-04
4.996018111705780029e-01
7.211709022521972656e-02
9.193134307861328125e-02
6.632218360900878906e-01
1.792626231908798218e-01
2.432845300063490868e-03
2.067411899566650391e+00
2.306544333696365356e-01
1.239038228988647461e+00
0.000000000000000000e+00
3.415192067623138428e-01
1.472492694854736328e+00
7.843287289142608643e-02
3.842999041080474854e-01
3.455967605113983154e-01
1.237017154693603516e+00
4.566027969121932983e-02
5.231329202651977539e-01
9.450208395719528198e-02
7.728192210197448730e-01
2.476288378238677979e-02
7.765992283821105957e-01
2.949727699160575867e-02
1.769359350204467773e+00
8.921741694211959839e-02
3.294537663459777832e-01
7.717733085155487061e-02
9.691883809864521027e-03
3.176563680171966553e-01
2.381008490920066833e-02
2.725464344024658203e+00
1.457529783248901367e+00
7.776585817337036133e-01
7.926010489463806152e-01
1.414714217185974121e+00
1.844494491815567017e-01
6.583277583122253418e-01
6.359507888555526733e-02
1.716990321874618530e-01
0.000000000000000000e+00
0.000000000000000000e+00
0.000000000000000000e+00
2.169634550809860229e-01
4.605220630764961243e-02
7.120841741561889648e-02
4.550014436244964600e-02
9.561028331518173218e-02
2.562674760818481445e+00
4.366897046566009521e-02
2.875992096960544586e-02
3.713553249835968018e-01
1.418857812881469727e+00
1.191302463412284851e-01
0.000000000000000000e+00
3.288220614194869995e-02
4.934362173080444336e-01
1.256681919097900391e+00
4.227249622344970703e-01
1.336166169494390488e-02
1.741500496864318848e+00
1.996791688725352287e-03
9.146327972412109375e-01
6.323985289782285690e-03
3.992167115211486816e-01
2.513258531689643860e-02
1.082760021090507507e-01
1.827157139778137207e+00
8.870635628700256348e-01
6.758655309677124023e-01
1.242379307746887207e+00
5.456016957759857178e-02
1.050947785377502441e+00
8.392135053873062134e-02
5.765727534890174866e-02
7.528122663497924805e-01
5.686455965042114258e-01
2.124449461698532104e-01
8.890085667371749878e-02
6.084660887718200684e-01
1.893586665391921997e-02
1.265750825405120850e-01
1.910255670547485352e+00
6.085709929466247559e-01
1.472358107566833496e-01
3.369746208190917969e-01
3.085102513432502747e-02
3.259336352348327637e-01
3.850444853305816650e-01
0.000000000000000000e+00
0.000000000000000000e+00
1.211467742919921875e+00
1.361168861389160156e+00
2.581453621387481689e-01
2.354796230792999268e-01
1.845809631049633026e-02
1.394698739051818848e+00
4.968656599521636963e-01
1.379290521144866943e-01
8.032692670822143555e-01
0.000000000000000000e+00
8.493241071701049805e-01
9.609303474426269531e-01
1.839717850089073181e-02
2.534582018852233887e-01
1.094564080238342285e+00
4.497544467449188232e-02
2.514858916401863098e-02
6.026998534798622131e-02
2.613539695739746094e+00
2.553882077336311340e-03
3.300620317459106445e-01
1.603160202503204346e-01
9.987987875938415527e-01
1.951030969619750977e+00
1.379087328910827637e+00
5.564189702272415161e-02
1.317065954208374023e+00
1.281317975372076035e-02
0.000000000000000000e+00
