1.351239681243896484e+00
0.000000000000000000e+00
1.506752073764801025e-01
2.124984502792358398e+00
3.014596700668334961e-01
3.311176300048828125e-01
4.870614409446716309e-01
3.384247064590454102e+00
5.923787593841552734e+00
7.826997041702270508e-01
2.712936401367187500e-01
1.717436194419860840e+00
4.958461225032806396e-01
2.752410471439361572e-01
1.956876158714294434e+00
1.385661065578460693e-01
8.066187500953674316e-01
1.940413355827331543e+00
7.151610851287841797e-01
1.964350603520870209e-02
1.010385155677795410e+00
8.304513059556484222e-03
5.605895444750785828e-02
1.841111540794372559e+00
6.890196353197097778e-03
1.170513778924942017e-01
0.000000000000000000e+00
1.836106896400451660e+00
2.257311791181564331e-01
0.000000000000000000e+00
1.273034065961837769e-01
9.551824070513248444e-03
3.810955584049224854e-01
4.486009478569030762e-03
1.929137259721755981e-01
3.071039199829101562e+00
3.233540654182434082e-01
1.232802271842956543e-01
1.287391424179077148e+00
5.046662092208862305e-01
1.827341914176940918e-01
5.086312890052795410e-01
3.093102574348449707e-01
1.857393503189086914e+00
8.071717023849487305e-01
7.270261645317077637e-01
4.130831956863403320e-01
8.891866207122802734e-01
6.883642822504043579e-02
1.268342137336730957e+00
1.986341595649719238e+00
1.038488186895847321e-02
1.232749581336975098e+00
0.000000000000000000e+00
1.758435130119323730e+00
1.095862388610839844e-01
6.517136693000793457e-01
1.285262852907180786e-01
1.687726974487304688e+00
7.143495082855224609e-01
2.555242776870727539e-01
1.307036131620407104e-01
2.240184098482131958e-01
8.718006014823913574e-01
1.310742616653442383e+00
1.007321000099182129e+00
0.000000000000000000e+00
3.245221376419067383e-01
4.506655633449554443e-01
8.643072247505187988e-01
0.000000000000000000e+00
7.244698703289031982e-02
2.234594076871871948e-01
2.429917901754379272e-01
4.500524997711181641e-01
1.598284363746643066e+00
4.574625927489250898e-05
5.409253239631652832e-01
5.614553391933441162e-02
6.513270139694213867e-01
1.543482542037963867e-01
7.187631130218505859e-01
1.630662083625793457e+00
1.229081153869628906e-01
2.255344629287719727e+00
1.104946509003639221e-01
1.621887445449829102e+00
3.596623614430427551e-02
5.880851745605468750e-01
0.000000000000000000e+00
0.000000000000000000e+00
8.581371977925300598e-03
0.000000000000000000e+00
0.000000000000000000e+00
6.900802254676818848e-01
3.936610221862792969e-01
1.388319969177246094e+00
3.446845114231109619e-01
1.120180450379848480e-02
0.000000000000000000e+00
4.909465089440345764e-03
5.273229479789733887e-01
2.258279323577880859e-01
7.655634284019470215e-01
1.061628460884094238e+00
1.861067414283752441e-01
1.386931896209716797e+00
1.046034470200538635e-01
8.951023221015930176e-02
1.537274420261383057e-01
1.580798268318176270e+00
0.000000000000000000e+00
1.435893774032592773e+00
7.508671879768371582e-01
7.123833894729614258e-01
4.446787759661674500e-02
1.214620005339384079e-02
0.000000000000000000e+00
1.345450291410088539e-03
2.889392375946044922e+00
8.041728734970092773e-01
1.652754098176956177e-01
0.000000000000000000e+00
1.283040285110473633e+00
3.729841709136962891e-01
1.837321639060974121e+00
0.000000000000000000e+00
2.377242445945739746e-01
2.498708963394165039e+00
3.046252429485321045e-01
3.010334633290767670e-02
1.177217364311218262e+00
3.871779516339302063e-02
2.182057648897171021e-01
3.014726340770721436e-01
3.110706061124801636e-02
1.578930467367172241e-01
5.002681255340576172e+00
0.000000000000000000e+00
4.853053987026214600e-01
6.202396750450134277e-01
3.322329819202423096e-01
1.677242517471313477e+00
4.233987710904330015e-04
5.182055830955505371e-01
1.374910235404968262e+00
9.205393195152282715e-01
1.414203643798828125e+00
2.370949536561965942e-01
3.447415828704833984e-01
5.354330062866210938e+00
1.724948287010192871e-01
3.337420821189880371e-01
2.921101152896881104e-01
1.524291157722473145e+00
1.301103234291076660e+00
2.047735452651977539e-01
1.298169791698455811e-01
2.850917100906372070e+00
0.000000000000000000e+00
1.214055046439170837e-01
1.226727008819580078e+00
1.248799681663513184e+00
1.628232002258300781e-01
1.573191881179809570e-01
4.869088158011436462e-02
1.391645427793264389e-02
0.000000000000000000e+00
1.539605379104614258e+00
2.730335474014282227e+00
7.130192965269088745e-02
0.000000000000000000e+00
7.031377870589494705e-03
1.037546515464782715e+00
2.784885466098785400e-01
7.951278686523437500e+00
0.000000000000000000e+00
3.558861836791038513e-02
1.067918632179498672e-02
0.000000000000000000e+00
4.316244274377822876e-02
1.415504422038793564e-02
6.653460860252380371e-02
1.595318675041198730e+00
6.982420086860656738e-01
0.000000000000000000e+00
2.474575117230415344e-02
1.053392648696899414e+00
0.000000000000000000e+00
9.050764143466949463e-02
0.000000000000000000e+00
5.168181285262107849e-02
1.279900074005126953e+00
8.425923585891723633e-01
3.579315543174743652e-02
2.464129328727722168e-01
1.225093841552734375e+00
1.779979914426803589e-01
5.373892188072204590e-01
8.465073704719543457e-01
1.609613299369812012e+00
8.251515626907348633e-01
5.657985806465148926e-01
1.552235484123229980e-01
1.003357991576194763e-01
3.832577168941497803e-02
3.402635082602500916e-02
2.002682723104953766e-02
5.533636081963777542e-03
2.848175287246704102e+00
1.739651709794998169e-02
1.680829972028732300e-01
1.522183716297149658e-01
3.889773190021514893e-01
1.266437053680419922e+00
8.524796962738037109e-01
3.274768888950347900e-01
5.241729617118835449e-01
1.260477662086486816e+00
1.098245024681091309e+00
2.904303558170795441e-02
3.753093779087066650e-01
3.954263627529144287e-01
8.193740248680114746e-02
3.177165389060974121e-01
0.000000000000000000e+00
1.120860204100608826e-01
4.639128744602203369e-01
0.000000000000000000e+00
0.000000000000000000e+00
1.997827440500259399e-01
7.676538079977035522e-02
1.053224802017211914e+00
2.896074533462524414e+00
2.285685390233993530e-01
8.324595689773559570e-01
1.892494797706604004e+00
8.104547858238220215e-01
4.262692853808403015e-02
7.446376085281372070e-01
7.244915235787630081e-03
5.988546833395957947e-02
0.000000000000000000e+00
1.901025891304016113e+00
6.901977658271789551e-01
2.295979410409927368e-01
5.366848707199096680e-01
1.546840649098157883e-03
1.646232724189758301e+00
1.994394659996032715e+00
3.669184818863868713e-02
2.088372707366943359e-01
2.075991481542587280e-01
1.943267732858657837e-01
6.833446621894836426e-01
7.280710339546203613e-02
2.907627820968627930e-02
0.000000000000000000e+00
4.057916812598705292e-03
3.002874553203582764e-01
9.349078536033630371e-01
7.436448335647583008e-02
1.153893917798995972e-01
0.000000000000000000e+00
0.000000000000000000e+00
2.064661122858524323e-03
2.536876440048217773e+00
0.000000000000000000e+00
1.209889173507690430e+00
2.606878615915775299e-02
6.986002326011657715e-01
2.332824096083641052e-02
7.494556307792663574e-01
3.930084779858589172e-02
1.704238951206207275e-01
1.967132240533828735e-01
5.448812618851661682e-02
2.092817276716232300e-01
1.428467392921447754e+00
2.370573580265045166e-02
2.438372001051902771e-02
6.807899475097656250e-01
7.758610695600509644e-02
4.061593208461999893e-03
1.927390545606613159e-01
1.576113253831863403e-01
1.363813519477844238e+00
0.000000000000000000e+00
1.072502136230468750e+00
0.000000000000000000e+00
1.346465468406677246e+00
1.550227522850036621e+00
3.314911425113677979e-01
0.000000000000000000e+00
2.273030579090118408e-03
2.331290841102600098e-01
4.784433245658874512e-01
8.874522894620895386e-02
1.570577144622802734e+00
4.476552963256835938e+00
1.085557460784912109e+00
3.062359690666198730e-01
8.614037930965423584e-02
2.997599244117736816e-01
0.000000000000000000e+00
1.010737754404544830e-02
9.320688433945178986e-03
0.000000000000000000e+00
7.455239538103342056e-03
5.033545661717653275e-03
5.901997685432434082e-01
3.201710432767868042e-02
2.786963433027267456e-02
1.026242136955261230e+00
1.432239115238189697e-01
1.861059963703155518e-01
0.000000000000000000e+00
1.108220294117927551e-01
3.477585315704345703e-01
5.356614291667938232e-02
9.853747487068176270e-01
0.000000000000000000e+00
5.693551525473594666e-02
4.813317954540252686e-01
2.033219933509826660e-01
7.195395231246948242e-01
7.129183504730463028e-03
0.000000000000000000e+00
8.769714236259460449e-01
4.321592450141906738e-01
2.027791738510131836e-02
1.173753384500741959e-02
0.000000000000000000e+00
8.660641498863697052e-03
1.709370128810405731e-02
2.895820438861846924e-01
1.397412300109863281e+00
1.096903067082166672e-02
9.658615589141845703e-01
5.449019074440002441e-01
1.580044277943670750e-03
0.000000000000000000e+00
1.554519832134246826e-01
4.971093311905860901e-02
1.289167523384094238e+00
1.566213130950927734e+00
2.139263451099395752e-01
0.000000000000000000e+00
1.345158368349075317e-02
7.802380919456481934e-01
6.488724350929260254e-01
1.463485836982727051e+00
3.861631453037261963e-02
3.907698555849492550e-06
2.760236561298370361e-01
1.236418604850769043e+00
0.000000000000000000e+00
5.251387953758239746e-01
0.000000000000000000e+00
8.800286799669265747e-02
2.405575066804885864e-01
9.933828562498092651e-02
1.840342767536640167e-02
1.237817108631134033e-01
9.868881702423095703e-01
1.156383633613586426e+00
5.522102117538452148e-01
8.339866995811462402e-01
2.612090349197387695e+00
2.932023257017135620e-03
6.692230105400085449e-01
8.551680445671081543e-01
2.072349786758422852e-01
2.401083111763000488e-01
5.391609668731689453e-01
0.000000000000000000e+00
4.052485525608062744e-02
4.222618415951728821e-02
3.870358765125274658e-01
3.870172500610351562e-01
0.000000000000000000e+00
3.157235622406005859e+00
3.144560813903808594e+00
5.214734077453613281e-01
7.150572538375854492e-02
9.460506439208984375e-01
8.890420198440551758e-03
0.000000000000000000e+00
0.000000000000000000e+00
1.285773068666458130e-01
4.113702476024627686e-01
5.877949669957160950e-02
0.000000000000000000e+00
5.187559500336647034e-02
2.691586017608642578e-01
3.563072085380554199e-01
9.127050638198852539e-01
2.574109137058258057e-01
5.606150999665260315e-02
1.680970788002014160e+00
2.580240070819854736e-01
1.349742293357849121e+00
1.168291177600622177e-02
1.586093008518218994e-01
1.557813286781311035e+00
2.762985825538635254e-01
7.322597503662109375e-01
3.585276603698730469e-01
8.915263414382934570e-01
2.846048772335052490e-02
4.012353420257568359e-01
5.521298386156558990e-03
6.295599341392517090e-01
4.226637482643127441e-01
3.850917816162109375e-01
0.000000000000000000e+00
2.373779535293579102e+00
2.576269395649433136e-02
3.822235465049743652e-01
5.438528954982757568e-02
1.416473090648651123e-01
1.755629479885101318e-01
0.000000000000000000e+00
2.330466032028198242e+00
1.276296496391296387e+00
3.180992603302001953e-01
5.199929475784301758e-01
1.486600279808044434e+00
4.664862900972366333e-02
5.721253752708435059e-01
1.196354255080223083e-02
1.100007444620132446e-01
1.482889172621071339e-03
0.000000000000000000e+00
1.006641332060098648e-02
2.911780774593353271e-01
0.000000000000000000e+00
2.863915171474218369e-03
7.064910233020782471e-02
9.367514401674270630e-02
2.226125240325927734e+00
7.507537957280874252e-03
2.166404761373996735e-02
1.935248821973800659e-01
1.037022352218627930e+00
5.843178369104862213e-03
0.000000000000000000e+00
8.657838404178619385e-02
5.601988434791564941e-01
1.613810658454895020e+00
6.392628550529479980e-01
0.000000000000000000e+00
1.941959619522094727e+00
6.104878266341984272e-04
2.100839167833328247e-01
4.871311783790588379e-02
1.711447089910507202e-01
8.398520201444625854e-02
1.847626874223351479e-03
1.478594064712524414e+00
1.447192668914794922e+00
2.997293174266815186e-01
1.742457747459411621e+00
0.000000000000000000e+00
1.077827453613281250e+00
4.171874374151229858e-02
1.313068252056837082e-02
1.666100770235061646e-01
9.528408050537109375e-01
5.384423732757568359e-01
4.147411137819290161e-02
9.336024522781372070e-02
8.495022356510162354e-02
2.595986798405647278e-02
1.625786304473876953e+00
5.576283931732177734e-01
8.570453524589538574e-02
3.845356106758117676e-01
3.261062875390052795e-02
8.383001089096069336e-01
1.097994446754455566e-01
0.000000000000000000e+00
2.958114258944988251e-02
1.712407708168029785e+00
1.484610080718994141e+00
4.199324641376733780e-03
2.081861197948455811e-01
2.871724776923656464e-02
1.129638075828552246e+00
6.144223809242248535e-01
3.890692591667175293e-01
8.155956268310546875e-01
3.511395305395126343e-02
6.835071444511413574e-01
5.672100782394409180e-01
1.393668446689844131e-02
2.239729762077331543e-01
1.306379914283752441e+00
1.568215191364288330e-01
1.717695966362953186e-02
2.015354484319686890e-02
2.959741592407226562e+00
0.000000000000000000e+00
1.056098818778991699e+00
1.177777051925659180e-01
1.004498720169067383e+00
2.957747459411621094e+00
1.188355684280395508e+00
2.365168184041976929e-02
1.298058986663818359e+00
5.045329220592975616e-03
1.391187962144613266e-02
