2.760325431823730469e+00
0.000000000000000000e+00
5.820690989494323730e-01
1.857416391372680664e+00
5.018844008445739746e-01
4.178960323333740234e-01
8.260613083839416504e-01
5.552575588226318359e+00
4.107588291168212891e+00
3.562513887882232666e-01
2.906346321105957031e-02
1.394964575767517090e+00
4.198971092700958252e-01
1.920488327741622925e-01
2.408748149871826172e+00
1.999497413635253906e-02
7.181203961372375488e-01
3.394272089004516602e+00
4.215416312217712402e-01
4.224811214953660965e-03
9.146242737770080566e-01
6.229564175009727478e-02
1.625675894320011139e-02
2.082383394241333008e+00
5.747498199343681335e-02
0.000000000000000000e+00
1.699508279561996460e-01
2.379751443862915039e+00
0.000000000000000000e+00
8.413773961365222931e-03
3.427020311355590820e-01
0.000000000000000000e+00
2.038095742464065552e-01
2.065563574433326721e-03
0.000000000000000000e+00
2.762035131454467773e+00
2.137298583984375000e-01
1.634218841791152954e-01
8.034511208534240723e-01
8.974489755928516388e-03
1.048406884074211121e-01
7.305021882057189941e-01
4.128696396946907043e-02
6.946982145309448242e-01
5.723316073417663574e-01
1.884597688913345337e-01
2.265842705965042114e-01
4.290058016777038574e-01
3.849725425243377686e-01
8.513064384460449219e-01
6.055799126625061035e-01
4.074711352586746216e-03
1.484553456306457520e+00
0.000000000000000000e+00
2.232794284820556641e+00
3.047028779983520508e-01
1.471908688545227051e+00
1.066494034603238106e-03
1.216453313827514648e+00
9.863452315330505371e-01
2.054685056209564209e-01
9.513715654611587524e-02
9.633492231369018555e-01
9.957351684570312500e-01
1.701534271240234375e+00
1.935389757156372070e+00
0.000000000000000000e+00
2.092847833409905434e-03
2.542710490524768829e-02
7.040075063705444336e-01
0.000000000000000000e+00
5.427254363894462585e-02
7.622684538364410400e-02
9.983916766941547394e-03
3.544057309627532959e-01
1.910163044929504395e+00
4.651163180824369192e-04
4.824970662593841553e-01
0.000000000000000000e+00
5.483779311180114746e-01
2.140180170536041260e-01
5.932317115366458893e-03
1.835591435432434082e+00
1.440719068050384521e-01
2.165168523788452148e+00
9.531760588288307190e-03
1.905422210693359375e+00
6.250696629285812378e-02
7.903884649276733398e-01
5.943078082054853439e-03
6.592832505702972412e-02
4.269585311412811279e-01
2.052142471075057983e-02
0.000000000000000000e+00
6.259132921695709229e-02
2.553980946540832520e-01
1.363189339637756348e+00
3.730365037918090820e-01
5.131840705871582031e-03
0.000000000000000000e+00
3.410862293094396591e-03
4.064098894596099854e-01
5.670560523867607117e-02
8.680596947669982910e-01
8.809551000595092773e-01
2.210729867219924927e-01
4.651539623737335205e-01
7.132668048143386841e-02
6.213897466659545898e-01
3.012300431728363037e-01
1.707179188728332520e+00
0.000000000000000000e+00
2.169660568237304688e+00
1.390194296836853027e+00
4.568424820899963379e-01
1.704308576881885529e-02
1.720922009553760290e-04
0.000000000000000000e+00
1.603571511805057526e-02
3.786391258239746094e+00
1.464517116546630859e+00
2.534134387969970703e-01
8.103001117706298828e-02
1.312676191329956055e+00
5.992524027824401855e-01
1.898933410644531250e+00
0.000000000000000000e+00
7.701028604060411453e-03
2.463450908660888672e+00
3.156593739986419678e-01
0.000000000000000000e+00
3.503680229187011719e-01
7.808891683816909790e-02
1.553752869367599487e-01
2.533618174493312836e-02
0.000000000000000000e+00
4.687748253345489502e-01
3.929976701736450195e+00
0.000000000000000000e+00
4.920980334281921387e-01
1.367095589637756348e+00
4.925929307937622070e-01
1.155422687530517578e+00
0.000000000000000000e+00
6.605418324470520020e-01
3.317949295043945312e+00
7.610476016998291016e-01
1.622258067131042480e+00
2.182535454630851746e-02
8.996584415435791016e-01
4.208099842071533203e+00
2.481469660997390747e-01
2.241664938628673553e-02
1.034275770187377930e+00
2.774901628494262695e+00
1.318473070859909058e-01
3.569716811180114746e-01
6.042445078492164612e-03
2.919038057327270508e+00
0.000000000000000000e+00
2.889764606952667236e-01
1.283100605010986328e+00
2.181924581527709961e+00
5.648160576820373535e-01
3.797769546508789062e-02
4.920034855604171753e-02
7.312781643122434616e-03
0.000000000000000000e+00
1.425474762916564941e+00
2.524026393890380859e+00
2.813641354441642761e-02
4.782313480973243713e-03
7.803163025528192520e-04
2.507342100143432617e-01
6.600856035947799683e-02
7.314891338348388672e+00
0.000000000000000000e+00
0.000000000000000000e+00
5.494862422347068787e-02
5.314542353153228760e-02
3.230116963386535645e-01
0.000000000000000000e+00
2.733247876167297363e-01
6.802687048912048340e-01
8.524187803268432617e-01
0.000000000000000000e+00
0.000000000000000000e+00
5.738534927368164062e-01
4.075736925005912781e-02
0.000000000000000000e+00
0.000000000000000000e+00
1.065704375505447388e-01
4.529300630092620850e-01
1.400602698326110840e+00
0.000000000000000000e+00
2.642453312873840332e-01
3.905926346778869629e-01
5.393708348274230957e-01
3.627470731735229492e-01
2.068441152572631836e+00
1.752221226692199707e+00
1.093418359756469727e+00
1.232602596282958984e+00
9.232792258262634277e-02
0.000000000000000000e+00
8.939690142869949341e-02
0.000000000000000000e+00
1.695191673934459686e-02
4.865762963891029358e-02
4.705198764801025391e+00
3.549811616539955139e-02
1.040821243077516556e-02
4.008015617728233337e-02
1.131125167012214661e-01
4.806596338748931885e-01
1.350244879722595215e+00
3.926217555999755859e-01
1.738009154796600342e-01
4.217657744884490967e-01
1.700846791267395020e+00
2.297452390193939209e-01
1.827255487442016602e-01
3.118296861648559570e-01
6.232823710888624191e-03
3.929221034049987793e-01
0.000000000000000000e+00
2.380764186382293701e-01
1.784536172635853291e-03
0.000000000000000000e+00
0.000000000000000000e+00
3.198217451572418213e-01
2.571457624435424805e-02
7.549470663070678711e-02
3.570787906646728516e+00
7.989499717950820923e-02
1.192702770233154297e+00
1.109200239181518555e+00
1.278542757034301758e+00
2.882560016587376595e-03
6.237638592720031738e-01
2.473329752683639526e-01
3.057460300624370575e-02
1.733228005468845367e-02
1.664125323295593262e+00
2.689831256866455078e-01
2.817060425877571106e-02
4.323945939540863037e-01
9.827102534472942352e-03
1.899649739265441895e+00
1.023895740509033203e+00
3.465649783611297607e-01
1.675360603258013725e-03
3.492823541164398193e-01
1.800998114049434662e-02
3.052408993244171143e-02
1.593448668718338013e-01
3.396662697196006775e-02
2.770757973194122314e-01
2.459067404270172119e-01
6.537693142890930176e-01
1.060204505920410156e+00
1.578079909086227417e-01
4.494675397872924805e-01
0.000000000000000000e+00
0.000000000000000000e+00
0.000000000000000000e+00
3.479352951049804688e+00
8.720307610929012299e-03
3.698728382587432861e-01
2.278464101254940033e-02
1.475679278373718262e-01
1.317548602819442749e-01
1.393150568008422852e+00
1.056473180651664734e-01
6.103789806365966797e-01
7.706329971551895142e-02
3.007423877716064453e-01
1.724179834127426147e-01
1.114402174949645996e+00
3.842268884181976318e-02
2.456199750304222107e-02
5.288018584251403809e-01
4.542410671710968018e-01
2.832231856882572174e-02
2.231521718204021454e-02
2.057594358921051025e-01
7.585108876228332520e-01
0.000000000000000000e+00
1.250546932220458984e+00
0.000000000000000000e+00
4.114481806755065918e-01
1.798935532569885254e+00
2.677868492901325226e-02
1.733590662479400635e-01
0.000000000000000000e+00
3.408740758895874023e-01
2.732503116130828857e-01
2.121334373950958252e-01
1.420434474945068359e+00
5.003026962280273438e+00
1.056502938270568848e+00
1.258522868156433105e-01
1.499917078763246536e-02
4.474831223487854004e-01
0.000000000000000000e+00
3.436265513300895691e-02
0.000000000000000000e+00
4.352576658129692078e-02
0.000000000000000000e+00
1.015111580491065979e-01
4.606330022215843201e-02
2.073308527469635010e-01
0.000000000000000000e+00
6.435331106185913086e-01
8.156253397464752197e-02
0.000000000000000000e+00
2.302775979042053223e-01
6.501011550426483154e-02
1.043889857828617096e-02
4.302108287811279297e-02
4.425107240676879883e-01
0.000000000000000000e+00
0.000000000000000000e+00
8.379575610160827637e-01
1.206277608871459961e+00
1.813122153282165527e+00
1.110626310110092163e-01
2.911278605461120605e-02
1.170902848243713379e+00
3.091935217380523682e-01
1.202410552650690079e-03
1.092649716883897781e-02
0.000000000000000000e+00
1.467520464211702347e-02
1.064079776406288147e-01
6.633141636848449707e-02
1.384868621826171875e+00
3.297810256481170654e-02
7.321292757987976074e-01
1.270292758941650391e+00
1.643994003534317017e-01
1.023138500750064850e-02
2.618295252323150635e-01
4.296921659260988235e-03
1.735553264617919922e+00
1.339249134063720703e+00
3.853473067283630371e-01
0.000000000000000000e+00
2.056040801107883453e-02
3.042231313884258270e-02
9.851156473159790039e-01
1.879280805587768555e+00
3.061855025589466095e-02
1.101323589682579041e-02
6.456970572471618652e-01
1.162800669670104980e+00
2.191448118537664413e-03
3.107188344001770020e-01
0.000000000000000000e+00
6.801924109458923340e-02
5.269623398780822754e-01
7.796026766300201416e-02
3.300075232982635498e-02
3.463841676712036133e-01
1.369989961385726929e-01
5.738493204116821289e-01
1.854719996452331543e+00
4.825641810894012451e-01
2.555158615112304688e+00
7.146686315536499023e-03
1.145107984542846680e+00
2.972272634506225586e-01
4.983032867312431335e-02
2.932952940464019775e-01
6.988519430160522461e-02
5.934236943721771240e-02
5.654337257146835327e-02
8.909989893436431885e-02
4.924226403236389160e-01
1.330182515084743500e-02
0.000000000000000000e+00
1.400487184524536133e+00
2.889779090881347656e+00
3.363386541604995728e-02
8.854002356529235840e-01
1.247156023979187012e+00
0.000000000000000000e+00
0.000000000000000000e+00
0.000000000000000000e+00
3.951428830623626709e-01
1.045080274343490601e-01
3.181764185428619385e-01
1.831485517323017120e-02
3.064464926719665527e-01
4.001048207283020020e-01
1.472212024964392185e-03
5.335027575492858887e-01
6.977077573537826538e-02
4.173298180103302002e-02
2.489233255386352539e+00
6.361984014511108398e-01
1.065048694610595703e+00
1.058233249932527542e-02
8.416451811790466309e-01
1.224750518798828125e+00
5.717961192131042480e-01
7.596955299377441406e-01
1.922255456447601318e-01
1.004634022712707520e+00
1.412250287830829620e-02
1.582186073064804077e-01
7.075066119432449341e-02
1.362286359071731567e-01
4.048255085945129395e-02
5.892404913902282715e-01
3.008596599102020264e-02
1.582657456398010254e+00
9.845771640539169312e-02
6.081487536430358887e-01
1.745976358652114868e-01
5.345660820603370667e-02
1.632694154977798462e-01
0.000000000000000000e+00
3.203202247619628906e+00
2.015844106674194336e+00
1.470751017332077026e-01
3.598331212997436523e-01
1.819598913192749023e+00
4.500799179077148438e-01
2.769637107849121094e-01
1.172828078269958496e-01
1.331107318401336670e-01
0.000000000000000000e+00
0.000000000000000000e+00
5.806666333228349686e-03
7.950398921966552734e-01
5.453462526202201843e-02
3.920940458774566650e-01
0.000000000000000000e+00
5.189395975321531296e-03
2.520181894302368164e+00
6.094960495829582214e-02
0.000000000000000000e+00
4.626958370208740234e-01
1.216891884803771973e+00
1.150552779436111450e-01
0.000000000000000000e+00
1.470401883125305176e-01
1.540704071521759033e-01
1.859880328178405762e+00
1.673330813646316528e-01
2.667354643344879150e-01
1.856398463249206543e+00
9.281992912292480469e-02
1.940092444419860840e-01
0.000000000000000000e+00
5.471119880676269531e-01
4.958347976207733154e-01
2.976192235946655273e-01
1.081292390823364258e+00
1.045505762100219727e+00
9.827462434768676758e-01
3.890045881271362305e-01
8.602483570575714111e-02
1.038742780685424805e+00
2.793355882167816162e-01
5.801086314022541046e-03
1.090003848075866699e+00
1.253779977560043335e-01
4.825523495674133301e-01
4.869240224361419678e-01
5.647616982460021973e-01
8.553778380155563354e-02
1.865187287330627441e-02
1.519745111465454102e+00
4.078357517719268799e-01
3.257335349917411804e-02
3.684586286544799805e-01
1.372540462762117386e-02
2.083472758531570435e-01
4.762622117996215820e-01
9.400368481874465942e-02
2.630599588155746460e-02
1.249407172203063965e+00
8.066337704658508301e-01
9.404347836971282959e-02
5.485991835594177246e-01
4.102369025349617004e-02
1.819079637527465820e+00
6.535967588424682617e-01
4.197179377079010010e-01
1.651096820831298828e+00
8.468668907880783081e-03
9.637896418571472168e-01
2.273472696542739868e-01
1.711835265159606934e-01
5.085411667823791504e-02
1.008335709571838379e+00
2.454317957162857056e-01
1.637004502117633820e-02
5.213479977101087570e-03
2.350144863128662109e+00
1.144026871770620346e-02
1.349689841270446777e+00
1.452009975910186768e-01
7.023102045059204102e-01
1.711666107177734375e+00
2.688416719436645508e+00
3.966122167184948921e-04
2.214639902114868164e+00
2.855775654315948486e-01
0.000000000000000000e+00
