3.420385837554931641e+00
0.000000000000000000e+00
2.960869967937469482e-01
1.324089527130126953e+00
6.073533296585083008e-01
6.964007019996643066e-01
2.556237876415252686e-01
4.312565326690673828e+00
3.730752944946289062e+00
5.269752144813537598e-01
6.552062928676605225e-02
1.165902972221374512e+00
6.601970195770263672e-01
1.104311794042587280e-01
1.904755234718322754e+00
4.435061942785978317e-03
4.856892228126525879e-01
2.641981840133666992e+00
1.659552305936813354e-01
0.000000000000000000e+00
7.980433702468872070e-01
1.000785678625106812e-01
1.932294517755508423e-01
2.537382364273071289e+00
0.000000000000000000e+00
2.514711814001202583e-03
8.529272675514221191e-02
2.112721681594848633e+00
7.388251833617687225e-03
0.000000000000000000e+00
3.319185078144073486e-01
0.000000000000000000e+00
7.946523427963256836e-01
8.150890469551086426e-02
0.000000000000000000e+00
2.352427244186401367e+00
4.529579579830169678e-01
2.159543335437774658e-01
1.017929077148437500e+00
5.787717923521995544e-02
1.899354159832000732e-02
7.358955144882202148e-01
1.427962929010391235e-01
6.037092804908752441e-01
4.586533010005950928e-01
2.344948053359985352e-01
2.181289196014404297e-01
1.209198594093322754e+00
2.372401803731918335e-01
1.397992134094238281e+00
9.338784813880920410e-01
4.950062371790409088e-03
1.269207239151000977e+00
0.000000000000000000e+00
1.988826513290405273e+00
1.024655904620885849e-02
8.846510052680969238e-01
6.562588363885879517e-02
1.201050519943237305e+00
1.138378024101257324e+00
6.419151425361633301e-01
5.528002604842185974e-02
5.522799491882324219e-01
1.066118121147155762e+00
2.046056509017944336e+00
1.377164840698242188e+00
0.000000000000000000e+00
4.800895974040031433e-02
2.534053288400173187e-02
7.247812747955322266e-01
0.000000000000000000e+00
3.499689996242523193e-01
4.329783022403717041e-01
0.000000000000000000e+00
4.508444964885711670e-01
2.743818521499633789e+00
1.187630742788314819e-01
1.150724068284034729e-01
0.000000000000000000e+00
4.074685871601104736e-01
2.894718050956726074e-01
1.096447035670280457e-01
1.369690656661987305e+00
2.304515540599822998e-01
1.592610955238342285e+00
0.000000000000000000e+00
1.691620469093322754e+00
3.052226305007934570e-01
4.012485742568969727e-01
5.686426907777786255e-02
2.134050615131855011e-02
2.238845527172088623e-01
1.695371717214584351e-01
0.000000000000000000e+00
1.209656596183776855e-01
4.882873892784118652e-01
1.902966380119323730e+00
1.113741919398307800e-01
3.504916653037071228e-02
0.000000000000000000e+00
5.278243217617273331e-03
4.871362745761871338e-01
3.928258419036865234e-01
7.566367983818054199e-01
9.525787830352783203e-01
1.782914996147155762e-01
4.607615470886230469e-01
9.822036325931549072e-02
3.801880478858947754e-01
6.076554656028747559e-01
1.312124371528625488e+00
0.000000000000000000e+00
2.750915050506591797e+00
1.402817845344543457e+00
6.411249637603759766e-01
9.243459999561309814e-02
1.168119162321090698e-01
0.000000000000000000e+00
4.113148432224988937e-03
3.781246900558471680e+00
5.803195238113403320e-01
2.303873002529144287e-01
7.279952988028526306e-03
1.388539195060729980e+00
7.290351390838623047e-01
2.330824136734008789e+00
0.000000000000000000e+00
9.871794283390045166e-02
2.728593111038208008e+00
2.661506533622741699e-01
1.053756475448608398e-02
4.349690973758697510e-01
0.000000000000000000e+00
2.910241484642028809e-01
5.464535206556320190e-04
0.000000000000000000e+00
3.410213291645050049e-01
4.221732616424560547e+00
0.000000000000000000e+00
7.539224028587341309e-01
1.696752667427062988e+00
7.951213121414184570e-01
1.297833561897277832e+00
1.874530762434005737e-01
2.452308237552642822e-01
3.382839202880859375e+00
7.342526316642761230e-01
1.868523240089416504e+00
2.136366255581378937e-02
4.030572175979614258e-01
4.111587047576904297e+00
2.634216248989105225e-01
1.290666460990905762e-01
2.975592315196990967e-01
1.225193858146667480e+00
2.076257318258285522e-01
2.107762843370437622e-01
1.260533346794545650e-03
2.817591190338134766e+00
0.000000000000000000e+00
2.540153563022613525e-01
9.532028436660766602e-01
1.486120104789733887e+00
1.108125567436218262e+00
4.856174811720848083e-02
2.219488471746444702e-01
1.022892668843269348e-01
1.680080965161323547e-02
1.463612079620361328e+00
2.654011011123657227e+00
1.179406940937042236e-01
0.000000000000000000e+00
0.000000000000000000e+00
5.486552715301513672e-01
4.743185639381408691e-01
6.696440696716308594e+00
0.000000000000000000e+00
5.969565827399492264e-03
3.697213530540466309e-02
3.955096751451492310e-02
1.482810676097869873e-01
7.808545138686895370e-03
8.925165981054306030e-02
7.589341402053833008e-01
8.204408884048461914e-01
0.000000000000000000e+00
0.000000000000000000e+00
3.198979496955871582e-01
8.986382186412811279e-02
0.000000000000000000e+00
1.097082197666168213e-01
1.335864812135696411e-01
9.422140121459960938e-01
1.136488795280456543e+00
0.000000000000000000e+00
3.722373843193054199e-01
7.833700180053710938e-01
2.273665964603424072e-01
1.020098328590393066e+00
9.295465946197509766e-01
1.417661786079406738e+00
1.588740110397338867e+00
8.621849417686462402e-01
1.269299164414405823e-02
0.000000000000000000e+00
3.358023166656494141e-01
0.000000000000000000e+00
2.277668565511703491e-01
4.605217836797237396e-03
4.271193981170654297e+00
0.000000000000000000e+00
1.783084869384765625e-02
1.151583623141050339e-02
2.563900649547576904e-01
5.192708373069763184e-01
7.183733582496643066e-01
5.108125209808349609e-01
3.425517380237579346e-01
4.654969274997711182e-02
8.104680180549621582e-01
5.335493758320808411e-02
3.285380005836486816e-01
7.714384794235229492e-01
4.798316955566406250e-02
7.148920297622680664e-01
0.000000000000000000e+00
2.766953408718109131e-02
3.957737088203430176e-01
0.000000000000000000e+00
0.000000000000000000e+00
3.608720302581787109e-01
2.176006091758608818e-03
5.720610916614532471e-02
3.839863061904907227e+00
2.721364796161651611e-01
9.211106300354003906e-01
8.749428391456604004e-01
1.101719141006469727e+00
0.000000000000000000e+00
2.896283268928527832e-01
5.235707759857177734e-02
4.203272610902786255e-02
4.110806062817573547e-02
1.425072789192199707e+00
2.422356903553009033e-01
1.574220657348632812e-01
9.080178290605545044e-02
1.412186305969953537e-02
2.332999467849731445e+00
1.294563293457031250e+00
7.982343435287475586e-02
0.000000000000000000e+00
3.092508614063262939e-01
1.020198464393615723e-01
7.705588638782501221e-02
2.220025844871997833e-02
5.496466998010873795e-03
2.847838103771209717e-01
0.000000000000000000e+00
6.130117177963256836e-01
6.638525128364562988e-01
2.646751403808593750e-01
4.303482547402381897e-02
0.000000000000000000e+00
0.000000000000000000e+00
0.000000000000000000e+00
2.008021831512451172e+00
1.096599549055099487e-01
7.284255623817443848e-01
2.398474514484405518e-02
3.987246751785278320e-01
4.171752929687500000e-01
9.465532898902893066e-01
0.000000000000000000e+00
8.519584536552429199e-01
1.946672610938549042e-02
1.420234888792037964e-01
0.000000000000000000e+00
1.101150393486022949e+00
0.000000000000000000e+00
0.000000000000000000e+00
3.804620206356048584e-01
2.789726853370666504e-01
3.069020248949527740e-02
1.978322677314281464e-02
2.852290868759155273e-02
6.026365160942077637e-01
0.000000000000000000e+00
8.939831852912902832e-01
3.999091219156980515e-03
4.896398484706878662e-01
1.444489717483520508e+00
5.525363683700561523e-01
4.447053745388984680e-02
0.000000000000000000e+00
1.799917593598365784e-02
4.219516813755035400e-01
2.746176123619079590e-01
1.578871369361877441e+00
4.557285785675048828e+00
1.258660078048706055e+00
3.948892354965209961e-01
0.000000000000000000e+00
2.439405024051666260e-01
0.000000000000000000e+00
2.623435342684388161e-03
4.675436866818927228e-05
0.000000000000000000e+00
0.000000000000000000e+00
4.232621937990188599e-02
1.249895468354225159e-01
1.621360331773757935e-01
0.000000000000000000e+00
7.641218304634094238e-01
9.351082146167755127e-02
1.080621499568223953e-02
9.502841532230377197e-02
2.200569957494735718e-02
7.176613062620162964e-02
1.968531310558319092e-01
3.414423763751983643e-01
0.000000000000000000e+00
7.301661372184753418e-02
1.133596658706665039e+00
1.307437896728515625e+00
1.255853295326232910e+00
6.793182492256164551e-01
0.000000000000000000e+00
1.219760894775390625e+00
3.839729353785514832e-02
4.967712447978556156e-04
9.309890866279602051e-02
0.000000000000000000e+00
1.154095027595758438e-02
1.788654029369354248e-01
3.990057483315467834e-02
1.633409738540649414e+00
2.724578790366649628e-02
5.621571540832519531e-01
1.052535533905029297e+00
1.244639158248901367e-01
1.086025405675172806e-02
1.890908926725387573e-01
9.699586778879165649e-03
1.742918968200683594e+00
1.349498510360717773e+00
0.000000000000000000e+00
0.000000000000000000e+00
0.000000000000000000e+00
7.877368479967117310e-02
1.068377137184143066e+00
1.685611128807067871e+00
9.677855297923088074e-03
0.000000000000000000e+00
5.305395126342773438e-01
9.746592640876770020e-01
1.627480834722518921e-01
1.525102108716964722e-01
0.000000000000000000e+00
3.751591220498085022e-02
4.273377060890197754e-01
1.279634982347488403e-01
0.000000000000000000e+00
2.760452032089233398e-01
1.279658526182174683e-01
1.083449006080627441e+00
1.393964409828186035e+00
8.549624085426330566e-01
2.556504249572753906e+00
2.980844117701053619e-02
3.994534909725189209e-01
6.220871955156326294e-02
1.559943109750747681e-01
6.173946857452392578e-01
3.513835668563842773e-01
0.000000000000000000e+00
6.053591519594192505e-02
1.311676204204559326e-01
3.512287735939025879e-01
3.391639888286590576e-02
0.000000000000000000e+00
1.416457772254943848e+00
3.352608680725097656e+00
2.535758912563323975e-01
2.315747141838073730e-01
6.750074028968811035e-01
5.576086230576038361e-03
5.283048958517611027e-04
0.000000000000000000e+00
7.256649434566497803e-02
2.862327396869659424e-01
2.838798761367797852e-01
0.000000000000000000e+00
1.416174024343490601e-01
5.805314779281616211e-01
1.241951063275337219e-02
3.920143842697143555e-01
3.849731013178825378e-02
3.275468572974205017e-02
1.995991468429565430e+00
3.440445065498352051e-01
7.678443789482116699e-01
2.745690010488033295e-02
5.939792990684509277e-01
1.653645396232604980e+00
7.760390043258666992e-01
6.896916627883911133e-01
2.715983390808105469e-01
8.294059634208679199e-01
7.385380566120147705e-02
2.899652421474456787e-01
6.642209738492965698e-02
1.739615648984909058e-01
2.091203182935714722e-01
9.997569322586059570e-01
6.122117117047309875e-02
1.234596848487854004e+00
6.946652382612228394e-02
5.675597786903381348e-01
2.207664698362350464e-01
1.813440211117267609e-02
3.966827988624572754e-01
0.000000000000000000e+00
2.530979871749877930e+00
1.274906396865844727e+00
1.671559959650039673e-01
1.065116897225379944e-01
1.756058931350708008e+00
9.566245228052139282e-02
3.221036493778228760e-01
9.268159046769142151e-03
4.718974232673645020e-01
0.000000000000000000e+00
0.000000000000000000e+00
0.000000000000000000e+00
8.366298675537109375e-01
0.000000000000000000e+00
3.046083152294158936e-01
0.000000000000000000e+00
0.000000000000000000e+00
2.220806837081909180e+00
4.299433901906013489e-02
2.417860925197601318e-02
6.614131331443786621e-01
5.737293362617492676e-01
9.121032804250717163e-02
0.000000000000000000e+00
5.000098943710327148e-01
1.134606450796127319e-01
1.477483153343200684e+00
2.279916703701019287e-01
2.912772446870803833e-02
1.280019760131835938e+00
2.061155810952186584e-02
5.255713313817977905e-02
0.000000000000000000e+00
5.988224744796752930e-01
3.122195899486541748e-01
5.566976070404052734e-01
6.191196441650390625e-01
1.142058849334716797e+00
9.373045563697814941e-01
7.144973278045654297e-01
1.416224688291549683e-01
8.942230939865112305e-01
5.161392092704772949e-01
5.005197972059249878e-02
1.174190640449523926e+00
2.794466614723205566e-01
9.838554263114929199e-01
2.503517568111419678e-01
2.688466608524322510e-01
5.590095650404691696e-03
0.000000000000000000e+00
4.380468130111694336e-01
2.949925959110260010e-01
2.471452951431274414e-02
2.186556756496429443e-01
2.775938808917999268e-02
3.229617178440093994e-01
1.505383700132369995e-01
2.690164139494299889e-03
5.530311539769172668e-02
9.321069121360778809e-01
1.607101917266845703e+00
1.967396438121795654e-01
4.540457725524902344e-01
4.839788004755973816e-02
1.389356970787048340e+00
2.681731283664703369e-01
5.524648427963256836e-01
1.068845510482788086e+00
2.302453853189945221e-02
9.924845099449157715e-01
1.957383751869201660e-01
1.476212292909622192e-01
3.788091242313385010e-01
4.815540313720703125e-01
6.369041204452514648e-01
6.551089137792587280e-02
0.000000000000000000e+00
2.656658411026000977e+00
0.000000000000000000e+00
1.380834102630615234e+00
1.137726474553346634e-02
5.465181469917297363e-01
2.322879791259765625e+00
1.904183626174926758e+00
6.605471753573510796e-06
2.183136463165283203e+00
2.924107015132904053e-01
2.743522450327873230e-02
