2.560411691665649414e+00
0.000000000000000000e+00
4.629864096641540527e-01
1.541784167289733887e+00
7.659147381782531738e-01
4.115437269210815430e-01
3.091662824153900146e-01
4.648695945739746094e+00
3.318212270736694336e+00
4.644584655761718750e-01
9.578522294759750366e-03
1.073328614234924316e+00
5.353326797485351562e-01
1.600096225738525391e-01
2.320400953292846680e+00
1.632047891616821289e-01
4.757097959518432617e-01
2.971671104431152344e+00
1.647729128599166870e-01
0.000000000000000000e+00
7.987592816352844238e-01
1.071902457624673843e-02
0.000000000000000000e+00
1.844818711280822754e+00
1.838712394237518311e-01
8.528156206011772156e-03
1.127388887107372284e-02
2.138950109481811523e+00
0.000000000000000000e+00
0.000000000000000000e+00
2.395091950893402100e-01
0.000000000000000000e+00
5.477995872497558594e-01
1.313366461545228958e-02
0.000000000000000000e+00
1.753482341766357422e+00
1.606803238391876221e-01
3.003332018852233887e-01
1.114344358444213867e+00
8.003239333629608154e-02
8.908315747976303101e-02
1.119784235954284668e+00
1.129685416817665100e-01
9.939256310462951660e-01
3.699915409088134766e-01
2.225751057267189026e-02
2.689745426177978516e-01
2.170040756464004517e-01
2.267977744340896606e-01
8.098702430725097656e-01
7.015683650970458984e-01
0.000000000000000000e+00
1.713740706443786621e+00
0.000000000000000000e+00
2.007180929183959961e+00
1.408243179321289062e-02
9.616799354553222656e-01
8.234463632106781006e-02
1.661313533782958984e+00
9.298190474510192871e-01
4.664252698421478271e-01
5.313382670283317566e-02
5.626164674758911133e-01
6.700769662857055664e-01
9.268630743026733398e-01
1.685107469558715820e+00
0.000000000000000000e+00
3.427737578749656677e-02
7.804436236619949341e-02
8.478565216064453125e-01
0.000000000000000000e+00
1.359860152006149292e-01
2.516507804393768311e-01
4.139803349971771240e-02
5.916272848844528198e-02
1.911718249320983887e+00
0.000000000000000000e+00
1.191797554492950439e-01
0.000000000000000000e+00
4.311885833740234375e-01
1.937251985073089600e-01
1.069571003317832947e-01
1.733457207679748535e+00
3.460416495800018311e-01
1.102290034294128418e+00
0.000000000000000000e+00
1.365237116813659668e+00
1.679345369338989258e-01
4.632770717144012451e-01
5.686070397496223450e-02
3.891482250764966011e-03
2.961848974227905273e-01
1.442575752735137939e-01
0.000000000000000000e+00
2.745537757873535156e-01
1.819844841957092285e-01
1.642990708351135254e+00
8.532736450433731079e-02
0.000000000000000000e+00
0.000000000000000000e+00
1.838278956711292267e-02
1.318128127604722977e-02
3.062201738357543945e-01
7.006324529647827148e-01
1.973540544509887695e+00
6.669052839279174805e-01
2.428860068321228027e-01
6.634569913148880005e-02
8.285263776779174805e-01
5.168998241424560547e-01
1.248561024665832520e+00
0.000000000000000000e+00
2.404429912567138672e+00
8.922884464263916016e-01
4.356440901756286621e-01
7.335434854030609131e-02
1.904296129941940308e-02
0.000000000000000000e+00
0.000000000000000000e+00
3.857700824737548828e+00
9.627447128295898438e-01
1.292922347784042358e-01
3.227118868380784988e-03
8.688566684722900391e-01
1.145560979843139648e+00
1.403109908103942871e+00
0.000000000000000000e+00
6.463520228862762451e-02
3.003579139709472656e+00
1.187030412256717682e-02
0.000000000000000000e+00
1.845541894435882568e-01
4.433533921837806702e-02
4.296783357858657837e-03
1.399385929107666016e-02
0.000000000000000000e+00
5.685165524482727051e-01
3.985904455184936523e+00
0.000000000000000000e+00
6.164887547492980957e-01
5.880913734436035156e-01
9.785934686660766602e-01
1.406121015548706055e+00
9.757861495018005371e-03
2.023955285549163818e-01
3.433785915374755859e+00
9.838756322860717773e-01
1.998782634735107422e+00
6.362775806337594986e-03
1.078076362609863281e+00
3.326628684997558594e+00
3.323050960898399353e-02
3.845307976007461548e-02
5.920798778533935547e-01
2.033829927444458008e+00
4.539220333099365234e-01
5.864976048469543457e-01
2.348784916102886200e-02
2.177470922470092773e+00
0.000000000000000000e+00
2.384278327226638794e-01
1.698340654373168945e+00
2.085497856140136719e+00
1.212053060531616211e+00
9.985098242759704590e-02
3.519586846232414246e-02
1.239121542312204838e-03
7.326675951480865479e-02
1.158255457878112793e+00
3.113881587982177734e+00
5.638884752988815308e-02
0.000000000000000000e+00
3.662672592326998711e-03
3.287213444709777832e-01
3.704540058970451355e-02
5.811463356018066406e+00
0.000000000000000000e+00
0.000000000000000000e+00
1.163672581315040588e-01
1.507274806499481201e-02
3.633642196655273438e-01
7.057256065309047699e-03
3.276434838771820068e-01
5.474493503570556641e-01
2.987798452377319336e-01
0.000000000000000000e+00
6.212743930518627167e-03
5.646184086799621582e-01
1.741100251674652100e-01
1.493660151027143002e-03
4.337932448834180832e-03
2.206726372241973877e-01
1.447025775909423828e+00
1.664198875427246094e+00
5.944775417447090149e-02
3.094360232353210449e-01
7.225428819656372070e-01
2.483216226100921631e-01
6.049447059631347656e-01
1.530298948287963867e+00
1.403733253479003906e+00
1.316019296646118164e+00
1.372418999671936035e+00
1.827222108840942383e-01
0.000000000000000000e+00
3.819696977734565735e-02
3.210529685020446777e-02
1.489333361387252808e-01
8.765424601733684540e-03
4.361274242401123047e+00
2.062016725540161133e-02
9.183349087834358215e-03
2.276159673929214478e-01
1.725639402866363525e-02
5.783539414405822754e-01
8.963209390640258789e-01
4.980736374855041504e-01
2.751417756080627441e-01
1.659872829914093018e-01
8.842649459838867188e-01
2.896884679794311523e-01
1.756642758846282959e-01
3.288555443286895752e-01
0.000000000000000000e+00
7.450088262557983398e-01
0.000000000000000000e+00
7.751073688268661499e-02
9.599653631448745728e-02
0.000000000000000000e+00
0.000000000000000000e+00
2.447011321783065796e-01
7.138676196336746216e-02
6.317259743809700012e-03
2.761719226837158203e+00
1.917357444763183594e-01
1.399706006050109863e+00
1.037627100944519043e+00
7.288394570350646973e-01
8.638349361717700958e-03
8.147748112678527832e-01
2.523758709430694580e-01
8.534839004278182983e-02
1.272947937250137329e-01
2.000702857971191406e+00
5.208878517150878906e-01
7.542879320681095123e-03
4.256284832954406738e-01
2.460118150338530540e-03
2.513443946838378906e+00
7.162979841232299805e-01
5.748445168137550354e-02
1.212131306529045105e-01
6.209276914596557617e-01
1.970916986465454102e-02
1.810910552740097046e-01
6.610716134309768677e-02
9.223978966474533081e-02
6.092715859413146973e-01
2.143215537071228027e-01
6.895633339881896973e-01
8.899351954460144043e-02
1.622034609317779541e-01
1.662578135728836060e-01
2.511359751224517822e-03
3.055458329617977142e-02
0.000000000000000000e+00
2.251644372940063477e+00
4.432230070233345032e-02
6.888614296913146973e-01
2.036635763943195343e-02
2.892696559429168701e-01
1.732598841190338135e-01
8.556808829307556152e-01
1.997179836034774780e-01
9.089648127555847168e-01
1.320123523473739624e-01
8.605305105447769165e-02
1.153849363327026367e-01
9.027546048164367676e-01
0.000000000000000000e+00
4.605643823742866516e-02
4.559404850006103516e-01
1.798220276832580566e-01
1.659821160137653351e-02
9.954027831554412842e-02
0.000000000000000000e+00
5.780454874038696289e-01
0.000000000000000000e+00
1.031651258468627930e+00
0.000000000000000000e+00
4.550708830356597900e-01
1.310161948204040527e+00
4.420059323310852051e-01
1.075273230671882629e-01
2.136165043339133263e-03
8.246761560440063477e-02
3.154786229133605957e-01
1.231585890054702759e-01
1.168650507926940918e+00
4.016721248626708984e+00
1.387983322143554688e+00
3.004342913627624512e-01
5.873816087841987610e-03
1.876601725816726685e-01
0.000000000000000000e+00
1.363124605268239975e-02
3.209370002150535583e-02
0.000000000000000000e+00
0.000000000000000000e+00
2.362221293151378632e-02
3.978845179080963135e-01
3.284019529819488525e-01
0.000000000000000000e+00
4.796587526798248291e-01
1.767546054907143116e-03
0.000000000000000000e+00
1.477861590683460236e-02
1.065374538302421570e-01
5.672470852732658386e-02
8.691085129976272583e-02
6.199018955230712891e-01
0.000000000000000000e+00
0.000000000000000000e+00
6.865028142929077148e-01
1.020434021949768066e+00
1.440977096557617188e+00
2.563954293727874756e-01
1.374241523444652557e-02
9.061633944511413574e-01
4.830883815884590149e-02
5.580430151894688606e-04
1.413709111511707306e-02
0.000000000000000000e+00
0.000000000000000000e+00
1.358878910541534424e-01
1.510519981384277344e-01
1.691420435905456543e+00
5.727649666368961334e-03
4.715612232685089111e-01
6.969689726829528809e-01
1.604466885328292847e-01
4.603930190205574036e-02
3.102010488510131836e-01
1.922751218080520630e-02
1.841861605644226074e+00
6.741096377372741699e-01
6.047082319855690002e-02
0.000000000000000000e+00
0.000000000000000000e+00
1.157321780920028687e-01
7.045270800590515137e-01
2.210447311401367188e+00
1.776093989610671997e-02
0.000000000000000000e+00
3.962090909481048584e-01
1.030111193656921387e+00
1.126498822122812271e-02
4.475028812885284424e-01
0.000000000000000000e+00
9.460014104843139648e-02
6.280443072319030762e-01
1.513802409172058105e-01
8.998919278383255005e-02
2.183007597923278809e-01
1.974320709705352783e-01
7.582145929336547852e-01
1.628972291946411133e+00
4.469135701656341553e-01
1.886859893798828125e+00
6.182941421866416931e-02
8.211498260498046875e-01
2.373201549053192139e-01
2.573136426508426666e-02
1.149755492806434631e-01
2.521190643310546875e-01
0.000000000000000000e+00
2.022714167833328247e-02
2.357158660888671875e-01
4.205725491046905518e-01
2.915887348353862762e-02
1.609780639410018921e-01
1.468306899070739746e+00
2.579096555709838867e+00
1.006474196910858154e-01
2.747710049152374268e-01
1.087893486022949219e+00
0.000000000000000000e+00
0.000000000000000000e+00
0.000000000000000000e+00
3.147621750831604004e-01
2.965715900063514709e-02
5.726618170738220215e-01
5.566994845867156982e-02
3.878638446331024170e-01
8.673601746559143066e-01
1.554942727088928223e-01
8.860809803009033203e-01
1.591226644814014435e-02
3.471391648054122925e-02
1.416601300239562988e+00
8.587799668312072754e-01
1.383749485015869141e+00
3.363522142171859741e-02
1.157664656639099121e-01
1.524062514305114746e+00
6.225832700729370117e-01
2.235552519559860229e-01
2.477524429559707642e-01
7.527009248733520508e-01
6.666802614927291870e-02
4.221957027912139893e-01
1.583818048238754272e-01
8.568418771028518677e-02
1.026781052350997925e-01
5.858315229415893555e-01
7.009314745664596558e-02
9.956443905830383301e-01
7.327612023800611496e-03
7.208827733993530273e-01
2.725269086658954620e-02
2.096025273203849792e-02
4.170532822608947754e-01
0.000000000000000000e+00
3.153592348098754883e+00
1.394753575325012207e+00
1.947288513183593750e-01
4.020149707794189453e-01
9.022809863090515137e-01
3.037774860858917236e-01
5.576022267341613770e-01
4.103497415781021118e-02
3.436666131019592285e-01
0.000000000000000000e+00
0.000000000000000000e+00
0.000000000000000000e+00
1.315315008163452148e+00
0.000000000000000000e+00
4.939939081668853760e-02
3.978889063000679016e-02
2.692876569926738739e-02
2.173181533813476562e+00
2.532831951975822449e-02
1.905011828057467937e-03
6.629280447959899902e-01
6.153343319892883301e-01
1.895757615566253662e-01
0.000000000000000000e+00
2.493078559637069702e-01
2.084879130125045776e-01
1.433323264122009277e+00
3.464338183403015137e-01
8.151204138994216919e-02
5.820888280868530273e-01
6.901114434003829956e-02
2.512670457363128662e-01
1.314177922904491425e-02
7.171218991279602051e-01
3.842384815216064453e-01
8.306714892387390137e-01
1.194093227386474609e+00
9.664201140403747559e-01
5.340126752853393555e-01
6.986716985702514648e-01
2.528936862945556641e-01
9.025840759277343750e-01
1.542216837406158447e-01
2.079098485410213470e-03
1.062516450881958008e+00
0.000000000000000000e+00
8.110044598579406738e-01
8.345174789428710938e-02
5.374436378479003906e-01
0.000000000000000000e+00
8.273825980722904205e-03
9.128332138061523438e-01
2.398059815168380737e-01
4.718444868922233582e-02
6.091594099998474121e-01
3.207108471542596817e-03
1.127377226948738098e-01
1.733619570732116699e-01
5.573881790041923523e-03
6.098590418696403503e-02
1.167789220809936523e+00
1.044025301933288574e+00
5.459118634462356567e-02
2.586432099342346191e-01
3.023410029709339142e-02
1.266125202178955078e+00
3.083676695823669434e-01
8.610457181930541992e-01
1.364960670471191406e+00
7.937492337077856064e-04
6.962997913360595703e-01
1.437808871269226074e-01
3.211010619997978210e-02
1.331754624843597412e-01
2.458173483610153198e-01
4.403152465820312500e-01
2.769398391246795654e-01
0.000000000000000000e+00
2.459822177886962891e+00
0.000000000000000000e+00
1.313988327980041504e+00
4.333375394344329834e-02
4.946652650833129883e-01
2.367846250534057617e+00
3.909692764282226562e+00
8.758532255887985229e-02
2.269200563430786133e+00
3.285807967185974121e-01
0.000000000000000000e+00
