1.476577997207641602e+00
0.000000000000000000e+00
5.920726060867309570e-01
1.703679919242858887e+00
6.259826421737670898e-01
2.485718391835689545e-02
2.172024399042129517e-01
3.346148967742919922e+00
3.760906934738159180e+00
1.632971614599227905e-01
1.764219603501260281e-03
1.396911859512329102e+00
3.630590438842773438e-01
3.176388144493103027e-01
1.596295356750488281e+00
7.581873983144760132e-02
3.293877243995666504e-01
3.162523508071899414e+00
8.631633520126342773e-01
0.000000000000000000e+00
6.376470923423767090e-01
0.000000000000000000e+00
2.118693850934505463e-02
1.077313423156738281e+00
7.544939517974853516e-01
8.374409377574920654e-02
0.000000000000000000e+00
1.650348901748657227e+00
1.469603776931762695e-01
0.000000000000000000e+00
4.128034785389900208e-02
1.022164989262819290e-02
5.825144648551940918e-01
5.897755618207156658e-04
1.527415961027145386e-02
1.858224272727966309e+00
1.781582534313201904e-01
1.786319017410278320e-01
2.349732398986816406e+00
2.184647917747497559e-01
1.602300442755222321e-02
1.282036781311035156e+00
1.669650971889495850e-01
1.284799098968505859e+00
6.443652510643005371e-01
4.881112873554229736e-01
8.607834577560424805e-01
2.311828546226024628e-02
2.967227697372436523e-01
1.012940526008605957e+00
4.593760669231414795e-01
0.000000000000000000e+00
1.597193479537963867e-01
0.000000000000000000e+00
2.133809804916381836e+00
1.563799567520618439e-02
1.257062435150146484e+00
4.837208241224288940e-02
1.295461416244506836e+00
4.644778370857238770e-01
6.025409698486328125e-02
5.688686668872833252e-02
5.989034175872802734e-01
4.982376694679260254e-01
6.204146742820739746e-01
5.590586662292480469e-01
0.000000000000000000e+00
9.505470842123031616e-02
1.163250766694545746e-02
3.416802585124969482e-01
0.000000000000000000e+00
2.732522785663604736e-02
1.267206966876983643e-01
5.306659340858459473e-01
8.726991713047027588e-02
6.877266764640808105e-01
0.000000000000000000e+00
1.845679730176925659e-01
3.439782187342643738e-02
3.392565548419952393e-01
2.505130693316459656e-02
7.393508553504943848e-01
2.271276235580444336e+00
1.634053327143192291e-02
9.691196680068969727e-01
0.000000000000000000e+00
4.569748640060424805e-01
1.346213221549987793e-01
3.256013095378875732e-01
4.405635222792625427e-02
4.302982985973358154e-02
3.796286508440971375e-02
0.000000000000000000e+00
0.000000000000000000e+00
3.693115115165710449e-01
0.000000000000000000e+00
1.874724507331848145e+00
2.161807566881179810e-01
0.000000000000000000e+00
0.000000000000000000e+00
4.589818045496940613e-02
1.529739354737102985e-03
1.925077587366104126e-01
5.091660022735595703e-01
1.665144562721252441e+00
7.501859664916992188e-01
4.987765550613403320e-01
7.490255404263734818e-03
5.033781528472900391e-01
3.509445786476135254e-01
1.040983796119689941e+00
0.000000000000000000e+00
1.688414812088012695e+00
8.724907636642456055e-01
1.251160144805908203e+00
2.812855131924152374e-02
0.000000000000000000e+00
0.000000000000000000e+00
2.610770426690578461e-02
3.571727991104125977e+00
6.053695678710937500e-01
4.138260334730148315e-02
1.784203201532363892e-02
7.088866829872131348e-01
4.397985339164733887e-01
1.177223682403564453e+00
0.000000000000000000e+00
0.000000000000000000e+00
2.243901729583740234e+00
4.127363208681344986e-03
0.000000000000000000e+00
7.898995280265808105e-01
0.000000000000000000e+00
2.767543308436870575e-02
3.885304322466254234e-03
0.000000000000000000e+00
4.061859250068664551e-01
3.906461477279663086e+00
0.000000000000000000e+00
4.136145710945129395e-01
2.225740402936935425e-01
6.591128706932067871e-01
1.213638305664062500e+00
0.000000000000000000e+00
1.079072058200836182e-01
1.304841995239257812e+00
4.028210341930389404e-01
2.378473758697509766e+00
6.977248471230268478e-03
1.269086241722106934e+00
2.788275241851806641e+00
8.798338472843170166e-02
3.489004075527191162e-01
3.121377527713775635e-01
1.935298800468444824e+00
6.511024236679077148e-01
1.216512992978096008e-01
1.048074197024106979e-02
1.883828520774841309e+00
1.231066044420003891e-02
1.109380424022674561e-01
2.504369020462036133e+00
2.583636283874511719e+00
7.813878655433654785e-01
2.217010855674743652e-01
6.876442581415176392e-02
0.000000000000000000e+00
0.000000000000000000e+00
1.322907447814941406e+00
2.722858667373657227e+00
1.609030663967132568e-01
1.818792079575359821e-03
1.935321092605590820e-02
7.654457688331604004e-01
0.000000000000000000e+00
5.387756824493408203e+00
0.000000000000000000e+00
2.759005501866340637e-02
4.395902156829833984e-02
1.544409338384866714e-02
4.570199549198150635e-01
1.436549983918666840e-02
5.850940570235252380e-02
6.541629433631896973e-01
1.713529787957668304e-02
1.038018893450498581e-02
4.146813601255416870e-02
1.337322592735290527e+00
0.000000000000000000e+00
4.891626238822937012e-01
1.205767318606376648e-01
4.314028322696685791e-01
1.498421311378479004e+00
1.622238278388977051e+00
2.829017639160156250e-01
2.240413129329681396e-01
2.800687551498413086e-01
3.902785181999206543e-01
5.277221798896789551e-01
1.064067006111145020e+00
1.379330992698669434e+00
5.922057628631591797e-01
3.477678298950195312e-01
5.842529535293579102e-01
0.000000000000000000e+00
1.778446882963180542e-01
2.573214471340179443e-02
9.068149956874549389e-04
7.287065498530864716e-03
1.855773925781250000e+00
0.000000000000000000e+00
2.250026315450668335e-01
1.168011035770177841e-02
1.529758572578430176e-01
1.049942493438720703e+00
6.131685376167297363e-01
1.619281321763992310e-01
4.955188632011413574e-01
6.217483282089233398e-01
8.586753606796264648e-01
1.541446745395660400e-01
1.447508186101913452e-01
4.365099966526031494e-02
2.261115759611129761e-01
5.902429819107055664e-01
0.000000000000000000e+00
3.099894821643829346e-01
4.413089156150817871e-01
0.000000000000000000e+00
0.000000000000000000e+00
2.740414440631866455e-01
1.204725056886672974e-01
3.528236150741577148e-01
1.917816758155822754e+00
4.077537953853607178e-01
7.834987640380859375e-01
1.891114473342895508e+00
1.958468258380889893e-01
1.315765082836151123e-02
4.901074767112731934e-01
1.375708132982254028e-01
1.465882658958435059e-01
8.056055754423141479e-03
2.425153493881225586e+00
6.168708801269531250e-01
8.838238567113876343e-02
3.624683618545532227e-01
6.760150939226150513e-02
1.601909518241882324e+00
1.043416619300842285e+00
6.061113625764846802e-02
4.653467983007431030e-02
1.030399948358535767e-01
0.000000000000000000e+00
6.649926304817199707e-02
3.751296103000640869e-01
1.008275747299194336e-01
5.387182533740997314e-02
7.038009911775588989e-02
2.402927577495574951e-01
1.997424289584159851e-02
1.704198122024536133e-02
3.556219637393951416e-01
0.000000000000000000e+00
0.000000000000000000e+00
1.569813862442970276e-02
2.835538625717163086e+00
1.603049784898757935e-01
1.169967293739318848e+00
0.000000000000000000e+00
2.140475660562515259e-01
1.252576559782028198e-01
7.853208780288696289e-01
1.593919694423675537e-01
3.722138106822967529e-01
2.874107360839843750e-01
1.522120684385299683e-01
2.632958889007568359e-01
1.788094043731689453e+00
0.000000000000000000e+00
0.000000000000000000e+00
8.417722582817077637e-01
8.361649513244628906e-01
0.000000000000000000e+00
1.561808865517377853e-03
5.063540488481521606e-02
1.026048183441162109e+00
0.000000000000000000e+00
9.803892970085144043e-01
0.000000000000000000e+00
1.148437500000000000e+00
9.002985954284667969e-01
7.552381604909896851e-02
3.247707709670066833e-02
8.595577627420425415e-02
8.959029614925384521e-02
7.682104706764221191e-01
2.603082060813903809e-01
1.542504549026489258e+00
3.405191421508789062e+00
1.724641442298889160e+00
1.558547019958496094e-01
0.000000000000000000e+00
3.689427971839904785e-01
0.000000000000000000e+00
0.000000000000000000e+00
1.359095573425292969e-01
1.617227308452129364e-02
1.853648573160171509e-02
0.000000000000000000e+00
3.872858583927154541e-01
1.942275464534759521e-01
0.000000000000000000e+00
8.684090971946716309e-01
6.841266751289367676e-01
3.147777169942855835e-03
5.386251956224441528e-03
7.411632686853408813e-04
5.587555170059204102e-01
8.869367837905883789e-02
1.655500769615173340e+00
0.000000000000000000e+00
0.000000000000000000e+00
3.978491723537445068e-01
7.339174747467041016e-01
3.848389983177185059e-01
7.635134388692677021e-04
0.000000000000000000e+00
3.032682836055755615e-01
5.211714282631874084e-02
0.000000000000000000e+00
0.000000000000000000e+00
0.000000000000000000e+00
4.621458356268703938e-05
1.060023605823516846e-01
1.066156253218650818e-01
2.377649784088134766e+00
1.847623847424983978e-02
6.930214762687683105e-01
4.769337475299835205e-01
1.769111901521682739e-01
0.000000000000000000e+00
4.187180101871490479e-01
9.206741303205490112e-02
9.735522866249084473e-01
5.954166054725646973e-01
2.137990854680538177e-02
9.957353025674819946e-02
5.330557748675346375e-02
3.429415225982666016e-01
7.822207212448120117e-01
1.919479012489318848e+00
0.000000000000000000e+00
0.000000000000000000e+00
8.176639080047607422e-01
1.286583065986633301e+00
0.000000000000000000e+00
8.026469945907592773e-01
8.557987399399280548e-03
1.014595385640859604e-02
1.126164913177490234e+00
1.472224891185760498e-01
7.089842110872268677e-02
1.510612219572067261e-01
6.528461575508117676e-01
7.160016894340515137e-01
4.655175507068634033e-01
1.465650051832199097e-01
1.824999690055847168e+00
6.008299440145492554e-02
1.173440694808959961e+00
7.597775757312774658e-02
6.083434820175170898e-02
7.291125506162643433e-02
3.554942905902862549e-01
2.994174323976039886e-02
1.219189725816249847e-02
1.292607933282852173e-01
3.680540621280670166e-01
1.484591793268918991e-02
9.385461360216140747e-02
6.201425790786743164e-01
2.160843849182128906e+00
2.846696674823760986e-01
2.111669778823852539e-01
5.247365236282348633e-01
0.000000000000000000e+00
0.000000000000000000e+00
0.000000000000000000e+00
4.310747608542442322e-04
5.762765407562255859e-01
4.600226134061813354e-02
6.866025924682617188e-02
4.539121389389038086e-01
6.215522289276123047e-01
1.085344608873128891e-02
1.224754691123962402e+00
3.643470257520675659e-02
1.201274693012237549e-01
1.182262897491455078e+00
6.186822652816772461e-01
2.173794031143188477e+00
1.639742963016033173e-02
7.127952575683593750e-02
2.353383302688598633e+00
1.883165091276168823e-01
4.183091819286346436e-01
3.024713993072509766e-01
1.083488702774047852e+00
9.338653832674026489e-02
4.388482272624969482e-01
1.244432665407657623e-02
3.769872188568115234e-01
5.188939720392227173e-02
8.124169707298278809e-01
4.148890823125839233e-02
1.266471028327941895e+00
1.429656893014907837e-01
8.215621709823608398e-01
1.808062009513378143e-02
0.000000000000000000e+00
1.720967702567577362e-02
6.088403169997036457e-04
3.418844699859619141e+00
1.329650878906250000e+00
2.319415807723999023e-01
1.116166561841964722e-01
2.204704284667968750e-01
9.529887139797210693e-02
5.732621550559997559e-01
5.310351494699716568e-03
4.977327287197113037e-01
0.000000000000000000e+00
0.000000000000000000e+00
0.000000000000000000e+00
1.365326642990112305e+00
0.000000000000000000e+00
0.000000000000000000e+00
7.282870411872863770e-01
3.533165454864501953e-01
1.512462854385375977e+00
2.166167944669723511e-01
1.495830342173576355e-02
1.237277165055274963e-01
5.944702029228210449e-01
0.000000000000000000e+00
0.000000000000000000e+00
2.062262445688247681e-01
3.431978225708007812e-01
1.018720984458923340e+00
1.183468699455261230e+00
3.551793983206152916e-03
1.433419704437255859e+00
4.833656176924705505e-02
6.542608737945556641e-01
0.000000000000000000e+00
1.837707757949829102e-01
2.516179680824279785e-01
3.403169512748718262e-01
1.523045063018798828e+00
1.042959213256835938e+00
1.109207123517990112e-01
4.432121515274047852e-01
8.338830620050430298e-02
7.971265912055969238e-01
4.038844108581542969e-01
3.204666776582598686e-03
6.198279857635498047e-01
1.026782020926475525e-01
4.016834497451782227e-01
8.583993464708328247e-02
3.458077013492584229e-01
0.000000000000000000e+00
1.016242951154708862e-01
1.014911055564880371e+00
7.026103734970092773e-01
4.837332665920257568e-01
8.215777873992919922e-01
3.486962988972663879e-02
3.473514616489410400e-01
1.681987047195434570e-01
0.000000000000000000e+00
1.205493137240409851e-01
1.926541686058044434e+00
1.708216428756713867e+00
2.764792554080486298e-02
1.437492370605468750e-01
0.000000000000000000e+00
1.339055657386779785e+00
1.055820465087890625e+00
1.197932958602905273e+00
6.836273074150085449e-01
3.791912691667675972e-03
8.244949579238891602e-01
4.257081747055053711e-01
0.000000000000000000e+00
4.416727125644683838e-01
8.222052454948425293e-02
9.963504225015640259e-02
2.078354209661483765e-01
6.920754909515380859e-02
3.313121795654296875e+00
0.000000000000000000e+00
5.772646069526672363e-01
9.896709583699703217e-03
7.405128479003906250e-01
3.017591476440429688e+00
2.715652704238891602e+00
2.491208910942077637e-02
1.495758771896362305e+00
2.382565476000308990e-02
0.000000000000000000e+00
