1.473730921745300293e+00
8.751221466809511185e-04
6.387441158294677734e-01
1.337798833847045898e+00
5.339416265487670898e-01
3.100684471428394318e-02
2.006513178348541260e-01
4.466691970825195312e+00
4.112800598144531250e+00
1.612126678228378296e-01
9.023834019899368286e-03
9.574863314628601074e-01
8.456098288297653198e-02
1.152991652488708496e-01
9.426847100257873535e-01
4.070328548550605774e-03
2.877296507358551025e-01
3.058439493179321289e+00
9.913998097181320190e-02
9.941106662154197693e-03
3.894364833831787109e-01
0.000000000000000000e+00
9.932363778352737427e-02
1.425110101699829102e+00
4.620361924171447754e-01
7.281595468521118164e-02
0.000000000000000000e+00
1.288522720336914062e+00
4.218750074505805969e-02
2.152915578335523605e-03
1.492070616222918034e-03
6.018227431923151016e-03
7.160151600837707520e-01
1.618894189596176147e-01
0.000000000000000000e+00
1.892927527427673340e+00
2.878406941890716553e-01
9.495881199836730957e-02
1.785811066627502441e+00
9.768888354301452637e-02
5.153774470090866089e-02
9.863973259925842285e-01
5.789886415004730225e-02
5.986764430999755859e-01
9.806135296821594238e-01
3.060798048973083496e-01
7.048573493957519531e-01
0.000000000000000000e+00
4.024073481559753418e-01
1.599954724311828613e+00
7.340682744979858398e-01
0.000000000000000000e+00
2.303161174058914185e-01
0.000000000000000000e+00
2.188089370727539062e+00
1.826381832361221313e-01
1.577698945999145508e+00
4.101067036390304565e-02
2.058618068695068359e+00
1.070746302604675293e+00
1.013613343238830566e-01
2.095619961619377136e-02
9.278807044029235840e-01
3.139491379261016846e-01
8.726655244827270508e-01
8.583250641822814941e-01
0.000000000000000000e+00
2.824863477144390345e-04
3.217117190361022949e-01
6.079925298690795898e-01
0.000000000000000000e+00
4.227113723754882812e-02
4.880520701408386230e-02
0.000000000000000000e+00
4.361961483955383301e-01
5.269554853439331055e-01
4.653198644518852234e-02
4.517167508602142334e-01
3.750988543033599854e-01
7.891533523797988892e-02
0.000000000000000000e+00
5.340077280998229980e-01
2.182800054550170898e+00
2.079664319753646851e-01
4.068470299243927002e-01
3.609376261010766029e-03
9.555369615554809570e-01
2.676922380924224854e-01
7.208006829023361206e-02
1.318399459123611450e-01
1.713808439671993256e-02
3.785878419876098633e-01
3.122981786727905273e-01
7.137393113225698471e-03
7.013454437255859375e-01
9.742747247219085693e-02
1.158339619636535645e+00
3.017019629478454590e-01
3.119707689620554447e-04
1.426472608000040054e-02
1.183343231678009033e-01
3.093731701374053955e-01
3.622649013996124268e-01
5.790729522705078125e-01
1.700809717178344727e+00
7.420942187309265137e-01
2.825817167758941650e-01
1.344540566205978394e-01
5.094516277313232422e-01
1.755210757255554199e-01
1.099536776542663574e+00
2.414492657408118248e-03
1.135982275009155273e+00
1.257415533065795898e+00
5.350993871688842773e-01
1.855450496077537537e-02
2.149659395217895508e-02
2.388235926628112793e-02
9.746357798576354980e-03
2.723290920257568359e+00
7.921692132949829102e-01
1.817934960126876831e-01
3.062885068356990814e-02
8.579598665237426758e-01
6.363612413406372070e-01
1.192334175109863281e+00
0.000000000000000000e+00
0.000000000000000000e+00
1.955344200134277344e+00
0.000000000000000000e+00
0.000000000000000000e+00
6.209554076194763184e-01
9.916948527097702026e-02
1.701917350292205811e-01
2.500319667160511017e-02
1.350719667971134186e-02
2.806957364082336426e-01
3.572886228561401367e+00
0.000000000000000000e+00
4.197189211845397949e-01
1.237569674849510193e-01
1.557077169418334961e-01
1.001052021980285645e+00
8.555391430854797363e-02
0.000000000000000000e+00
1.645832538604736328e+00
5.185707807540893555e-01
2.069490909576416016e+00
0.000000000000000000e+00
1.764172554016113281e+00
1.529100656509399414e+00
4.189419746398925781e-02
4.805198907852172852e-01
3.707345724105834961e-01
1.895930767059326172e+00
2.889526784420013428e-01
4.949431121349334717e-01
7.717315107583999634e-02
8.155407905578613281e-01
2.242764383554458618e-01
4.105837345123291016e-01
2.001756906509399414e+00
2.386482715606689453e+00
5.681996345520019531e-01
9.364090114831924438e-02
1.109474301338195801e-01
2.562664449214935303e-04
8.352437987923622131e-03
1.809502124786376953e+00
1.652806758880615234e+00
1.541985273361206055e-01
8.763390779495239258e-02
1.065141521394252777e-03
5.064132213592529297e-01
1.145644113421440125e-02
5.149408817291259766e+00
0.000000000000000000e+00
2.702722139656543732e-02
2.735454142093658447e-01
5.069893226027488708e-02
7.792655825614929199e-01
2.347625195980072021e-01
3.520284593105316162e-01
3.317324519157409668e-01
2.603790760040283203e-01
1.733014583587646484e-01
1.824745982885360718e-01
1.232107162475585938e+00
4.139712452888488770e-01
1.523488909006118774e-01
9.620859287679195404e-03
3.537636995315551758e-01
1.768010616302490234e+00
1.514955163002014160e+00
7.012365967966616154e-04
5.661166906356811523e-01
1.711104363203048706e-01
2.915251851081848145e-01
4.163422882556915283e-01
1.126528501510620117e+00
5.174276828765869141e-01
6.672322750091552734e-01
2.332822382450103760e-01
1.948444098234176636e-01
5.269070155918598175e-03
2.796767465770244598e-02
0.000000000000000000e+00
0.000000000000000000e+00
2.583954669535160065e-02
2.549950122833251953e+00
3.754293313249945641e-03
1.026414185762405396e-01
6.225940212607383728e-02
1.127262115478515625e-01
6.871531605720520020e-01
7.777260541915893555e-01
5.324149131774902344e-01
5.340966582298278809e-01
5.579031705856323242e-01
8.686660528182983398e-01
4.579281061887741089e-02
3.295028805732727051e-01
7.013468742370605469e-01
2.725829184055328369e-01
2.783844470977783203e-01
0.000000000000000000e+00
4.397381544113159180e-01
0.000000000000000000e+00
0.000000000000000000e+00
0.000000000000000000e+00
3.144925236701965332e-01
4.615901410579681396e-01
4.202446341514587402e-01
1.967635869979858398e+00
3.826643824577331543e-01
6.173403859138488770e-01
1.074136018753051758e+00
8.646901249885559082e-01
0.000000000000000000e+00
6.423347592353820801e-01
2.143642157316207886e-01
1.588993370532989502e-01
0.000000000000000000e+00
2.838368892669677734e+00
1.697112470865249634e-01
1.041064038872718811e-02
5.582900643348693848e-01
6.968403607606887817e-02
1.408201575279235840e+00
1.151841282844543457e+00
6.717634201049804688e-01
6.362199783325195312e-02
1.850783973932266235e-01
0.000000000000000000e+00
9.226890653371810913e-02
6.870166659355163574e-01
4.902786016464233398e-02
3.363781273365020752e-01
8.434718102216720581e-02
1.426292061805725098e-01
2.455775886774063110e-01
1.017512679100036621e-01
9.474586844444274902e-01
1.574944891035556793e-02
4.659756086766719818e-03
8.459875732660293579e-02
2.243455886840820312e+00
1.206703633069992065e-01
6.117924451828002930e-01
0.000000000000000000e+00
1.127205863595008850e-01
5.247955322265625000e-01
4.526162743568420410e-01
4.635679125785827637e-01
2.625572681427001953e-01
3.641186058521270752e-01
2.958495914936065674e-01
9.173178672790527344e-02
7.598244547843933105e-01
3.914629109203815460e-03
1.979614496231079102e-01
1.441465020179748535e+00
9.399516880512237549e-02
2.158581744879484177e-03
0.000000000000000000e+00
3.793281689286231995e-02
7.095327973365783691e-01
0.000000000000000000e+00
1.122185707092285156e+00
4.532675258815288544e-03
4.534967541694641113e-01
8.173565864562988281e-01
3.663740819320082664e-03
6.779032945632934570e-01
0.000000000000000000e+00
3.414816558361053467e-01
8.526414632797241211e-02
3.927963078022003174e-01
1.599490404129028320e+00
3.310026168823242188e+00
1.477939844131469727e+00
7.000786811113357544e-02
0.000000000000000000e+00
9.556847065687179565e-02
0.000000000000000000e+00
5.788897350430488586e-02
4.281967505812644958e-02
2.662177979946136475e-01
2.301380224525928497e-02
2.640788443386554718e-02
2.110807001590728760e-01
1.689796000719070435e-01
0.000000000000000000e+00
1.072074532508850098e+00
5.794200897216796875e-01
1.018602124531753361e-04
1.258476823568344116e-01
4.719756543636322021e-02
3.293913602828979492e-01
1.750467270612716675e-01
1.161812186241149902e+00
4.248388577252626419e-03
0.000000000000000000e+00
1.043338775634765625e+00
9.347242712974548340e-01
6.298263072967529297e-01
5.885439366102218628e-02
1.780426874756813049e-02
1.256648302078247070e-01
8.285537362098693848e-03
5.848365253768861294e-04
0.000000000000000000e+00
0.000000000000000000e+00
0.000000000000000000e+00
8.342096954584121704e-02
8.679095655679702759e-02
2.401669740676879883e+00
8.676199242472648621e-03
1.496403664350509644e-01
3.614068627357482910e-01
3.869684934616088867e-01
9.025219478644430637e-04
8.011879920959472656e-01
1.146062240004539490e-01
8.487489223480224609e-01
8.580138087272644043e-01
1.908845384605228901e-03
6.189537048339843750e-02
1.614837720990180969e-02
1.911141276359558105e-01
4.309230148792266846e-01
1.796551585197448730e+00
0.000000000000000000e+00
5.712166428565979004e-02
5.499634742736816406e-01
1.088921308517456055e+00
0.000000000000000000e+00
1.056469678878784180e+00
1.906214058399200439e-01
1.556762494146823883e-02
1.216736793518066406e+00
4.779244214296340942e-02
4.989044964313507080e-01
1.568949315696954727e-03
3.386520743370056152e-01
2.704273462295532227e-01
5.058717131614685059e-01
2.144678384065628052e-01
1.290988564491271973e+00
4.287664294242858887e-01
1.534905195236206055e+00
2.987575531005859375e-01
8.222591131925582886e-02
8.253095299005508423e-02
3.324323594570159912e-01
4.778835549950599670e-02
3.301376011222600937e-03
2.228106837719678879e-03
5.049991011619567871e-01
1.538156252354383469e-02
0.000000000000000000e+00
3.792595565319061279e-01
2.946475267410278320e+00
1.817136257886886597e-01
7.257252931594848633e-01
4.888198077678680420e-01
0.000000000000000000e+00
0.000000000000000000e+00
0.000000000000000000e+00
7.960235327482223511e-02
2.198772430419921875e-01
5.342546850442886353e-02
1.021782830357551575e-01
8.700449466705322266e-01
6.046075224876403809e-01
4.165053740143775940e-02
5.175507664680480957e-01
3.527477756142616272e-02
2.357991635799407959e-01
2.122520923614501953e+00
4.362969696521759033e-01
1.689934849739074707e+00
1.212749630212783813e-01
9.775205701589584351e-02
1.374454855918884277e+00
1.055972725152969360e-01
1.100335478782653809e+00
2.527633905410766602e-01
5.256089568138122559e-01
5.691946670413017273e-02
1.884292960166931152e-01
1.438845396041870117e-01
4.831335842609405518e-01
1.057103928178548813e-02
7.798286080360412598e-01
2.340744715183973312e-03
1.915677666664123535e+00
3.799721002578735352e-01
1.230523467063903809e+00
4.780636727809906006e-02
0.000000000000000000e+00
1.763726621866226196e-01
0.000000000000000000e+00
3.260579347610473633e+00
1.030832171440124512e+00
2.676401138305664062e-01
2.818312644958496094e-01
8.288233727216720581e-02
1.967844218015670776e-01
4.805614948272705078e-01
1.075591742992401123e-01
4.704200625419616699e-01
0.000000000000000000e+00
2.264880202710628510e-02
7.199334795586764812e-04
1.429426550865173340e+00
0.000000000000000000e+00
3.214773489162325859e-03
2.190322279930114746e-01
1.143939346075057983e-01
9.486311674118041992e-01
4.650561213493347168e-01
7.894006371498107910e-02
8.348003625869750977e-01
6.497962474822998047e-01
6.744819283485412598e-01
0.000000000000000000e+00
2.420606762170791626e-01
4.058781862258911133e-01
1.026910185813903809e+00
1.170654773712158203e+00
1.842447370290756226e-01
1.219938039779663086e+00
2.298035472631454468e-01
1.229573011398315430e+00
5.129673052579164505e-03
1.174504496157169342e-02
3.312253952026367188e-01
1.701820045709609985e-01
1.745953321456909180e+00
1.457154512405395508e+00
3.310623168945312500e-01
3.759594261646270752e-01
2.418005652725696564e-02
9.136161804199218750e-01
2.816224992275238037e-01
1.620384305715560913e-01
5.722463726997375488e-01
8.563608862459659576e-03
4.042718708515167236e-01
3.523640930652618408e-01
1.205070137977600098e+00
3.056666348129510880e-03
4.742902517318725586e-02
1.276602029800415039e+00
2.734543085098266602e-01
1.162463203072547913e-01
7.216225266456604004e-01
2.872741594910621643e-02
2.346708923578262329e-01
4.245733916759490967e-01
0.000000000000000000e+00
1.487642824649810791e-01
9.421939253807067871e-01
1.246237397193908691e+00
2.343759685754776001e-02
2.688709460198879242e-02
2.924261847510933876e-03
1.577787399291992188e+00
3.957169055938720703e-01
1.155654311180114746e+00
1.018071889877319336e+00
3.144302964210510254e-02
5.378925204277038574e-01
3.975429832935333252e-01
1.236754842102527618e-02
1.867222636938095093e-01
3.465585112571716309e-01
2.910602092742919922e-01
1.451719254255294800e-01
1.485298480838537216e-02
2.446129560470581055e+00
0.000000000000000000e+00
3.021711707115173340e-01
2.648533787578344345e-03
8.184998035430908203e-01
2.169022083282470703e+00
2.395652294158935547e+00
8.481710217893123627e-03
1.900125384330749512e+00
1.259037554264068604e-01
2.044804207980632782e-02
