2.717549800872802734e+00
0.000000000000000000e+00
1.207948446273803711e+00
1.207129240036010742e+00
3.014301955699920654e-01
3.946523368358612061e-01
7.619997859001159668e-01
6.312539577484130859e+00
3.676247596740722656e+00
1.892641782760620117e-01
1.552819926291704178e-02
1.098038315773010254e+00
3.465956449508666992e-01
1.176214218139648438e-01
2.053238391876220703e+00
9.294506907463073730e-02
4.333448410034179688e-01
2.803086519241333008e+00
4.723021090030670166e-01
0.000000000000000000e+00
7.901807427406311035e-01
2.070258706808090210e-01
8.010690100491046906e-03
1.991500973701477051e+00
7.940892130136489868e-02
1.737251505255699158e-02
0.000000000000000000e+00
2.241408824920654297e+00
0.000000000000000000e+00
0.000000000000000000e+00
1.025198101997375488e-01
0.000000000000000000e+00
5.831381082534790039e-01
8.250310784205794334e-04
2.042474970221519470e-02
1.722204089164733887e+00
6.396638602018356323e-02
2.830436527729034424e-01
9.447034597396850586e-01
2.699963748455047607e-01
6.257450580596923828e-02
5.392826795578002930e-01
5.718886479735374451e-02
6.703929901123046875e-01
2.827375233173370361e-01
2.659738957881927490e-01
2.078177779912948608e-01
1.225245669484138489e-01
3.244127929210662842e-01
1.424784302711486816e+00
9.049352407455444336e-01
0.000000000000000000e+00
1.462062358856201172e+00
0.000000000000000000e+00
1.322228550910949707e+00
1.156126335263252258e-01
1.120403170585632324e+00
1.411035563796758652e-02
9.663690924644470215e-01
9.577512741088867188e-01
4.204213321208953857e-01
4.548228904604911804e-02
9.577517509460449219e-01
4.773515760898590088e-01
1.160957694053649902e+00
2.042950868606567383e+00
0.000000000000000000e+00
9.050787240266799927e-02
7.186054717749357224e-04
9.297562241554260254e-01
0.000000000000000000e+00
6.868159770965576172e-02
1.709320247173309326e-01
3.871450200676918030e-02
4.240672886371612549e-01
1.279589653015136719e+00
4.014953447040170431e-04
1.640391200780868530e-01
0.000000000000000000e+00
2.552385330200195312e-01
5.504648089408874512e-01
2.154299616813659668e-02
1.388164520263671875e+00
3.961316347122192383e-01
1.511131286621093750e+00
2.502088621258735657e-02
1.943863034248352051e+00
4.312146902084350586e-01
5.220293998718261719e-01
0.000000000000000000e+00
1.748300530016422272e-02
4.453808963298797607e-01
6.699921190738677979e-02
0.000000000000000000e+00
4.532163962721824646e-02
1.403919309377670288e-01
1.481850385665893555e+00
5.052064731717109680e-02
0.000000000000000000e+00
0.000000000000000000e+00
7.740996778011322021e-02
3.112635314464569092e-01
5.901351571083068848e-01
8.256177902221679688e-01
1.350440502166748047e+00
4.019189178943634033e-01
1.276249140501022339e-01
4.543744027614593506e-02
3.498956263065338135e-01
1.768893748521804810e-01
1.035178661346435547e+00
0.000000000000000000e+00
2.028021574020385742e+00
9.134805202484130859e-01
3.526847064495086670e-01
1.264109313488006592e-01
6.302148569375276566e-03
0.000000000000000000e+00
4.578980617225170135e-03
3.570542812347412109e+00
1.140327930450439453e+00
1.935873329639434814e-01
1.287496387958526611e-01
1.126135349273681641e+00
4.908633232116699219e-01
1.835077047348022461e+00
0.000000000000000000e+00
3.215372562408447266e-01
2.640068054199218750e+00
1.435825973749160767e-01
0.000000000000000000e+00
1.850399374961853027e-01
2.225028350949287415e-03
1.322860717773437500e-01
4.692435264587402344e-03
0.000000000000000000e+00
2.991964221000671387e-01
3.497244358062744141e+00
3.834696719422936440e-03
5.307126045227050781e-01
1.175812840461730957e+00
6.978585124015808105e-01
1.013962745666503906e+00
3.515680506825447083e-02
7.585231661796569824e-01
2.982202053070068359e+00
8.199921250343322754e-01
1.734386444091796875e+00
0.000000000000000000e+00
6.287087798118591309e-01
3.893765211105346680e+00
1.567844301462173462e-01
3.708978882059454918e-03
4.233153164386749268e-01
1.897689104080200195e+00
3.914675414562225342e-01
8.309768438339233398e-01
0.000000000000000000e+00
3.247498750686645508e+00
0.000000000000000000e+00
2.693898379802703857e-01
1.148700475692749023e+00
1.630473971366882324e+00
7.810465097427368164e-01
1.448157578706741333e-01
1.766912452876567841e-02
0.000000000000000000e+00
4.949495568871498108e-02
1.025046825408935547e+00
1.922512888908386230e+00
3.549560531973838806e-02
0.000000000000000000e+00
0.000000000000000000e+00
3.525415360927581787e-01
7.363127171993255615e-02
5.725253105163574219e+00
0.000000000000000000e+00
0.000000000000000000e+00
1.849327236413955688e-02
1.167645677924156189e-02
2.631809115409851074e-01
4.539311677217483521e-02
3.792923688888549805e-01
1.406275153160095215e+00
5.719795823097229004e-01
0.000000000000000000e+00
1.121225580573081970e-02
2.418145835399627686e-01
3.366604819893836975e-02
0.000000000000000000e+00
0.000000000000000000e+00
7.432417571544647217e-02
7.165716886520385742e-01
1.501711130142211914e+00
8.976674289442598820e-04
1.045153066515922546e-01
5.662878751754760742e-01
4.010990858078002930e-01
4.480857253074645996e-01
1.381462335586547852e+00
1.402112603187561035e+00
1.074376940727233887e+00
1.655825018882751465e+00
2.098966091871261597e-01
2.830344997346401215e-02
6.924990564584732056e-02
0.000000000000000000e+00
4.541390016674995422e-02
2.979804016649723053e-02
4.856001853942871094e+00
1.292856484651565552e-01
1.121646724641323090e-02
9.063426405191421509e-02
1.800292879343032837e-01
3.598297238349914551e-01
9.102424979209899902e-01
4.426044821739196777e-01
2.503747940063476562e-01
2.585763037204742432e-01
1.385805964469909668e+00
6.162104606628417969e-01
7.941120266914367676e-01
4.528577327728271484e-01
2.268820814788341522e-02
6.567395329475402832e-01
0.000000000000000000e+00
7.415847480297088623e-02
1.962267160415649414e-01
0.000000000000000000e+00
0.000000000000000000e+00
2.624523341655731201e-01
2.895815530791878700e-03
9.491361677646636963e-02
2.929433345794677734e+00
4.292848706245422363e-01
6.340097784996032715e-01
1.327115654945373535e+00
8.853121399879455566e-01
0.000000000000000000e+00
5.719538331031799316e-01
1.491960436105728149e-01
1.023832187056541443e-01
5.540649965405464172e-02
1.382371068000793457e+00
5.556592345237731934e-01
5.366842076182365417e-02
5.686366558074951172e-01
2.521886117756366730e-02
2.708522081375122070e+00
1.359273195266723633e+00
1.384892314672470093e-01
1.175227537751197815e-01
5.781058073043823242e-01
6.775728892534971237e-03
8.062751032412052155e-03
2.263302057981491089e-01
1.694449968636035919e-02
8.868534862995147705e-02
1.010466963052749634e-01
1.323380947113037109e+00
5.504082441329956055e-01
3.883292432874441147e-03
2.173989117145538330e-01
9.271840099245309830e-04
0.000000000000000000e+00
0.000000000000000000e+00
2.863461494445800781e+00
2.218386798631399870e-04
3.785637021064758301e-01
2.694348990917205811e-01
5.053178071975708008e-01
2.344906479120254517e-01
1.237821102142333984e+00
2.081934548914432526e-02
5.883516669273376465e-01
2.700858414173126221e-01
2.198836207389831543e-01
9.699539095163345337e-02
1.124583482742309570e+00
5.470333248376846313e-02
1.096153631806373596e-01
4.827940762042999268e-01
2.883704006671905518e-01
6.129510235041379929e-03
9.083583950996398926e-02
4.080858826637268066e-02
4.453320801258087158e-01
0.000000000000000000e+00
1.058812141418457031e+00
0.000000000000000000e+00
2.589941024780273438e-01
1.170665860176086426e+00
3.242807388305664062e-01
3.585249483585357666e-01
0.000000000000000000e+00
3.717983514070510864e-02
4.302442371845245361e-01
2.814852297306060791e-01
9.131928086280822754e-01
4.136851310729980469e+00
1.134301185607910156e+00
3.831370547413825989e-02
0.000000000000000000e+00
3.705942034721374512e-01
0.000000000000000000e+00
3.083064802922308445e-04
3.016806207597255707e-03
2.589640207588672638e-02
0.000000000000000000e+00
2.953803725540637970e-02
1.578050255775451660e-01
5.940001606941223145e-01
0.000000000000000000e+00
6.691900491714477539e-01
1.969983614981174469e-02
7.695220876485109329e-03
4.351036623120307922e-02
1.452747285366058350e-01
1.762533783912658691e-01
0.000000000000000000e+00
7.624189257621765137e-01
0.000000000000000000e+00
0.000000000000000000e+00
8.026336431503295898e-01
1.028374433517456055e+00
1.064941406250000000e+00
4.094664156436920166e-01
0.000000000000000000e+00
1.343861460685729980e+00
3.662803471088409424e-01
7.890174165368080139e-03
1.660630106925964355e-02
0.000000000000000000e+00
6.126398220658302307e-03
4.681019112467765808e-03
7.312701642513275146e-02
1.951158404350280762e+00
1.126990932971239090e-02
5.381605029106140137e-01
6.658894419670104980e-01
2.293721400201320648e-02
1.037471089512109756e-02
1.011162400245666504e-01
2.370061166584491730e-02
1.874253034591674805e+00
1.298960089683532715e+00
2.645368874073028564e-01
0.000000000000000000e+00
1.242553442716598511e-02
2.124184668064117432e-01
7.307795286178588867e-01
1.495633721351623535e+00
0.000000000000000000e+00
0.000000000000000000e+00
7.300903797149658203e-01
1.657365560531616211e+00
3.054597182199358940e-03
8.111221194267272949e-01
2.751034451648592949e-03
2.296214997768402100e-01
7.286369204521179199e-01
9.574744850397109985e-02
1.844751276075839996e-02
4.596760869026184082e-02
2.056472934782505035e-03
1.403084278106689453e+00
2.004230976104736328e+00
6.750450730323791504e-01
2.153853654861450195e+00
1.076403819024562836e-02
1.060723900794982910e+00
1.941701513715088367e-03
2.429307252168655396e-02
3.068892955780029297e-01
1.533688157796859741e-01
1.116609573364257812e-02
1.340458840131759644e-01
1.216420009732246399e-01
3.548270463943481445e-01
3.961277380585670471e-02
6.921685487031936646e-02
1.041997075080871582e+00
2.301653385162353516e+00
8.056572079658508301e-02
6.933133006095886230e-01
1.260304212570190430e+00
0.000000000000000000e+00
0.000000000000000000e+00
0.000000000000000000e+00
3.100850880146026611e-01
8.429048955440521240e-02
8.821541070938110352e-01
4.338238015770912170e-02
1.043521985411643982e-01
9.746292829513549805e-01
7.288116961717605591e-02
7.465915083885192871e-01
2.169934473931789398e-02
1.712062209844589233e-01
2.277393579483032227e+00
1.111467957496643066e+00
8.341944217681884766e-01
9.360232204198837280e-02
7.030588388442993164e-01
1.374350428581237793e+00
5.788986757397651672e-02
1.810588538646697998e-01
4.359996616840362549e-01
5.456557869911193848e-01
7.460293918848037720e-02
2.933359742164611816e-01
2.709081172943115234e-01
1.221316084265708923e-01
1.492093056440353394e-01
8.493493199348449707e-01
1.397681655362248421e-03
1.051092624664306641e+00
2.944425866007804871e-02
1.137099862098693848e+00
1.779261603951454163e-02
1.759333908557891846e-01
4.140662252902984619e-01
0.000000000000000000e+00
3.934809923171997070e+00
1.888533592224121094e+00
2.175930589437484741e-01
5.164334177970886230e-02
1.692036628723144531e+00
2.626251429319381714e-02
5.071274638175964355e-01
5.301205441355705261e-02
3.630572259426116943e-01
0.000000000000000000e+00
0.000000000000000000e+00
0.000000000000000000e+00
1.311930775642395020e+00
0.000000000000000000e+00
1.442216932773590088e-01
1.412746217101812363e-02
1.372271217405796051e-02
2.179209232330322266e+00
4.072915762662887573e-02
3.861511126160621643e-03
4.487344324588775635e-01
9.041363000869750977e-01
7.082568854093551636e-02
5.856397096067667007e-03
1.131901741027832031e-01
2.316185832023620605e-01
1.057509899139404297e+00
6.424816250801086426e-01
7.099770009517669678e-02
1.865202307701110840e+00
1.916023157536983490e-02
2.367181479930877686e-01
0.000000000000000000e+00
6.167577505111694336e-01
2.817988693714141846e-01
2.764670550823211670e-01
1.122917294502258301e+00
1.260904908180236816e+00
7.460111975669860840e-01
1.065332412719726562e+00
4.877937957644462585e-02
9.998700618743896484e-01
1.153366491198539734e-01
4.608460888266563416e-02
8.036165833473205566e-01
3.415482938289642334e-01
2.909949421882629395e-01
3.813025355339050293e-01
8.198596835136413574e-01
0.000000000000000000e+00
5.101790279150009155e-02
1.492128014564514160e+00
3.119021467864513397e-02
9.096975624561309814e-02
3.608694970607757568e-01
3.251776471734046936e-02
7.162678986787796021e-02
4.375954270362854004e-01
1.473628915846347809e-03
9.122435003519058228e-02
1.508556604385375977e+00
9.166265726089477539e-01
9.706018492579460144e-03
2.488315552473068237e-01
1.640834100544452667e-02
1.506440997123718262e+00
6.351761817932128906e-01
4.285430014133453369e-01
1.452360272407531738e+00
2.252819389104843140e-02
5.830438733100891113e-01
3.268331587314605713e-01
3.188869683071970940e-03
0.000000000000000000e+00
6.648516058921813965e-01
6.470962166786193848e-01
1.287099272012710571e-01
1.023471206426620483e-01
2.600956678390502930e+00
0.000000000000000000e+00
1.241922497749328613e+00
6.251930259168148041e-03
3.586917817592620850e-01
1.707139611244201660e+00
2.046138763427734375e+00
0.000000000000000000e+00
1.620726585388183594e+00
2.062693983316421509e-01
0.000000000000000000e+00
