1.747981905937194824e+00
0.000000000000000000e+00
8.809570074081420898e-01
1.092329382896423340e+00
2.163803726434707642e-01
4.718129932880401611e-01
6.069454550743103027e-01
5.568510055541992188e+00
3.540071010589599609e+00
6.170374900102615356e-02
7.478879299014806747e-03
1.243390321731567383e+00
4.016497731208801270e-01
1.288191974163055420e-01
2.379464149475097656e+00
5.769691616296768188e-02
3.765101730823516846e-02
2.773593187332153320e+00
4.798042178153991699e-01
0.000000000000000000e+00
2.954975664615631104e-01
1.887876093387603760e-01
5.400701239705085754e-02
1.852539658546447754e+00
1.873780041933059692e-01
1.389174163341522217e-02
1.682374812662601471e-02
1.929484724998474121e+00
2.718119503697380424e-05
4.526779055595397949e-03
3.527952730655670166e-02
7.645004894584417343e-03
6.173597574234008789e-01
3.406814765185117722e-03
0.000000000000000000e+00
1.786670923233032227e+00
1.024402752518653870e-01
2.266180366277694702e-01
9.996507167816162109e-01
7.451142370700836182e-02
1.532108932733535767e-01
5.942261219024658203e-01
1.220343932509422302e-01
1.004269599914550781e+00
2.291761785745620728e-01
3.971191644668579102e-01
3.462616726756095886e-02
8.376909792423248291e-02
1.712013185024261475e-01
9.101195931434631348e-01
8.821854591369628906e-01
0.000000000000000000e+00
7.862302660942077637e-01
0.000000000000000000e+00
1.513066768646240234e+00
2.018330246210098267e-02
9.914965629577636719e-01
9.623541496694087982e-03
2.009847402572631836e+00
1.013392210006713867e+00
4.427431821823120117e-01
3.095646202564239502e-01
9.754914045333862305e-01
6.703076958656311035e-01
9.447894692420959473e-01
1.992939233779907227e+00
0.000000000000000000e+00
0.000000000000000000e+00
0.000000000000000000e+00
9.624703526496887207e-01
0.000000000000000000e+00
5.231520906090736389e-02
8.147524297237396240e-02
0.000000000000000000e+00
8.187142610549926758e-01
1.640918970108032227e+00
9.777868166565895081e-03
4.347562789916992188e-01
5.680085159838199615e-03
2.063658982515335083e-01
4.279217422008514404e-01
1.798059791326522827e-01
1.190120577812194824e+00
1.335423141717910767e-01
8.523829579353332520e-01
5.321898963302373886e-03
1.601651668548583984e+00
8.985527157783508301e-01
8.817408084869384766e-01
0.000000000000000000e+00
3.893222892656922340e-03
1.668222695589065552e-01
1.063679084181785583e-01
0.000000000000000000e+00
2.670913636684417725e-01
4.932171851396560669e-02
7.914859652519226074e-01
2.200959771871566772e-01
5.779848899692296982e-03
0.000000000000000000e+00
1.741099171340465546e-02
1.906105726957321167e-01
1.461560875177383423e-01
1.002692461013793945e+00
1.408240199089050293e+00
4.838671386241912842e-01
3.837887048721313477e-01
5.550590530037879944e-02
1.976411938667297363e-01
1.608090549707412720e-01
1.141710638999938965e+00
0.000000000000000000e+00
1.705221652984619141e+00
7.587051987648010254e-01
5.317451357841491699e-01
2.942547798156738281e-01
1.113068405538797379e-02
0.000000000000000000e+00
6.106212269514799118e-03
2.965056657791137695e+00
1.070483446121215820e+00
8.177696727216243744e-03
0.000000000000000000e+00
1.083684206008911133e+00
3.617182374000549316e-01
1.740688681602478027e+00
0.000000000000000000e+00
7.080630399286746979e-03
2.086671113967895508e+00
1.625833064317703247e-01
0.000000000000000000e+00
1.395963132381439209e-01
0.000000000000000000e+00
9.804605692625045776e-02
4.814257845282554626e-02
0.000000000000000000e+00
3.737163841724395752e-01
3.005213975906372070e+00
0.000000000000000000e+00
2.949943244457244873e-01
1.560963034629821777e+00
8.976094722747802734e-01
1.295569062232971191e+00
7.191759347915649414e-02
3.698927462100982666e-01
2.688872098922729492e+00
4.481648802757263184e-01
1.600483417510986328e+00
3.286931216716766357e-01
9.164586067199707031e-01
4.136308193206787109e+00
1.067805364727973938e-01
4.066880419850349426e-02
3.373386263847351074e-01
1.591037273406982422e+00
3.923613727092742920e-01
6.205600500106811523e-01
0.000000000000000000e+00
2.814549684524536133e+00
0.000000000000000000e+00
1.203806325793266296e-01
8.592366576194763184e-01
1.400300860404968262e+00
9.040522575378417969e-01
1.243795230984687805e-01
2.839918062090873718e-02
1.075680740177631378e-02
1.253331452608108521e-02
1.032322883605957031e+00
1.377779722213745117e+00
1.100678741931915283e-01
5.514906253665685654e-03
0.000000000000000000e+00
4.088187217712402344e-01
3.701022863388061523e-01
5.623516559600830078e+00
0.000000000000000000e+00
0.000000000000000000e+00
0.000000000000000000e+00
0.000000000000000000e+00
1.077659726142883301e-01
0.000000000000000000e+00
1.405619978904724121e-01
1.147284626960754395e+00
1.493103206157684326e-01
0.000000000000000000e+00
0.000000000000000000e+00
3.855166584253311157e-02
8.262910880148410797e-03
0.000000000000000000e+00
0.000000000000000000e+00
3.109771758317947388e-02
6.908946633338928223e-01
8.076655268669128418e-01
0.000000000000000000e+00
1.734670698642730713e-01
7.102166414260864258e-01
4.161716997623443604e-01
3.064120113849639893e-01
1.228437304496765137e+00
1.017070412635803223e+00
8.266498446464538574e-01
1.391821980476379395e+00
0.000000000000000000e+00
2.910196082666516304e-03
6.024784967303276062e-02
1.697560213506221771e-02
4.639339447021484375e-02
7.137451320886611938e-02
3.957348108291625977e+00
9.150885744020342827e-04
1.202505156397819519e-01
7.905536331236362457e-03
2.583678960800170898e-01
2.951761186122894287e-01
3.614073693752288818e-01
2.951228022575378418e-01
5.221219658851623535e-01
4.050002396106719971e-01
1.324341773986816406e+00
1.810681372880935669e-01
7.474586367607116699e-01
3.365854322910308838e-01
7.730835676193237305e-02
6.084812879562377930e-01
0.000000000000000000e+00
7.325788587331771851e-02
1.079086363315582275e-01
0.000000000000000000e+00
0.000000000000000000e+00
3.744691908359527588e-01
6.995003670454025269e-02
2.787866592407226562e-01
2.467262029647827148e+00
1.019069075584411621e+00
4.465669393539428711e-01
1.402739524841308594e+00
7.758353948593139648e-01
0.000000000000000000e+00
5.175873637199401855e-01
2.150836288928985596e-01
3.106244206428527832e-01
1.299190819263458252e-01
1.339744687080383301e+00
3.251728713512420654e-01
4.451242834329605103e-02
7.572833895683288574e-01
0.000000000000000000e+00
3.363410949707031250e+00
1.216528296470642090e+00
3.169718384742736816e-01
1.316967308521270752e-01
9.489037841558456421e-02
0.000000000000000000e+00
1.122672203928232193e-02
2.978613376617431641e-01
1.942383497953414917e-02
1.064032912254333496e-01
4.285167902708053589e-02
1.443718433380126953e+00
9.080296754837036133e-02
4.260163288563489914e-03
4.277317225933074951e-02
0.000000000000000000e+00
1.589111518114805222e-03
0.000000000000000000e+00
2.209129333496093750e+00
4.667474888265132904e-03
8.619142174720764160e-01
0.000000000000000000e+00
5.041972994804382324e-01
2.057608664035797119e-01
1.008747100830078125e+00
6.659546401351690292e-03
3.712808191776275635e-01
4.733238220214843750e-01
1.790265291929244995e-01
9.350313246250152588e-02
9.879123568534851074e-01
7.076047360897064209e-02
0.000000000000000000e+00
2.420373558998107910e-01
1.702073663473129272e-01
0.000000000000000000e+00
1.493703722953796387e-01
1.686901040375232697e-02
6.466449499130249023e-01
0.000000000000000000e+00
5.769256353378295898e-01
0.000000000000000000e+00
2.121124565601348877e-01
1.462754487991333008e+00
2.402582466602325439e-01
1.550810039043426514e-01
2.066368702799081802e-03
1.693631336092948914e-02
3.092548549175262451e-01
2.885824143886566162e-01
5.498618483543395996e-01
4.601523399353027344e+00
1.077739119529724121e+00
7.786834985017776489e-02
4.712384659796953201e-03
1.393348574638366699e-01
0.000000000000000000e+00
8.677317760884761810e-03
0.000000000000000000e+00
0.000000000000000000e+00
0.000000000000000000e+00
2.344919834285974503e-03
2.529573440551757812e-02
1.901278495788574219e-01
0.000000000000000000e+00
3.565365374088287354e-01
3.211947903037071228e-02
0.000000000000000000e+00
2.418578788638114929e-02
9.534721076488494873e-02
9.979149699211120605e-02
0.000000000000000000e+00
8.974170684814453125e-01
0.000000000000000000e+00
0.000000000000000000e+00
4.582642912864685059e-01
9.493329524993896484e-01
1.270351409912109375e+00
5.371686816215515137e-01
4.085027147084474564e-03
1.454848408699035645e+00
4.165944755077362061e-01
2.410199120640754700e-02
2.241073874756693840e-03
0.000000000000000000e+00
0.000000000000000000e+00
0.000000000000000000e+00
2.763284370303153992e-02
2.229382514953613281e+00
2.962177246809005737e-02
8.313480764627456665e-02
8.757268190383911133e-01
0.000000000000000000e+00
0.000000000000000000e+00
2.497254163026809692e-01
8.251067250967025757e-03
1.628592610359191895e+00
5.193674564361572266e-01
1.928068697452545166e-01
0.000000000000000000e+00
0.000000000000000000e+00
4.356094077229499817e-02
9.818812608718872070e-01
1.784018397331237793e+00
1.277595106512308121e-02
7.559144432889297605e-05
9.291300773620605469e-01
1.532996296882629395e+00
6.051350384950637817e-02
6.612316966056823730e-01
0.000000000000000000e+00
7.276659458875656128e-02
8.888508081436157227e-01
4.913810640573501587e-02
1.083723641932010651e-02
1.673316955566406250e-01
2.032595574855804443e-01
9.248582124710083008e-01
2.405366420745849609e+00
4.570790529251098633e-01
2.146893262863159180e+00
1.425699144601821899e-02
7.121091485023498535e-01
5.330756679177284241e-02
1.334140729159116745e-02
2.801117002964019775e-01
4.143289029598236084e-01
3.543454036116600037e-02
8.859828859567642212e-02
4.552807658910751343e-02
1.242706701159477234e-01
4.709224682301282883e-03
0.000000000000000000e+00
8.899673223495483398e-01
2.502722263336181641e+00
1.561748087406158447e-01
5.999144911766052246e-01
8.284083604812622070e-01
0.000000000000000000e+00
0.000000000000000000e+00
0.000000000000000000e+00
2.577427327632904053e-01
3.871932923793792725e-01
6.427117586135864258e-01
0.000000000000000000e+00
3.273476660251617432e-01
5.184046030044555664e-01
7.089629769325256348e-02
8.308519721031188965e-01
6.512618064880371094e-02
1.214677840471267700e-01
1.424913167953491211e+00
8.593097329139709473e-01
7.143626809120178223e-01
0.000000000000000000e+00
4.061232805252075195e-01
1.432280063629150391e+00
4.068564251065254211e-02
5.653926134109497070e-01
1.838906705379486084e-01
6.608073711395263672e-01
3.579395264387130737e-02
3.389603793621063232e-01
1.596238464117050171e-01
9.133622050285339355e-03
2.793865203857421875e-01
9.217507839202880859e-01
1.031812373548746109e-02
1.079536318778991699e+00
7.259801775217056274e-02
8.629260659217834473e-01
5.925722047686576843e-02
4.752103239297866821e-02
1.521918475627899170e-01
0.000000000000000000e+00
3.803048133850097656e+00
1.627764582633972168e+00
5.554137751460075378e-02
5.799233168363571167e-02
1.238754630088806152e+00
7.957407832145690918e-02
1.027254462242126465e-01
3.909036051481962204e-03
1.823257505893707275e-01
0.000000000000000000e+00
0.000000000000000000e+00
8.724630810320377350e-03
1.045359969139099121e+00
1.511521404609084129e-03
4.145451262593269348e-02
1.948491111397743225e-02
8.788139559328556061e-03
1.436011433601379395e+00
0.000000000000000000e+00
6.399661302566528320e-03
3.444352447986602783e-01
7.359395027160644531e-01
1.168048381805419922e-01
0.000000000000000000e+00
1.859236359596252441e-01
3.379559144377708435e-02
7.921937108039855957e-01
4.785542190074920654e-01
5.737614352256059647e-03
1.720092773437500000e+00
4.549530800431966782e-03
2.237801551818847656e-01
0.000000000000000000e+00
4.893042743206024170e-01
1.444337964057922363e-01
2.260714471340179443e-01
9.715206027030944824e-01
1.535687804222106934e+00
6.882160305976867676e-01
1.060348987579345703e+00
1.063350364565849304e-01
1.009611248970031738e+00
2.831415832042694092e-01
0.000000000000000000e+00
8.981150388717651367e-01
1.049994304776191711e-01
2.765140831470489502e-01
6.176704168319702148e-01
8.841264247894287109e-01
4.369456321001052856e-03
0.000000000000000000e+00
1.276773691177368164e+00
9.589695185422897339e-02
1.311297435313463211e-02
9.541737288236618042e-02
4.413411393761634827e-02
2.233076989650726318e-01
2.713000178337097168e-01
0.000000000000000000e+00
1.899029463529586792e-01
1.071402430534362793e+00
6.892103552818298340e-01
4.024138301610946655e-02
5.985419750213623047e-01
3.297229483723640442e-02
8.891034722328186035e-01
3.960874080657958984e-01
5.393225699663162231e-02
1.316544651985168457e+00
1.475907769054174423e-02
4.997148215770721436e-01
3.294935226440429688e-01
8.640405721962451935e-03
7.528699934482574463e-02
2.234537303447723389e-01
3.984675407409667969e-01
5.225598067045211792e-02
2.215004339814186096e-02
2.462057828903198242e+00
0.000000000000000000e+00
7.865700125694274902e-01
0.000000000000000000e+00
4.650838375091552734e-01
1.817954182624816895e+00
1.840889215469360352e+00
0.000000000000000000e+00
1.482488155364990234e+00
1.881816238164901733e-01
0.000000000000000000e+00
