2.559435844421386719e+00
0.000000000000000000e+00
4.185693562030792236e-01
1.549887299537658691e+00
2.405840903520584106e-01
3.987394869327545166e-01
2.313857972621917725e-01
5.004012107849121094e+00
4.333376884460449219e+00
3.360466659069061279e-01
5.005813390016555786e-02
1.235980033874511719e+00
3.335072994232177734e-01
1.469836980104446411e-01
1.854578137397766113e+00
1.554414280690252781e-03
4.041185975074768066e-01
2.722598791122436523e+00
5.569733381271362305e-01
0.000000000000000000e+00
2.926243245601654053e-01
4.082825966179370880e-03
8.817264810204505920e-03
1.532323479652404785e+00
9.267250448465347290e-02
4.270568955689668655e-03
0.000000000000000000e+00
1.339625120162963867e+00
2.272820100188255310e-03
0.000000000000000000e+00
0.000000000000000000e+00
0.000000000000000000e+00
7.950006723403930664e-01
0.000000000000000000e+00
0.000000000000000000e+00
2.166139841079711914e+00
4.661803245544433594e-01
1.920281648635864258e-01
1.076550245285034180e+00
2.011589147150516510e-02
9.506227076053619385e-02
1.048198699951171875e+00
2.197017967700958252e-01
7.904093265533447266e-01
3.825055956840515137e-01
2.690048217773437500e-01
7.287085801362991333e-02
9.787248969078063965e-01
1.872388273477554321e-01
1.445552706718444824e+00
8.717057108879089355e-01
0.000000000000000000e+00
1.075068354606628418e+00
0.000000000000000000e+00
2.273693799972534180e+00
1.555047649890184402e-02
7.830173373222351074e-01
7.697904109954833984e-02
1.447058200836181641e+00
1.322500824928283691e+00
4.804399609565734863e-01
1.291069090366363525e-01
4.414585828781127930e-01
6.645476818084716797e-01
1.806764364242553711e+00
1.529565572738647461e+00
0.000000000000000000e+00
4.934710264205932617e-02
7.396344840526580811e-02
1.011147260665893555e+00
0.000000000000000000e+00
3.347211983054876328e-03
6.319941878318786621e-01
0.000000000000000000e+00
6.670593023300170898e-01
2.069745302200317383e+00
5.937365815043449402e-02
5.644904375076293945e-01
8.572880178689956665e-03
1.908816546201705933e-01
2.050236016511917114e-01
4.282983839511871338e-01
1.945163011550903320e+00
3.998309001326560974e-02
1.717524170875549316e+00
0.000000000000000000e+00
1.749187827110290527e+00
3.734390735626220703e-01
4.883565902709960938e-01
1.363403443247079849e-02
2.481183968484401703e-03
2.142801433801651001e-01
0.000000000000000000e+00
0.000000000000000000e+00
1.735354214906692505e-01
3.844543993473052979e-01
1.456806421279907227e+00
5.283289402723312378e-02
2.240956202149391174e-02
0.000000000000000000e+00
0.000000000000000000e+00
2.139370888471603394e-01
4.529808163642883301e-01
8.375080227851867676e-01
9.336449503898620605e-01
1.968559622764587402e-01
8.432092070579528809e-01
3.800780698657035828e-02
1.435416191816329956e-01
2.208914756774902344e-01
1.319808006286621094e+00
0.000000000000000000e+00
2.199739217758178711e+00
6.971270442008972168e-01
4.811380207538604736e-01
1.209279894828796387e-01
2.940995991230010986e-02
0.000000000000000000e+00
1.200693007558584213e-02
3.489748001098632812e+00
2.915570139884948730e-02
3.645916283130645752e-02
0.000000000000000000e+00
1.303008675575256348e+00
4.784024953842163086e-01
2.227676630020141602e+00
0.000000000000000000e+00
1.304640062153339386e-02
1.907831907272338867e+00
1.528078019618988037e-01
0.000000000000000000e+00
4.020552933216094971e-01
0.000000000000000000e+00
2.150423377752304077e-01
9.419645369052886963e-02
0.000000000000000000e+00
5.077282190322875977e-01
4.132598400115966797e+00
0.000000000000000000e+00
1.064576625823974609e+00
1.225811481475830078e+00
6.350020170211791992e-01
1.901431083679199219e+00
1.321663428097963333e-02
4.562200978398323059e-03
2.542443037033081055e+00
3.758878111839294434e-01
1.871608614921569824e+00
1.534018665552139282e-01
5.057345628738403320e-01
3.982595443725585938e+00
5.120831355452537537e-02
1.511310487985610962e-01
5.915195345878601074e-01
1.224969625473022461e+00
3.221515715122222900e-01
2.331227362155914307e-01
0.000000000000000000e+00
2.363943099975585938e+00
0.000000000000000000e+00
1.087899580597877502e-01
1.278714060783386230e+00
1.308074355125427246e+00
3.714706897735595703e-01
1.996869966387748718e-02
4.096905514597892761e-02
2.404544968158006668e-03
1.596934394910931587e-03
1.067375302314758301e+00
1.677895069122314453e+00
5.766599997878074646e-02
0.000000000000000000e+00
0.000000000000000000e+00
5.971761345863342285e-01
8.582852780818939209e-02
6.797276973724365234e+00
0.000000000000000000e+00
1.325799431651830673e-02
1.231051422655582428e-02
0.000000000000000000e+00
5.497632548213005066e-02
0.000000000000000000e+00
6.160922348499298096e-02
4.465205967426300049e-01
9.513911008834838867e-01
0.000000000000000000e+00
0.000000000000000000e+00
4.011538624763488770e-01
8.623320609331130981e-03
0.000000000000000000e+00
0.000000000000000000e+00
3.722159191966056824e-02
1.262949228286743164e+00
1.123379111289978027e+00
0.000000000000000000e+00
2.199604213237762451e-01
6.613858342170715332e-01
3.877544403076171875e-01
8.586950302124023438e-01
1.025043964385986328e+00
1.179014086723327637e+00
9.064471125602722168e-01
7.087523937225341797e-01
4.681173712015151978e-02
4.253401979804039001e-02
4.647812747862190008e-04
0.000000000000000000e+00
2.063227444887161255e-02
0.000000000000000000e+00
3.874376296997070312e+00
2.276336890645325184e-04
5.001621320843696594e-03
6.653734948486089706e-03
1.671217530965805054e-01
4.388889968395233154e-01
8.653382658958435059e-01
9.227687120437622070e-02
6.087389588356018066e-01
1.314604282379150391e-01
1.077489256858825684e+00
1.246328726410865784e-01
3.396795094013214111e-01
5.652286410331726074e-01
1.491755098104476929e-01
5.106639266014099121e-01
0.000000000000000000e+00
1.479637175798416138e-01
1.612112224102020264e-01
0.000000000000000000e+00
0.000000000000000000e+00
8.043653368949890137e-01
3.211282938718795776e-02
3.208215236663818359e-01
3.193538427352905273e+00
5.827472209930419922e-01
7.329490780830383301e-01
1.052622556686401367e+00
9.011275172233581543e-01
0.000000000000000000e+00
4.417438805103302002e-01
6.064311042428016663e-02
1.312104165554046631e-01
8.339312858879566193e-03
1.550336837768554688e+00
1.928825974464416504e-01
4.330977424979209900e-02
3.236773908138275146e-01
1.230577379465103149e-02
1.858066797256469727e+00
1.788661718368530273e+00
2.765285596251487732e-02
8.057547360658645630e-02
1.084198728203773499e-01
9.667540900409221649e-03
4.991845227777957916e-03
1.977157890796661377e-01
1.314298808574676514e-02
7.961472868919372559e-02
1.351855695247650146e-01
5.078127980232238770e-01
1.645040214061737061e-01
7.474094629287719727e-03
1.017291471362113953e-01
0.000000000000000000e+00
0.000000000000000000e+00
0.000000000000000000e+00
2.359883785247802734e+00
1.052843499928712845e-02
7.066267728805541992e-01
0.000000000000000000e+00
4.988639056682586670e-01
5.573683381080627441e-01
8.823942542076110840e-01
0.000000000000000000e+00
6.700848937034606934e-01
2.718773670494556427e-02
5.561852455139160156e-02
6.578405201435089111e-02
9.271553158760070801e-01
1.126396018662489951e-04
5.568774417042732239e-03
6.848704218864440918e-01
1.486394256353378296e-01
2.293949713930487633e-03
0.000000000000000000e+00
3.785815462470054626e-02
8.601488471031188965e-01
0.000000000000000000e+00
9.695765972137451172e-01
0.000000000000000000e+00
4.158034324645996094e-01
1.422393202781677246e+00
5.089002251625061035e-01
2.179445698857307434e-03
0.000000000000000000e+00
0.000000000000000000e+00
7.179749757051467896e-02
4.751503095030784607e-02
9.041756987571716309e-01
4.846992969512939453e+00
1.042939662933349609e+00
1.921224296092987061e-01
0.000000000000000000e+00
3.679114207625389099e-02
3.095812723040580750e-02
2.783540450036525726e-02
0.000000000000000000e+00
0.000000000000000000e+00
2.973866416141390800e-03
1.031670421361923218e-01
4.575311671942472458e-03
8.874043822288513184e-02
0.000000000000000000e+00
8.628871440887451172e-01
2.097251359373331070e-03
0.000000000000000000e+00
1.552714500576257706e-02
3.077307157218456268e-02
5.556552484631538391e-02
1.828049425967037678e-03
5.438976287841796875e-01
0.000000000000000000e+00
0.000000000000000000e+00
4.095461964607238770e-01
1.264931321144104004e+00
1.141121506690979004e+00
6.081357598304748535e-01
0.000000000000000000e+00
8.743326663970947266e-01
2.428957372903823853e-01
0.000000000000000000e+00
7.087968289852142334e-02
0.000000000000000000e+00
0.000000000000000000e+00
6.274747662246227264e-03
1.349163353443145752e-01
2.254211425781250000e+00
1.931018009781837463e-02
3.020002841949462891e-01
4.085084199905395508e-01
0.000000000000000000e+00
0.000000000000000000e+00
1.272810529917478561e-02
2.684348635375499725e-02
1.775532007217407227e+00
1.300277590751647949e+00
0.000000000000000000e+00
0.000000000000000000e+00
0.000000000000000000e+00
1.554623246192932129e-01
1.451695680618286133e+00
1.705507516860961914e+00
0.000000000000000000e+00
0.000000000000000000e+00
2.926128804683685303e-01
1.062861084938049316e+00
3.878890071064233780e-03
3.757197260856628418e-01
0.000000000000000000e+00
1.258072555065155029e-01
4.301728010177612305e-01
1.588149607414379716e-04
3.188128396868705750e-02
4.457980394363403320e-01
2.691544294357299805e-01
1.479795575141906738e+00
1.079382419586181641e+00
6.990642547607421875e-01
1.552155256271362305e+00
1.911717094480991364e-02
5.970072746276855469e-01
1.108947470784187317e-01
1.486500841565430164e-03
2.991594970226287842e-01
2.961294949054718018e-01
0.000000000000000000e+00
4.811264574527740479e-02
6.775505840778350830e-02
1.159886345267295837e-01
1.240494772791862488e-01
0.000000000000000000e+00
1.683910131454467773e+00
3.497225284576416016e+00
2.764647006988525391e-01
2.332381308078765869e-01
3.984499573707580566e-01
0.000000000000000000e+00
0.000000000000000000e+00
0.000000000000000000e+00
1.194955483078956604e-01
3.637096583843231201e-01
5.389924645423889160e-01
7.074399851262569427e-03
1.640088111162185669e-01
3.756228089332580566e-01
5.598890781402587891e-02
1.843881309032440186e-01
1.198822334408760071e-01
1.054704771377146244e-03
1.995785474777221680e+00
2.414402812719345093e-01
7.615550756454467773e-01
6.669013202190399170e-02
6.617061495780944824e-01
1.943713426589965820e+00
5.748208165168762207e-01
6.305776834487915039e-01
2.850359380245208740e-01
1.193149328231811523e+00
0.000000000000000000e+00
1.487286239862442017e-01
1.970195770263671875e-01
1.666416227817535400e-01
1.711318492889404297e-01
7.077946662902832031e-01
0.000000000000000000e+00
1.375182867050170898e+00
3.234385745599865913e-03
4.374047517776489258e-01
4.249421879649162292e-02
6.212397478520870209e-03
1.913336850702762604e-02
3.334679407998919487e-03
2.666632175445556641e+00
5.985174775123596191e-01
2.324367910623550415e-01
1.379684656858444214e-01
1.416100144386291504e+00
7.846049219369888306e-02
2.413230240345001221e-01
3.959230612963438034e-03
1.034644469618797302e-01
0.000000000000000000e+00
0.000000000000000000e+00
0.000000000000000000e+00
9.894545078277587891e-01
7.482978515326976776e-03
9.407527744770050049e-03
7.795799174346029758e-04
3.349513933062553406e-02
1.867245793342590332e+00
1.270856708288192749e-03
0.000000000000000000e+00
2.414688169956207275e-01
8.204129338264465332e-01
7.312462478876113892e-02
0.000000000000000000e+00
4.192081391811370850e-01
1.845254898071289062e-01
1.947433710098266602e+00
2.869429886341094971e-01
4.696764051914215088e-03
1.675320386886596680e+00
1.065367180854082108e-02
1.115898415446281433e-01
0.000000000000000000e+00
6.016820669174194336e-02
3.332006037235260010e-01
4.654975235462188721e-01
9.496661424636840820e-01
1.375655651092529297e+00
6.512356996536254883e-01
6.188716888427734375e-01
2.869177609682083130e-02
1.327819466590881348e+00
1.435722559690475464e-01
5.976875498890876770e-02
5.661622285842895508e-01
7.968839257955551147e-02
5.133031606674194336e-01
9.621199220418930054e-02
1.104213371872901917e-01
0.000000000000000000e+00
0.000000000000000000e+00
4.837354421615600586e-01
1.217524707317352295e-01
9.150514751672744751e-02
5.859218537807464600e-02
9.425673633813858032e-02
2.056810557842254639e-01
2.229570001363754272e-01
0.000000000000000000e+00
1.938860118389129639e-01
8.289881944656372070e-01
1.850597381591796875e+00
1.449711900204420090e-02
3.294221162796020508e-01
1.358569972217082977e-02
6.144598126411437988e-01
6.708102822303771973e-01
5.236083865165710449e-01
1.643921613693237305e+00
4.100881144404411316e-02
9.400236606597900391e-01
6.087579727172851562e-01
7.341073825955390930e-03
6.979537010192871094e-02
4.568506181240081787e-01
5.414258241653442383e-01
8.128727227449417114e-02
0.000000000000000000e+00
2.898491621017456055e+00
0.000000000000000000e+00
1.582075715065002441e+00
2.253791131079196930e-02
4.308784604072570801e-01
3.208489894866943359e+00
1.439429640769958496e+00
1.067964211106300354e-01
1.811143517494201660e+00
1.691446006298065186e-01
2.284446964040398598e-03
