2.118986606597900391e+00
1.146652968600392342e-03
4.466603994369506836e-01
1.964237093925476074e+00
3.336332738399505615e-01
2.016104757785797119e-01
1.724881529808044434e-01
5.260013580322265625e+00
4.166274070739746094e+00
3.321148455142974854e-01
1.081922464072704315e-02
1.428065538406372070e+00
4.253076314926147461e-01
1.798001527786254883e-01
1.927642464637756348e+00
3.289798274636268616e-02
7.096664905548095703e-01
2.513748168945312500e+00
5.418670773506164551e-01
0.000000000000000000e+00
5.794619917869567871e-01
0.000000000000000000e+00
3.593166591599583626e-03
2.455247879028320312e+00
4.934428632259368896e-02
0.000000000000000000e+00
0.000000000000000000e+00
1.291594505310058594e+00
1.332292240113019943e-02
1.394709455780684948e-03
0.000000000000000000e+00
0.000000000000000000e+00
8.123070001602172852e-01
0.000000000000000000e+00
0.000000000000000000e+00
2.099313735961914062e+00
5.818837881088256836e-01
2.868989109992980957e-01
1.052850604057312012e+00
1.721116304397583008e-01
1.226492673158645630e-01
6.709980964660644531e-01
2.834081649780273438e-01
1.271589636802673340e+00
3.785307407379150391e-01
3.706356287002563477e-01
2.468529790639877319e-01
6.134209036827087402e-01
3.633236140012741089e-02
1.261111378669738770e+00
1.376513719558715820e+00
0.000000000000000000e+00
9.979169368743896484e-01
0.000000000000000000e+00
1.999656200408935547e+00
1.119314879179000854e-01
4.603414535522460938e-01
7.700171321630477905e-02
2.243542432785034180e+00
7.567062377929687500e-01
3.181326389312744141e-01
8.218687027692794800e-02
5.472645759582519531e-01
4.643813967704772949e-01
1.408859848976135254e+00
1.749879121780395508e+00
0.000000000000000000e+00
5.195917934179306030e-02
3.306110575795173645e-02
7.609224915504455566e-01
0.000000000000000000e+00
0.000000000000000000e+00
4.676865041255950928e-01
1.356555707752704620e-02
3.500129878520965576e-01
1.739668250083923340e+00
2.319882810115814209e-02
7.443134188652038574e-01
5.618566274642944336e-02
2.494693845510482788e-01
1.050540283322334290e-01
5.122627019882202148e-01
2.123305320739746094e+00
1.099235564470291138e-01
1.809545993804931641e+00
3.139559121336787939e-04
1.217543482780456543e+00
2.712323963642120361e-01
7.873747348785400391e-01
3.736738115549087524e-02
0.000000000000000000e+00
1.408681869506835938e-01
0.000000000000000000e+00
0.000000000000000000e+00
1.736230999231338501e-01
4.561480879783630371e-01
1.351329565048217773e+00
1.544866263866424561e-01
3.993344493210315704e-03
9.723796392790973186e-04
8.053081110119819641e-03
1.198421567678451538e-01
2.354842573404312134e-01
1.379747986793518066e+00
1.428451538085937500e+00
1.108075752854347229e-01
7.936970591545104980e-01
5.276044365018606186e-03
1.357085406780242920e-01
9.900618344545364380e-02
1.469578266143798828e+00
0.000000000000000000e+00
1.669503927230834961e+00
6.905214786529541016e-01
6.370676159858703613e-01
4.294966533780097961e-02
8.337897807359695435e-02
0.000000000000000000e+00
2.148824511095881462e-03
3.781011343002319336e+00
6.129834055900573730e-01
2.663907110691070557e-01
0.000000000000000000e+00
1.656103014945983887e+00
3.334327042102813721e-01
2.023454189300537109e+00
0.000000000000000000e+00
1.947648078203201294e-02
2.418259143829345703e+00
2.265206277370452881e-01
0.000000000000000000e+00
3.540392518043518066e-01
0.000000000000000000e+00
3.780159726738929749e-02
6.938969343900680542e-02
0.000000000000000000e+00
9.504468441009521484e-01
4.511758327484130859e+00
0.000000000000000000e+00
7.175514101982116699e-01
9.244117736816406250e-01
4.128859937191009521e-01
1.388770103454589844e+00
0.000000000000000000e+00
1.780668348073959351e-01
1.825657248497009277e+00
4.309734404087066650e-01
1.612789511680603027e+00
4.468415677547454834e-02
1.035790205001831055e+00
4.148289203643798828e+00
5.895718000829219818e-03
3.256125450134277344e-01
3.211952447891235352e-01
1.443855524063110352e+00
6.479613780975341797e-01
4.317244291305541992e-01
9.344689548015594482e-03
2.418833494186401367e+00
1.084007555618882179e-03
2.455996870994567871e-01
8.327578902244567871e-01
1.336256384849548340e+00
3.143917024135589600e-01
4.602890834212303162e-02
4.797750338912010193e-02
0.000000000000000000e+00
0.000000000000000000e+00
9.297044277191162109e-01
2.095623254776000977e+00
2.837889594957232475e-03
0.000000000000000000e+00
0.000000000000000000e+00
8.460739254951477051e-01
1.721730530261993408e-01
7.148479938507080078e+00
0.000000000000000000e+00
1.684979884885251522e-03
6.541965994983911514e-03
2.481666393578052521e-02
4.273071512579917908e-02
6.238555908203125000e-02
2.991250017657876015e-03
1.193072676658630371e+00
4.043002426624298096e-01
0.000000000000000000e+00
0.000000000000000000e+00
2.100216150283813477e-01
0.000000000000000000e+00
8.058321662247180939e-03
1.019066665321588516e-02
1.412752177566289902e-02
1.434045553207397461e+00
1.437355995178222656e+00
0.000000000000000000e+00
1.634475737810134888e-01
5.729381442070007324e-01
3.252528905868530273e-01
5.431735515594482422e-01
7.887451648712158203e-01
1.253216505050659180e+00
9.948270320892333984e-01
5.186429023742675781e-01
1.890679895877838135e-01
0.000000000000000000e+00
2.380274794995784760e-02
1.622761017642915249e-03
1.270883996039628983e-02
0.000000000000000000e+00
3.120681047439575195e+00
0.000000000000000000e+00
1.148566720075905323e-03
9.530268609523773193e-03
2.816728055477142334e-01
8.573743700981140137e-01
9.269647002220153809e-01
3.373467028141021729e-01
6.672574877738952637e-01
5.635516047477722168e-01
1.045331239700317383e+00
2.858445979654788971e-02
3.313702046871185303e-01
2.895744442939758301e-01
6.156477332115173340e-02
6.303319334983825684e-01
0.000000000000000000e+00
1.068668365478515625e-01
5.951380133628845215e-01
0.000000000000000000e+00
0.000000000000000000e+00
3.934936821460723877e-01
5.612803250551223755e-02
6.931483149528503418e-01
2.848266601562500000e+00
4.729727804660797119e-01
6.313665509223937988e-01
1.275171160697937012e+00
1.050940871238708496e+00
0.000000000000000000e+00
2.588470578193664551e-01
9.485772252082824707e-02
4.041101783514022827e-02
1.270035561174154282e-02
2.125610828399658203e+00
5.537399053573608398e-01
6.790821999311447144e-02
4.075300097465515137e-01
6.180354394018650055e-04
2.220271825790405273e+00
9.675522446632385254e-01
1.092796102166175842e-01
1.764168590307235718e-01
6.124180182814598083e-02
1.056845635175704956e-01
3.047710359096527100e-01
3.210124969482421875e-01
7.036202121526002884e-03
9.035050123929977417e-02
0.000000000000000000e+00
5.490695834159851074e-01
4.634303450584411621e-01
3.707427158951759338e-02
1.277815997600555420e-01
0.000000000000000000e+00
0.000000000000000000e+00
2.966598607599735260e-03
2.501888036727905273e+00
5.017109215259552002e-02
4.417184293270111084e-01
5.172058939933776855e-03
1.822430342435836792e-01
2.383912056684494019e-01
1.195323109626770020e+00
1.579813361167907715e-01
3.350784182548522949e-01
3.830304741859436035e-02
2.407793253660202026e-01
1.885461248457431793e-02
1.064138174057006836e+00
0.000000000000000000e+00
0.000000000000000000e+00
7.800385355949401855e-01
1.498442143201828003e-01
4.184447601437568665e-02
8.678779006004333496e-03
8.225321769714355469e-03
9.658679962158203125e-01
0.000000000000000000e+00
1.186047434806823730e+00
0.000000000000000000e+00
6.972796320915222168e-01
9.871165156364440918e-01
5.221904516220092773e-01
6.609627604484558105e-02
3.524498082697391510e-03
2.038575895130634308e-02
4.187635481357574463e-01
5.407297238707542419e-02
1.345437884330749512e+00
4.676504135131835938e+00
8.541962504386901855e-01
1.935338377952575684e-01
2.517543919384479523e-02
1.425143629312515259e-01
1.124003157019615173e-02
0.000000000000000000e+00
0.000000000000000000e+00
1.440285146236419678e-02
0.000000000000000000e+00
0.000000000000000000e+00
1.317327767610549927e-01
9.881542623043060303e-02
0.000000000000000000e+00
7.521145939826965332e-01
3.140627220273017883e-02
4.222224652767181396e-02
1.393371261656284332e-02
1.433301996439695358e-02
1.272766143083572388e-01
0.000000000000000000e+00
7.283865213394165039e-01
0.000000000000000000e+00
0.000000000000000000e+00
3.705823421478271484e-01
5.554078817367553711e-01
8.093564510345458984e-01
3.414452970027923584e-01
0.000000000000000000e+00
7.801519632339477539e-01
2.194636613130569458e-01
0.000000000000000000e+00
1.133240573108196259e-02
0.000000000000000000e+00
0.000000000000000000e+00
1.898458786308765411e-02
2.064220160245895386e-01
1.664048910140991211e+00
5.331839248538017273e-02
5.266776680946350098e-01
3.007890582084655762e-01
0.000000000000000000e+00
0.000000000000000000e+00
7.521045953035354614e-02
3.212464600801467896e-02
1.435288429260253906e+00
9.875264763832092285e-01
0.000000000000000000e+00
0.000000000000000000e+00
0.000000000000000000e+00
3.206243216991424561e-01
7.649109959602355957e-01
1.528403162956237793e+00
8.800065144896507263e-03
0.000000000000000000e+00
4.713870957493782043e-02
1.086173653602600098e+00
0.000000000000000000e+00
2.229757457971572876e-01
0.000000000000000000e+00
5.067755281925201416e-02
6.221127510070800781e-01
1.907872594892978668e-02
1.405737251043319702e-01
9.469376876950263977e-03
2.343928068876266479e-01
1.229736089706420898e+00
8.533032536506652832e-01
8.119273185729980469e-01
2.365347623825073242e+00
4.683832079172134399e-02
5.607668757438659668e-01
1.412243545055389404e-01
3.358825668692588806e-02
2.596718370914459229e-01
3.903082609176635742e-01
0.000000000000000000e+00
4.711308702826499939e-02
1.210475899279117584e-02
3.146606385707855225e-01
1.438080221414566040e-01
8.109006099402904510e-03
2.314460515975952148e+00
3.002460718154907227e+00
1.054162308573722839e-01
1.593258827924728394e-01
6.663813591003417969e-01
0.000000000000000000e+00
0.000000000000000000e+00
0.000000000000000000e+00
8.737090229988098145e-02
2.058831453323364258e-01
2.089673429727554321e-01
9.179968037642538548e-04
4.067438095808029175e-02
7.023898959159851074e-01
6.147221848368644714e-02
7.548286914825439453e-01
2.115855067968368530e-01
1.213395688682794571e-02
1.555298805236816406e+00
2.561259567737579346e-01
6.631429791450500488e-01
1.697969809174537659e-02
5.185266733169555664e-01
1.933801412582397461e+00
1.855281144380569458e-01
5.374763011932373047e-01
2.197450548410415649e-01
1.040277361869812012e+00
1.023138761520385742e-01
2.259167730808258057e-01
2.111569233238697052e-02
2.748050689697265625e-01
1.454635560512542725e-01
4.998560845851898193e-01
0.000000000000000000e+00
1.394051074981689453e+00
2.782823145389556885e-02
1.091194152832031250e-01
4.584144335240125656e-03
1.440026797354221344e-02
3.301089406013488770e-01
9.725633077323436737e-03
2.969662904739379883e+00
8.398633599281311035e-01
2.700209319591522217e-01
1.927076429128646851e-01
1.653324961662292480e+00
7.895768433809280396e-02
3.543581664562225342e-01
0.000000000000000000e+00
3.517028987407684326e-01
0.000000000000000000e+00
0.000000000000000000e+00
0.000000000000000000e+00
7.476676702499389648e-01
1.281779608689248562e-03
2.480997703969478607e-02
0.000000000000000000e+00
1.106396839022636414e-01
2.275802612304687500e+00
1.220235787332057953e-02
8.381745219230651855e-02
2.196398675441741943e-01
1.093642354011535645e+00
1.930300705134868622e-02
0.000000000000000000e+00
1.281368881464004517e-01
3.021951615810394287e-01
1.346301794052124023e+00
3.319373428821563721e-01
0.000000000000000000e+00
1.704172253608703613e+00
2.783854119479656219e-02
4.423006772994995117e-01
0.000000000000000000e+00
2.124007046222686768e-01
3.177559077739715576e-01
2.663109600543975830e-01
1.055855751037597656e+00
1.326257944107055664e+00
4.733496904373168945e-01
1.112522006034851074e+00
2.795148082077503204e-02
1.064200520515441895e+00
1.075709611177444458e-01
4.287712741643190384e-03
6.037768721580505371e-01
1.163112819194793701e-01
2.535009086132049561e-01
1.303168088197708130e-01
3.211851716041564941e-01
6.585439667105674744e-03
3.259001299738883972e-03
1.046499013900756836e+00
7.353453338146209717e-02
7.696113316342234612e-04
1.743052750825881958e-01
9.605829603970050812e-03
2.430220246315002441e-01
3.687930107116699219e-01
0.000000000000000000e+00
7.249254733324050903e-02
1.384259104728698730e+00
1.672470331192016602e+00
0.000000000000000000e+00
2.603637576103210449e-01
1.957732718437910080e-03
1.170234441757202148e+00
7.268791794776916504e-01
2.367511987686157227e-01
1.176594257354736328e+00
3.528473665937781334e-03
9.092034697532653809e-01
6.206724643707275391e-01
0.000000000000000000e+00
1.666423827409744263e-01
3.462578356266021729e-01
2.787979543209075928e-01
1.053240150213241577e-01
0.000000000000000000e+00
2.988586425781250000e+00
0.000000000000000000e+00
1.392165780067443848e+00
1.060227751731872559e-01
5.307963490486145020e-01
2.802165031433105469e+00
2.055009365081787109e+00
5.475964769721031189e-02
1.692992329597473145e+00
6.345818284898996353e-03
2.771168760955333710e-02
