1.919858932495117188e+00
0.000000000000000000e+00
4.721476137638092041e-01
1.605971932411193848e+00
2.120402604341506958e-01
3.159384727478027344e-01
3.281098604202270508e-01
5.001318454742431641e+00
4.036800861358642578e+00
4.068820178508758545e-01
9.366747736930847168e-02
1.481169700622558594e+00
2.516933381557464600e-01
3.105370700359344482e-01
2.086242437362670898e+00
2.331267744302749634e-01
3.302133381366729736e-01
2.918041229248046875e+00
9.144381284713745117e-01
2.926994813606142998e-03
4.835000336170196533e-01
1.782300919294357300e-01
1.150431185960769653e-01
3.037121057510375977e+00
3.365063369274139404e-01
0.000000000000000000e+00
2.283628843724727631e-02
1.610298752784729004e+00
4.856425896286964417e-02
0.000000000000000000e+00
4.901038017123937607e-03
0.000000000000000000e+00
6.735489368438720703e-01
0.000000000000000000e+00
0.000000000000000000e+00
2.335875272750854492e+00
2.034208029508590698e-01
1.828556805849075317e-01
8.877624273300170898e-01
1.714239269495010376e-01
1.229286659508943558e-02
4.972598254680633545e-01
4.549885988235473633e-01
1.049004197120666504e+00
2.524508535861968994e-01
1.898669600486755371e-01
1.235189810395240784e-01
2.197707593441009521e-01
9.135772287845611572e-02
7.074759006500244141e-01
1.308868169784545898e+00
0.000000000000000000e+00
7.198395729064941406e-01
0.000000000000000000e+00
1.878500461578369141e+00
2.111068218946456909e-01
9.137775301933288574e-01
3.129000961780548096e-02
1.518271923065185547e+00
9.783262610435485840e-01
5.097171664237976074e-01
3.749588727951049805e-01
9.381254315376281738e-01
9.408782720565795898e-01
1.041672825813293457e+00
1.669762134552001953e+00
0.000000000000000000e+00
2.413125243037939072e-03
1.903085154481232166e-03
1.066610455513000488e+00
0.000000000000000000e+00
1.896042190492153168e-02
1.276783943176269531e-01
7.058059331029653549e-03
2.471965253353118896e-01
1.348101258277893066e+00
0.000000000000000000e+00
4.470883607864379883e-01
9.802215732634067535e-03
5.229420065879821777e-01
2.338510155677795410e-01
2.561767995357513428e-01
1.152246832847595215e+00
5.337719917297363281e-01
1.546717047691345215e+00
7.592869922518730164e-03
1.498861432075500488e+00
2.373298108577728271e-01
6.774389743804931641e-01
3.016172535717487335e-02
0.000000000000000000e+00
7.310793548822402954e-02
0.000000000000000000e+00
0.000000000000000000e+00
1.308610886335372925e-01
3.768261671066284180e-01
1.323875665664672852e+00
2.676262259483337402e-01
0.000000000000000000e+00
0.000000000000000000e+00
6.706774234771728516e-03
3.385708928108215332e-01
5.936661958694458008e-01
6.850396394729614258e-01
1.661213874816894531e+00
2.759817540645599365e-01
3.610670566558837891e-01
3.353124111890792847e-02
3.278790712356567383e-01
1.058897823095321655e-01
1.110265016555786133e+00
0.000000000000000000e+00
1.523949265480041504e+00
1.080044746398925781e+00
4.394851922988891602e-01
6.145397946238517761e-02
1.028799861669540405e-01
0.000000000000000000e+00
4.578075557947158813e-02
3.359207391738891602e+00
8.583039045333862305e-01
4.494050890207290649e-02
3.186645358800888062e-02
1.106420516967773438e+00
3.503763079643249512e-01
1.722634077072143555e+00
0.000000000000000000e+00
4.913247376680374146e-02
2.262770891189575195e+00
1.310957372188568115e-01
1.876536197960376740e-02
1.608289480209350586e-01
2.063941676169633865e-03
1.139909401535987854e-02
4.478316381573677063e-02
2.170581929385662079e-02
6.027146577835083008e-01
3.894502878189086914e+00
0.000000000000000000e+00
6.436857581138610840e-01
7.962648868560791016e-01
5.219882726669311523e-01
1.103732466697692871e+00
3.049242682754993439e-02
1.935763806104660034e-01
2.283919095993041992e+00
7.976437807083129883e-01
1.604660034179687500e+00
2.781710326671600342e-01
5.711271166801452637e-01
3.784980535507202148e+00
1.361109912395477295e-01
2.593199312686920166e-01
5.119891762733459473e-01
2.024413824081420898e+00
5.017887949943542480e-01
5.549817085266113281e-01
3.705619368702173233e-03
2.565383195877075195e+00
0.000000000000000000e+00
9.412896633148193359e-02
1.019165515899658203e+00
1.527869939804077148e+00
1.141055583953857422e+00
1.306645125150680542e-01
1.302116271108388901e-02
0.000000000000000000e+00
2.074504271149635315e-02
1.062943458557128906e+00
1.729167342185974121e+00
1.204055622220039368e-01
0.000000000000000000e+00
0.000000000000000000e+00
5.374423265457153320e-01
1.391382217407226562e-01
7.057500362396240234e+00
0.000000000000000000e+00
1.673954422585666180e-03
0.000000000000000000e+00
1.442893873900175095e-02
3.039937615394592285e-01
4.078355059027671814e-02
2.276935577392578125e-01
1.469604730606079102e+00
9.449632167816162109e-01
0.000000000000000000e+00
0.000000000000000000e+00
4.961093068122863770e-01
9.501284919679164886e-03
3.946646465919911861e-04
0.000000000000000000e+00
6.582582718692719936e-04
1.306259274482727051e+00
6.884422302246093750e-01
4.640466347336769104e-02
1.593520045280456543e-01
7.167717814445495605e-01
3.470225334167480469e-01
4.938245415687561035e-01
1.129014611244201660e+00
1.444822788238525391e+00
1.053704738616943359e+00
8.393816351890563965e-01
7.018525898456573486e-02
5.223345011472702026e-02
5.134778097271919250e-02
1.161966007202863693e-02
4.893359169363975525e-02
2.792517468333244324e-02
3.580114126205444336e+00
0.000000000000000000e+00
5.460978299379348755e-02
6.971596181392669678e-02
2.244401276111602783e-01
5.656764507293701172e-01
7.047485113143920898e-01
4.205480515956878662e-01
7.440962195396423340e-01
5.363993048667907715e-01
1.519024610519409180e+00
5.572510510683059692e-02
2.775003314018249512e-01
6.585927009582519531e-01
7.011257112026214600e-02
4.943484365940093994e-01
0.000000000000000000e+00
1.813782900571823120e-01
5.845518410205841064e-02
0.000000000000000000e+00
0.000000000000000000e+00
4.323240220546722412e-01
8.598159998655319214e-02
6.743464469909667969e-01
2.038157939910888672e+00
7.038605213165283203e-01
6.275273561477661133e-01
1.579770445823669434e+00
1.090682029724121094e+00
0.000000000000000000e+00
7.718197703361511230e-01
1.267946660518646240e-01
4.020426869392395020e-01
4.275729060173034668e-01
1.224746227264404297e+00
5.416982173919677734e-01
1.018900349736213684e-01
3.781946897506713867e-01
3.616198955569416285e-04
2.528444290161132812e+00
1.046823620796203613e+00
2.616899013519287109e-01
6.552368402481079102e-02
2.481594681739807129e-01
8.860564790666103363e-03
1.057820115238428116e-02
1.299640536308288574e-01
1.262493990361690521e-02
6.755055859684944153e-03
1.080512031912803650e-01
5.467723608016967773e-01
2.063667923212051392e-01
3.036772832274436951e-04
3.211572021245956421e-02
1.742035674396902323e-04
0.000000000000000000e+00
0.000000000000000000e+00
3.185619592666625977e+00
7.998144626617431641e-02
8.671033978462219238e-01
1.986922174692153931e-01
4.067074358463287354e-01
1.289208531379699707e-01
1.185646414756774902e+00
2.078372985124588013e-02
6.603029966354370117e-01
9.433985501527786255e-02
1.985884606838226318e-01
5.204030312597751617e-03
1.692080378532409668e+00
3.059533052146434784e-02
0.000000000000000000e+00
5.445167422294616699e-01
6.464312076568603516e-01
0.000000000000000000e+00
2.290951460599899292e-02
1.690700836479663849e-02
7.622799873352050781e-01
0.000000000000000000e+00
4.957204163074493408e-01
0.000000000000000000e+00
6.671140789985656738e-01
1.365224361419677734e+00
6.418537497520446777e-01
1.140401214361190796e-01
4.356835270300507545e-04
2.448883280158042908e-02
5.809168815612792969e-01
1.743690371513366699e-01
1.624779224395751953e+00
4.569598197937011719e+00
1.448475241661071777e+00
2.184115797281265259e-01
7.864146493375301361e-03
2.271270751953125000e-01
0.000000000000000000e+00
0.000000000000000000e+00
0.000000000000000000e+00
1.938627217896282673e-03
0.000000000000000000e+00
3.871138440445065498e-03
4.757126793265342712e-02
1.139314621686935425e-01
0.000000000000000000e+00
6.446468830108642578e-01
2.108612470328807831e-02
9.740930050611495972e-03
3.366096934769302607e-04
8.349507302045822144e-02
2.383400052785873413e-01
2.591669559478759766e-03
1.150435566902160645e+00
0.000000000000000000e+00
2.080110087990760803e-02
5.852147340774536133e-01
9.426879882812500000e-01
9.142211675643920898e-01
4.624052643775939941e-01
0.000000000000000000e+00
1.186791419982910156e+00
6.414368152618408203e-01
1.435773447155952454e-02
2.412962354719638824e-02
0.000000000000000000e+00
3.135694563388824463e-02
3.563334001228213310e-03
5.582562088966369629e-02
1.717179894447326660e+00
3.728817775845527649e-02
1.637402176856994629e-01
3.802228868007659912e-01
0.000000000000000000e+00
0.000000000000000000e+00
0.000000000000000000e+00
2.175919897854328156e-02
1.293854475021362305e+00
6.347736120223999023e-01
2.042864859104156494e-01
0.000000000000000000e+00
0.000000000000000000e+00
1.486025750637054443e-01
8.427627682685852051e-01
1.360003590583801270e+00
0.000000000000000000e+00
0.000000000000000000e+00
5.418949127197265625e-01
1.139075636863708496e+00
3.562491387128829956e-02
6.812295317649841309e-01
0.000000000000000000e+00
1.416521370410919189e-01
4.396440088748931885e-01
8.120109885931015015e-02
2.727332897484302521e-02
1.049092039465904236e-01
1.035202667117118835e-01
1.000536561012268066e+00
1.522539019584655762e+00
4.717683792114257812e-01
2.308122634887695312e+00
1.772722229361534119e-02
3.941873311996459961e-01
1.652967482805252075e-01
1.315248757600784302e-01
2.418799698352813721e-01
1.773979365825653076e-01
7.902992889285087585e-03
4.933383315801620483e-02
1.527497619390487671e-01
1.202427297830581665e-01
1.535119116306304932e-01
2.719262614846229553e-02
1.771810889244079590e+00
2.485107660293579102e+00
3.876276612281799316e-01
1.552377343177795410e-01
4.622178971767425537e-01
0.000000000000000000e+00
0.000000000000000000e+00
0.000000000000000000e+00
2.415804564952850342e-01
3.294366896152496338e-01
3.645161986351013184e-01
0.000000000000000000e+00
8.924174308776855469e-02
3.810872435569763184e-01
3.965188935399055481e-02
1.001092314720153809e+00
2.124571055173873901e-02
3.627298772335052490e-02
1.188052177429199219e+00
4.784631133079528809e-01
9.533544778823852539e-01
2.096286788582801819e-02
2.732063233852386475e-01
1.759653925895690918e+00
2.055396884679794312e-02
4.360115528106689453e-01
1.792320311069488525e-01
8.251516222953796387e-01
1.062161549925804138e-01
1.500253379344940186e-01
1.603032462298870087e-02
1.032214313745498657e-01
1.496654897928237915e-01
6.706162691116333008e-01
1.492416858673095703e-02
8.866860270500183105e-01
1.069304570555686951e-01
5.081635117530822754e-01
5.696183536201715469e-03
2.748893387615680695e-02
5.166554450988769531e-01
0.000000000000000000e+00
3.438132047653198242e+00
1.250240325927734375e+00
2.925197184085845947e-01
6.422499567270278931e-02
1.725565314292907715e+00
0.000000000000000000e+00
5.515526533126831055e-01
4.738995805382728577e-02
3.141662478446960449e-01
0.000000000000000000e+00
0.000000000000000000e+00
0.000000000000000000e+00
8.740985989570617676e-01
4.235487803816795349e-02
2.226981706917285919e-02
1.591274165548384190e-03
2.036874294281005859e-01
2.113086462020874023e+00
0.000000000000000000e+00
0.000000000000000000e+00
2.966086566448211670e-01
7.459580898284912109e-01
3.902636170387268066e-01
0.000000000000000000e+00
1.630431562662124634e-01
8.048192411661148071e-02
1.379010200500488281e+00
1.038091182708740234e+00
2.956597134470939636e-02
1.650463104248046875e+00
0.000000000000000000e+00
2.474080473184585571e-01
0.000000000000000000e+00
3.575996756553649902e-01
6.012148037552833557e-02
2.019734680652618408e-01
1.088353514671325684e+00
9.409559369087219238e-01
4.251321852207183838e-01
9.866951107978820801e-01
3.235318958759307861e-01
1.061999201774597168e+00
2.435845732688903809e-01
3.733696639537811279e-01
1.375121116638183594e+00
1.746525056660175323e-02
2.396146357059478760e-01
1.995620429515838623e-01
8.592066764831542969e-01
4.158915486186742783e-03
1.099712476134300232e-01
1.350319862365722656e+00
1.141306906938552856e-01
1.345680803060531616e-01
4.005980193614959717e-01
8.532366715371608734e-03
1.880883127450942993e-01
5.263708233833312988e-01
0.000000000000000000e+00
5.782345309853553772e-02
9.787517189979553223e-01
8.929088115692138672e-01
2.157537043094635010e-01
1.553204208612442017e-01
2.952247159555554390e-03
8.172678351402282715e-01
5.090346932411193848e-01
4.841210693120956421e-02
1.217209935188293457e+00
0.000000000000000000e+00
1.078704357147216797e+00
6.792539358139038086e-01
1.565705984830856323e-02
2.547564730048179626e-02
2.921558022499084473e-01
1.862473338842391968e-01
2.701435796916484833e-02
2.202819138765335083e-01
2.571401357650756836e+00
0.000000000000000000e+00
9.188358187675476074e-01
1.413702964782714844e-01
3.640875518321990967e-01
2.047888517379760742e+00
1.036502718925476074e+00
1.473509985953569412e-02
1.458685994148254395e+00
6.223370879888534546e-02
0.000000000000000000e+00
