1.786876082420349121e+00
0.000000000000000000e+00
3.891490101814270020e-01
1.619168519973754883e+00
2.942247092723846436e-01
5.780507326126098633e-01
4.831965565681457520e-01
3.882043838500976562e+00
4.906342029571533203e+00
7.473071217536926270e-01
1.612239778041839600e-01
1.442079186439514160e+00
5.962631106376647949e-01
4.289620816707611084e-01
2.544414281845092773e+00
2.254644781351089478e-01
6.450126171112060547e-01
2.156238079071044922e+00
1.194813013076782227e+00
0.000000000000000000e+00
6.741767525672912598e-01
9.604294598102569580e-02
2.544563903938978910e-04
2.570788860321044922e+00
7.549548149108886719e-02
2.027844777330756187e-03
1.703872717916965485e-02
2.200988054275512695e+00
1.727285981178283691e-01
0.000000000000000000e+00
2.642999589443206787e-01
2.922139130532741547e-02
4.062970876693725586e-01
0.000000000000000000e+00
5.347509309649467468e-02
3.091466665267944336e+00
1.679374277591705322e-01
1.492854207754135132e-01
1.041410326957702637e+00
5.324736237525939941e-02
1.094847470521926880e-01
3.888843953609466553e-01
2.213651984930038452e-01
1.720810532569885254e+00
5.793362259864807129e-01
2.147191464900970459e-01
1.462773084640502930e-01
6.469495296478271484e-01
5.470733642578125000e-01
7.121183276176452637e-01
1.632592916488647461e+00
0.000000000000000000e+00
1.510786414146423340e+00
0.000000000000000000e+00
1.475662946701049805e+00
1.738579720258712769e-01
6.597704887390136719e-01
7.865741848945617676e-03
1.518987536430358887e+00
1.029247522354125977e+00
6.934120655059814453e-01
2.220978140830993652e-01
6.275111436843872070e-01
1.080261111259460449e+00
9.585582017898559570e-01
1.468787550926208496e+00
0.000000000000000000e+00
4.283523559570312500e-02
6.667279452085494995e-02
8.315376639366149902e-01
0.000000000000000000e+00
3.623159825801849365e-01
2.258253693580627441e-01
2.278192434459924698e-03
6.472741365432739258e-01
1.697686553001403809e+00
0.000000000000000000e+00
3.046412765979766846e-01
7.192846387624740601e-02
8.308781981468200684e-01
1.927841156721115112e-01
2.630802094936370850e-01
9.085241556167602539e-01
3.775094449520111084e-01
2.402039051055908203e+00
7.671447936445474625e-03
1.739531159400939941e+00
7.622564584016799927e-02
1.078246712684631348e+00
0.000000000000000000e+00
7.722854614257812500e-02
1.486774682998657227e-01
0.000000000000000000e+00
0.000000000000000000e+00
6.680152416229248047e-01
1.641585230827331543e-01
1.197666049003601074e+00
5.050848126411437988e-01
0.000000000000000000e+00
0.000000000000000000e+00
5.273978412151336670e-02
3.030873835086822510e-01
4.217608571052551270e-01
6.591560840606689453e-01
1.178821563720703125e+00
1.542782038450241089e-01
9.066068530082702637e-01
3.311993777751922607e-01
3.043843805789947510e-01
4.997855797410011292e-02
1.346484303474426270e+00
0.000000000000000000e+00
1.534406661987304688e+00
9.267179369926452637e-01
3.080170154571533203e-01
1.443360000848770142e-01
6.216410547494888306e-03
0.000000000000000000e+00
2.687801606953144073e-02
2.951755285263061523e+00
1.196725964546203613e+00
2.318249084055423737e-03
3.224235028028488159e-02
9.969716668128967285e-01
2.501372992992401123e-01
1.627195835113525391e+00
3.530566813424229622e-03
4.475525394082069397e-02
2.194265604019165039e+00
2.734736204147338867e-01
0.000000000000000000e+00
1.645947992801666260e-01
4.483596980571746826e-02
9.846363961696624756e-02
4.214657470583915710e-02
0.000000000000000000e+00
5.534234046936035156e-01
3.906513452529907227e+00
0.000000000000000000e+00
4.669385850429534912e-01
1.442284345626831055e+00
4.716621637344360352e-01
8.600967526435852051e-01
2.961126156151294708e-02
8.385926485061645508e-01
2.001528024673461914e+00
8.276947736740112305e-01
1.211161851882934570e+00
9.355036616325378418e-01
4.158184528350830078e-01
4.499427318572998047e+00
3.879224061965942383e-01
1.598708704113960266e-02
5.053554773330688477e-01
1.796015143394470215e+00
3.583973050117492676e-01
4.464293420314788818e-01
2.538940124213695526e-02
3.088747501373291016e+00
1.474965712986886501e-03
5.247859284281730652e-02
1.029261708259582520e+00
9.348499178886413574e-01
7.334232330322265625e-01
2.316512353718280792e-02
9.244697540998458862e-02
0.000000000000000000e+00
0.000000000000000000e+00
1.093101382255554199e+00
2.031330585479736328e+00
5.655587464570999146e-02
2.484445460140705109e-02
0.000000000000000000e+00
7.611333727836608887e-01
1.016535907983779907e-01
7.014624595642089844e+00
0.000000000000000000e+00
0.000000000000000000e+00
1.337241847068071365e-02
1.693263649940490723e-03
8.725661784410476685e-02
2.180076017975807190e-02
2.073790505528450012e-02
1.460211634635925293e+00
5.857502818107604980e-01
4.945524781942367554e-02
0.000000000000000000e+00
8.387718200683593750e-01
0.000000000000000000e+00
3.509610425680875778e-03
0.000000000000000000e+00
0.000000000000000000e+00
1.179626703262329102e+00
3.890149295330047607e-01
5.375152686610817909e-04
1.562046557664871216e-01
9.217000007629394531e-01
2.720411717891693115e-01
5.323619246482849121e-01
1.036839246749877930e+00
1.511070489883422852e+00
1.173254966735839844e+00
8.965530395507812500e-01
8.545640110969543457e-02
0.000000000000000000e+00
2.153220959007740021e-02
1.393025461584329605e-02
8.553476631641387939e-02
5.223550251685082912e-04
3.361855506896972656e+00
7.602568715810775757e-03
6.268614437431097031e-03
9.691990166902542114e-02
2.275562584400177002e-01
8.981831669807434082e-01
1.302023768424987793e+00
4.805206656455993652e-01
6.481379866600036621e-01
8.797475695610046387e-01
1.755465149879455566e+00
2.731127142906188965e-01
3.522792756557464600e-01
4.684370160102844238e-01
1.537553369998931885e-01
5.596815347671508789e-01
0.000000000000000000e+00
2.480942457914352417e-01
0.000000000000000000e+00
0.000000000000000000e+00
0.000000000000000000e+00
5.348500013351440430e-01
1.487327367067337036e-02
6.729398965835571289e-01
2.287828683853149414e+00
4.668789207935333252e-01
8.554551005363464355e-01
1.699126243591308594e+00
8.780742287635803223e-01
1.524594053626060486e-02
7.368198037147521973e-01
1.140972450375556946e-01
2.787227928638458252e-01
1.445574313402175903e-01
1.289328455924987793e+00
1.833948493003845215e-01
5.345637723803520203e-02
7.461807727813720703e-01
0.000000000000000000e+00
2.551979541778564453e+00
1.234748721122741699e+00
4.282248020172119141e-01
1.923467218875885010e-01
2.570281028747558594e-01
5.010513216257095337e-02
1.176817715167999268e-01
1.087130233645439148e-01
3.587674582377076149e-03
7.564242184162139893e-02
7.900580763816833496e-03
4.279007315635681152e-01
6.431276798248291016e-01
4.684938490390777588e-02
0.000000000000000000e+00
1.139770168811082840e-02
0.000000000000000000e+00
2.839899389073252678e-05
2.613542795181274414e+00
2.109179645776748657e-02
4.280824363231658936e-01
2.287817932665348053e-02
4.176326692104339600e-01
3.312500119209289551e-01
1.317474603652954102e+00
3.994012251496315002e-03
9.118300080299377441e-01
2.083234190940856934e-01
3.742224350571632385e-02
2.354480791836977005e-03
1.058477878570556641e+00
9.534902125597000122e-02
3.318587318062782288e-03
2.122839540243148804e-01
5.570262670516967773e-01
8.850121498107910156e-02
4.938405379652976990e-02
4.028669297695159912e-01
1.122754335403442383e+00
0.000000000000000000e+00
7.090882658958435059e-01
0.000000000000000000e+00
1.002361297607421875e+00
1.909495353698730469e+00
4.632026553153991699e-01
8.537591248750686646e-02
0.000000000000000000e+00
1.954277232289314270e-02
2.742149829864501953e-01
2.881940007209777832e-01
1.631462693214416504e+00
4.706624984741210938e+00
1.263238430023193359e+00
2.490308880805969238e-01
1.540155895054340363e-02
3.774785697460174561e-01
2.918303012847900391e-03
6.084953201934695244e-04
0.000000000000000000e+00
0.000000000000000000e+00
6.997790187597274780e-04
2.442693114280700684e-01
3.188674151897430420e-01
1.707758158445358276e-01
0.000000000000000000e+00
6.885811686515808105e-01
1.178038641810417175e-01
2.712351828813552856e-02
0.000000000000000000e+00
2.297152280807495117e-01
3.227991163730621338e-01
0.000000000000000000e+00
7.292749881744384766e-01
0.000000000000000000e+00
0.000000000000000000e+00
4.080383777618408203e-01
1.047696590423583984e+00
1.276814341545104980e+00
4.995320141315460205e-01
0.000000000000000000e+00
1.217103123664855957e+00
7.149934172630310059e-01
7.558878976851701736e-03
2.241103909909725189e-02
0.000000000000000000e+00
7.948506390675902367e-04
5.222473293542861938e-02
2.919729948043823242e-01
1.668637871742248535e+00
3.309242427349090576e-02
3.813256025314331055e-01
1.900372952222824097e-01
0.000000000000000000e+00
1.235985290259122849e-02
1.098481789231300354e-01
3.051429241895675659e-02
2.084999799728393555e+00
1.012308239936828613e+00
5.815940499305725098e-01
0.000000000000000000e+00
9.586722590029239655e-04
1.030080616474151611e-01
1.484596252441406250e+00
1.372930645942687988e+00
7.250560075044631958e-02
0.000000000000000000e+00
6.152678132057189941e-01
1.048465132713317871e+00
0.000000000000000000e+00
5.907230377197265625e-01
0.000000000000000000e+00
4.394096434116363525e-01
5.623947381973266602e-01
2.712920680642127991e-02
1.520396471023559570e-01
1.688116192817687988e-01
2.045300751924514771e-01
1.107746958732604980e+00
1.328889608383178711e+00
7.369468212127685547e-01
2.459299087524414062e+00
0.000000000000000000e+00
3.420192897319793701e-01
4.522233307361602783e-01
1.397505053319036961e-03
4.459642469882965088e-01
4.039923846721649170e-02
2.192494459450244904e-03
1.323015708476305008e-02
2.561634872108697891e-03
1.744983792304992676e-01
2.878260612487792969e-01
0.000000000000000000e+00
1.795734286308288574e+00
3.196541786193847656e+00
2.207503914833068848e-01
8.526884764432907104e-02
8.496890068054199219e-01
0.000000000000000000e+00
0.000000000000000000e+00
0.000000000000000000e+00
9.420289844274520874e-02
4.771384000778198242e-01
1.143061667680740356e-01
0.000000000000000000e+00
1.201058998703956604e-01
1.672348082065582275e-01
6.625178456306457520e-02
1.195441007614135742e+00
1.583677381277084351e-01
3.178128739818930626e-03
9.820590615272521973e-01
6.907682418823242188e-01
9.329549074172973633e-01
2.065454423427581787e-02
5.074615478515625000e-01
1.601296663284301758e+00
1.011144593358039856e-01
8.241874575614929199e-01
3.782951235771179199e-01
1.110537171363830566e+00
1.157109141349792480e-01
1.045161262154579163e-01
1.113911941647529602e-01
4.192630946636199951e-01
4.317592084407806396e-01
6.811303496360778809e-01
0.000000000000000000e+00
1.239204645156860352e+00
4.010908305644989014e-02
2.192086875438690186e-01
0.000000000000000000e+00
2.782355248928070068e-01
1.942193061113357544e-01
0.000000000000000000e+00
2.823115110397338867e+00
1.392854332923889160e+00
1.799207180738449097e-01
2.054221481084823608e-01
2.281515359878540039e+00
4.607083275914192200e-02
7.836747169494628906e-01
2.626357786357402802e-02
9.978114068508148193e-02
0.000000000000000000e+00
0.000000000000000000e+00
0.000000000000000000e+00
4.437755942344665527e-01
3.717032074928283691e-01
1.235429570078849792e-01
0.000000000000000000e+00
1.442148983478546143e-01
1.993767499923706055e+00
0.000000000000000000e+00
8.495776914060115814e-03
1.959564834833145142e-01
1.041101813316345215e+00
1.100732311606407166e-01
4.413136630319058895e-04
4.609273374080657959e-02
7.471301406621932983e-02
1.327754974365234375e+00
6.607210636138916016e-01
1.814328320324420929e-02
2.233451843261718750e+00
0.000000000000000000e+00
2.819527089595794678e-01
0.000000000000000000e+00
3.012930750846862793e-01
8.999171108007431030e-02
7.408688962459564209e-02
1.181305050849914551e+00
1.316269874572753906e+00
8.168088793754577637e-01
1.340804100036621094e+00
1.133733242750167847e-01
1.664472579956054688e+00
6.428869906812906265e-03
1.142025142908096313e-01
1.141985893249511719e+00
3.145660161972045898e-01
5.431969165802001953e-01
4.564932361245155334e-02
4.772574007511138916e-01
2.241720631718635559e-02
8.225677534937858582e-03
1.621469259262084961e+00
2.290248125791549683e-02
2.126870118081569672e-02
4.667020440101623535e-01
2.259418554604053497e-02
2.914826571941375732e-01
1.304235309362411499e-01
2.084875106811523438e-02
9.925685077905654907e-02
9.423961639404296875e-01
1.169095039367675781e+00
7.397057116031646729e-02
3.426067531108856201e-01
0.000000000000000000e+00
1.018554687500000000e+00
2.632890045642852783e-01
2.366134375333786011e-01
1.254858136177062988e+00
0.000000000000000000e+00
6.628003716468811035e-01
2.077509164810180664e-01
1.042100135236978531e-02
2.699373662471771240e-01
5.813491344451904297e-01
1.396792083978652954e-01
1.021226029843091965e-02
2.730557620525360107e-01
2.220414638519287109e+00
0.000000000000000000e+00
1.006210565567016602e+00
1.714609265327453613e-01
8.447349667549133301e-01
1.547794222831726074e+00
1.203367114067077637e+00
1.004179706797003746e-03
1.138959527015686035e+00
1.497554010711610317e-03
0.000000000000000000e+00
