1.719890594482421875e+00
0.000000000000000000e+00
5.024538636207580566e-01
1.844457507133483887e+00
5.055608153343200684e-01
3.705077171325683594e-01
4.175383448600769043e-01
4.412173271179199219e+00
5.107207298278808594e+00
4.877573847770690918e-01
1.286216266453266144e-02
1.582685828208923340e+00
1.262084543704986572e-01
4.783916473388671875e-01
2.322799444198608398e+00
8.196123875677585602e-03
3.973839282989501953e-01
2.514239072799682617e+00
6.917511224746704102e-01
0.000000000000000000e+00
7.898720502853393555e-01
0.000000000000000000e+00
0.000000000000000000e+00
1.498286366462707520e+00
7.145948708057403564e-02
9.536673314869403839e-03
7.086429744958877563e-02
2.086335420608520508e+00
3.172348067164421082e-02
0.000000000000000000e+00
9.680223651230335236e-03
0.000000000000000000e+00
5.551487803459167480e-01
0.000000000000000000e+00
3.321055695414543152e-02
2.991216421127319336e+00
1.767292320728302002e-01
1.078404411673545837e-01
4.400783479213714600e-01
1.867188066244125366e-01
1.722691804170608521e-01
5.499136447906494141e-01
3.936284184455871582e-01
1.842579960823059082e+00
3.616203665733337402e-01
3.747154772281646729e-01
1.321410685777664185e-01
3.587504625320434570e-01
6.324621289968490601e-02
1.323203563690185547e+00
1.182407736778259277e+00
2.675919793546199799e-02
1.332073092460632324e+00
4.012447781860828400e-03
1.881444811820983887e+00
1.166352331638336182e-01
4.594330191612243652e-01
1.838454008102416992e-01
1.679567217826843262e+00
9.784759879112243652e-01
2.393407970666885376e-01
3.242894634604454041e-02
1.750359386205673218e-01
8.777642846107482910e-01
1.261324644088745117e+00
1.191731452941894531e+00
2.500537550076842308e-03
2.542391419410705566e-01
2.220356371253728867e-03
5.827497243881225586e-01
0.000000000000000000e+00
7.881107181310653687e-02
2.570877373218536377e-01
4.709079116582870483e-02
2.594561576843261719e-01
1.702045917510986328e+00
1.008357200771570206e-02
5.928102731704711914e-01
1.684818603098392487e-02
5.418125987052917480e-01
1.721534729003906250e-01
1.600556522607803345e-01
1.920686483383178711e+00
3.246598318219184875e-02
2.121169090270996094e+00
0.000000000000000000e+00
1.388219118118286133e+00
2.441520243883132935e-01
5.497031211853027344e-01
9.734682738780975342e-03
0.000000000000000000e+00
8.228094875812530518e-02
0.000000000000000000e+00
0.000000000000000000e+00
4.205737113952636719e-01
2.075612694025039673e-01
1.043058037757873535e+00
2.026835829019546509e-01
0.000000000000000000e+00
0.000000000000000000e+00
0.000000000000000000e+00
1.884777694940567017e-01
1.832384765148162842e-01
7.834936380386352539e-01
7.286110520362854004e-01
1.490512490272521973e-01
1.013054490089416504e+00
1.065115034580230713e-01
5.587313175201416016e-01
1.328706741333007812e-03
1.270063996315002441e+00
0.000000000000000000e+00
1.377829194068908691e+00
7.076355814933776855e-01
5.737259387969970703e-01
5.240650475025177002e-02
0.000000000000000000e+00
0.000000000000000000e+00
0.000000000000000000e+00
3.681306838989257812e+00
7.823788523674011230e-01
4.853670671582221985e-02
1.114450674504041672e-02
1.676039099693298340e+00
5.050677061080932617e-01
1.943557739257812500e+00
0.000000000000000000e+00
5.472382530570030212e-02
2.122068405151367188e+00
8.315539360046386719e-02
1.980339875444769859e-03
5.094843506813049316e-01
1.367097906768321991e-02
2.619730234146118164e-01
7.596418261528015137e-02
0.000000000000000000e+00
6.096247434616088867e-01
4.789270401000976562e+00
0.000000000000000000e+00
5.506994128227233887e-01
6.844914555549621582e-01
3.244427740573883057e-01
1.535690784454345703e+00
0.000000000000000000e+00
1.824945807456970215e-01
1.813816308975219727e+00
7.569193243980407715e-01
1.283985972404479980e+00
1.033196151256561279e-01
5.340442061424255371e-01
5.113996982574462891e+00
7.114660739898681641e-02
1.182372793555259705e-01
4.856213927268981934e-01
1.930593609809875488e+00
6.974467039108276367e-01
4.859662055969238281e-02
5.616055801510810852e-03
2.358712911605834961e+00
0.000000000000000000e+00
3.925103321671485901e-02
1.512543678283691406e+00
1.893871068954467773e+00
4.332354068756103516e-01
2.716616168618202209e-02
8.273499459028244019e-02
0.000000000000000000e+00
0.000000000000000000e+00
9.644030928611755371e-01
2.624672412872314453e+00
3.934417665004730225e-02
0.000000000000000000e+00
2.189966849982738495e-02
8.102071285247802734e-01
3.904849663376808167e-02
7.624121665954589844e+00
0.000000000000000000e+00
3.341385745443403721e-04
0.000000000000000000e+00
1.600393210537731647e-03
1.453747749328613281e-01
9.929174557328224182e-03
2.717058546841144562e-02
1.041206598281860352e+00
5.453125238418579102e-01
0.000000000000000000e+00
1.466743764467537403e-03
6.576470732688903809e-01
3.670765832066535950e-02
1.047464204020798206e-03
8.215568028390407562e-03
1.518662367016077042e-02
1.074794054031372070e+00
1.058522582054138184e+00
0.000000000000000000e+00
5.373440980911254883e-01
9.247249364852905273e-01
3.266413211822509766e-01
5.163924694061279297e-01
1.282484531402587891e+00
1.887024998664855957e+00
5.641474127769470215e-01
6.488780379295349121e-01
1.096704304218292236e-01
0.000000000000000000e+00
0.000000000000000000e+00
0.000000000000000000e+00
2.442388050258159637e-02
2.855765051208436489e-04
3.124737501144409180e+00
0.000000000000000000e+00
1.691824793815612793e-01
8.366241306066513062e-02
2.430095225572586060e-01
6.028202772140502930e-01
1.147024750709533691e+00
9.088128805160522461e-02
5.327149629592895508e-01
8.295301198959350586e-01
1.544768691062927246e+00
8.702833205461502075e-03
1.801470369100570679e-01
3.301924765110015869e-01
1.183876991271972656e-01
4.299282729625701904e-01
0.000000000000000000e+00
9.096961468458175659e-03
5.862789601087570190e-02
0.000000000000000000e+00
0.000000000000000000e+00
4.962576925754547119e-01
5.622967705130577087e-02
2.849673628807067871e-01
2.739187002182006836e+00
5.271214246749877930e-01
6.869019269943237305e-01
1.969894528388977051e+00
9.963257312774658203e-01
0.000000000000000000e+00
5.846869349479675293e-01
1.244743838906288147e-01
2.783154547214508057e-01
3.433740139007568359e-02
1.931915283203125000e+00
4.231243431568145752e-01
1.793121248483657837e-01
2.499638646841049194e-01
2.206746721640229225e-03
2.231171369552612305e+00
1.232834696769714355e+00
5.384558811783790588e-02
1.216447576880455017e-01
1.852218806743621826e-01
6.656816601753234863e-02
3.150523900985717773e-01
1.543954163789749146e-01
0.000000000000000000e+00
2.786378376185894012e-02
6.596424616873264313e-03
3.622685968875885010e-01
1.990668177604675293e-01
2.893281877040863037e-01
2.542667649686336517e-02
0.000000000000000000e+00
0.000000000000000000e+00
3.068957012146711349e-03
2.254779338836669922e+00
2.607741393148899078e-03
1.198983192443847656e+00
8.223004406318068504e-04
3.947431445121765137e-01
4.082748293876647949e-02
8.904646635055541992e-01
4.893694538623094559e-03
5.644210577011108398e-01
1.955754011869430542e-01
4.782313480973243713e-02
2.643961273133754730e-02
1.056465268135070801e+00
1.440268009901046753e-02
0.000000000000000000e+00
7.425262928009033203e-01
1.465107798576354980e-01
0.000000000000000000e+00
0.000000000000000000e+00
1.210100203752517700e-01
1.194233298301696777e+00
0.000000000000000000e+00
6.324335336685180664e-01
1.928660494741052389e-04
6.396929621696472168e-01
1.621897816658020020e+00
4.670282006263732910e-01
4.225111915729939938e-04
3.198406426236033440e-03
4.760232195258140564e-02
2.899752259254455566e-01
2.901384830474853516e-01
1.100304245948791504e+00
5.109251022338867188e+00
1.654368519783020020e+00
2.487679868936538696e-01
5.051618209108710289e-04
1.872722357511520386e-01
4.637470003217458725e-03
2.202758193016052246e-02
3.907393664121627808e-02
0.000000000000000000e+00
0.000000000000000000e+00
1.828729407861828804e-03
1.212651133537292480e-01
2.272306196391582489e-02
0.000000000000000000e+00
7.069245576858520508e-01
5.044179782271385193e-02
1.231867168098688126e-02
2.511600032448768616e-03
1.821960806846618652e-01
1.307348310947418213e-01
7.776520680636167526e-03
1.136816620826721191e+00
0.000000000000000000e+00
1.521451119333505630e-02
4.405165612697601318e-01
4.993284344673156738e-01
1.195666551589965820e+00
1.603362709283828735e-01
0.000000000000000000e+00
7.824183702468872070e-01
3.948798477649688721e-01
1.040977425873279572e-03
3.087673522531986237e-02
0.000000000000000000e+00
0.000000000000000000e+00
0.000000000000000000e+00
3.451824486255645752e-01
1.602932214736938477e+00
6.088169291615486145e-02
5.934277176856994629e-01
6.603591442108154297e-01
0.000000000000000000e+00
7.343814941123127937e-04
5.537231639027595520e-02
4.620089754462242126e-02
9.639560580253601074e-01
1.012541174888610840e+00
4.432615824043750763e-03
0.000000000000000000e+00
0.000000000000000000e+00
6.728089600801467896e-02
1.226985335350036621e+00
1.913404822349548340e+00
7.844217121601104736e-03
1.263241376727819443e-02
1.748074740171432495e-01
1.307907700538635254e+00
0.000000000000000000e+00
1.847523450851440430e-01
0.000000000000000000e+00
5.784805491566658020e-02
1.807992905378341675e-01
3.753577917814254761e-02
0.000000000000000000e+00
1.571998596191406250e-01
7.015955448150634766e-01
1.131952404975891113e+00
8.009058833122253418e-01
1.093979835510253906e+00
1.897000789642333984e+00
4.404437541961669922e-02
4.158037304878234863e-01
6.244710683822631836e-01
2.308391928672790527e-01
3.318089544773101807e-01
7.145653013139963150e-03
0.000000000000000000e+00
6.661728024482727051e-02
0.000000000000000000e+00
2.129627764225006104e-01
3.090859949588775635e-01
1.695457031019032001e-03
2.666749954223632812e+00
2.705316543579101562e+00
2.224556952714920044e-01
4.039212595671415329e-03
6.697263121604919434e-01
0.000000000000000000e+00
0.000000000000000000e+00
0.000000000000000000e+00
4.909676313400268555e-02
3.238726258277893066e-01
4.159231856465339661e-02
5.643487675115466118e-04
2.845400571823120117e-01
2.555322349071502686e-01
8.267475664615631104e-02
1.368239879608154297e+00
1.397559791803359985e-01
2.348082372918725014e-03
1.287740230560302734e+00
2.679333984851837158e-01
9.088749885559082031e-01
0.000000000000000000e+00
1.593727767467498779e-01
1.204920411109924316e+00
4.282331466674804688e-01
5.246247053146362305e-01
2.842512130737304688e-01
1.291236877441406250e+00
2.543574571609497070e-02
2.813319861888885498e-01
7.214179728180170059e-03
5.430220961570739746e-01
2.758161425590515137e-01
4.103102982044219971e-01
0.000000000000000000e+00
1.992306232452392578e+00
0.000000000000000000e+00
1.488510370254516602e-01
0.000000000000000000e+00
4.877083003520965576e-02
8.564691245555877686e-02
0.000000000000000000e+00
2.819471359252929688e+00
7.958180904388427734e-01
3.664916753768920898e-01
5.370849967002868652e-01
1.222475290298461914e+00
6.920089572668075562e-02
7.828661799430847168e-01
0.000000000000000000e+00
9.242894500494003296e-02
0.000000000000000000e+00
0.000000000000000000e+00
0.000000000000000000e+00
6.158654093742370605e-01
1.534602791070938110e-02
0.000000000000000000e+00
1.813586801290512085e-02
1.052491366863250732e-01
2.153219699859619141e+00
0.000000000000000000e+00
1.221068017184734344e-02
3.019208312034606934e-01
1.197295546531677246e+00
1.300783902406692505e-01
0.000000000000000000e+00
2.072954475879669189e-01
2.194662950932979584e-02
1.352716803550720215e+00
4.382948875427246094e-01
0.000000000000000000e+00
1.351531386375427246e+00
2.304363250732421875e-02
7.539194822311401367e-01
0.000000000000000000e+00
2.353847622871398926e-01
1.808640956878662109e-01
8.187535405158996582e-02
9.044065475463867188e-01
1.134714245796203613e+00
3.008154928684234619e-01
1.175819993019104004e+00
1.042191013693809509e-01
1.155452370643615723e+00
2.068685553967952728e-02
7.164261490106582642e-02
2.956654429435729980e-01
9.573672711849212646e-02
5.615900158882141113e-01
8.533957297913730145e-04
3.083440661430358887e-01
1.087131444364786148e-02
0.000000000000000000e+00
9.820061326026916504e-01
1.790343523025512695e-01
1.599218323826789856e-02
2.842852175235748291e-01
4.113328084349632263e-02
3.100315630435943604e-01
8.638596534729003906e-02
0.000000000000000000e+00
2.942071668803691864e-02
1.176923871040344238e+00
1.545193910598754883e+00
8.690188825130462646e-02
3.145744800567626953e-01
0.000000000000000000e+00
1.031957030296325684e+00
1.875407546758651733e-01
9.592197835445404053e-02
1.252855896949768066e+00
0.000000000000000000e+00
8.494709134101867676e-01
4.388050436973571777e-01
3.515744954347610474e-02
6.573335267603397369e-03
5.016220808029174805e-01
1.127027869224548340e-01
5.266953259706497192e-03
8.888699114322662354e-03
2.975607633590698242e+00
0.000000000000000000e+00
9.725090861320495605e-01
7.756518572568893433e-02
9.310954809188842773e-01
3.226691007614135742e+00
1.517930746078491211e+00
2.237519063055515289e-02
1.464856386184692383e+00
0.000000000000000000e+00
0.000000000000000000e+00
