1.515802502632141113e+00
0.000000000000000000e+00
2.820857465267181396e-01
1.451594710350036621e+00
1.761670410633087158e-01
5.338099002838134766e-01
4.515751600265502930e-01
4.511651039123535156e+00
5.606695175170898438e+00
6.027461290359497070e-01
1.547944396734237671e-01
1.510881662368774414e+00
3.410227298736572266e-01
3.743703365325927734e-01
2.304410934448242188e+00
7.432170957326889038e-02
3.613145053386688232e-01
2.589995145797729492e+00
7.860168814659118652e-01
0.000000000000000000e+00
3.460858762264251709e-01
1.396614243276417255e-03
3.017748147249221802e-02
2.807150602340698242e+00
6.295908987522125244e-02
0.000000000000000000e+00
1.502484232187271118e-01
1.427689552307128906e+00
4.813639447093009949e-02
1.761626452207565308e-02
0.000000000000000000e+00
8.519549010088667274e-05
9.233463406562805176e-01
0.000000000000000000e+00
0.000000000000000000e+00
2.188438892364501953e+00
3.270575106143951416e-01
1.919913291931152344e-01
4.192462861537933350e-01
1.745086908340454102e-01
3.094870150089263916e-01
6.724383234977722168e-01
2.851839065551757812e-01
1.625849008560180664e+00
5.497496128082275391e-01
4.059149324893951416e-01
5.136066079139709473e-01
9.431376457214355469e-01
1.326563209295272827e-01
1.673009991645812988e+00
1.584685444831848145e+00
0.000000000000000000e+00
1.482272028923034668e+00
0.000000000000000000e+00
2.245481252670288086e+00
5.093497633934020996e-01
4.620845317840576172e-01
9.013852477073669434e-02
2.001962900161743164e+00
9.849283695220947266e-01
5.436567068099975586e-01
6.474037468433380127e-02
7.290995717048645020e-01
6.520234346389770508e-01
1.210463166236877441e+00
1.303333044052124023e+00
1.424255035817623138e-02
4.756619781255722046e-02
5.162735655903816223e-02
1.249337196350097656e+00
0.000000000000000000e+00
8.249873667955398560e-02
4.176796078681945801e-01
0.000000000000000000e+00
3.990209996700286865e-01
1.327693581581115723e+00
2.926973393186926842e-03
7.763887643814086914e-01
3.411734942346811295e-04
6.576725840568542480e-01
2.612942159175872803e-01
5.427344441413879395e-01
1.219937205314636230e+00
5.345872417092323303e-02
2.046200513839721680e+00
4.970386624336242676e-02
1.396090269088745117e+00
1.811977326869964600e-01
6.037775278091430664e-01
9.814186953008174896e-03
5.039335042238235474e-02
3.490805923938751221e-01
0.000000000000000000e+00
0.000000000000000000e+00
1.026173904538154602e-01
4.329126179218292236e-01
1.115619659423828125e+00
5.644829869270324707e-01
0.000000000000000000e+00
0.000000000000000000e+00
3.630357468864531256e-06
3.431698381900787354e-01
3.992432355880737305e-01
9.236785769462585449e-01
1.431588292121887207e+00
1.359914690256118774e-01
1.238414287567138672e+00
1.480244398117065430e-01
4.833162128925323486e-01
1.389917135238647461e-01
8.201090097427368164e-01
0.000000000000000000e+00
1.587200164794921875e+00
5.446862578392028809e-01
1.724850386381149292e-01
3.027443215250968933e-02
6.706857681274414062e-02
9.297960205003619194e-04
5.750447511672973633e-01
3.026952028274536133e+00
4.253895878791809082e-01
9.517286717891693115e-02
5.047281831502914429e-02
1.615573644638061523e+00
3.038399815559387207e-01
2.188094139099121094e+00
0.000000000000000000e+00
7.801483385264873505e-03
2.254446744918823242e+00
1.001659110188484192e-01
5.726360529661178589e-02
5.391370654106140137e-01
6.894475966691970825e-02
3.172158896923065186e-01
0.000000000000000000e+00
0.000000000000000000e+00
8.494426012039184570e-01
3.903067111968994141e+00
0.000000000000000000e+00
8.645132780075073242e-01
8.097194433212280273e-01
1.407304704189300537e-01
1.518963575363159180e+00
4.398805275559425354e-02
1.583083271980285645e-01
1.659605026245117188e+00
8.678423762321472168e-01
1.449009418487548828e+00
3.943208158016204834e-01
8.193916678428649902e-01
3.592463493347167969e+00
3.257380723953247070e-01
7.828969955444335938e-01
2.615622580051422119e-01
1.751225233078002930e+00
6.200087666511535645e-01
2.895828187465667725e-01
6.247375160455703735e-02
2.105077028274536133e+00
0.000000000000000000e+00
5.272617191076278687e-02
1.052127003669738770e+00
1.474907517433166504e+00
4.379806518554687500e-01
1.970578916370868683e-02
1.265175291337072849e-03
0.000000000000000000e+00
0.000000000000000000e+00
1.125223278999328613e+00
1.792359709739685059e+00
3.193106651306152344e-01
0.000000000000000000e+00
0.000000000000000000e+00
6.548547148704528809e-01
1.332266032695770264e-01
7.399005889892578125e+00
0.000000000000000000e+00
7.154338527470827103e-04
0.000000000000000000e+00
2.987660840153694153e-02
1.858469843864440918e-01
3.507226333022117615e-02
1.744811981916427612e-01
7.482448220252990723e-01
5.423818230628967285e-01
0.000000000000000000e+00
3.859408316202461720e-04
7.165407538414001465e-01
3.556103678420186043e-03
5.078878998756408691e-02
1.661758287809789181e-04
4.822573438286781311e-02
1.683781981468200684e+00
5.927004218101501465e-01
2.290575951337814331e-02
3.078944981098175049e-01
7.500963807106018066e-01
2.849251925945281982e-01
4.861482381820678711e-01
1.089730381965637207e+00
1.312567830085754395e+00
1.150933742523193359e+00
5.714005827903747559e-01
1.440950632095336914e-01
2.532531740143895149e-03
2.126008830964565277e-02
1.609633415937423706e-01
7.837862521409988403e-02
0.000000000000000000e+00
2.840750217437744141e+00
2.601761743426322937e-02
4.400501772761344910e-02
1.605221629142761230e-01
2.971738278865814209e-01
8.287572860717773438e-01
9.774048328399658203e-01
6.505029797554016113e-01
7.089879512786865234e-01
8.093979358673095703e-01
1.198479056358337402e+00
5.752163007855415344e-03
3.276505768299102783e-01
1.264377593994140625e+00
1.545633375644683838e-01
8.147402405738830566e-01
0.000000000000000000e+00
1.028624027967453003e-01
3.882101178169250488e-02
0.000000000000000000e+00
0.000000000000000000e+00
5.323865413665771484e-01
5.551822856068611145e-02
1.141272306442260742e+00
2.223069190979003906e+00
1.021695733070373535e+00
5.496249794960021973e-01
1.701907634735107422e+00
1.357998847961425781e+00
0.000000000000000000e+00
3.720741569995880127e-01
8.431054651737213135e-02
3.563857972621917725e-01
7.097069174051284790e-04
1.337087035179138184e+00
1.790813505649566650e-01
1.071854606270790100e-01
6.070325970649719238e-01
0.000000000000000000e+00
2.076634883880615234e+00
1.016471266746520996e+00
3.417836725711822510e-01
3.082127869129180908e-01
6.896439939737319946e-02
2.039966918528079987e-02
8.253675699234008789e-01
2.640107870101928711e-01
0.000000000000000000e+00
1.255229674279689789e-02
5.805007740855216980e-02
2.493005096912384033e-01
4.635532498359680176e-01
4.846293851733207703e-02
1.957852989435195923e-01
1.155753526836633682e-02
4.959043581038713455e-03
4.312672652304172516e-03
1.994413018226623535e+00
5.870401859283447266e-03
1.186520218849182129e+00
4.983839113265275955e-03
5.699776411056518555e-01
1.075114607810974121e-01
9.781840443611145020e-01
1.905297040939331055e-01
2.303650677204132080e-01
1.641651690006256104e-01
2.251166477799415588e-02
3.639487177133560181e-02
7.852860689163208008e-01
8.425003848969936371e-03
3.037830442190170288e-02
1.242750525474548340e+00
1.188667714595794678e-01
6.522797793149948120e-02
2.759448066353797913e-02
5.940883979201316833e-02
1.048518419265747070e+00
0.000000000000000000e+00
6.373363137245178223e-01
0.000000000000000000e+00
7.499294281005859375e-01
1.331008076667785645e+00
5.540376901626586914e-01
0.000000000000000000e+00
2.103033475577831268e-02
2.507694363594055176e-01
2.799446880817413330e-01
9.936132282018661499e-02
1.769986748695373535e+00
4.415973663330078125e+00
1.405319809913635254e+00
5.077942609786987305e-01
1.046842429786920547e-03
1.594640463590621948e-01
6.814477383159101009e-04
2.376831602305173874e-03
4.656885750591754913e-03
0.000000000000000000e+00
1.064550038427114487e-02
9.350016713142395020e-02
9.758371114730834961e-02
8.424209803342819214e-02
0.000000000000000000e+00
8.009062409400939941e-01
3.180762380361557007e-02
2.514688372611999512e-01
0.000000000000000000e+00
4.310521855950355530e-02
5.118035078048706055e-01
0.000000000000000000e+00
9.714730381965637207e-01
0.000000000000000000e+00
6.909320404702157248e-08
6.545425653457641602e-01
7.464157938957214355e-01
8.167297840118408203e-01
6.117264032363891602e-01
1.784569397568702698e-02
1.038756489753723145e+00
4.933586716651916504e-01
5.168862175196409225e-03
1.443533255951479077e-04
2.619787305593490601e-02
0.000000000000000000e+00
0.000000000000000000e+00
3.883468806743621826e-01
1.620100378990173340e+00
2.182657867670059204e-01
3.463501632213592529e-01
4.426761567592620850e-01
0.000000000000000000e+00
0.000000000000000000e+00
1.000750958919525146e-01
1.722355186939239502e-02
1.187407493591308594e+00
1.223500728607177734e+00
1.638342812657356262e-02
1.056370638252701610e-05
0.000000000000000000e+00
2.116885185241699219e-01
9.584920406341552734e-01
1.218345880508422852e+00
1.865477487444877625e-02
1.894094049930572510e-02
5.626136809587478638e-02
1.086558818817138672e+00
0.000000000000000000e+00
2.114715278148651123e-01
0.000000000000000000e+00
1.248293668031692505e-01
4.130184054374694824e-01
1.095180585980415344e-01
3.950947523117065430e-02
1.753479838371276855e-01
1.266454905271530151e-01
1.291652917861938477e+00
6.877170205116271973e-01
1.147623538970947266e+00
2.152220726013183594e+00
1.538987644016742706e-02
5.949842333793640137e-01
4.321229457855224609e-01
2.768139541149139404e-01
3.323560655117034912e-01
1.220237910747528076e-01
0.000000000000000000e+00
2.502997517585754395e-01
3.992058336734771729e-02
1.444314718246459961e-01
3.581398129463195801e-01
1.253773574717342854e-03
2.748425483703613281e+00
2.675693988800048828e+00
7.078570723533630371e-01
2.504010125994682312e-02
5.965742468833923340e-01
0.000000000000000000e+00
0.000000000000000000e+00
0.000000000000000000e+00
9.238994121551513672e-02
7.637213170528411865e-02
8.687173575162887573e-02
0.000000000000000000e+00
3.010977059602737427e-02
1.669369637966156006e-01
4.574596881866455078e-02
9.404147267341613770e-01
1.762372553348541260e-01
3.842905536293983459e-02
1.135353088378906250e+00
2.792341113090515137e-01
9.023013114929199219e-01
0.000000000000000000e+00
3.889722824096679688e-01
1.155271649360656738e+00
2.551440894603729248e-01
8.903338313102722168e-01
3.081577420234680176e-01
1.228120923042297363e+00
1.896603852510452271e-01
1.699986010789871216e-01
6.787345558404922485e-02
5.923585295677185059e-01
5.912959575653076172e-01
5.350340008735656738e-01
3.744298964738845825e-02
1.687559127807617188e+00
5.529425572603940964e-03
3.482977747917175293e-01
3.674580156803131104e-02
1.002288162708282471e-01
3.304804861545562744e-01
1.080981176346540451e-02
3.012462854385375977e+00
9.485205411911010742e-01
9.415165334939956665e-02
1.987220942974090576e-01
1.089058041572570801e+00
2.137104608118534088e-02
4.115140736103057861e-01
0.000000000000000000e+00
2.581477761268615723e-01
0.000000000000000000e+00
0.000000000000000000e+00
0.000000000000000000e+00
5.331729054450988770e-01
2.854706048965454102e-01
2.102236263453960419e-02
2.594080753624439240e-02
2.613408565521240234e-01
1.982197880744934082e+00
3.556852042675018311e-02
7.380820065736770630e-02
1.262073069810867310e-01
1.412751913070678711e+00
1.035608053207397461e-01
6.934642791748046875e-03
2.965670228004455566e-01
1.631894335150718689e-02
1.694257378578186035e+00
4.454915523529052734e-01
8.924079593271017075e-04
1.418242812156677246e+00
5.497849732637405396e-02
5.310284495353698730e-01
0.000000000000000000e+00
1.585201919078826904e-01
8.634576946496963501e-02
6.907988339662551880e-02
9.632737636566162109e-01
1.397001385688781738e+00
7.044277191162109375e-01
2.086291313171386719e+00
9.954269230365753174e-02
1.504630684852600098e+00
4.108490049839019775e-02
1.672641932964324951e-01
4.560943841934204102e-01
3.006581366062164307e-01
8.258336782455444336e-01
1.447028368711471558e-01
5.649956464767456055e-01
0.000000000000000000e+00
0.000000000000000000e+00
1.252916693687438965e+00
4.009032547473907471e-01
2.964469138532876968e-03
2.322730571031570435e-01
1.282547861337661743e-01
1.675586849451065063e-01
1.665149629116058350e-01
1.395016256719827652e-02
7.924077659845352173e-02
5.487855076789855957e-01
1.703505516052246094e+00
1.593573205173015594e-02
2.939673662185668945e-01
0.000000000000000000e+00
6.234105229377746582e-01
5.827787518501281738e-01
1.977140009403228760e-01
1.325910210609436035e+00
1.017169803380966187e-01
1.092041373252868652e+00
9.499307274818420410e-01
1.565529853105545044e-01
8.207051455974578857e-02
2.719655632972717285e-01
3.219228088855743408e-01
1.136246025562286377e-01
1.130503192543983459e-01
2.517503261566162109e+00
0.000000000000000000e+00
1.368760704994201660e+00
6.854117661714553833e-02
1.344626784324645996e+00
2.722586393356323242e+00
7.147129178047180176e-01
1.293563097715377808e-01
8.903340697288513184e-01
0.000000000000000000e+00
0.000000000000000000e+00
