1.256124615669250488e+00
0.000000000000000000e+00
2.401579171419143677e-01
2.366343021392822266e+00
2.105303555727005005e-01
3.708895742893218994e-01
5.061949491500854492e-01
4.382668018341064453e+00
4.914473056793212891e+00
4.508461058139801025e-01
8.863923698663711548e-02
1.740052819252014160e+00
4.299063682556152344e-01
3.271240293979644775e-01
2.587745428085327148e+00
1.808127313852310181e-01
5.157786011695861816e-01
2.225852251052856445e+00
5.664975643157958984e-01
2.186354063451290131e-02
7.338564395904541016e-01
0.000000000000000000e+00
2.072800137102603912e-02
2.684818744659423828e+00
3.713460639119148254e-02
0.000000000000000000e+00
5.095946416258811951e-02
1.663286089897155762e+00
2.597113512456417084e-02
1.018990762531757355e-02
7.059041410684585571e-03
0.000000000000000000e+00
5.887244939804077148e-01
0.000000000000000000e+00
0.000000000000000000e+00
2.469952344894409180e+00
3.846262693405151367e-01
2.251028418540954590e-01
3.559885919094085693e-01
5.430001299828290939e-03
1.809933632612228394e-01
5.156738162040710449e-01
3.088497519493103027e-01
1.542077183723449707e+00
1.410142630338668823e-01
5.340074896812438965e-01
2.246856987476348877e-01
1.140817761421203613e+00
8.321417123079299927e-02
1.031691908836364746e+00
1.111787676811218262e+00
0.000000000000000000e+00
1.312217950820922852e+00
0.000000000000000000e+00
2.209335803985595703e+00
2.880132496356964111e-01
7.485920786857604980e-01
7.557626813650131226e-02
1.842046737670898438e+00
6.979179382324218750e-01
4.966104328632354736e-01
3.015613853931427002e-01
4.378187954425811768e-01
9.005126953125000000e-01
1.601977825164794922e+00
1.147431373596191406e+00
0.000000000000000000e+00
6.428544968366622925e-02
1.416599452495574951e-01
9.063189625740051270e-01
0.000000000000000000e+00
5.083332210779190063e-02
2.477599829435348511e-01
2.804037183523178101e-03
7.837762236595153809e-01
1.499921798706054688e+00
1.834438927471637726e-02
5.830789208412170410e-01
2.430982142686843872e-02
5.163470506668090820e-01
6.841687858104705811e-02
3.581751883029937744e-01
1.241115808486938477e+00
2.033854462206363678e-02
2.110177755355834961e+00
5.266464874148368835e-02
1.077218770980834961e+00
1.294915676116943359e-01
5.071764588356018066e-01
3.424876555800437927e-02
1.579697579145431519e-01
9.839112311601638794e-02
2.366560511291027069e-03
0.000000000000000000e+00
5.414299964904785156e-01
6.074742078781127930e-01
1.004429817199707031e+00
6.658130288124084473e-01
0.000000000000000000e+00
1.985818892717361450e-02
0.000000000000000000e+00
1.355986893177032471e-01
4.706952273845672607e-01
1.365531921386718750e+00
1.375963330268859863e+00
1.384360492229461670e-01
9.742933511734008789e-01
3.457511216402053833e-02
4.424096643924713135e-01
1.143720000982284546e-01
1.053602814674377441e+00
0.000000000000000000e+00
1.511952638626098633e+00
4.136324524879455566e-01
3.367542624473571777e-01
3.479859232902526855e-02
1.048746779561042786e-01
2.850025892257690430e-03
1.092782616615295410e-01
2.645484447479248047e+00
7.442569732666015625e-01
5.577167496085166931e-02
9.417458437383174896e-03
1.450241684913635254e+00
3.954715132713317871e-01
1.460963726043701172e+00
1.694433018565177917e-02
6.150172092020511627e-03
1.945120930671691895e+00
2.722239680588245392e-02
0.000000000000000000e+00
1.525435000658035278e-01
6.616128236055374146e-02
3.020517341792583466e-02
1.285701096057891846e-01
0.000000000000000000e+00
6.210225224494934082e-01
4.329013347625732422e+00
0.000000000000000000e+00
3.294014632701873779e-01
9.306673407554626465e-01
5.582981109619140625e-01
1.355902671813964844e+00
6.026922166347503662e-02
4.030928313732147217e-01
1.539680600166320801e+00
5.019773840904235840e-01
1.366514205932617188e+00
5.390642881393432617e-01
4.787788391113281250e-01
4.480309963226318359e+00
2.453593313694000244e-01
4.210262298583984375e-01
4.515472948551177979e-01
1.339983820915222168e+00
3.129133284091949463e-01
1.356011331081390381e-01
6.172810494899749756e-02
2.252717018127441406e+00
2.055404521524906158e-02
1.881898939609527588e-01
7.541244626045227051e-01
1.261119484901428223e+00
7.270314693450927734e-01
3.060914017260074615e-02
1.255386918783187866e-01
0.000000000000000000e+00
0.000000000000000000e+00
6.620765328407287598e-01
1.947859764099121094e+00
3.238929063081741333e-02
0.000000000000000000e+00
0.000000000000000000e+00
4.172722399234771729e-01
2.639710158109664917e-02
7.402688503265380859e+00
0.000000000000000000e+00
0.000000000000000000e+00
1.637148298323154449e-02
2.683598175644874573e-02
1.485079079866409302e-01
6.161907222121953964e-03
5.424837395548820496e-02
1.544446945190429688e+00
4.164859056472778320e-01
1.401083660311996937e-03
0.000000000000000000e+00
5.930275917053222656e-01
1.669677905738353729e-02
4.587731789797544479e-03
0.000000000000000000e+00
2.198427915573120117e-02
1.193424701690673828e+00
6.589586734771728516e-01
0.000000000000000000e+00
2.086366117000579834e-01
7.708092927932739258e-01
4.809186160564422607e-01
3.722289502620697021e-01
1.519830107688903809e+00
1.496610045433044434e+00
6.872238516807556152e-01
3.963569998741149902e-01
7.615374028682708740e-02
1.196532044559717178e-02
2.564765810966491699e-01
1.315032038837671280e-02
5.313357338309288025e-02
6.147577613592147827e-02
3.067321300506591797e+00
1.151027716696262360e-02
5.368301272392272949e-02
1.694983989000320435e-01
2.289986014366149902e-01
7.171761393547058105e-01
1.223983764648437500e+00
5.635051727294921875e-01
7.302062511444091797e-01
8.442233800888061523e-01
1.161732912063598633e+00
5.833462998270988464e-02
2.410740703344345093e-01
8.734461665153503418e-01
4.584193602204322815e-02
5.603225231170654297e-01
0.000000000000000000e+00
2.384702116250991821e-01
1.588128656148910522e-01
0.000000000000000000e+00
0.000000000000000000e+00
6.920449137687683105e-01
1.616166345775127411e-02
8.358559012413024902e-01
2.120560884475708008e+00
5.629106163978576660e-01
7.830802798271179199e-01
1.542618870735168457e+00
1.260828375816345215e+00
0.000000000000000000e+00
6.206228137016296387e-01
1.311281323432922363e-01
2.074879258871078491e-01
1.133701130747795105e-01
1.865018844604492188e+00
3.247318565845489502e-01
5.423044785857200623e-04
8.332002162933349609e-01
0.000000000000000000e+00
2.420337915420532227e+00
4.158698022365570068e-01
1.107048019766807556e-01
6.166269257664680481e-02
2.122657299041748047e-01
5.714601650834083557e-02
6.152104735374450684e-01
1.742769777774810791e-01
8.675826713442802429e-03
0.000000000000000000e+00
7.676573097705841064e-02
3.075909614562988281e-01
4.960198104381561279e-01
9.835558384656906128e-02
8.775903284549713135e-02
5.595034919679164886e-03
1.559124793857336044e-02
6.353382952511310577e-03
1.458163142204284668e+00
2.175147645175457001e-02
8.295734524726867676e-01
1.371154338121414185e-01
7.638573050498962402e-01
7.751222699880599976e-02
8.089246153831481934e-01
2.718023955821990967e-01
2.392214536666870117e-01
2.259704172611236572e-01
1.716690063476562500e-01
1.549697369337081909e-01
8.364278078079223633e-01
1.894312724471092224e-02
0.000000000000000000e+00
5.211187601089477539e-01
2.194797992706298828e-02
1.725886315107345581e-01
9.244706481695175171e-02
2.220733314752578735e-01
1.031699895858764648e+00
3.011737426277250051e-04
7.192480564117431641e-01
0.000000000000000000e+00
7.265605926513671875e-01
1.520576477050781250e+00
6.297366619110107422e-01
5.545224994421005249e-02
0.000000000000000000e+00
1.900835037231445312e-01
1.593158692121505737e-01
5.404102429747581482e-02
1.172363877296447754e+00
4.610377311706542969e+00
1.187315583229064941e+00
3.626283109188079834e-01
3.429692238569259644e-02
2.504209280014038086e-01
0.000000000000000000e+00
4.642808064818382263e-02
0.000000000000000000e+00
0.000000000000000000e+00
3.797962563112378120e-05
1.043979078531265259e-01
1.704020798206329346e-01
1.303385049104690552e-01
0.000000000000000000e+00
4.654558002948760986e-01
2.384754270315170288e-02
8.592674136161804199e-02
4.516001325100660324e-03
0.000000000000000000e+00
1.387364268302917480e-01
2.817793749272823334e-03
7.397543191909790039e-01
0.000000000000000000e+00
4.878384526818990707e-03
6.106156110763549805e-01
4.791485071182250977e-01
1.051139831542968750e+00
3.284675478935241699e-01
0.000000000000000000e+00
8.080399632453918457e-01
2.216971367597579956e-01
0.000000000000000000e+00
5.362582742236554623e-04
0.000000000000000000e+00
3.408525511622428894e-02
1.411800179630517960e-02
3.734790682792663574e-01
1.683361411094665527e+00
9.071414917707443237e-02
9.316326379776000977e-01
6.426414847373962402e-01
0.000000000000000000e+00
8.832065388560295105e-03
3.113231807947158813e-02
4.012584686279296875e-02
1.439827442169189453e+00
8.758589029312133789e-01
9.232739917933940887e-03
0.000000000000000000e+00
0.000000000000000000e+00
1.039391309022903442e-01
8.400373458862304688e-01
1.373484849929809570e+00
1.269501894712448120e-01
7.067034486681222916e-03
3.201086074113845825e-02
9.627352356910705566e-01
0.000000000000000000e+00
7.654778659343719482e-02
0.000000000000000000e+00
7.816724479198455811e-02
7.449308037757873535e-01
3.803670406341552734e-02
1.132122427225112915e-02
4.632666110992431641e-01
8.626950383186340332e-01
8.442264795303344727e-01
1.057626485824584961e+00
1.029652237892150879e+00
2.004324913024902344e+00
6.033697631210088730e-03
4.525842368602752686e-01
6.872924566268920898e-01
8.835118263959884644e-02
6.132286787033081055e-01
1.616503894329071045e-01
0.000000000000000000e+00
3.607102483510971069e-02
0.000000000000000000e+00
4.173963069915771484e-01
6.155129671096801758e-01
0.000000000000000000e+00
2.419167041778564453e+00
2.506165981292724609e+00
2.981795370578765869e-01
2.830919921398162842e-01
9.039828777313232422e-01
0.000000000000000000e+00
0.000000000000000000e+00
0.000000000000000000e+00
1.040481925010681152e-01
4.635882377624511719e-01
1.833157539367675781e-01
0.000000000000000000e+00
7.134819030761718750e-02
9.904384613037109375e-02
3.549838960170745850e-01
1.339750409126281738e+00
2.851975709199905396e-02
2.534327330067753792e-03
1.163208007812500000e+00
8.114115893840789795e-02
1.216657519340515137e+00
0.000000000000000000e+00
2.629202306270599365e-01
1.163104414939880371e+00
2.768457531929016113e-01
6.651130318641662598e-01
3.733057975769042969e-01
1.497837305068969727e+00
2.985394001007080078e-01
2.268263250589370728e-01
6.244316324591636658e-02
2.890833914279937744e-01
7.441477179527282715e-01
3.561982512474060059e-01
9.458680637180805206e-03
2.082510471343994141e+00
6.637476384639739990e-03
4.496185183525085449e-01
1.307986211031675339e-02
1.427768170833587646e-01
4.917745590209960938e-01
1.323658041656017303e-02
2.693335056304931641e+00
9.195035099983215332e-01
2.836939692497253418e-02
9.134033918380737305e-01
8.968865871429443359e-01
6.612550467252731323e-02
5.873700380325317383e-01
1.930790767073631287e-02
1.361029595136642456e-01
0.000000000000000000e+00
0.000000000000000000e+00
0.000000000000000000e+00
2.884855270385742188e-01
5.611465126276016235e-02
1.252886503934860229e-01
0.000000000000000000e+00
9.459674358367919922e-02
2.084653377532958984e+00
0.000000000000000000e+00
4.765116795897483826e-02
1.419334858655929565e-01
8.500843048095703125e-01
3.736292198300361633e-02
4.155733156949281693e-03
1.894706785678863525e-01
3.408768177032470703e-01
1.454463720321655273e+00
5.069174617528915405e-02
8.103742450475692749e-02
1.177989959716796875e+00
4.961616286891512573e-05
7.411252856254577637e-01
0.000000000000000000e+00
3.959863185882568359e-01
2.655001580715179443e-01
1.694039069116115570e-02
8.649328351020812988e-01
1.683821201324462891e+00
6.898170709609985352e-01
1.325719356536865234e+00
2.236475646495819092e-01
9.229186773300170898e-01
1.043985635042190552e-01
9.175890590995550156e-05
5.556885004043579102e-01
4.088146686553955078e-01
4.999975860118865967e-01
2.409603297710418701e-01
4.491816461086273193e-01
1.304388493299484253e-01
0.000000000000000000e+00
1.282277703285217285e+00
3.502531051635742188e-01
0.000000000000000000e+00
2.284232079982757568e-01
4.390675947070121765e-02
3.173998296260833740e-01
3.436583280563354492e-01
2.106317132711410522e-02
2.692423015832901001e-02
8.949980139732360840e-01
1.143589258193969727e+00
6.221936084330081940e-03
5.147762298583984375e-01
6.963915657252073288e-04
1.110917806625366211e+00
2.954651415348052979e-01
9.066929668188095093e-02
1.129731178283691406e+00
0.000000000000000000e+00
7.273288369178771973e-01
6.800606846809387207e-01
4.886907339096069336e-02
1.737405806779861450e-01
4.081759452819824219e-01
2.416189461946487427e-01
7.936758548021316528e-02
6.835514307022094727e-02
1.745770812034606934e+00
0.000000000000000000e+00
9.974368810653686523e-01
5.082315579056739807e-02
9.928970336914062500e-01
1.872680664062500000e+00
1.168786764144897461e+00
9.177139401435852051e-02
8.887546658515930176e-01
0.000000000000000000e+00
0.000000000000000000e+00
