8.310881257057189941e-01
0.000000000000000000e+00
3.439624607563018799e-01
2.162915229797363281e+00
5.432876199483871460e-02
2.743585109710693359e-01
7.252372503280639648e-01
3.988419055938720703e+00
5.808192729949951172e+00
1.471513867378234863e+00
1.668028831481933594e-01
1.845917463302612305e+00
2.726269364356994629e-01
2.540891170501708984e-01
2.612675189971923828e+00
3.406762778759002686e-01
6.478883624076843262e-01
1.682317018508911133e+00
6.888496279716491699e-01
0.000000000000000000e+00
7.594632506370544434e-01
1.806549541652202606e-02
2.967222593724727631e-02
2.544091224670410156e+00
5.579112842679023743e-02
0.000000000000000000e+00
1.514999195933341980e-02
1.660856842994689941e+00
7.662735134363174438e-02
0.000000000000000000e+00
0.000000000000000000e+00
0.000000000000000000e+00
7.428205013275146484e-01
1.973041333258152008e-02
9.863279014825820923e-02
3.014487028121948242e+00
2.851830124855041504e-01
3.629778325557708740e-02
1.928347349166870117e-01
3.676056265830993652e-01
4.770753085613250732e-01
5.558058023452758789e-01
2.705981731414794922e-01
2.001906871795654297e+00
2.996271550655364990e-01
6.342960000038146973e-01
1.011334061622619629e-01
1.042611360549926758e+00
3.648588061332702637e-01
1.769021391868591309e+00
2.167438507080078125e+00
0.000000000000000000e+00
1.314714193344116211e+00
1.495861448347568512e-03
1.836410522460937500e+00
8.319701999425888062e-02
1.425008922815322876e-01
1.323585305362939835e-02
2.111005544662475586e+00
8.738895058631896973e-01
3.851174712181091309e-01
8.807755261659622192e-02
1.804747581481933594e-01
1.009794116020202637e+00
1.549649238586425781e+00
1.081042170524597168e+00
0.000000000000000000e+00
1.495251059532165527e-01
4.463602900505065918e-01
9.260706901550292969e-01
0.000000000000000000e+00
2.682740800082683563e-02
2.974852323532104492e-01
3.099217452108860016e-02
2.660635709762573242e-01
2.272508144378662109e+00
0.000000000000000000e+00
8.132841587066650391e-01
3.273760667070746422e-04
8.200409412384033203e-01
2.166422903537750244e-01
5.587050914764404297e-01
1.820196986198425293e+00
1.964492052793502808e-01
2.595403432846069336e+00
1.146647110581398010e-01
1.975951790809631348e+00
1.707049012184143066e-01
8.737922310829162598e-01
0.000000000000000000e+00
0.000000000000000000e+00
3.448821604251861572e-02
0.000000000000000000e+00
0.000000000000000000e+00
4.313156306743621826e-01
7.383844852447509766e-01
1.111934781074523926e+00
9.307653903961181641e-01
0.000000000000000000e+00
2.354794740676879883e-02
0.000000000000000000e+00
4.944196045398712158e-01
1.080806255340576172e-01
1.171670317649841309e+00
9.460114240646362305e-01
1.818316280841827393e-01
1.771127343177795410e+00
1.394674777984619141e-01
4.398790895938873291e-01
8.158820122480392456e-02
1.591522693634033203e+00
0.000000000000000000e+00
1.118261814117431641e+00
1.132433056831359863e+00
2.327926903963088989e-01
8.524750173091888428e-02
2.611754834651947021e-02
1.097934842109680176e-01
3.880418837070465088e-01
2.770551919937133789e+00
5.912179350852966309e-01
1.042398512363433838e-01
1.836626604199409485e-02
1.829133272171020508e+00
1.937277615070343018e-01
1.755776762962341309e+00
0.000000000000000000e+00
1.327577531337738037e-01
1.676546931266784668e+00
3.073199987411499023e-01
3.955972939729690552e-02
8.813457489013671875e-01
1.972431987524032593e-01
2.605402469635009766e-01
9.378802031278610229e-02
0.000000000000000000e+00
1.888471692800521851e-01
4.526232242584228516e+00
0.000000000000000000e+00
2.365491837263107300e-01
6.096097230911254883e-01
1.242840588092803955e-01
1.571641802787780762e+00
8.461185544729232788e-02
1.363596171140670776e-01
8.946982026100158691e-01
9.544436931610107422e-01
1.282753467559814453e+00
8.779746890068054199e-01
2.440830469131469727e-01
5.446940898895263672e+00
2.692107297480106354e-02
3.827382922172546387e-01
3.938328921794891357e-01
2.027344703674316406e+00
9.044687747955322266e-01
3.046946525573730469e-01
8.969161659479141235e-02
2.993371009826660156e+00
1.020149607211351395e-02
2.282082289457321167e-02
1.106775164604187012e+00
8.365519046783447266e-01
1.309976428747177124e-01
1.611568480730056763e-01
1.004726439714431763e-01
0.000000000000000000e+00
0.000000000000000000e+00
1.232042551040649414e+00
2.133972167968750000e+00
4.823448061943054199e-01
0.000000000000000000e+00
2.147897891700267792e-02
8.475039601325988770e-01
3.618813157081604004e-01
8.142181396484375000e+00
0.000000000000000000e+00
0.000000000000000000e+00
1.118348538875579834e-02
5.078495666384696960e-02
1.230064686387777328e-02
4.968010634183883667e-02
2.441117726266384125e-02
1.732127904891967773e+00
1.018673658370971680e+00
0.000000000000000000e+00
9.710013866424560547e-03
1.032075881958007812e+00
0.000000000000000000e+00
7.393208798021078110e-04
0.000000000000000000e+00
0.000000000000000000e+00
1.242120742797851562e+00
4.342224597930908203e-01
4.190362989902496338e-02
2.230918407440185547e-01
1.052762866020202637e+00
3.563465476036071777e-01
2.446571737527847290e-01
1.236061692237854004e+00
1.557397007942199707e+00
5.525275468826293945e-01
4.210181236267089844e-01
5.064152553677558899e-02
4.442570265382528305e-03
6.939803808927536011e-02
7.522752135992050171e-02
6.504622101783752441e-02
4.116172716021537781e-02
2.716407775878906250e+00
8.462179452180862427e-02
3.638156130909919739e-02
1.199626084417104721e-02
5.930219888687133789e-01
5.753792524337768555e-01
9.352120757102966309e-01
1.344208419322967529e-01
5.443320870399475098e-01
1.352378368377685547e+00
1.197580456733703613e+00
4.470211453735828400e-03
1.697899699211120605e-01
6.955705881118774414e-01
1.367603838443756104e-01
5.286262035369873047e-01
0.000000000000000000e+00
2.479394674301147461e-01
6.893075257539749146e-02
0.000000000000000000e+00
0.000000000000000000e+00
5.771738886833190918e-01
3.863376751542091370e-02
1.548404216766357422e+00
2.694483518600463867e+00
1.062209010124206543e+00
8.058153986930847168e-01
1.821955561637878418e+00
1.175865650177001953e+00
9.797330014407634735e-03
7.475213408470153809e-01
2.218790054321289062e-01
1.413832902908325195e-01
0.000000000000000000e+00
1.597256064414978027e+00
3.943834900856018066e-01
2.012392729520797729e-01
6.218536496162414551e-01
0.000000000000000000e+00
2.268986225128173828e+00
1.309180736541748047e+00
7.374920696020126343e-02
3.514924645423889160e-01
1.982216723263263702e-02
7.536402344703674316e-02
4.662764370441436768e-01
3.631681576371192932e-02
0.000000000000000000e+00
0.000000000000000000e+00
0.000000000000000000e+00
0.000000000000000000e+00
8.429990410804748535e-01
1.945340782403945923e-01
2.723065437749028206e-03
1.521779876202344894e-02
0.000000000000000000e+00
5.006026010960340500e-03
2.698164939880371094e+00
0.000000000000000000e+00
7.922590374946594238e-01
1.320989578962326050e-01
1.161923408508300781e+00
1.945103853940963745e-01
1.292279243469238281e+00
2.344308607280254364e-02
4.919297397136688232e-01
2.922849655151367188e-01
8.655514568090438843e-02
2.671256894245743752e-03
1.431300878524780273e+00
2.377833984792232513e-02
0.000000000000000000e+00
6.695839166641235352e-01
3.060393631458282471e-01
1.601169109344482422e-01
3.708103299140930176e-02
2.047959566116333008e-01
1.725348114967346191e+00
3.144181892275810242e-02
5.275576710700988770e-01
1.586098596453666687e-02
9.275022149085998535e-01
1.697385430335998535e+00
2.916644811630249023e-01
0.000000000000000000e+00
8.779004216194152832e-03
5.486663579940795898e-01
2.315286248922348022e-01
3.225426748394966125e-02
1.591491103172302246e+00
4.986513137817382812e+00
9.583174586296081543e-01
2.203920483589172363e-01
5.223609507083892822e-02
1.520575731992721558e-01
1.210105419158935547e-02
2.483190037310123444e-02
6.153097841888666153e-03
0.000000000000000000e+00
9.836098615778610110e-05
1.399240195751190186e-01
5.461540073156356812e-02
3.366417810320854187e-02
5.069907382130622864e-02
1.043984174728393555e+00
4.483368247747421265e-02
8.840606361627578735e-02
0.000000000000000000e+00
7.851422578096389771e-02
4.957291781902313232e-01
4.143289290368556976e-03
1.516716480255126953e+00
0.000000000000000000e+00
0.000000000000000000e+00
4.027463793754577637e-01
1.544480174779891968e-01
1.078803539276123047e+00
2.894531786441802979e-01
0.000000000000000000e+00
7.400316596031188965e-01
6.196208596229553223e-01
0.000000000000000000e+00
2.243722230195999146e-02
1.311833970248699188e-02
2.133629284799098969e-02
1.479637064039707184e-02
2.936227619647979736e-01
1.830106377601623535e+00
2.919241487979888916e-01
4.246502220630645752e-01
1.941062211990356445e-01
0.000000000000000000e+00
0.000000000000000000e+00
2.463887482881546021e-01
2.656166814267635345e-02
1.053468585014343262e+00
1.599537372589111328e+00
1.184158325195312500e-01
1.125135691836476326e-03
0.000000000000000000e+00
2.557987868785858154e-01
1.047498464584350586e+00
1.000062942504882812e+00
1.203020382672548294e-02
0.000000000000000000e+00
5.150504410266876221e-02
1.131005048751831055e+00
0.000000000000000000e+00
1.867329627275466919e-01
0.000000000000000000e+00
8.529199659824371338e-02
4.730892181396484375e-01
5.060207843780517578e-02
1.520483195781707764e-01
2.051417827606201172e-01
6.424139142036437988e-01
1.389690756797790527e+00
5.858079195022583008e-01
1.367652893066406250e+00
1.920356988906860352e+00
0.000000000000000000e+00
3.919169604778289795e-01
1.021622180938720703e+00
2.516688406467437744e-01
3.805777430534362793e-01
1.410591751337051392e-01
0.000000000000000000e+00
9.568634629249572754e-02
2.106978325173258781e-03
3.337128758430480957e-01
4.005780518054962158e-01
1.085948664695024490e-02
3.020912170410156250e+00
2.912885904312133789e+00
8.124814629554748535e-01
3.613333217799663544e-03
6.667619943618774414e-01
2.508608624339103699e-02
0.000000000000000000e+00
0.000000000000000000e+00
4.577176272869110107e-02
3.871048092842102051e-01
1.168887689709663391e-02
0.000000000000000000e+00
1.988031715154647827e-02
2.701183222234249115e-02
1.528092622756958008e-01
1.109907507896423340e+00
2.733287215232849121e-01
1.801433973014354706e-02
1.626557946205139160e+00
1.510750651359558105e-01
6.753613352775573730e-01
0.000000000000000000e+00
5.045189261436462402e-01
9.658861756324768066e-01
1.939390748739242554e-01
1.222527623176574707e+00
2.363969385623931885e-01
1.585256099700927734e+00
6.047166511416435242e-02
6.774711608886718750e-02
6.121225655078887939e-02
5.613380670547485352e-01
1.158691048622131348e+00
1.973252743482589722e-01
3.769158618524670601e-03
2.100537300109863281e+00
0.000000000000000000e+00
8.532330393791198730e-02
0.000000000000000000e+00
1.122038960456848145e-01
1.183708608150482178e-01
0.000000000000000000e+00
3.111124515533447266e+00
8.328351378440856934e-01
5.153135061264038086e-01
3.564470112323760986e-01
2.030813932418823242e+00
2.845984883606433868e-03
1.000310897827148438e+00
0.000000000000000000e+00
1.632615625858306885e-01
0.000000000000000000e+00
0.000000000000000000e+00
0.000000000000000000e+00
3.112827241420745850e-01
1.720314770936965942e-01
0.000000000000000000e+00
0.000000000000000000e+00
2.627126276493072510e-01
1.616242408752441406e+00
0.000000000000000000e+00
1.414507627487182617e-01
6.850451976060867310e-02
1.663529157638549805e+00
5.881470814347267151e-02
0.000000000000000000e+00
3.235500538721680641e-03
1.259465217590332031e-01
1.464541673660278320e+00
2.978193461894989014e-01
2.057160250842571259e-03
2.052037000656127930e+00
0.000000000000000000e+00
5.600364208221435547e-01
0.000000000000000000e+00
2.631483078002929688e-01
1.407206640578806400e-03
0.000000000000000000e+00
9.748291969299316406e-01
1.226267933845520020e+00
4.306916892528533936e-01
1.712957859039306641e+00
2.746272459626197815e-02
1.380842804908752441e+00
8.633597753942012787e-03
1.288405060768127441e-02
3.013004362583160400e-01
1.218361854553222656e+00
3.534281551837921143e-01
1.178060937672853470e-02
4.091809391975402832e-01
5.469500273466110229e-02
1.206828560680150986e-02
1.989485979080200195e+00
1.699203699827194214e-01
2.252220176160335541e-02
1.679252088069915771e-01
2.714286930859088898e-02
7.480959296226501465e-01
2.148840874433517456e-01
1.584227755665779114e-02
3.130096197128295898e-01
1.153168201446533203e+00
1.610005259513854980e+00
0.000000000000000000e+00
7.536004185676574707e-01
4.569786414504051208e-02
6.415000557899475098e-01
1.844752132892608643e-01
1.236328631639480591e-01
1.211012125015258789e+00
5.631580948829650879e-03
9.394906163215637207e-01
5.220974683761596680e-01
4.193789511919021606e-02
1.669343188405036926e-02
1.013900399208068848e+00
2.190953046083450317e-01
3.334606811404228210e-02
4.162130877375602722e-02
2.185208082199096680e+00
0.000000000000000000e+00
1.337925195693969727e+00
3.495210707187652588e-01
1.590031504631042480e+00
2.745735168457031250e+00
6.378690004348754883e-01
1.805149950087070465e-02
7.388822436332702637e-01
0.000000000000000000e+00
0.000000000000000000e+00
