1.670026183128356934e-01
0.000000000000000000e+00
1.186555027961730957e-01
2.421236991882324219e+00
3.114515841007232666e-01
2.641034424304962158e-01
7.596548199653625488e-01
2.154139041900634766e+00
5.991998195648193359e+00
1.075333833694458008e+00
1.753118038177490234e-01
1.382533431053161621e+00
7.638129591941833496e-02
3.048216402530670166e-01
2.127910137176513672e+00
2.104311585426330566e-01
7.452088594436645508e-01
1.511732578277587891e+00
3.760078549385070801e-01
6.078679114580154419e-02
8.694667816162109375e-01
2.904839441180229187e-02
9.623418003320693970e-02
1.570118427276611328e+00
6.242590770125389099e-02
5.439752712845802307e-03
0.000000000000000000e+00
1.508683800697326660e+00
1.533305048942565918e-01
3.699490800499916077e-02
0.000000000000000000e+00
0.000000000000000000e+00
7.653624415397644043e-01
1.173139736056327820e-01
9.646153450012207031e-02
3.487466812133789062e+00
5.054602026939392090e-01
2.107431925833225250e-02
2.718101739883422852e-01
4.754101037979125977e-01
3.708124160766601562e-01
6.039848923683166504e-01
5.258715748786926270e-01
2.407155275344848633e+00
2.613918781280517578e-01
1.194214344024658203e+00
6.070882678031921387e-01
8.506970405578613281e-01
7.129563391208648682e-02
1.883641004562377930e+00
2.142389774322509766e+00
0.000000000000000000e+00
8.398603796958923340e-01
0.000000000000000000e+00
1.981176018714904785e+00
1.781260222196578979e-01
5.601055622100830078e-01
3.166956007480621338e-01
1.750899195671081543e+00
4.041472375392913818e-01
4.046513736248016357e-01
2.247759550809860229e-01
1.287514716386795044e-02
8.827133178710937500e-01
1.228543281555175781e+00
2.631621658802032471e-01
0.000000000000000000e+00
2.405938655138015747e-01
8.163090944290161133e-01
6.115047335624694824e-01
0.000000000000000000e+00
2.773829363286495209e-02
7.655513882637023926e-01
1.583990007638931274e-01
4.165653884410858154e-01
8.813139200210571289e-01
0.000000000000000000e+00
9.769476652145385742e-01
1.588472351431846619e-02
5.683771371841430664e-01
1.023597717285156250e-01
1.525182843208312988e+00
1.897938251495361328e+00
1.426511406898498535e-01
1.987336754798889160e+00
3.714787960052490234e-02
1.072523832321166992e+00
8.570104837417602539e-02
8.357791304588317871e-01
2.652912214398384094e-02
0.000000000000000000e+00
8.512879163026809692e-02
0.000000000000000000e+00
0.000000000000000000e+00
1.413696527481079102e+00
1.822102814912796021e-01
9.806597828865051270e-01
1.037604212760925293e+00
8.779357303865253925e-04
1.508212648332118988e-02
0.000000000000000000e+00
7.205231487751007080e-02
4.699196200817823410e-03
6.191196441650390625e-01
9.202639460563659668e-01
4.986921250820159912e-01
2.293147802352905273e+00
2.591021060943603516e-01
8.476193547248840332e-01
8.117072284221649170e-02
1.435206174850463867e+00
0.000000000000000000e+00
5.595099925994873047e-01
1.041314601898193359e+00
9.777811765670776367e-01
5.638253875076770782e-03
2.295440807938575745e-02
6.472245603799819946e-02
2.435294538736343384e-01
2.216145992279052734e+00
1.661692857742309570e-01
9.115619957447052002e-02
0.000000000000000000e+00
1.635803818702697754e+00
6.994591355323791504e-01
1.450135469436645508e+00
0.000000000000000000e+00
1.130828037858009338e-01
1.715414524078369141e+00
3.240228071808815002e-02
6.709649413824081421e-02
7.889387607574462891e-01
1.567776799201965332e-01
5.175566673278808594e-02
2.036043442785739899e-02
0.000000000000000000e+00
1.715988367795944214e-01
4.989595890045166016e+00
0.000000000000000000e+00
2.469178289175033569e-01
5.540870130062103271e-02
3.317902684211730957e-01
1.416617393493652344e+00
6.976072210818529129e-03
1.777658760547637939e-01
1.623292267322540283e-01
6.925541758537292480e-01
1.349403023719787598e+00
3.363141417503356934e-01
3.309451341629028320e-01
4.555317878723144531e+00
9.906844794750213623e-02
9.201108813285827637e-01
4.633382260799407959e-01
1.896526694297790527e+00
1.350166559219360352e+00
2.057390809059143066e-01
2.863736264407634735e-02
2.105252742767333984e+00
7.335212826728820801e-02
8.807724341750144958e-03
1.409417867660522461e+00
8.756855130195617676e-01
5.574756488204002380e-02
8.131192326545715332e-01
2.972224541008472443e-02
0.000000000000000000e+00
0.000000000000000000e+00
1.506046175956726074e+00
1.892097592353820801e+00
3.595437705516815186e-01
3.134592622518539429e-02
0.000000000000000000e+00
1.242870330810546875e+00
4.000147283077239990e-01
7.749431133270263672e+00
0.000000000000000000e+00
2.070987364277243614e-03
5.035707261413335800e-03
3.252316266298294067e-02
2.616854757070541382e-02
9.590363502502441406e-02
6.988708674907684326e-02
1.887046098709106445e+00
5.511088296771049500e-02
3.891956806182861328e-02
2.840472944080829620e-02
1.680155515670776367e+00
0.000000000000000000e+00
3.294911235570907593e-02
0.000000000000000000e+00
7.632369548082351685e-02
1.583701610565185547e+00
5.944789052009582520e-01
6.996452808380126953e-02
3.198456168174743652e-01
6.477301716804504395e-01
1.780084222555160522e-01
2.873718142509460449e-01
6.307876706123352051e-01
1.521622896194458008e+00
1.835779845714569092e-01
1.381027996540069580e-01
1.982834041118621826e-01
5.600612983107566833e-02
2.490636706352233887e-02
9.978237003087997437e-02
1.105854567140340805e-02
7.405843585729598999e-02
1.398022651672363281e+00
0.000000000000000000e+00
1.007178798317909241e-01
5.069591403007507324e-01
7.788038253784179688e-01
9.857633709907531738e-01
6.282210946083068848e-01
9.939157217741012573e-02
3.623898923397064209e-01
1.360723376274108887e+00
1.651666760444641113e+00
4.072546586394309998e-02
0.000000000000000000e+00
5.038312077522277832e-01
1.336352620273828506e-02
5.826016068458557129e-01
0.000000000000000000e+00
3.422663807868957520e-01
3.766173124313354492e-01
0.000000000000000000e+00
5.699794273823499680e-04
3.116329610347747803e-01
1.147720739245414734e-01
1.952158570289611816e+00
1.906186699867248535e+00
1.144149780273437500e+00
1.070581316947937012e+00
1.951788425445556641e+00
3.280526399612426758e-01
1.119433194398880005e-01
7.177897095680236816e-01
6.620864868164062500e-01
4.377917647361755371e-01
0.000000000000000000e+00
2.075930833816528320e+00
3.282608091831207275e-01
9.446004033088684082e-02
6.093186140060424805e-01
0.000000000000000000e+00
1.434617877006530762e+00
1.437058687210083008e+00
6.642568111419677734e-02
9.307770431041717529e-02
5.429503973573446274e-03
4.761543273925781250e-01
1.274743556976318359e+00
1.432014442980289459e-02
0.000000000000000000e+00
0.000000000000000000e+00
0.000000000000000000e+00
0.000000000000000000e+00
5.564189553260803223e-01
3.522562682628631592e-01
2.922234833240509033e-01
3.880329430103302002e-03
0.000000000000000000e+00
1.529061514884233475e-02
1.986500024795532227e+00
0.000000000000000000e+00
1.386533617973327637e+00
4.067173600196838379e-02
9.773372411727905273e-01
3.464998211711645126e-03
9.330889582633972168e-01
2.879978716373443604e-02
1.347068846225738525e-01
3.555391132831573486e-01
5.394594743847846985e-02
3.520018756389617920e-01
1.421294331550598145e+00
4.996609408408403397e-03
2.095583768095821142e-04
5.279013514518737793e-01
1.873541772365570068e-01
2.080075629055500031e-02
1.198226734995841980e-01
4.073614180088043213e-01
1.617708444595336914e+00
1.042739767581224442e-02
1.029503047466278076e-01
1.323176431469619274e-03
1.581739902496337891e+00
2.474383831024169922e+00
1.963931471109390259e-01
0.000000000000000000e+00
5.444490909576416016e-02
3.787249028682708740e-01
1.436244249343872070e-01
2.153083235025405884e-01
2.032419204711914062e+00
4.680766582489013672e+00
9.043437242507934570e-01
4.173778593540191650e-01
1.600109636783599854e-01
6.391665339469909668e-01
2.601142041385173798e-02
0.000000000000000000e+00
0.000000000000000000e+00
0.000000000000000000e+00
7.399493362754583359e-03
2.065394632518291473e-02
2.643665671348571777e-01
0.000000000000000000e+00
1.866118796169757843e-02
1.300380468368530273e+00
2.624532282352447510e-01
1.478951983153820038e-02
0.000000000000000000e+00
4.373541474342346191e-02
1.209902524948120117e+00
2.675004117190837860e-02
1.397316575050354004e+00
0.000000000000000000e+00
7.754516601562500000e-02
1.972693204879760742e-01
5.439484864473342896e-02
9.432510137557983398e-01
6.026117876172065735e-02
0.000000000000000000e+00
4.909217059612274170e-01
5.397704839706420898e-01
0.000000000000000000e+00
1.139846444129943848e-02
0.000000000000000000e+00
0.000000000000000000e+00
1.174349617213010788e-02
4.181131124496459961e-01
1.978973388671875000e+00
1.613264344632625580e-02
9.674504399299621582e-01
5.204386115074157715e-01
6.505736615508794785e-03
0.000000000000000000e+00
1.697822213172912598e-01
4.404166340827941895e-02
9.701756834983825684e-01
6.426647305488586426e-01
2.178017422556877136e-02
2.125026285648345947e-02
1.633407622575759888e-01
5.469764471054077148e-01
5.981013774871826172e-01
1.578833699226379395e+00
1.001714840531349182e-01
1.443277020007371902e-02
1.081116646528244019e-01
9.682523012161254883e-01
0.000000000000000000e+00
2.570414841175079346e-01
0.000000000000000000e+00
4.688283205032348633e-01
4.180856645107269287e-01
6.057856604456901550e-03
1.885980665683746338e-01
3.937241733074188232e-01
9.180276393890380859e-01
9.705657958984375000e-01
4.740137159824371338e-01
6.952280998229980469e-01
1.818778514862060547e+00
0.000000000000000000e+00
3.260505497455596924e-01
1.561238765716552734e+00
3.372647762298583984e-01
5.802643299102783203e-02
4.132047295570373535e-01
0.000000000000000000e+00
9.091286920011043549e-03
0.000000000000000000e+00
6.706563234329223633e-01
6.650284528732299805e-01
3.651987388730049133e-02
3.033138036727905273e+00
3.280075073242187500e+00
9.554609060287475586e-01
0.000000000000000000e+00
5.422201752662658691e-01
2.393227070569992065e-02
0.000000000000000000e+00
0.000000000000000000e+00
1.024114415049552917e-01
2.898339331150054932e-01
2.268226258456707001e-02
0.000000000000000000e+00
1.786805391311645508e-01
3.175306320190429688e-02
5.039430856704711914e-01
1.445769309997558594e+00
1.778111979365348816e-02
1.088013797998428345e-01
1.387327194213867188e+00
7.075554132461547852e-02
8.187065720558166504e-01
0.000000000000000000e+00
9.024290740489959717e-02
1.182788014411926270e+00
1.250666230916976929e-01
8.732424974441528320e-01
3.521786928176879883e-01
1.385439634323120117e+00
1.897034347057342529e-01
2.816416919231414795e-01
0.000000000000000000e+00
1.045058369636535645e+00
7.506771087646484375e-01
1.582182794809341431e-01
2.650409238412976265e-03
2.762342691421508789e+00
3.544922173023223877e-02
5.016059279441833496e-01
1.378682628273963928e-02
1.329330056905746460e-01
1.077760681509971619e-01
0.000000000000000000e+00
2.791369915008544922e+00
1.090585470199584961e+00
6.052615046501159668e-01
6.114948987960815430e-01
8.665718436241149902e-01
1.009683497250080109e-02
1.735211968421936035e+00
0.000000000000000000e+00
3.254186362028121948e-02
8.997742086648941040e-03
0.000000000000000000e+00
1.738088205456733704e-02
9.267310798168182373e-02
2.560738921165466309e-01
0.000000000000000000e+00
7.599170506000518799e-02
2.174884080886840820e-01
1.400495886802673340e+00
3.118044510483741760e-02
3.313697576522827148e-01
4.557334631681442261e-02
1.124112129211425781e+00
0.000000000000000000e+00
0.000000000000000000e+00
7.758883759379386902e-03
2.221740782260894775e-01
8.621823787689208984e-01
7.479691505432128906e-01
3.552133450284600258e-03
1.339423298835754395e+00
0.000000000000000000e+00
8.793765902519226074e-01
1.667858473956584930e-02
1.596665196120738983e-02
1.648430898785591125e-02
0.000000000000000000e+00
7.454551458358764648e-01
8.716527223587036133e-01
1.493705809116363525e-01
1.841245174407958984e+00
8.154110051691532135e-03
1.160101771354675293e+00
1.166632957756519318e-02
1.050927117466926575e-01
6.181415915489196777e-02
1.390089035034179688e+00
6.990758180618286133e-01
4.645972512662410736e-03
2.788031101226806641e-01
2.813714742660522461e-01
5.807789042592048645e-03
1.345590710639953613e+00
4.735458493232727051e-01
9.338782727718353271e-02
6.414129734039306641e-01
3.012950718402862549e-02
1.180950641632080078e+00
5.934060364961624146e-02
2.178703201934695244e-03
2.670836448669433594e-01
1.442807793617248535e+00
1.491963863372802734e+00
0.000000000000000000e+00
1.120919510722160339e-01
2.050776267424225807e-03
9.064726233482360840e-01
2.800622880458831787e-01
2.589737474918365479e-01
6.124309897422790527e-01
0.000000000000000000e+00
4.796695709228515625e-01
6.750950813293457031e-01
6.194436922669410706e-03
8.026835322380065918e-01
9.001374244689941406e-01
8.234070241451263428e-02
1.217235531657934189e-02
4.080699756741523743e-03
2.815991401672363281e+00
8.708465099334716797e-02
7.014729976654052734e-01
7.951856404542922974e-02
1.419979453086853027e+00
2.398456096649169922e+00
6.118654608726501465e-01
4.224539175629615784e-02
8.172837495803833008e-01
0.000000000000000000e+00
2.327173249796032906e-03
