1.580109119415283203e+00
0.000000000000000000e+00
1.067860484123229980e+00
2.107579708099365234e+00
3.008805215358734131e-01
3.007229976356029510e-02
3.377939164638519287e-01
4.486690521240234375e+00
3.210905551910400391e+00
1.540232002735137939e-01
0.000000000000000000e+00
5.695807337760925293e-01
5.793785303831100464e-02
2.130157798528671265e-01
7.402158975601196289e-01
5.096888635307550430e-04
2.198734283447265625e-01
2.386981010437011719e+00
3.052076399326324463e-01
1.873643050203099847e-04
5.185850262641906738e-01
2.539634145796298981e-02
1.859905570745468140e-02
1.617009997367858887e+00
2.581605911254882812e-01
8.098049461841583252e-02
1.619633287191390991e-03
1.482006072998046875e+00
2.556919679045677185e-02
0.000000000000000000e+00
1.748464107513427734e-01
8.752670884132385254e-02
4.712458848953247070e-01
0.000000000000000000e+00
0.000000000000000000e+00
1.504896759986877441e+00
1.213214546442031860e-01
2.575080692768096924e-01
2.175007104873657227e+00
2.936494648456573486e-01
1.738967746496200562e-02
8.116748929023742676e-01
1.543819159269332886e-02
6.474543809890747070e-01
7.077743411064147949e-01
4.632797837257385254e-01
4.841372966766357422e-01
4.002754762768745422e-02
1.176162995398044586e-02
7.118548154830932617e-01
5.194237828254699707e-01
3.414770981180481613e-05
3.499425351619720459e-01
7.926059188321232796e-04
1.495115637779235840e+00
2.689677290618419647e-03
9.162035584449768066e-01
0.000000000000000000e+00
1.204981327056884766e+00
4.651863276958465576e-01
1.091802790760993958e-01
5.900281481444835663e-03
7.057076096534729004e-01
4.692165255546569824e-01
6.213454604148864746e-01
9.678805470466613770e-01
0.000000000000000000e+00
2.174791879951953888e-02
7.319113239645957947e-03
3.466438055038452148e-01
0.000000000000000000e+00
1.568810790777206421e-01
1.044795732013881207e-03
3.048041760921478271e-01
4.328671097755432129e-02
8.900622725486755371e-01
2.453036140650510788e-03
7.204288244247436523e-02
8.140460401773452759e-02
1.631090939044952393e-01
1.975142210721969604e-01
2.878201603889465332e-01
1.831869244575500488e+00
5.306751281023025513e-02
6.233895421028137207e-01
0.000000000000000000e+00
1.247825264930725098e+00
1.849748045206069946e-01
4.436354935169219971e-01
2.809130027890205383e-02
0.000000000000000000e+00
2.675536088645458221e-02
9.578483179211616516e-03
0.000000000000000000e+00
9.188677668571472168e-01
5.399981979280710220e-03
1.438910007476806641e+00
7.560364902019500732e-02
0.000000000000000000e+00
0.000000000000000000e+00
1.243881322443485260e-02
2.019677311182022095e-02
1.705196499824523926e-01
7.025282382965087891e-01
1.511149764060974121e+00
5.726990699768066406e-01
2.102115154266357422e-01
5.691932886838912964e-02
2.061093151569366455e-01
4.662536978721618652e-01
1.076697826385498047e+00
0.000000000000000000e+00
1.432588815689086914e+00
7.013413310050964355e-01
6.102831363677978516e-01
1.295306384563446045e-01
0.000000000000000000e+00
0.000000000000000000e+00
0.000000000000000000e+00
3.141050577163696289e+00
8.280687928199768066e-01
2.205896079540252686e-01
0.000000000000000000e+00
8.952034711837768555e-01
4.337640106678009033e-01
8.468967080116271973e-01
0.000000000000000000e+00
6.655054166913032532e-03
1.803124785423278809e+00
2.225400414317846298e-03
2.481401897966861725e-02
4.923564791679382324e-01
1.577297109179198742e-03
5.769373476505279541e-02
0.000000000000000000e+00
3.025995008647441864e-02
3.534846305847167969e-01
3.550966978073120117e+00
5.097527522593736649e-03
1.045422255992889404e-01
4.688369035720825195e-01
3.091480731964111328e-01
8.611747622489929199e-01
9.447228163480758667e-02
2.246331274509429932e-01
1.892675518989562988e+00
7.547857165336608887e-01
2.227129936218261719e+00
1.111831050366163254e-02
1.087750792503356934e+00
2.215390682220458984e+00
1.145594790577888489e-01
1.000813543796539307e-01
4.411187022924423218e-02
1.874160408973693848e+00
4.543034732341766357e-01
5.721969604492187500e-01
0.000000000000000000e+00
2.244616270065307617e+00
2.931962721049785614e-02
3.674700260162353516e-01
1.592567205429077148e+00
1.888072967529296875e+00
4.901867210865020752e-01
1.545006930828094482e-01
4.921028390526771545e-02
6.947036017663776875e-04
1.885428279638290405e-02
1.498840928077697754e+00
1.799293994903564453e+00
3.342586383223533630e-02
0.000000000000000000e+00
4.391832742840051651e-03
2.645426392555236816e-01
1.022585034370422363e-01
4.847703933715820312e+00
0.000000000000000000e+00
1.464589498937129974e-02
1.639510542154312134e-01
1.347685814835131168e-03
3.570058345794677734e-01
5.641732364892959595e-02
1.772166043519973755e-02
5.463842749595642090e-01
2.160683460533618927e-02
0.000000000000000000e+00
1.100835204124450684e-01
8.766077756881713867e-01
1.094975625164806843e-03
1.564994901418685913e-01
0.000000000000000000e+00
2.943634688854217529e-01
1.073099136352539062e+00
1.798342943191528320e+00
2.468458004295825958e-02
2.629421055316925049e-01
5.353370308876037598e-01
3.512794971466064453e-01
7.322421073913574219e-01
9.611325860023498535e-01
9.791997671127319336e-01
5.895939469337463379e-01
8.824699521064758301e-01
3.626952469348907471e-01
0.000000000000000000e+00
2.868111990392208099e-02
4.947055131196975708e-02
0.000000000000000000e+00
2.997236698865890503e-02
3.491545915603637695e+00
0.000000000000000000e+00
9.676629304885864258e-02
1.436651200056076050e-01
1.383630633354187012e-01
6.858955025672912598e-01
5.683633685111999512e-01
1.108036041259765625e-01
2.313306331634521484e-01
6.094174981117248535e-01
1.152744889259338379e+00
2.584929466247558594e-01
4.552790224552154541e-01
4.052785634994506836e-01
5.487873032689094543e-02
6.542519927024841309e-01
0.000000000000000000e+00
2.202910929918289185e-01
2.481646239757537842e-01
0.000000000000000000e+00
0.000000000000000000e+00
1.028499007225036621e-01
3.215715885162353516e-01
6.187225878238677979e-02
1.578033089637756348e+00
4.247416257858276367e-01
2.710067927837371826e-01
1.279748201370239258e+00
7.488172650337219238e-01
0.000000000000000000e+00
6.600893139839172363e-01
3.754938840866088867e-01
3.091858327388763428e-01
0.000000000000000000e+00
2.377453088760375977e+00
6.691345572471618652e-01
2.486667828634381294e-03
3.717912435531616211e-01
2.471841871738433838e-02
1.903419137001037598e+00
9.570058584213256836e-01
4.431602358818054199e-01
1.947403699159622192e-01
3.310771286487579346e-01
0.000000000000000000e+00
1.154394149780273438e-01
3.796447813510894775e-01
5.678661540150642395e-02
2.452156245708465576e-01
5.405222997069358826e-02
5.284415483474731445e-01
4.305420070886611938e-02
0.000000000000000000e+00
7.160250544548034668e-01
2.317924227099865675e-04
4.700904246419668198e-04
4.219611361622810364e-02
2.051783323287963867e+00
1.240246146917343140e-01
8.864324688911437988e-01
0.000000000000000000e+00
1.485654115676879883e-01
5.389813780784606934e-01
5.720337629318237305e-01
2.409839928150177002e-01
3.337343633174896240e-01
1.689564585685729980e-01
1.975175589323043823e-01
9.746577590703964233e-02
5.988565087318420410e-01
0.000000000000000000e+00
3.081796132028102875e-02
8.829826712608337402e-01
1.034017056226730347e-01
0.000000000000000000e+00
2.049038372933864594e-02
1.624617027118802071e-03
6.692746281623840332e-01
0.000000000000000000e+00
9.110816717147827148e-01
0.000000000000000000e+00
4.980500638484954834e-01
9.190441370010375977e-01
5.299074109643697739e-03
3.138576745986938477e-01
0.000000000000000000e+00
9.228713810443878174e-02
5.428946018218994141e-01
4.901928305625915527e-01
8.654339909553527832e-01
2.788067579269409180e+00
1.003861904144287109e+00
9.742978215217590332e-02
8.293743245303630829e-03
1.708175837993621826e-01
0.000000000000000000e+00
1.455435436218976974e-02
4.135624319314956665e-02
4.754699021577835083e-02
1.089505944401025772e-02
0.000000000000000000e+00
5.799828171730041504e-01
1.688289344310760498e-01
0.000000000000000000e+00
5.652300119400024414e-01
4.925622791051864624e-02
0.000000000000000000e+00
2.795896260067820549e-03
1.034319549798965454e-01
4.057716950774192810e-02
2.009863220155239105e-02
1.089704871177673340e+00
1.046612206846475601e-02
0.000000000000000000e+00
3.537123799324035645e-01
5.948246121406555176e-01
8.581658005714416504e-01
2.044288674369454384e-03
6.298904190771281719e-04
3.142605125904083252e-01
9.459934383630752563e-02
0.000000000000000000e+00
0.000000000000000000e+00
3.953526262193918228e-03
0.000000000000000000e+00
1.064070388674736023e-01
2.655604109168052673e-02
2.119385957717895508e+00
1.834244839847087860e-02
1.786794364452362061e-01
3.176587820053100586e-01
8.837331086397171021e-03
8.840268710628151894e-04
6.030870676040649414e-01
1.525030564516782761e-02
1.058053135871887207e+00
5.572499632835388184e-01
1.511211395263671875e-01
1.793919317424297333e-02
0.000000000000000000e+00
4.171927571296691895e-01
5.386304259300231934e-01
1.752772450447082520e+00
0.000000000000000000e+00
0.000000000000000000e+00
6.949536800384521484e-01
1.579170823097229004e+00
0.000000000000000000e+00
1.039024353027343750e+00
6.964772008359432220e-03
4.718587920069694519e-02
1.208557605743408203e+00
3.021105229854583740e-01
4.160964488983154297e-02
3.303931280970573425e-02
5.590259432792663574e-01
2.934952378273010254e-01
1.172295570373535156e+00
9.691662341356277466e-02
1.521469354629516602e+00
1.707257926464080811e-01
9.592667818069458008e-01
1.655741930007934570e-01
5.397919565439224243e-02
5.703570693731307983e-02
3.831905424594879150e-01
2.876047603785991669e-02
1.672740839421749115e-02
1.978105865418910980e-02
1.851491630077362061e-01
2.811824437230825424e-03
3.007190488278865814e-02
5.094296932220458984e-01
3.178361415863037109e+00
1.491234004497528076e-01
5.847125649452209473e-01
7.778860330581665039e-01
0.000000000000000000e+00
0.000000000000000000e+00
0.000000000000000000e+00
6.004156172275543213e-02
4.702728986740112305e-02
1.900031566619873047e-01
1.988526992499828339e-02
1.046386957168579102e+00
9.272004365921020508e-01
0.000000000000000000e+00
8.554780483245849609e-01
3.993082791566848755e-02
3.291590809822082520e-01
1.131201386451721191e+00
7.384576201438903809e-01
2.183488845825195312e+00
2.853613905608654022e-02
1.660214811563491821e-01
1.880675554275512695e+00
7.200171053409576416e-02
4.451123476028442383e-01
2.868765890598297119e-01
2.730789780616760254e-01
3.924841806292533875e-02
2.906306087970733643e-01
1.591486185789108276e-01
2.909964621067047119e-01
4.305639863014221191e-02
2.469833493232727051e-01
0.000000000000000000e+00
1.037755250930786133e+00
2.190603911876678467e-01
1.065728783607482910e+00
4.452617373317480087e-03
5.575012182816863060e-04
2.625145018100738525e-01
4.741803277283906937e-03
3.399084568023681641e+00
1.456806659698486328e+00
8.843699097633361816e-02
2.321875393390655518e-01
1.572293937206268311e-01
4.017158746719360352e-01
3.262631297111511230e-01
3.108237870037555695e-02
2.671351134777069092e-01
0.000000000000000000e+00
0.000000000000000000e+00
8.747732266783714294e-03
1.015204548835754395e+00
7.303828606382012367e-04
0.000000000000000000e+00
1.620470285415649414e-01
6.792101263999938965e-02
1.858779191970825195e+00
2.061206996440887451e-01
2.910183742642402649e-02
4.699110686779022217e-01
8.900666236877441406e-01
5.759572982788085938e-02
2.014221623539924622e-03
2.211029231548309326e-01
2.230924516916275024e-01
8.079191446304321289e-01
7.966349124908447266e-01
2.101281471550464630e-02
1.576899290084838867e+00
7.510881870985031128e-02
4.640989005565643311e-01
6.346712261438369751e-02
3.652929067611694336e-01
3.492091000080108643e-01
3.442282676696777344e-01
1.317423224449157715e+00
1.431918621063232422e+00
3.101339936256408691e-01
7.197186350822448730e-01
8.318700827658176422e-03
6.622529029846191406e-01
7.355041503906250000e-01
0.000000000000000000e+00
3.753354847431182861e-01
2.688548862934112549e-01
1.155793070793151855e-01
2.537309527397155762e-01
6.493715643882751465e-01
0.000000000000000000e+00
9.219155460596084595e-02
1.050167441368103027e+00
6.329123973846435547e-01
1.164363920688629150e-01
5.416338443756103516e-01
3.099680691957473755e-02
1.284973621368408203e-01
3.442772328853607178e-01
0.000000000000000000e+00
7.474632561206817627e-02
1.482099890708923340e+00
1.159623622894287109e+00
2.333795092999935150e-02
8.248069137334823608e-02
0.000000000000000000e+00
1.291963219642639160e+00
5.044364929199218750e-01
4.678667783737182617e-01
1.244250893592834473e+00
2.794794179499149323e-02
4.097213149070739746e-01
2.190226167440414429e-01
0.000000000000000000e+00
6.893118470907211304e-02
4.420402944087982178e-01
2.724903821945190430e-01
2.751217484474182129e-01
1.733886599540710449e-01
2.530005216598510742e+00
0.000000000000000000e+00
3.489987850189208984e-01
0.000000000000000000e+00
5.951094031333923340e-01
2.251206874847412109e+00
3.456340551376342773e+00
4.268504213541746140e-03
1.976185083389282227e+00
1.701648831367492676e-01
0.000000000000000000e+00
