1.785304427146911621e+00
0.000000000000000000e+00
4.752865061163902283e-02
2.112322092056274414e+00
1.871549189090728760e-01
1.616967469453811646e-01
1.880087256431579590e-01
2.362259387969970703e+00
5.974406719207763672e+00
8.805369138717651367e-01
1.725038886070251465e-01
1.135138392448425293e+00
2.522300481796264648e-01
5.062333345413208008e-01
2.191293478012084961e+00
9.021346271038055420e-02
7.823014259338378906e-01
2.409415721893310547e+00
5.749693512916564941e-01
1.242718007415533066e-02
1.125187635421752930e+00
0.000000000000000000e+00
1.652642898261547089e-02
2.311511039733886719e+00
3.510843962430953979e-02
7.708111312240362167e-03
1.557745691388845444e-02
1.473677754402160645e+00
4.980546981096267700e-02
1.819186145439743996e-03
1.070411177352070808e-03
9.459081105887889862e-03
1.634106189012527466e-01
3.446924686431884766e-02
1.216994002461433411e-01
2.657215833663940430e+00
4.846045076847076416e-01
1.445259749889373779e-01
5.959712862968444824e-01
2.551969885826110840e-01
2.441287934780120850e-01
4.098930954933166504e-01
3.492646813392639160e-01
1.936788916587829590e+00
2.982377409934997559e-01
8.524580597877502441e-01
3.039936423301696777e-01
1.215580701828002930e+00
2.697383165359497070e-01
1.650810003280639648e+00
2.012404680252075195e+00
8.656453341245651245e-03
1.645367980003356934e+00
1.505376072600483894e-03
1.690401196479797363e+00
8.806646801531314850e-03
2.352665513753890991e-01
6.176229193806648254e-02
1.616252303123474121e+00
1.045939803123474121e+00
1.733701676130294800e-01
6.070620939135551453e-02
1.752919703722000122e-02
1.012031197547912598e+00
1.614668846130371094e+00
8.873237967491149902e-01
0.000000000000000000e+00
9.182736277580261230e-02
3.096518516540527344e-01
2.939627766609191895e-01
0.000000000000000000e+00
1.307942271232604980e-01
4.941076040267944336e-01
2.015251219272613525e-01
3.388582170009613037e-01
2.442624807357788086e+00
5.905722733587026596e-03
2.020410448312759399e-01
4.114690050482749939e-02
8.320648670196533203e-01
1.604583859443664551e-01
2.404915541410446167e-01
2.125698089599609375e+00
8.957100659608840942e-02
2.109766244888305664e+00
4.621873795986175537e-02
1.714591503143310547e+00
1.282394975423812866e-01
8.717606067657470703e-01
2.793328836560249329e-03
4.430818930268287659e-02
4.263768717646598816e-02
0.000000000000000000e+00
0.000000000000000000e+00
3.554225862026214600e-01
1.081265449523925781e+00
1.153608322143554688e+00
4.806820452213287354e-01
0.000000000000000000e+00
2.741526113823056221e-03
0.000000000000000000e+00
6.435949206352233887e-01
2.298463284969329834e-01
4.741451442241668701e-01
9.475233554840087891e-01
8.136221766471862793e-02
1.610779047012329102e+00
2.583629786968231201e-01
3.868072628974914551e-01
9.948326647281646729e-02
1.270162940025329590e+00
0.000000000000000000e+00
1.101801991462707520e+00
8.475948572158813477e-01
6.568700671195983887e-01
1.458501792512834072e-03
0.000000000000000000e+00
0.000000000000000000e+00
2.180693894624710083e-01
3.386522293090820312e+00
5.507713556289672852e-01
3.537302613258361816e-01
0.000000000000000000e+00
1.744086503982543945e+00
7.854984402656555176e-01
1.918542981147766113e+00
0.000000000000000000e+00
3.679904341697692871e-01
1.479733228683471680e+00
4.297232925891876221e-01
9.300453588366508484e-03
6.972679495811462402e-01
4.122569411993026733e-02
6.225688382983207703e-02
1.829318255186080933e-01
0.000000000000000000e+00
3.918312788009643555e-01
4.916841506958007812e+00
0.000000000000000000e+00
5.908325910568237305e-01
3.919788897037506104e-01
1.980850994586944580e-01
1.474952220916748047e+00
3.198105469346046448e-02
2.148567140102386475e-01
1.148684859275817871e+00
1.134075641632080078e+00
9.646357297897338867e-01
4.810221791267395020e-01
3.321774005889892578e-01
4.661462783813476562e+00
3.744919225573539734e-02
4.124129414558410645e-01
6.502791047096252441e-01
1.523180842399597168e+00
1.169915795326232910e+00
5.014079809188842773e-02
6.036264821887016296e-02
2.568291425704956055e+00
0.000000000000000000e+00
2.920992374420166016e-01
1.522502660751342773e+00
5.894166827201843262e-01
3.190692663192749023e-01
1.212271526455879211e-01
3.951022028923034668e-01
0.000000000000000000e+00
0.000000000000000000e+00
1.588013172149658203e+00
2.271875143051147461e+00
1.276240199804306030e-01
4.001416731625795364e-03
4.697498306632041931e-02
8.099234104156494141e-01
5.072506666183471680e-01
7.991046428680419922e+00
0.000000000000000000e+00
2.332206629216670990e-02
5.461150780320167542e-02
1.813888363540172577e-02
0.000000000000000000e+00
1.267739832401275635e-01
0.000000000000000000e+00
2.112521648406982422e+00
8.135380744934082031e-01
0.000000000000000000e+00
0.000000000000000000e+00
8.810847997665405273e-01
2.941903285682201385e-02
0.000000000000000000e+00
0.000000000000000000e+00
1.004068031907081604e-01
1.191701412200927734e+00
6.835155487060546875e-01
1.525039672851562500e-01
1.987552195787429810e-01
1.150655627250671387e+00
1.897345483303070068e-01
6.135726571083068848e-01
8.144626617431640625e-01
1.473941206932067871e+00
8.291549682617187500e-01
2.904929816722869873e-01
2.497628778219223022e-01
9.826856665313243866e-03
2.373867464484646916e-04
1.549883186817169189e-01
4.632519558072090149e-02
1.781503483653068542e-02
2.874945163726806641e+00
0.000000000000000000e+00
0.000000000000000000e+00
2.454719543457031250e-01
4.464548230171203613e-01
9.743785262107849121e-01
1.236851572990417480e+00
4.625953137874603271e-01
2.359840124845504761e-01
9.410335421562194824e-01
9.194790124893188477e-01
0.000000000000000000e+00
9.757178276777267456e-02
4.777548313140869141e-01
4.094065353274345398e-02
6.391944885253906250e-01
0.000000000000000000e+00
1.535781193524599075e-02
7.562310695648193359e-01
3.888194682076573372e-03
0.000000000000000000e+00
3.463152647018432617e-01
5.551111325621604919e-02
4.737769067287445068e-01
3.097479820251464844e+00
1.908321678638458252e-01
9.588797092437744141e-01
1.574200868606567383e+00
6.046788096427917480e-01
2.581940963864326477e-02
5.442973971366882324e-01
1.917744614183902740e-02
1.348195374011993408e-01
0.000000000000000000e+00
1.881052374839782715e+00
5.141942501068115234e-01
3.234475255012512207e-01
2.932938635349273682e-01
0.000000000000000000e+00
1.788944005966186523e+00
1.512636780738830566e+00
8.409480750560760498e-02
2.631281018257141113e-01
3.590608015656471252e-02
5.672379732131958008e-01
9.309223294258117676e-01
5.528499558568000793e-02
3.999219462275505066e-02
1.296045491471886635e-03
1.203798572532832623e-03
2.051153033971786499e-02
1.398028850555419922e+00
1.627775281667709351e-01
5.486452952027320862e-03
0.000000000000000000e+00
0.000000000000000000e+00
9.859628975391387939e-03
1.914192318916320801e+00
2.523714676499366760e-02
6.303313970565795898e-01
1.923482492566108704e-02
8.641548752784729004e-01
1.842912659049034119e-02
5.839554667472839355e-01
6.814119964838027954e-02
1.577619016170501709e-01
1.196516156196594238e-01
1.197000686079263687e-02
2.220026403665542603e-01
1.136269211769104004e+00
4.993723332881927490e-02
0.000000000000000000e+00
5.607609152793884277e-01
2.011860460042953491e-01
3.859088197350502014e-02
1.967342346906661987e-01
3.897078707814216614e-02
1.177766084671020508e+00
0.000000000000000000e+00
5.311268568038940430e-01
0.000000000000000000e+00
1.533198595046997070e+00
1.635408282279968262e+00
7.273681759834289551e-01
0.000000000000000000e+00
2.928681438788771629e-03
1.315847039222717285e-01
1.951259225606918335e-01
4.212052822113037109e-01
1.579079627990722656e+00
4.614164829254150391e+00
1.158352851867675781e+00
3.423098623752593994e-01
1.511227488517761230e-01
1.743614822626113892e-01
1.155695244669914246e-01
5.890932399779558182e-03
4.953539464622735977e-03
0.000000000000000000e+00
1.457171281799674034e-03
5.050951614975929260e-02
3.302702605724334717e-01
1.313465833663940430e-02
5.888492334634065628e-03
1.097081542015075684e+00
1.058394163846969604e-01
8.748757094144821167e-02
0.000000000000000000e+00
1.023487225174903870e-01
5.392776727676391602e-01
0.000000000000000000e+00
7.298179864883422852e-01
0.000000000000000000e+00
8.935521543025970459e-02
6.466760039329528809e-01
2.234694808721542358e-01
4.949411451816558838e-01
1.890641748905181885e-01
0.000000000000000000e+00
7.412415742874145508e-01
6.963010430335998535e-01
0.000000000000000000e+00
4.407539218664169312e-02
0.000000000000000000e+00
0.000000000000000000e+00
1.329399086534976959e-02
1.658324450254440308e-01
1.746958374977111816e+00
6.493107229471206665e-02
1.058804750442504883e+00
9.459443092346191406e-01
0.000000000000000000e+00
2.331492258235812187e-03
3.933103382587432861e-01
2.991379424929618835e-02
9.300281405448913574e-01
9.996223449707031250e-01
0.000000000000000000e+00
9.898097254335880280e-03
1.114336587488651276e-02
5.001566410064697266e-01
5.420793294906616211e-01
1.332702875137329102e+00
2.517284080386161804e-02
0.000000000000000000e+00
3.764687106013298035e-02
8.411829471588134766e-01
0.000000000000000000e+00
1.039244607090950012e-01
0.000000000000000000e+00
1.899717599153518677e-01
5.213978886604309082e-01
9.855553507804870605e-02
1.602900177240371704e-01
1.752995401620864868e-01
6.545478701591491699e-01
1.760148882865905762e+00
3.467616438865661621e-01
1.516730666160583496e+00
2.246152877807617188e+00
0.000000000000000000e+00
2.883971035480499268e-01
9.508835077285766602e-01
7.569532096385955811e-02
5.616811513900756836e-01
2.143964916467666626e-01
0.000000000000000000e+00
8.142688870429992676e-02
0.000000000000000000e+00
3.993834555149078369e-01
5.045012235641479492e-01
9.820419549942016602e-02
3.086871385574340820e+00
3.275373458862304688e+00
8.842147588729858398e-01
0.000000000000000000e+00
5.491091012954711914e-01
1.898739300668239594e-02
0.000000000000000000e+00
0.000000000000000000e+00
1.092475256882607937e-03
2.189173698425292969e-01
1.078822091221809387e-01
0.000000000000000000e+00
4.093496128916740417e-02
5.484430119395256042e-02
1.089711263775825500e-01
8.423269391059875488e-01
1.364599820226430893e-02
8.936683088541030884e-02
1.553933978080749512e+00
2.017908729612827301e-02
1.040401339530944824e+00
0.000000000000000000e+00
5.474995970726013184e-01
1.245049238204956055e+00
2.749699056148529053e-01
1.118927955627441406e+00
3.423382937908172607e-01
8.576825261116027832e-01
2.511532008647918701e-01
4.332573711872100830e-01
0.000000000000000000e+00
5.958887338638305664e-01
6.400155425071716309e-01
1.246850937604904175e-01
0.000000000000000000e+00
2.188633680343627930e+00
8.756548911333084106e-02
5.069030076265335083e-02
8.988962322473526001e-02
1.313190758228302002e-01
2.598080039024353027e-01
0.000000000000000000e+00
2.098829746246337891e+00
1.046565890312194824e+00
1.765115857124328613e-01
4.315393269062042236e-01
1.772301793098449707e+00
0.000000000000000000e+00
1.022836446762084961e+00
0.000000000000000000e+00
2.784536182880401611e-01
2.955840900540351868e-04
0.000000000000000000e+00
0.000000000000000000e+00
1.513498425483703613e-01
1.961881816387176514e-01
0.000000000000000000e+00
0.000000000000000000e+00
4.348057508468627930e-02
2.291617155075073242e+00
2.358951140195131302e-03
1.159120276570320129e-01
3.994502425193786621e-01
8.689224720001220703e-01
4.580713342875242233e-03
0.000000000000000000e+00
1.737773604691028595e-02
2.082819640636444092e-01
1.290018916130065918e+00
4.940892755985260010e-01
1.982498448342084885e-03
1.574734687805175781e+00
4.294355958700180054e-02
4.661745727062225342e-01
0.000000000000000000e+00
5.589215829968452454e-02
8.858685195446014404e-02
0.000000000000000000e+00
7.088066935539245605e-01
9.362707734107971191e-01
4.042860567569732666e-01
1.405748128890991211e+00
3.017433732748031616e-02
8.689867854118347168e-01
0.000000000000000000e+00
2.778688073158264160e-01
5.026520490646362305e-01
9.954516291618347168e-01
6.025296449661254883e-01
0.000000000000000000e+00
9.741328656673431396e-02
3.714406490325927734e-02
1.498542493209242821e-03
1.352623701095581055e+00
4.079807400703430176e-01
4.623815789818763733e-02
3.517071902751922607e-01
6.318346410989761353e-02
7.337635159492492676e-01
2.142605036497116089e-01
0.000000000000000000e+00
3.551641106605529785e-02
1.028520464897155762e+00
1.758605957031250000e+00
1.779521000571548939e-03
5.255783796310424805e-01
5.152980238199234009e-02
1.523274660110473633e+00
2.450368404388427734e-01
1.908532679080963135e-01
4.513951539993286133e-01
0.000000000000000000e+00
8.277524113655090332e-01
2.503735125064849854e-01
9.365309029817581177e-02
1.332892775535583496e-01
8.246327638626098633e-01
1.688221246004104614e-01
5.985641852021217346e-02
0.000000000000000000e+00
2.359563112258911133e+00
5.977629870176315308e-02
1.192939400672912598e+00
2.403721213340759277e-01
1.482897400856018066e+00
2.575497388839721680e+00
8.692525029182434082e-01
2.969455346465110779e-02
1.079532742500305176e+00
1.771740429103374481e-02
8.038452826440334320e-03
