1.087200641632080078e+00
0.000000000000000000e+00
2.351677119731903076e-01
2.604971408843994141e+00
2.830999791622161865e-01
2.250655442476272583e-01
6.096348762512207031e-01
3.719140768051147461e+00
5.958975315093994141e+00
1.173684120178222656e+00
1.355081498622894287e-01
1.917199850082397461e+00
1.203173492103815079e-02
4.189709424972534180e-01
2.045239686965942383e+00
2.024475932121276855e-01
6.917556524276733398e-01
1.598278880119323730e+00
4.450793266296386719e-01
0.000000000000000000e+00
1.048648118972778320e+00
0.000000000000000000e+00
1.851419657468795776e-01
2.933559417724609375e+00
4.716474935412406921e-02
2.853723708540201187e-03
1.746616791933774948e-03
1.193257093429565430e+00
1.854907423257827759e-01
1.610961556434631348e-02
0.000000000000000000e+00
0.000000000000000000e+00
7.383349537849426270e-01
6.862252205610275269e-02
9.096088260412216187e-02
3.353377819061279297e+00
3.508202731609344482e-01
3.444905951619148254e-02
3.050162196159362793e-01
3.954906463623046875e-01
1.453435570001602173e-01
4.239061176776885986e-01
2.874673008918762207e-01
2.081301689147949219e+00
2.410656809806823730e-01
7.376651763916015625e-01
9.089495986700057983e-02
1.079656124114990234e+00
1.734095960855484009e-01
1.762239336967468262e+00
2.766959190368652344e+00
0.000000000000000000e+00
1.449071764945983887e+00
0.000000000000000000e+00
2.070339918136596680e+00
3.072083741426467896e-02
1.331458687782287598e-01
1.073092818260192871e-01
2.558364152908325195e+00
8.228548765182495117e-01
5.636027827858924866e-02
8.628623932600021362e-02
1.499694585800170898e-02
5.466319918632507324e-01
1.265456557273864746e+00
1.125147700309753418e+00
1.663634367287158966e-02
2.341352403163909912e-01
2.337908148765563965e-01
4.516236484050750732e-01
0.000000000000000000e+00
8.854738436639308929e-03
8.054155111312866211e-02
1.022568568587303162e-01
3.984820246696472168e-01
1.423393726348876953e+00
0.000000000000000000e+00
7.533242106437683105e-01
0.000000000000000000e+00
9.636660218238830566e-01
3.455910384654998779e-01
7.037628889083862305e-01
2.187553644180297852e+00
1.573592424392700195e-01
2.495600700378417969e+00
2.300832979381084442e-02
1.834484100341796875e+00
9.270553290843963623e-02
3.588767051696777344e-01
1.451982650905847549e-02
5.000016093254089355e-02
6.783503340557217598e-04
0.000000000000000000e+00
0.000000000000000000e+00
4.459572434425354004e-01
7.981498837471008301e-01
1.010517358779907227e+00
8.986738324165344238e-01
2.515758015215396881e-02
2.433519512123893946e-05
0.000000000000000000e+00
4.148309230804443359e-01
2.661629021167755127e-01
1.308275461196899414e+00
9.676380157470703125e-01
1.862709820270538330e-01
1.497439742088317871e+00
1.703211367130279541e-01
4.440507888793945312e-01
2.044760584831237793e-01
1.379899024963378906e+00
0.000000000000000000e+00
9.098821878433227539e-01
9.710893034934997559e-01
6.542567014694213867e-01
8.765099942684173584e-02
5.008478462696075439e-02
8.940892294049263000e-03
7.145833373069763184e-01
3.107941865921020508e+00
2.487409263849258423e-01
1.859081536531448364e-01
0.000000000000000000e+00
1.643737792968750000e+00
2.220441848039627075e-01
1.938721776008605957e+00
0.000000000000000000e+00
2.144597023725509644e-01
1.755470991134643555e+00
1.381541460432345048e-05
7.629079371690750122e-02
9.238614439964294434e-01
8.270334452390670776e-02
1.013498082756996155e-01
9.016142785549163818e-02
0.000000000000000000e+00
1.184974387288093567e-01
5.137536525726318359e+00
0.000000000000000000e+00
8.668839931488037109e-01
1.484007537364959717e-01
3.731333613395690918e-01
1.349243164062500000e+00
8.418659679591655731e-03
1.961817033588886261e-03
9.247180819511413574e-01
1.074279904365539551e+00
7.333976626396179199e-01
1.035106897354125977e+00
3.608929216861724854e-01
5.073670864105224609e+00
1.192885041236877441e-01
4.919683635234832764e-01
4.598328173160552979e-01
1.614344358444213867e+00
1.200213193893432617e+00
1.057750135660171509e-01
5.966271739453077316e-03
2.925561904907226562e+00
0.000000000000000000e+00
3.741122037172317505e-02
9.528778791427612305e-01
1.048014402389526367e+00
2.614017128944396973e-01
4.957262873649597168e-01
1.713587641716003418e-01
0.000000000000000000e+00
0.000000000000000000e+00
1.473191857337951660e+00
1.986098289489746094e+00
1.791815459728240967e-01
7.958578877151012421e-03
0.000000000000000000e+00
8.282606005668640137e-01
3.832569420337677002e-01
8.520524024963378906e+00
5.451755970716476440e-02
0.000000000000000000e+00
6.317638326436281204e-03
0.000000000000000000e+00
9.344799444079399109e-03
1.743755489587783813e-02
0.000000000000000000e+00
1.884602069854736328e+00
8.101893663406372070e-01
0.000000000000000000e+00
6.812909245491027832e-02
1.098605036735534668e+00
2.668572962284088135e-02
5.013534333556890488e-03
0.000000000000000000e+00
0.000000000000000000e+00
1.472732186317443848e+00
6.621782779693603516e-01
2.817080020904541016e-01
1.399091333150863647e-01
1.186018943786621094e+00
3.252606093883514404e-01
5.791653990745544434e-01
6.985064744949340820e-01
1.197908401489257812e+00
7.463873624801635742e-01
1.921346187591552734e-01
1.543555557727813721e-01
8.574171364307403564e-02
5.785960704088211060e-03
1.987225860357284546e-01
1.566996797919273376e-02
2.455137204378843307e-03
2.383566617965698242e+00
1.309660263359546661e-02
4.576446861028671265e-02
8.791271597146987915e-02
6.187475323677062988e-01
6.589854955673217773e-01
3.989774286746978760e-01
1.306973397731781006e-01
5.953621864318847656e-01
9.697782397270202637e-01
8.786356449127197266e-01
6.663220934569835663e-03
3.845666050910949707e-01
9.418802857398986816e-01
1.458117365837097168e-01
1.857878416776657104e-01
0.000000000000000000e+00
1.804444044828414917e-01
9.540538489818572998e-02
0.000000000000000000e+00
2.763299271464347839e-03
3.824389278888702393e-01
2.334507554769515991e-02
1.274924278259277344e+00
2.327597856521606445e+00
6.662209033966064453e-01
5.674520730972290039e-01
2.408273220062255859e+00
1.007608532905578613e+00
0.000000000000000000e+00
5.391524434089660645e-01
5.302508920431137085e-02
2.099043130874633789e-01
0.000000000000000000e+00
1.453369379043579102e+00
6.199690103530883789e-01
2.892366349697113037e-01
4.894775748252868652e-01
5.232794792391359806e-04
2.045855045318603516e+00
1.494723439216613770e+00
1.256815940141677856e-01
2.471012473106384277e-01
0.000000000000000000e+00
1.509801596403121948e-01
7.232030630111694336e-01
1.396285593509674072e-01
1.517217373475432396e-03
0.000000000000000000e+00
1.283004786819219589e-02
3.857029229402542114e-02
1.088759541511535645e+00
7.546899467706680298e-02
4.730907268822193146e-03
2.311380021274089813e-02
0.000000000000000000e+00
3.126021474599838257e-03
2.374834060668945312e+00
1.972712017595767975e-02
7.910023927688598633e-01
2.208775430917739868e-01
1.117235541343688965e+00
6.762352585792541504e-02
8.231664896011352539e-01
4.066200554370880127e-02
4.564884901046752930e-01
4.177587628364562988e-01
1.683511026203632355e-02
8.620069175958633423e-02
1.349992036819458008e+00
1.434596534818410873e-02
0.000000000000000000e+00
9.466950297355651855e-01
3.311316668987274170e-01
1.768679320812225342e-01
1.065470650792121887e-01
3.295817077159881592e-01
1.566048979759216309e+00
5.046972259879112244e-02
5.925523862242698669e-02
0.000000000000000000e+00
1.292372941970825195e+00
1.120136260986328125e+00
7.688810825347900391e-01
8.015941828489303589e-03
1.885565370321273804e-02
2.607989311218261719e-01
4.185419678688049316e-01
1.299816370010375977e-01
1.319264650344848633e+00
5.404269218444824219e+00
9.061654210090637207e-01
5.269675254821777344e-01
1.303129792213439941e-01
3.607765436172485352e-01
0.000000000000000000e+00
0.000000000000000000e+00
5.463073402643203735e-02
0.000000000000000000e+00
0.000000000000000000e+00
1.566094905138015747e-01
1.990614086389541626e-01
1.498637348413467407e-02
1.204173360019922256e-02
9.450547695159912109e-01
1.016385778784751892e-01
7.901252061128616333e-02
0.000000000000000000e+00
2.616493962705135345e-02
3.362057805061340332e-01
0.000000000000000000e+00
1.630805015563964844e+00
0.000000000000000000e+00
4.866992123425006866e-03
4.933347105979919434e-01
3.644963502883911133e-01
4.147139489650726318e-01
1.059311032295227051e-01
0.000000000000000000e+00
8.656683564186096191e-01
5.309649109840393066e-01
8.396329940296709538e-04
1.114467065781354904e-02
0.000000000000000000e+00
0.000000000000000000e+00
0.000000000000000000e+00
2.186533361673355103e-01
1.586390256881713867e+00
6.100911274552345276e-02
4.940412342548370361e-01
5.630116462707519531e-01
0.000000000000000000e+00
0.000000000000000000e+00
4.346396028995513916e-02
1.519690733402967453e-02
8.707491755485534668e-01
1.024667263031005859e+00
9.553199633955955505e-03
0.000000000000000000e+00
2.695284783840179443e-02
5.141964554786682129e-01
9.139279723167419434e-01
1.294809341430664062e+00
0.000000000000000000e+00
0.000000000000000000e+00
3.509010374546051025e-02
1.205178976058959961e+00
5.192159442231059074e-04
2.676704153418540955e-02
0.000000000000000000e+00
2.967896163463592529e-01
1.247970089316368103e-01
8.764337003231048584e-02
2.929760888218879700e-02
1.924777477979660034e-01
8.651118278503417969e-01
1.860262155532836914e+00
6.975958347320556641e-01
1.250091791152954102e+00
2.040245056152343750e+00
0.000000000000000000e+00
1.524938791990280151e-01
7.536484003067016602e-01
3.939544558525085449e-01
4.128624200820922852e-01
3.055990636348724365e-01
0.000000000000000000e+00
1.179945003241300583e-02
3.818185534328222275e-03
3.781096041202545166e-01
7.554988861083984375e-01
2.133456431329250336e-02
3.391264915466308594e+00
3.231046676635742188e+00
6.781850457191467285e-01
2.851082757115364075e-02
7.458978891372680664e-01
6.050128024071455002e-03
0.000000000000000000e+00
0.000000000000000000e+00
4.832204058766365051e-02
1.021797806024551392e-01
1.322453562170267105e-02
0.000000000000000000e+00
1.248828545212745667e-01
3.558994829654693604e-01
3.619394898414611816e-01
1.126860976219177246e+00
5.618273839354515076e-02
1.740448363125324249e-02
1.207705855369567871e+00
3.235334903001785278e-02
3.980581164360046387e-01
0.000000000000000000e+00
2.078663706779479980e-01
1.356319904327392578e+00
5.116748809814453125e-02
8.002384305000305176e-01
1.874660849571228027e-01
1.281273603439331055e+00
6.126965582370758057e-02
1.150479167699813843e-01
1.542020495980978012e-02
8.069611787796020508e-01
8.705011010169982910e-01
2.293970137834548950e-01
0.000000000000000000e+00
2.092583179473876953e+00
0.000000000000000000e+00
2.260950393974781036e-02
7.861196063458919525e-03
8.934669941663742065e-02
1.981839537620544434e-01
0.000000000000000000e+00
3.269990444183349609e+00
5.869918465614318848e-01
5.260411500930786133e-01
6.925855875015258789e-01
1.732244133949279785e+00
0.000000000000000000e+00
1.554006457328796387e+00
4.188977647572755814e-03
1.147096604108810425e-01
0.000000000000000000e+00
0.000000000000000000e+00
0.000000000000000000e+00
1.337628364562988281e-01
1.507271528244018555e-01
5.836057476699352264e-03
0.000000000000000000e+00
4.912503957748413086e-01
2.059886217117309570e+00
0.000000000000000000e+00
4.050475731492042542e-02
2.853998243808746338e-01
1.651297688484191895e+00
4.621207714080810547e-02
1.249892287887632847e-03
1.332326382398605347e-01
1.682711988687515259e-01
1.354937791824340820e+00
4.116733968257904053e-01
0.000000000000000000e+00
1.731376647949218750e+00
1.017146557569503784e-02
8.053584098815917969e-01
0.000000000000000000e+00
2.186401486396789551e-01
2.862679306417703629e-03
0.000000000000000000e+00
1.310065150260925293e+00
1.220474958419799805e+00
6.052242517471313477e-01
1.940574288368225098e+00
2.811694517731666565e-03
1.450171828269958496e+00
6.705522537231445312e-02
1.871955394744873047e-01
2.082713693380355835e-01
7.449102401733398438e-01
3.445548117160797119e-01
4.987881518900394440e-03
3.491816222667694092e-01
2.752702236175537109e-01
3.716177865862846375e-02
1.803754329681396484e+00
1.379632502794265747e-01
1.155804563313722610e-02
1.359113305807113647e-01
1.427831011824309826e-03
5.099910497665405273e-01
3.961036503314971924e-01
9.247316047549247742e-03
1.944525539875030518e-02
6.511795520782470703e-01
1.706732630729675293e+00
3.024928970262408257e-03
3.360738158226013184e-01
1.381332892924547195e-02
1.048319816589355469e+00
1.245842128992080688e-01
1.700863838195800781e-01
1.035700678825378418e+00
0.000000000000000000e+00
7.662777900695800781e-01
1.110853314399719238e+00
1.056595891714096069e-01
8.417584747076034546e-02
5.150328278541564941e-01
5.945182219147682190e-02
3.073876909911632538e-02
0.000000000000000000e+00
2.800570011138916016e+00
4.107615910470485687e-03
7.789233326911926270e-01
2.416442334651947021e-01
1.411502718925476074e+00
3.015455007553100586e+00
5.976133942604064941e-01
4.637955129146575928e-02
1.187304496765136719e+00
0.000000000000000000e+00
0.000000000000000000e+00
