1.386215806007385254e+00
2.180234063416719437e-03
1.122373044490814209e-01
2.116966724395751953e+00
5.201074108481407166e-02
4.078363478183746338e-01
7.325724363327026367e-01
3.096741676330566406e+00
5.758425712585449219e+00
9.625827670097351074e-01
3.057142160832881927e-02
1.653515338897705078e+00
5.728483200073242188e-01
3.262264728546142578e-01
2.270528554916381836e+00
3.663563728332519531e-02
5.701726078987121582e-01
1.946347117424011230e+00
1.301007390022277832e+00
0.000000000000000000e+00
1.133066654205322266e+00
0.000000000000000000e+00
1.521079614758491516e-02
2.461963891983032227e+00
2.208752483129501343e-01
0.000000000000000000e+00
4.385416209697723389e-02
1.352424144744873047e+00
7.401089183986186981e-03
0.000000000000000000e+00
0.000000000000000000e+00
0.000000000000000000e+00
8.436188697814941406e-01
3.160448279231786728e-03
0.000000000000000000e+00
2.918987035751342773e+00
2.140797525644302368e-01
2.962263822555541992e-01
6.799948215484619141e-01
4.272493347525596619e-02
1.121915578842163086e-01
6.477441191673278809e-01
5.472677350044250488e-01
2.178013563156127930e+00
1.463296264410018921e-01
6.188769936561584473e-01
2.065916657447814941e-01
1.108338713645935059e+00
3.743526339530944824e-01
1.122673630714416504e+00
1.318542957305908203e+00
0.000000000000000000e+00
1.805282115936279297e+00
0.000000000000000000e+00
2.604450941085815430e+00
2.632455229759216309e-01
5.816035866737365723e-01
2.016825079917907715e-01
1.967009544372558594e+00
8.226983547210693359e-01
4.223881959915161133e-01
4.268837571144104004e-01
1.412518769502639771e-01
8.734316229820251465e-01
1.259659051895141602e+00
1.041799426078796387e+00
0.000000000000000000e+00
3.614028543233871460e-02
4.998695850372314453e-02
9.582086205482482910e-01
0.000000000000000000e+00
1.045076269656419754e-02
4.297740757465362549e-01
6.832180079072713852e-04
7.420222759246826172e-01
1.664402484893798828e+00
1.152844633907079697e-04
6.539248228073120117e-01
5.168813746422529221e-03
6.325519680976867676e-01
7.295636832714080811e-02
6.648858189582824707e-01
1.850962638854980469e+00
5.392995104193687439e-02
2.471724510192871094e+00
4.012092016637325287e-03
1.042363643646240234e+00
9.343466162681579590e-02
7.029857635498046875e-01
3.679347038269042969e-02
2.236671047285199165e-03
4.827634617686271667e-02
0.000000000000000000e+00
0.000000000000000000e+00
4.554758667945861816e-01
2.340992838144302368e-01
1.320921301841735840e+00
7.543849349021911621e-01
1.416681334376335144e-03
6.105831637978553772e-02
0.000000000000000000e+00
2.838626801967620850e-01
8.639693260192871094e-02
1.155768036842346191e+00
1.393021225929260254e+00
4.053619503974914551e-01
1.529124617576599121e+00
2.206002734601497650e-02
3.420777022838592529e-01
7.053044438362121582e-02
1.377878427505493164e+00
0.000000000000000000e+00
1.991729378700256348e+00
9.309105277061462402e-01
4.282526969909667969e-01
1.203392744064331055e-01
0.000000000000000000e+00
0.000000000000000000e+00
2.458155155181884766e-03
2.988283157348632812e+00
1.764443069696426392e-01
2.458373010158538818e-01
2.157960319891571999e-03
1.304240584373474121e+00
4.906415343284606934e-01
2.376116752624511719e+00
0.000000000000000000e+00
1.213298738002777100e-02
2.384156227111816406e+00
2.458535581827163696e-01
0.000000000000000000e+00
4.215877950191497803e-01
1.868783123791217804e-02
3.205285593867301941e-02
0.000000000000000000e+00
0.000000000000000000e+00
4.173846542835235596e-01
4.790800094604492188e+00
0.000000000000000000e+00
3.379885554313659668e-01
7.337779402732849121e-01
5.289311408996582031e-01
1.323727488517761230e+00
8.679158985614776611e-03
1.224946975708007812e-01
1.686523199081420898e+00
6.666398048400878906e-01
1.702127575874328613e+00
5.006740093231201172e-01
5.520213842391967773e-01
4.285941600799560547e+00
1.665935851633548737e-02
2.726407349109649658e-01
4.612436890602111816e-01
1.566590905189514160e+00
4.881770014762878418e-01
6.582187861204147339e-02
2.357071638107299805e-02
2.213430166244506836e+00
0.000000000000000000e+00
1.132800057530403137e-01
1.234929561614990234e+00
9.094617962837219238e-01
2.541332840919494629e-01
1.220424622297286987e-01
2.651245705783367157e-02
0.000000000000000000e+00
0.000000000000000000e+00
1.095772504806518555e+00
1.912730932235717773e+00
1.625068038702011108e-01
0.000000000000000000e+00
0.000000000000000000e+00
7.815039157867431641e-01
1.727297715842723846e-02
8.602666854858398438e+00
0.000000000000000000e+00
1.275774789974093437e-03
8.930435404181480408e-03
3.703797236084938049e-02
1.395850181579589844e-01
3.031349182128906250e-02
0.000000000000000000e+00
1.315613389015197754e+00
2.857653498649597168e-01
0.000000000000000000e+00
0.000000000000000000e+00
1.410680890083312988e+00
0.000000000000000000e+00
0.000000000000000000e+00
0.000000000000000000e+00
5.550899659283459187e-04
1.499131798744201660e+00
6.116082668304443359e-01
0.000000000000000000e+00
4.185671508312225342e-01
9.381307363510131836e-01
4.952960908412933350e-01
4.296403527259826660e-01
1.382959485054016113e+00
1.789449810981750488e+00
9.662495851516723633e-01
3.184149265289306641e-01
1.086622402071952820e-01
1.068212278187274933e-02
5.792039632797241211e-02
6.050612311810255051e-03
1.747096516191959381e-02
1.101459725759923458e-03
2.957518339157104492e+00
1.336128357797861099e-02
3.205962851643562317e-02
1.990717202425003052e-01
2.356386780738830566e-01
8.976265788078308105e-01
1.007514715194702148e+00
5.167743563652038574e-01
8.187650442123413086e-01
6.159046888351440430e-01
1.231924891471862793e+00
3.974455967545509338e-02
1.481057107448577881e-01
7.878187298774719238e-01
4.206131398677825928e-02
5.836538076400756836e-01
0.000000000000000000e+00
3.753065764904022217e-01
1.111495420336723328e-01
0.000000000000000000e+00
0.000000000000000000e+00
4.164481461048126221e-01
4.825508594512939453e-02
9.796006679534912109e-01
2.532063722610473633e+00
7.627848982810974121e-01
1.244493246078491211e+00
1.631876111030578613e+00
9.705053567886352539e-01
0.000000000000000000e+00
3.234924077987670898e-01
8.083506673574447632e-02
1.339625120162963867e-01
1.683970242738723755e-01
2.207472562789916992e+00
2.403636574745178223e-01
2.197263389825820923e-01
5.798660516738891602e-01
1.599055901169776917e-02
2.531981706619262695e+00
1.050300836563110352e+00
1.425933539867401123e-01
9.331023320555686951e-03
0.000000000000000000e+00
1.029332820326089859e-02
4.336181879043579102e-01
3.306947275996208191e-02
0.000000000000000000e+00
4.966928623616695404e-03
0.000000000000000000e+00
6.981355696916580200e-02
6.581398844718933105e-01
1.108122542500495911e-01
4.171620681881904602e-02
0.000000000000000000e+00
0.000000000000000000e+00
0.000000000000000000e+00
2.751756668090820312e+00
3.134066611528396606e-02
1.713196754455566406e+00
5.188900977373123169e-03
1.131214499473571777e+00
1.151420027017593384e-01
1.004972219467163086e+00
8.776761591434478760e-02
3.193535506725311279e-01
2.917474135756492615e-02
9.238136932253837585e-03
7.011257857084274292e-02
1.159996867179870605e+00
0.000000000000000000e+00
0.000000000000000000e+00
6.329639554023742676e-01
3.710471093654632568e-01
6.278011947870254517e-02
0.000000000000000000e+00
2.008135616779327393e-01
1.143847823143005371e+00
0.000000000000000000e+00
8.447200655937194824e-01
0.000000000000000000e+00
1.176038026809692383e+00
1.852794051170349121e+00
1.047671675682067871e+00
0.000000000000000000e+00
3.780559450387954712e-02
2.252447791397571564e-02
1.484436243772506714e-01
6.023263186216354370e-02
1.730361700057983398e+00
5.529374122619628906e+00
1.338891267776489258e+00
5.162012577056884766e-01
1.632854156196117401e-02
1.947198510169982910e-01
0.000000000000000000e+00
1.481612585484981537e-02
0.000000000000000000e+00
0.000000000000000000e+00
4.696912597864866257e-03
2.041231840848922729e-02
2.572803758084774017e-02
7.321739196777343750e-02
0.000000000000000000e+00
7.739102840423583984e-01
1.767151174135506153e-03
7.920096814632415771e-02
8.727518434170633554e-05
1.122644841670989990e-01
3.536566197872161865e-01
0.000000000000000000e+00
1.223872303962707520e+00
0.000000000000000000e+00
0.000000000000000000e+00
4.807249903678894043e-01
5.165230631828308105e-01
6.361880898475646973e-01
2.611043751239776611e-01
0.000000000000000000e+00
9.727709889411926270e-01
5.115292668342590332e-01
0.000000000000000000e+00
1.774651929736137390e-02
0.000000000000000000e+00
0.000000000000000000e+00
3.169886395335197449e-02
2.586572468280792236e-01
1.844634532928466797e+00
5.039303377270698547e-02
5.601148009300231934e-01
6.401988267898559570e-01
0.000000000000000000e+00
0.000000000000000000e+00
1.321254670619964600e-02
6.059695035219192505e-02
1.270249247550964355e+00
1.085470318794250488e+00
0.000000000000000000e+00
0.000000000000000000e+00
3.754322184249758720e-03
2.040644437074661255e-01
1.007513523101806641e+00
1.451571702957153320e+00
3.771489858627319336e-01
5.354959145188331604e-02
2.039814554154872894e-02
8.484476804733276367e-01
0.000000000000000000e+00
3.984390497207641602e-01
0.000000000000000000e+00
4.665869846940040588e-02
8.221871256828308105e-01
6.900750100612640381e-02
0.000000000000000000e+00
5.163406133651733398e-01
5.668489933013916016e-01
9.693696498870849609e-01
2.840195000171661377e-01
9.524794220924377441e-01
2.361490011215209961e+00
0.000000000000000000e+00
4.035487174987792969e-01
9.410060644149780273e-01
3.118768520653247833e-02
2.671293914318084717e-01
3.266815245151519775e-01
0.000000000000000000e+00
1.581390202045440674e-01
0.000000000000000000e+00
5.659600496292114258e-01
8.854728937149047852e-01
0.000000000000000000e+00
2.415272235870361328e+00
3.364695549011230469e+00
3.180643022060394287e-01
5.275576375424861908e-03
8.472417593002319336e-01
0.000000000000000000e+00
0.000000000000000000e+00
0.000000000000000000e+00
1.760250031948089600e-01
1.513569205999374390e-01
8.540401607751846313e-02
0.000000000000000000e+00
9.555705636739730835e-02
9.565408527851104736e-02
2.106499671936035156e-01
8.976783752441406250e-01
7.091672718524932861e-02
1.251812558621168137e-02
1.253556370735168457e+00
1.677106767892837524e-01
1.185254454612731934e+00
0.000000000000000000e+00
5.333400964736938477e-01
1.541686415672302246e+00
5.644512176513671875e-01
6.662969589233398438e-01
1.973467022180557251e-01
1.378948569297790527e+00
2.210758775472640991e-01
1.308836936950683594e-01
1.887429389171302319e-03
6.594983935356140137e-01
6.450023651123046875e-01
6.897047162055969238e-01
1.431071897968649864e-03
2.395301103591918945e+00
3.860355913639068604e-02
1.819378882646560669e-01
4.135257098823785782e-03
2.853175438940525055e-02
3.104371130466461182e-01
0.000000000000000000e+00
2.982124328613281250e+00
9.054611921310424805e-01
5.153692886233329773e-02
8.001869320869445801e-01
1.277023792266845703e+00
1.078168116509914398e-02
2.772077023983001709e-01
1.670855817792471498e-05
2.065276652574539185e-01
0.000000000000000000e+00
0.000000000000000000e+00
0.000000000000000000e+00
3.220274448394775391e-01
9.226238355040550232e-03
0.000000000000000000e+00
0.000000000000000000e+00
9.018774330615997314e-02
2.174228906631469727e+00
0.000000000000000000e+00
1.604251004755496979e-02
1.723848842084407806e-02
1.109462976455688477e+00
1.216744910925626755e-02
0.000000000000000000e+00
1.780086010694503784e-01
2.702330052852630615e-01
2.086047649383544922e+00
3.456290960311889648e-01
0.000000000000000000e+00
1.657159566879272461e+00
3.669208614155650139e-03
4.774838089942932129e-01
0.000000000000000000e+00
8.686423301696777344e-03
1.284037232398986816e-01
1.984749920666217804e-02
1.327872872352600098e+00
1.192062854766845703e+00
4.888045191764831543e-01
1.796419858932495117e+00
5.496882647275924683e-02
1.471926808357238770e+00
4.520034790039062500e-02
9.495545178651809692e-03
4.299903810024261475e-01
4.702213704586029053e-01
4.473510682582855225e-01
1.260732486844062805e-02
1.945793777704238892e-01
4.422910045832395554e-03
0.000000000000000000e+00
1.298955202102661133e+00
3.414117395877838135e-01
9.396039880812168121e-03
1.444375365972518921e-01
5.133191589266061783e-03
5.547890067100524902e-01
3.702369928359985352e-01
0.000000000000000000e+00
5.344512313604354858e-02
1.075906276702880859e+00
1.647670745849609375e+00
0.000000000000000000e+00
5.532153844833374023e-01
0.000000000000000000e+00
7.342997789382934570e-01
2.869544923305511475e-01
2.387800812721252441e-01
1.127146840095520020e+00
2.716013696044683456e-03
1.022768616676330566e+00
8.038467764854431152e-01
4.021579027175903320e-02
4.297070205211639404e-01
5.762095451354980469e-01
2.816580533981323242e-01
8.224780112504959106e-02
1.800419879145920277e-03
2.040733098983764648e+00
0.000000000000000000e+00
1.190345764160156250e+00
2.447852045297622681e-01
9.103648662567138672e-01
3.397895574569702148e+00
9.640702009201049805e-01
2.786380797624588013e-02
9.707894921302795410e-01
0.000000000000000000e+00
1.603826414793729782e-03
