1.030666753649711609e-01
0.000000000000000000e+00
1.603541970252990723e-01
2.567946672439575195e+00
2.797999680042266846e-01
2.381692826747894287e-01
1.147903323173522949e+00
2.957331418991088867e+00
6.092076778411865234e+00
1.551200628280639648e+00
3.102323710918426514e-01
1.733964800834655762e+00
2.154214382171630859e-01
9.109945893287658691e-01
2.777913808822631836e+00
7.407791614532470703e-01
5.411263704299926758e-01
1.355624079704284668e+00
1.311899900436401367e+00
8.498401194810867310e-02
1.201890110969543457e+00
0.000000000000000000e+00
1.096367910504341125e-01
2.787147045135498047e+00
1.838810145854949951e-01
0.000000000000000000e+00
1.138419583439826965e-01
1.532592773437500000e+00
1.231311187148094177e-01
5.262741073966026306e-02
6.216824054718017578e-03
0.000000000000000000e+00
6.733390688896179199e-01
7.162682712078094482e-02
7.949185371398925781e-02
3.210292100906372070e+00
2.989938557147979736e-01
1.922461092472076416e-01
9.229639172554016113e-02
5.565788149833679199e-01
4.223563373088836670e-01
4.116722345352172852e-01
5.105195045471191406e-01
3.232974529266357422e+00
2.552898228168487549e-01
1.503568649291992188e+00
3.505239486694335938e-01
1.526724338531494141e+00
1.186106130480766296e-01
1.651925802230834961e+00
2.664136648178100586e+00
0.000000000000000000e+00
1.091864943504333496e+00
4.134858399629592896e-02
1.899536252021789551e+00
4.713688492774963379e-01
4.050634503364562988e-01
1.877291053533554077e-01
1.956242561340332031e+00
9.782624244689941406e-02
3.052278459072113037e-01
3.167272806167602539e-01
2.542451955378055573e-02
1.084268093109130859e+00
1.414288997650146484e+00
9.552447199821472168e-01
2.567726001143455505e-02
4.956073164939880371e-01
1.374336838722229004e+00
1.034071445465087891e+00
0.000000000000000000e+00
9.345430135726928711e-02
4.526478350162506104e-01
1.129705905914306641e-01
3.076318502426147461e-01
1.391812086105346680e+00
0.000000000000000000e+00
9.746124744415283203e-01
3.210628032684326172e-02
1.021675109863281250e+00
9.749244898557662964e-02
1.045213818550109863e+00
2.062742471694946289e+00
1.573241949081420898e-01
2.792672157287597656e+00
2.286330461502075195e-01
7.174446582794189453e-01
7.002594321966171265e-02
9.070840477943420410e-01
1.928784400224685669e-01
0.000000000000000000e+00
4.510960541665554047e-03
0.000000000000000000e+00
2.808213466778397560e-03
5.385062098503112793e-01
4.692550897598266602e-01
9.602236151695251465e-01
1.545145153999328613e+00
0.000000000000000000e+00
8.642403036355972290e-02
0.000000000000000000e+00
2.497969269752502441e-01
1.399752311408519745e-02
1.486074924468994141e+00
1.227614760398864746e+00
1.352347433567047119e-01
2.131936788558959961e+00
3.096004724502563477e-01
8.460517525672912598e-01
1.947975158691406250e-02
1.176931977272033691e+00
7.274379022419452667e-04
6.861402392387390137e-01
3.545085787773132324e-01
1.069993019104003906e+00
5.954191833734512329e-02
1.208138316869735718e-01
3.856068253517150879e-01
1.258024811744689941e+00
1.700047731399536133e+00
1.180577129125595093e-01
2.054552882909774780e-01
8.361468091607093811e-03
2.055601358413696289e+00
4.112194478511810303e-01
1.400770545005798340e+00
0.000000000000000000e+00
2.179581373929977417e-01
1.864142537117004395e+00
8.740345388650894165e-02
1.284963935613632202e-01
6.904101371765136719e-01
6.827487945556640625e-01
2.521308660507202148e-01
2.224446237087249756e-01
8.908267132937908173e-03
2.387409210205078125e-01
4.756925106048583984e+00
0.000000000000000000e+00
2.620196938514709473e-01
1.872831434011459351e-01
2.254296839237213135e-01
1.939205646514892578e+00
0.000000000000000000e+00
6.548946350812911987e-02
7.906810939311981201e-02
8.365056514739990234e-01
1.023580312728881836e+00
1.331618309020996094e+00
1.629916578531265259e-01
5.061791896820068359e+00
2.205726057291030884e-01
1.072937965393066406e+00
1.787939220666885376e-01
1.981963753700256348e+00
1.436613559722900391e+00
1.693742424249649048e-01
3.540265560150146484e-01
2.545942783355712891e+00
0.000000000000000000e+00
5.906644091010093689e-02
9.130091667175292969e-01
3.975619673728942871e-01
8.668171614408493042e-02
7.620254755020141602e-01
5.084674432873725891e-02
0.000000000000000000e+00
0.000000000000000000e+00
1.305889248847961426e+00
2.101055860519409180e+00
5.385314822196960449e-01
3.372292816638946533e-01
9.956702589988708496e-03
1.327216267585754395e+00
5.195403695106506348e-01
7.759593963623046875e+00
0.000000000000000000e+00
0.000000000000000000e+00
8.795626461505889893e-03
6.110512465238571167e-02
3.006211481988430023e-02
2.315673828125000000e-01
1.013951450586318970e-01
2.647086620330810547e+00
1.844018399715423584e-01
0.000000000000000000e+00
7.115872204303741455e-02
1.465195894241333008e+00
0.000000000000000000e+00
0.000000000000000000e+00
0.000000000000000000e+00
6.497157365083694458e-02
1.080592751502990723e+00
3.167018294334411621e-01
3.107573390007019043e-01
1.646024733781814575e-01
8.950006961822509766e-01
3.124629259109497070e-01
7.721649855375289917e-02
1.215981483459472656e+00
1.380980610847473145e+00
4.995303153991699219e-01
1.297254264354705811e-01
2.784960567951202393e-01
4.959895461797714233e-02
2.553330268710851669e-03
8.739985227584838867e-01
2.081572264432907104e-02
1.867015957832336426e-01
1.710190415382385254e+00
3.876193612813949585e-02
5.556806549429893494e-02
5.266506075859069824e-01
1.513889193534851074e+00
1.114454865455627441e+00
4.001893997192382812e-01
3.053422272205352783e-01
4.355133175849914551e-01
1.936988472938537598e+00
5.909059047698974609e-01
2.792790159583091736e-02
2.965776622295379639e-02
8.551743626594543457e-01
7.635035365819931030e-02
8.655014038085937500e-01
0.000000000000000000e+00
3.378731906414031982e-01
6.275453567504882812e-01
0.000000000000000000e+00
2.685453975573182106e-03
4.997987151145935059e-01
3.418645560741424561e-01
3.125380992889404297e+00
1.943138599395751953e+00
1.032916665077209473e+00
7.313771843910217285e-01
1.939284801483154297e+00
7.851674556732177734e-01
1.397829353809356689e-01
8.871352076530456543e-01
5.082590579986572266e-01
1.464864164590835571e-01
1.109521239995956421e-01
2.074645996093750000e+00
7.060888409614562988e-01
4.537298157811164856e-02
7.600061893463134766e-01
0.000000000000000000e+00
1.909488081932067871e+00
1.077715754508972168e+00
1.307724714279174805e-01
2.944199442863464355e-01
1.928980229422450066e-03
2.911921143531799316e-01
1.892655730247497559e+00
1.016969885677099228e-02
0.000000000000000000e+00
0.000000000000000000e+00
1.187442168593406677e-01
4.344514757394790649e-02
1.127126812934875488e+00
3.712776899337768555e-01
2.274335175752639771e-02
0.000000000000000000e+00
0.000000000000000000e+00
9.692567586898803711e-02
2.668212175369262695e+00
0.000000000000000000e+00
1.570739388465881348e+00
2.877121558412909508e-03
1.453944444656372070e+00
1.387064578011631966e-03
1.447357773780822754e+00
3.934658691287040710e-02
2.184892743825912476e-01
3.253896534442901611e-01
3.171424567699432373e-02
5.146166086196899414e-01
1.309575319290161133e+00
0.000000000000000000e+00
1.484527834691107273e-03
6.771827340126037598e-01
3.515211641788482666e-01
3.142013680189847946e-03
2.954536080360412598e-01
7.548431754112243652e-01
2.005370378494262695e+00
3.823664784431457520e-02
1.645019054412841797e-01
7.859163917601108551e-03
9.015903472900390625e-01
1.838739156723022461e+00
5.249012708663940430e-01
8.979974663816392422e-04
1.663717925548553467e-01
4.478551745414733887e-01
2.290346175432205200e-01
3.301886916160583496e-01
1.137089729309082031e+00
5.518488407135009766e+00
6.558411717414855957e-01
3.146652877330780029e-01
3.382704854011535645e-01
4.416303038597106934e-01
3.308718651533126831e-02
4.051072895526885986e-02
4.366805311292409897e-03
0.000000000000000000e+00
1.015138626098632812e-01
9.623067826032638550e-02
4.690441787242889404e-01
0.000000000000000000e+00
1.163801997900009155e-01
9.681773185729980469e-01
2.214107066392898560e-01
5.272845625877380371e-01
0.000000000000000000e+00
1.059466749429702759e-01
1.486338496208190918e+00
6.424184143543243408e-02
1.727157354354858398e+00
0.000000000000000000e+00
2.242543101310729980e-01
5.491877440363168716e-03
5.114302970468997955e-03
8.038384318351745605e-01
3.341920077800750732e-01
0.000000000000000000e+00
4.114443659782409668e-01
6.347339153289794922e-01
7.758440077304840088e-02
8.993108349386602640e-05
2.980466187000274658e-01
2.982262056320905685e-03
3.994075953960418701e-02
7.319316864013671875e-01
2.437109231948852539e+00
2.877326495945453644e-02
1.567024946212768555e+00
4.946236908435821533e-01
2.704836986958980560e-02
0.000000000000000000e+00
1.906555145978927612e-01
1.177533268928527832e-01
7.214260101318359375e-01
8.305595517158508301e-01
4.103802610188722610e-03
3.102840110659599304e-02
6.867519766092300415e-02
3.633869588375091553e-01
5.535420775413513184e-01
9.846608638763427734e-01
3.506746888160705566e-01
9.054129943251609802e-03
1.040442101657390594e-02
8.635383248329162598e-01
0.000000000000000000e+00
4.549077749252319336e-01
0.000000000000000000e+00
2.462513595819473267e-01
9.359942674636840820e-01
5.005996301770210266e-02
3.938465565443038940e-02
6.107618808746337891e-01
8.153364062309265137e-01
7.325710058212280273e-01
5.655643939971923828e-01
1.296668052673339844e+00
1.859595775604248047e+00
0.000000000000000000e+00
4.771088063716888428e-01
2.023815155029296875e+00
7.873645424842834473e-01
1.364816427230834961e-01
5.304572582244873047e-01
0.000000000000000000e+00
1.248310804367065430e-01
0.000000000000000000e+00
8.750849962234497070e-01
9.002897143363952637e-01
1.439240723848342896e-01
3.788238525390625000e+00
2.164406776428222656e+00
1.126729488372802734e+00
0.000000000000000000e+00
6.489932537078857422e-01
1.291869729757308960e-01
0.000000000000000000e+00
0.000000000000000000e+00
5.489478632807731628e-02
4.458941221237182617e-01
0.000000000000000000e+00
0.000000000000000000e+00
7.602874189615249634e-02
2.840408869087696075e-02
2.774306833744049072e-01
2.137993812561035156e+00
9.936842322349548340e-02
1.766989082098007202e-01
1.226032614707946777e+00
2.457051165401935577e-02
6.461205482482910156e-01
0.000000000000000000e+00
1.391604691743850708e-01
9.871104955673217773e-01
6.827048957347869873e-02
1.525044441223144531e+00
2.606938481330871582e-01
2.021658182144165039e+00
4.101883471012115479e-01
3.811498284339904785e-01
0.000000000000000000e+00
9.652533531188964844e-01
1.196216344833374023e+00
1.261859238147735596e-01
8.634880185127258301e-03
3.029814481735229492e+00
7.703708112239837646e-02
1.042255088686943054e-01
2.748193405568599701e-02
1.609241068363189697e-01
2.939527332782745361e-01
0.000000000000000000e+00
2.945606708526611328e+00
6.781433820724487305e-01
5.500195622444152832e-01
7.381240725517272949e-01
1.560986995697021484e+00
0.000000000000000000e+00
1.675655722618103027e+00
0.000000000000000000e+00
1.298718154430389404e-01
9.924104809761047363e-02
0.000000000000000000e+00
7.431176491081714630e-03
1.245044395327568054e-01
1.638380140066146851e-01
0.000000000000000000e+00
5.327531695365905762e-02
3.954349458217620850e-01
1.818817138671875000e+00
0.000000000000000000e+00
4.353826344013214111e-01
1.872801221907138824e-02
1.926500439643859863e+00
0.000000000000000000e+00
6.914786994457244873e-02
2.125066146254539490e-02
1.853539198637008667e-01
8.451081514358520508e-01
3.272650241851806641e-01
3.098997659981250763e-02
1.885494112968444824e+00
0.000000000000000000e+00
5.218917727470397949e-01
2.526370808482170105e-03
2.267790026962757111e-02
6.530488608404994011e-04
0.000000000000000000e+00
8.134204745292663574e-01
1.583553671836853027e+00
1.722506135702133179e-01
2.829091548919677734e+00
0.000000000000000000e+00
1.486290693283081055e+00
6.331784650683403015e-03
1.700933836400508881e-02
1.058328337967395782e-02
1.892139315605163574e+00
6.933391690254211426e-01
0.000000000000000000e+00
4.030166566371917725e-01
2.813380658626556396e-01
1.297999322414398193e-01
2.512521266937255859e+00
7.256312370300292969e-01
4.446760565042495728e-02
4.532563984394073486e-01
3.488892689347267151e-03
1.368813037872314453e+00
4.788959771394729614e-02
5.527640879154205322e-02
6.149366870522499084e-02
9.446281790733337402e-01
1.216196656227111816e+00
0.000000000000000000e+00
6.507089138031005859e-01
2.697472833096981049e-02
9.350050091743469238e-01
9.135953150689601898e-03
5.331643223762512207e-01
4.785528182983398438e-01
4.088412970304489136e-03
1.893467754125595093e-01
9.179890751838684082e-01
9.255624376237392426e-03
2.780573964118957520e-01
1.443393111228942871e+00
9.372893720865249634e-02
1.713074184954166412e-02
3.822228312492370605e-02
2.106045246124267578e+00
2.353527843952178955e-01
1.202909469604492188e+00
2.554910480976104736e-01
2.413370370864868164e+00
2.837473392486572266e+00
7.774900794029235840e-01
1.125402301549911499e-01
6.092268601059913635e-02
0.000000000000000000e+00
0.000000000000000000e+00
