4.720712602138519287e-01
0.000000000000000000e+00
4.846023917198181152e-01
2.190047502517700195e+00
2.291327863931655884e-01
2.257659286260604858e-01
1.022867918014526367e+00
3.415714979171752930e+00
5.728574752807617188e+00
1.391934752464294434e+00
1.295132488012313843e-01
1.631425023078918457e+00
2.352373898029327393e-01
3.264220952987670898e-01
2.538621187210083008e+00
2.005965560674667358e-01
9.333621859550476074e-01
1.702289819717407227e+00
1.004054069519042969e+00
0.000000000000000000e+00
8.837390542030334473e-01
0.000000000000000000e+00
1.159477382898330688e-01
3.470697164535522461e+00
2.072509564459323883e-02
0.000000000000000000e+00
0.000000000000000000e+00
1.132466554641723633e+00
1.652794703841209412e-02
5.878649186342954636e-03
0.000000000000000000e+00
0.000000000000000000e+00
6.147680878639221191e-01
2.451113238930702209e-02
1.700141429901123047e-01
3.149199724197387695e+00
2.402651757001876831e-01
2.549106478691101074e-01
3.883605003356933594e-01
2.482274472713470459e-01
8.520649373531341553e-02
4.459951519966125488e-01
4.550479054450988770e-01
2.484429597854614258e+00
4.900999069213867188e-01
9.553697109222412109e-01
6.883494555950164795e-03
9.297114014625549316e-01
2.886985540390014648e-01
1.169554114341735840e+00
2.412825345993041992e+00
0.000000000000000000e+00
1.474584221839904785e+00
0.000000000000000000e+00
1.455657958984375000e+00
1.937660872936248779e-01
3.841304183006286621e-01
1.702255457639694214e-01
2.113316774368286133e+00
5.488240122795104980e-01
1.098025366663932800e-01
1.046873182058334351e-01
3.620914220809936523e-01
8.068472146987915039e-01
8.381162881851196289e-01
6.285140514373779297e-01
1.603223383426666260e-03
3.067569248378276825e-02
6.214028596878051758e-01
7.293437123298645020e-01
0.000000000000000000e+00
5.951489508152008057e-02
3.118358552455902100e-01
5.459498241543769836e-02
7.712852954864501953e-01
1.675501227378845215e+00
0.000000000000000000e+00
1.015889644622802734e+00
5.376210436224937439e-02
7.939084768295288086e-01
1.457306444644927979e-01
6.833357214927673340e-01
1.838525533676147461e+00
4.509435221552848816e-02
2.586419105529785156e+00
6.924562156200408936e-02
1.486588478088378906e+00
3.084908723831176758e-01
8.490819931030273438e-01
4.955404624342918396e-02
4.270444810390472412e-02
4.442537948489189148e-02
0.000000000000000000e+00
0.000000000000000000e+00
8.502413630485534668e-01
4.190920591354370117e-01
1.008893013000488281e+00
9.499523043632507324e-01
1.614555269479751587e-01
5.219325795769691467e-02
0.000000000000000000e+00
2.019803971052169800e-01
1.888370811939239502e-01
1.493680953979492188e+00
1.236672163009643555e+00
1.254146248102188110e-01
1.424630284309387207e+00
2.147797346115112305e-01
3.312937915325164795e-01
1.414819210767745972e-01
1.683949708938598633e+00
3.782903030514717102e-02
6.845126152038574219e-01
9.835760593414306641e-01
5.244781374931335449e-01
5.315237864851951599e-02
5.910835415124893188e-02
1.643561944365501404e-02
3.074020743370056152e-01
2.608939409255981445e+00
5.914345979690551758e-01
3.136812746524810791e-01
0.000000000000000000e+00
1.834042906761169434e+00
9.899722784757614136e-02
1.039543628692626953e+00
0.000000000000000000e+00
9.833595715463161469e-03
2.289764881134033203e+00
3.644138276576995850e-01
1.232943218201398849e-02
4.030366837978363037e-01
6.438425183296203613e-02
1.075025200843811035e-01
3.342036157846450806e-02
0.000000000000000000e+00
2.539772391319274902e-01
4.422512531280517578e+00
0.000000000000000000e+00
3.440813720226287842e-02
7.094094157218933105e-01
5.598334670066833496e-01
1.262283086776733398e+00
1.641402766108512878e-02
2.010715007781982422e-01
6.620727777481079102e-01
1.038293957710266113e+00
1.039689064025878906e+00
1.305758714675903320e+00
3.629938066005706787e-01
4.945367813110351562e+00
1.353783458471298218e-01
5.790686607360839844e-01
2.428553402423858643e-01
2.582437992095947266e+00
7.957919836044311523e-01
4.420655667781829834e-01
8.706852793693542480e-03
2.746173620223999023e+00
4.265385493636131287e-02
1.481488049030303955e-01
8.090620636940002441e-01
4.693609178066253662e-01
1.813235729932785034e-01
2.313835918903350830e-01
3.590458035469055176e-01
0.000000000000000000e+00
0.000000000000000000e+00
1.102987885475158691e+00
1.421485066413879395e+00
2.258704155683517456e-01
2.853027172386646271e-02
0.000000000000000000e+00
7.374979257583618164e-01
2.722147405147552490e-01
8.100131988525390625e+00
0.000000000000000000e+00
0.000000000000000000e+00
4.291145130991935730e-02
0.000000000000000000e+00
2.070619538426399231e-02
9.001246839761734009e-02
2.473511174321174622e-02
2.193296194076538086e+00
4.108145534992218018e-01
0.000000000000000000e+00
0.000000000000000000e+00
9.236996769905090332e-01
2.398827299475669861e-02
2.736426657065749168e-03
0.000000000000000000e+00
2.082211896777153015e-03
1.106782436370849609e+00
2.862157225608825684e-01
6.313623487949371338e-02
1.788899004459381104e-01
8.093150854110717773e-01
3.699850738048553467e-01
6.723119318485260010e-02
1.197696685791015625e+00
1.141916871070861816e+00
5.333040356636047363e-01
1.662568300962448120e-01
4.031489193439483643e-01
3.769401228055357933e-03
3.933757171034812927e-02
3.198267817497253418e-01
2.369657717645168304e-02
4.165347665548324585e-02
1.882962822914123535e+00
4.203382134437561035e-02
5.456614494323730469e-02
2.759213149547576904e-01
7.176695466041564941e-01
8.659862279891967773e-01
4.261619448661804199e-01
1.205877736210823059e-01
3.209078609943389893e-01
1.128159999847412109e+00
1.371245741844177246e+00
0.000000000000000000e+00
4.265321195125579834e-01
8.323245644569396973e-01
8.088865876197814941e-02
5.600880384445190430e-01
0.000000000000000000e+00
8.866231143474578857e-02
1.163600385189056396e-01
0.000000000000000000e+00
0.000000000000000000e+00
4.832062423229217529e-01
3.490460105240345001e-03
1.715687274932861328e+00
1.640343785285949707e+00
9.930869936943054199e-01
7.120021581649780273e-01
2.313004970550537109e+00
9.856154322624206543e-01
2.276247553527355194e-02
5.116599798202514648e-01
2.538945376873016357e-01
7.572193443775177002e-02
3.797248238697648048e-03
1.850030303001403809e+00
5.729156136512756348e-01
1.042817905545234680e-01
7.769623994827270508e-01
0.000000000000000000e+00
2.208897113800048828e+00
6.669920086860656738e-01
2.387871742248535156e-01
2.052658945322036743e-01
2.282773703336715698e-02
1.492564529180526733e-01
1.176854729652404785e+00
3.389046713709831238e-02
2.280318364500999451e-02
4.311316180974245071e-03
0.000000000000000000e+00
2.036693878471851349e-02
7.765007019042968750e-01
1.082450300455093384e-01
7.171590346843004227e-03
6.522133946418762207e-02
0.000000000000000000e+00
0.000000000000000000e+00
2.538937330245971680e+00
1.496993936598300934e-02
8.261259198188781738e-01
0.000000000000000000e+00
1.055307507514953613e+00
3.109167702496051788e-02
1.322081565856933594e+00
2.812786102294921875e-01
2.291870117187500000e-01
1.889435052871704102e-01
7.928128540515899658e-02
7.412827759981155396e-02
1.098676323890686035e+00
1.001396961510181427e-02
1.284303725697100163e-03
4.897098839282989502e-01
5.272569060325622559e-01
3.379418700933456421e-02
1.436322927474975586e-01
5.779258608818054199e-01
1.402241587638854980e+00
0.000000000000000000e+00
7.609487771987915039e-01
0.000000000000000000e+00
1.170095562934875488e+00
1.626402854919433594e+00
4.196950197219848633e-01
4.893171414732933044e-02
4.518233239650726318e-02
3.041522204875946045e-01
4.005452990531921387e-01
2.244683504104614258e-01
1.602517366409301758e+00
4.798666000366210938e+00
7.227452993392944336e-01
1.641343384981155396e-01
4.088122397661209106e-02
2.683421373367309570e-01
0.000000000000000000e+00
0.000000000000000000e+00
0.000000000000000000e+00
0.000000000000000000e+00
0.000000000000000000e+00
1.932398676872253418e-01
3.770150542259216309e-01
3.417009487748146057e-02
1.769536547362804413e-02
9.467018246650695801e-01
0.000000000000000000e+00
4.546126127243041992e-01
0.000000000000000000e+00
9.423084557056427002e-02
3.412019312381744385e-01
6.764579302398487926e-05
1.951007366180419922e+00
0.000000000000000000e+00
4.673890769481658936e-03
1.962136924266815186e-01
7.214843481779098511e-02
9.959625601768493652e-01
2.336282283067703247e-01
0.000000000000000000e+00
8.465709686279296875e-01
6.239618062973022461e-01
0.000000000000000000e+00
1.061402726918458939e-02
0.000000000000000000e+00
3.484692797064781189e-02
2.223596163094043732e-02
4.376041293144226074e-01
1.291377782821655273e+00
1.151601225137710571e-01
2.200610786676406860e-01
4.983170032501220703e-01
6.296591367572546005e-03
6.709433626383543015e-03
8.249580115079879761e-02
2.008706890046596527e-02
1.475610256195068359e+00
7.089669108390808105e-01
3.695598989725112915e-02
0.000000000000000000e+00
2.122646197676658630e-02
4.778108298778533936e-01
8.044040203094482422e-01
9.723246097564697266e-01
1.334649473428726196e-01
5.002526566386222839e-02
1.773199997842311859e-02
9.314153194427490234e-01
0.000000000000000000e+00
2.273111492395401001e-01
0.000000000000000000e+00
2.334627211093902588e-01
3.036525845527648926e-01
4.476472362875938416e-02
9.042546898126602173e-02
2.308948636054992676e-01
6.837947368621826172e-01
9.333167076110839844e-01
9.323377013206481934e-01
1.135491371154785156e+00
1.942452192306518555e+00
0.000000000000000000e+00
4.936718195676803589e-02
9.585636258125305176e-01
1.795432120561599731e-01
1.831622421741485596e-01
5.878381133079528809e-01
7.220020983368158340e-03
2.384487390518188477e-01
0.000000000000000000e+00
2.234056442975997925e-01
7.590954899787902832e-01
6.016744300723075867e-02
2.741087913513183594e+00
3.006183862686157227e+00
5.485487580299377441e-01
2.833502180874347687e-02
1.000337958335876465e+00
0.000000000000000000e+00
0.000000000000000000e+00
0.000000000000000000e+00
2.386029995977878571e-02
2.259237617254257202e-01
6.746582686901092529e-02
0.000000000000000000e+00
1.737513989210128784e-01
5.208371952176094055e-02
3.231912553310394287e-01
1.807784676551818848e+00
1.555854678153991699e-01
1.227922458201646805e-02
1.237566113471984863e+00
2.023264467716217041e-01
7.692663669586181641e-01
0.000000000000000000e+00
3.806448876857757568e-01
1.255675911903381348e+00
3.698629885911941528e-02
1.171784877777099609e+00
3.563083708286285400e-01
1.252004981040954590e+00
3.832075595855712891e-01
1.979806087911128998e-02
6.159157492220401764e-04
7.522130012512207031e-01
1.285440564155578613e+00
3.006668090820312500e-01
1.243742369115352631e-02
2.051963329315185547e+00
5.630819126963615417e-03
1.520708948373794556e-01
2.916785189881920815e-03
1.045916602015495300e-01
3.479744195938110352e-01
4.269992932677268982e-03
3.434145212173461914e+00
1.137946009635925293e+00
3.355042636394500732e-01
9.817910790443420410e-01
1.796507835388183594e+00
2.720120362937450409e-03
1.204755783081054688e+00
0.000000000000000000e+00
3.195410221815109253e-02
0.000000000000000000e+00
0.000000000000000000e+00
2.047498477622866631e-03
2.338245064020156860e-01
2.236171662807464600e-01
2.026329981163144112e-03
1.283685304224491119e-02
6.319373250007629395e-01
1.477727770805358887e+00
0.000000000000000000e+00
2.100969851016998291e-01
2.872763872146606445e-01
1.421597838401794434e+00
1.951112598180770874e-02
0.000000000000000000e+00
7.575865602120757103e-04
9.181305021047592163e-02
1.295923352241516113e+00
2.554953694343566895e-01
2.277546189725399017e-02
1.923389196395874023e+00
2.126406133174896240e-02
4.172861576080322266e-01
3.707967326045036316e-02
5.964174494147300720e-02
1.503320783376693726e-01
1.104393624700605869e-03
1.263349652290344238e+00
9.674269556999206543e-01
4.528507590293884277e-01
2.500738143920898438e+00
4.062612727284431458e-02
1.682054638862609863e+00
1.634234748780727386e-02
4.848426207900047302e-02
3.043207526206970215e-01
8.706611990928649902e-01
1.447543054819107056e-01
2.216358296573162079e-02
7.360587716102600098e-01
2.526880428194999695e-02
2.202003449201583862e-02
2.511276483535766602e+00
2.942857742309570312e-01
7.734657078981399536e-02
5.681006610393524170e-02
9.880314767360687256e-02
1.057924985885620117e+00
6.186595559120178223e-01
0.000000000000000000e+00
6.574820727109909058e-02
9.647647142410278320e-01
1.427851080894470215e+00
3.340114140883088112e-03
5.770824551582336426e-01
8.197617717087268829e-03
1.372214317321777344e+00
1.895784735679626465e-01
1.101903468370437622e-01
5.949593782424926758e-01
0.000000000000000000e+00
5.159344673156738281e-01
6.678932309150695801e-01
1.956185139715671539e-02
1.538429558277130127e-01
1.276124119758605957e+00
1.436197012662887573e-01
4.766423255205154419e-02
2.041251212358474731e-02
1.773302435874938965e+00
5.120437964797019958e-02
8.149362802505493164e-01
3.056616783142089844e-01
1.761754989624023438e+00
2.637727737426757812e+00
6.004974246025085449e-01
4.794020578265190125e-02
4.956091046333312988e-01
1.759560219943523407e-02
0.000000000000000000e+00
