5.353171229362487793e-01
0.000000000000000000e+00
3.945219144225120544e-02
2.934497356414794922e+00
3.176882565021514893e-01
1.213648468255996704e-01
7.602157592773437500e-01
2.918467760086059570e+00
5.903739929199218750e+00
2.274351835250854492e+00
2.757937610149383545e-01
1.729896306991577148e+00
6.751417368650436401e-02
5.497893691062927246e-01
2.420404195785522461e+00
4.868359267711639404e-01
7.785913944244384766e-01
1.688357591629028320e+00
1.130248308181762695e+00
2.807741612195968628e-02
8.882541060447692871e-01
0.000000000000000000e+00
1.608637571334838867e-01
2.759445190429687500e+00
2.745995670557022095e-02
0.000000000000000000e+00
4.929568246006965637e-02
1.403561115264892578e+00
1.799551099538803101e-01
1.115579996258020401e-02
0.000000000000000000e+00
7.813709788024425507e-03
8.109948039054870605e-01
1.760249137878417969e-01
1.456912606954574585e-01
3.708269834518432617e+00
3.615378439426422119e-01
1.040491387248039246e-01
1.356165260076522827e-01
8.946290016174316406e-01
1.792290359735488892e-01
2.207518219947814941e-01
4.015960693359375000e-01
3.045425415039062500e+00
3.422747179865837097e-02
8.179240226745605469e-01
5.764641761779785156e-01
1.353908538818359375e+00
4.718527495861053467e-01
1.795010328292846680e+00
2.830269813537597656e+00
0.000000000000000000e+00
1.766973614692687988e+00
8.515585213899612427e-03
1.916581988334655762e+00
1.446522027254104614e-01
1.817858517169952393e-01
3.528424501419067383e-01
2.108396530151367188e+00
6.224826574325561523e-01
3.451386094093322754e-01
6.311298906803131104e-02
2.359155006706714630e-02
1.295277833938598633e+00
9.974917769432067871e-01
6.671053171157836914e-01
1.424710935680195689e-04
5.078891515731811523e-01
1.066770434379577637e+00
7.072182297706604004e-01
0.000000000000000000e+00
4.272050783038139343e-02
4.657422304153442383e-01
2.159125208854675293e-01
4.931681752204895020e-01
2.081081867218017578e+00
0.000000000000000000e+00
5.234854817390441895e-01
2.580647123977541924e-03
1.451690077781677246e+00
1.737347394227981567e-01
1.033868074417114258e+00
2.546743869781494141e+00
1.935111433267593384e-01
2.462607383728027344e+00
2.070006132125854492e-01
1.742895245552062988e+00
4.865055531263351440e-02
7.497230172157287598e-01
1.554259955883026123e-01
0.000000000000000000e+00
0.000000000000000000e+00
0.000000000000000000e+00
0.000000000000000000e+00
1.152890443801879883e+00
1.125269174575805664e+00
9.246408939361572266e-01
1.315791487693786621e+00
0.000000000000000000e+00
1.128673925995826721e-01
3.518947167322039604e-03
2.776232957839965820e-01
8.256287127733230591e-02
1.085188388824462891e+00
1.022565722465515137e+00
1.757514327764511108e-01
1.966873168945312500e+00
2.739290893077850342e-01
8.329100012779235840e-01
1.563732475042343140e-01
1.811543345451354980e+00
0.000000000000000000e+00
4.150502681732177734e-01
7.566034793853759766e-01
6.728363633155822754e-01
5.814517661929130554e-02
9.026433527469635010e-02
4.933056235313415527e-01
1.287458896636962891e+00
2.294489860534667969e+00
2.764477729797363281e-01
4.386590421199798584e-01
1.249198466539382935e-01
1.845902681350708008e+00
3.955885767936706543e-01
1.594444036483764648e+00
0.000000000000000000e+00
4.172876477241516113e-01
1.963118076324462891e+00
3.143656849861145020e-01
3.201186656951904297e-01
7.481056451797485352e-01
1.033196896314620972e-01
1.803466975688934326e-01
4.660344719886779785e-01
1.223024679347872734e-03
1.865534633398056030e-01
5.089417934417724609e+00
0.000000000000000000e+00
8.623901754617691040e-02
2.532697319984436035e-01
2.394723594188690186e-01
1.359866380691528320e+00
3.639998286962509155e-02
8.872577920556068420e-03
4.912133812904357910e-01
1.171972393989562988e+00
5.647068023681640625e-01
1.605364084243774414e+00
1.846536546945571899e-01
5.280642509460449219e+00
2.999455630779266357e-01
8.797314763069152832e-01
2.575573921203613281e-01
1.807125806808471680e+00
8.049449920654296875e-01
4.461682140827178955e-01
2.937383353710174561e-01
2.747155904769897461e+00
2.027920680120587349e-03
7.668268680572509766e-02
8.798975348472595215e-01
6.085671782493591309e-01
1.009409576654434204e-01
4.282081723213195801e-01
2.038457989692687988e-01
0.000000000000000000e+00
0.000000000000000000e+00
1.459214448928833008e+00
1.995714783668518066e+00
3.861971497535705566e-01
5.065531935542821884e-03
5.916696041822433472e-02
1.442538976669311523e+00
5.004026293754577637e-01
8.603794097900390625e+00
5.042093805968761444e-03
1.749906875193119049e-02
2.273457869887351990e-02
4.973244667053222656e-02
1.745803654193878174e-02
2.100156694650650024e-01
1.103953346610069275e-01
2.678158760070800781e+00
7.052984237670898438e-01
0.000000000000000000e+00
2.489864081144332886e-01
1.559538483619689941e+00
0.000000000000000000e+00
4.103399813175201416e-02
0.000000000000000000e+00
7.598922401666641235e-02
1.180044770240783691e+00
4.529816806316375732e-01
5.227372050285339355e-01
2.630819976329803467e-01
9.665831327438354492e-01
2.159235775470733643e-01
8.776754140853881836e-02
8.928391337394714355e-01
1.709434032440185547e+00
5.617570877075195312e-01
2.616232931613922119e-01
2.002512961626052856e-01
5.844892561435699463e-02
0.000000000000000000e+00
6.158379316329956055e-01
2.549750916659832001e-02
3.227286413311958313e-02
2.137078762054443359e+00
6.628946214914321899e-02
1.129222363233566284e-01
2.124174833297729492e-01
1.050959110260009766e+00
7.901986241340637207e-01
4.654240012168884277e-01
1.532735675573348999e-01
5.244155526161193848e-01
1.548915743827819824e+00
1.158474326133728027e+00
2.960713021457195282e-02
1.108236908912658691e-01
7.514575719833374023e-01
9.001500159502029419e-02
5.827477574348449707e-01
0.000000000000000000e+00
8.742976188659667969e-02
4.196424186229705811e-01
0.000000000000000000e+00
2.136022225022315979e-02
6.708496063947677612e-02
1.451148539781570435e-01
2.877791643142700195e+00
2.106095314025878906e+00
8.393115997314453125e-01
1.155530452728271484e+00
2.237183332443237305e+00
7.238504886627197266e-01
3.032135544344782829e-03
7.708639502525329590e-01
1.628917604684829712e-01
2.156312912702560425e-01
2.393281087279319763e-02
1.830298066139221191e+00
6.233235597610473633e-01
1.330339014530181885e-01
5.672953128814697266e-01
0.000000000000000000e+00
2.369638919830322266e+00
1.400295257568359375e+00
7.893399894237518311e-02
3.583647608757019043e-01
6.981755793094635010e-02
3.765776455402374268e-01
1.558480978012084961e+00
2.527333982288837433e-02
2.568203024566173553e-03
0.000000000000000000e+00
1.055928994901478291e-03
2.440508641302585602e-02
1.197558522224426270e+00
2.937797904014587402e-01
8.268575184047222137e-04
1.970194578170776367e-01
0.000000000000000000e+00
6.238945201039314270e-02
2.453018188476562500e+00
0.000000000000000000e+00
7.105445861816406250e-01
4.365136921405792236e-01
1.407024860382080078e+00
5.531885102391242981e-02
1.473400592803955078e+00
2.887948043644428253e-02
4.883415699005126953e-01
4.634116590023040771e-01
1.041209418326616287e-02
3.307470083236694336e-01
1.302792787551879883e+00
3.972230013459920883e-03
9.926580823957920074e-04
4.496661424636840820e-01
4.858261346817016602e-01
7.339162379503250122e-02
2.231722474098205566e-01
3.202964067459106445e-01
2.023090839385986328e+00
1.040340065956115723e-01
4.801975935697555542e-02
9.460388869047164917e-02
1.158256053924560547e+00
1.802731394767761230e+00
5.423873662948608398e-01
0.000000000000000000e+00
1.052227616310119629e-01
6.913177967071533203e-01
1.263001561164855957e-01
4.412510097026824951e-01
1.140105128288269043e+00
5.154800891876220703e+00
8.635795712471008301e-01
4.709235131740570068e-01
5.225491523742675781e-01
3.901866972446441650e-01
0.000000000000000000e+00
5.256330966949462891e-02
5.876960698515176773e-03
0.000000000000000000e+00
3.079769760370254517e-02
2.757739126682281494e-01
3.606022000312805176e-01
0.000000000000000000e+00
1.762078888714313507e-02
1.096983790397644043e+00
4.109940230846405029e-01
3.234735131263732910e-01
0.000000000000000000e+00
1.108631640672683716e-01
1.445611476898193359e+00
1.019494840875267982e-03
1.570327281951904297e+00
0.000000000000000000e+00
6.438852101564407349e-02
1.952197402715682983e-01
4.992780461907386780e-02
6.667340397834777832e-01
1.324057132005691528e-01
0.000000000000000000e+00
5.167375206947326660e-01
9.454814195632934570e-01
7.675983477383852005e-03
3.107841312885284424e-02
4.051999002695083618e-02
7.970687747001647949e-02
6.285382062196731567e-02
8.059334754943847656e-01
1.399300813674926758e+00
5.971032753586769104e-02
1.132584333419799805e+00
6.693305969238281250e-01
1.389866229146718979e-02
0.000000000000000000e+00
2.769595384597778320e-01
4.293124377727508545e-02
6.936345100402832031e-01
1.166564583778381348e+00
3.319137904327362776e-04
1.097608357667922974e-02
3.032764494419097900e-01
5.656144618988037109e-01
4.863731265068054199e-01
6.642181277275085449e-01
8.165271580219268799e-02
0.000000000000000000e+00
1.537282112985849380e-02
5.166199803352355957e-01
0.000000000000000000e+00
5.114181637763977051e-01
0.000000000000000000e+00
3.333910703659057617e-01
4.137242436408996582e-01
8.698308467864990234e-02
4.627336561679840088e-01
2.194664180278778076e-01
7.140048146247863770e-01
7.765714526176452637e-01
7.563144564628601074e-01
9.859025478363037109e-01
1.766388654708862305e+00
0.000000000000000000e+00
2.648628354072570801e-01
1.870287299156188965e+00
7.892178893089294434e-01
3.219205737113952637e-01
2.805760502815246582e-01
0.000000000000000000e+00
8.303846418857574463e-02
0.000000000000000000e+00
9.548628330230712891e-01
7.830286622047424316e-01
1.123797371983528137e-01
3.757877111434936523e+00
2.954803943634033203e+00
1.279315710067749023e+00
0.000000000000000000e+00
1.286836266517639160e+00
2.653348632156848907e-02
0.000000000000000000e+00
0.000000000000000000e+00
5.819595605134963989e-02
3.671010732650756836e-01
0.000000000000000000e+00
0.000000000000000000e+00
2.124953716993331909e-01
4.936892911791801453e-02
4.606176018714904785e-01
1.504692196846008301e+00
1.055142879486083984e-01
8.122108131647109985e-02
1.610173225402832031e+00
1.817605830729007721e-02
8.117150664329528809e-01
0.000000000000000000e+00
1.422065496444702148e-01
9.485710859298706055e-01
8.076092600822448730e-02
1.415618658065795898e+00
1.767030954360961914e-01
1.578022360801696777e+00
5.461980700492858887e-01
3.359294831752777100e-01
0.000000000000000000e+00
1.269607543945312500e+00
1.332647204399108887e+00
7.353939116001129150e-02
1.632319092750549316e-01
2.675631046295166016e+00
4.709213972091674805e-02
2.197080701589584351e-01
5.626160185784101486e-03
3.635878562927246094e-01
4.416547715663909912e-02
0.000000000000000000e+00
2.832885026931762695e+00
6.772252917289733887e-01
6.406569480895996094e-01
6.862316131591796875e-01
2.108635425567626953e+00
1.367987785488367081e-02
2.034919023513793945e+00
0.000000000000000000e+00
1.680675446987152100e-01
3.925566747784614563e-02
0.000000000000000000e+00
8.320218883454799652e-03
3.896267153322696686e-03
5.372325778007507324e-01
0.000000000000000000e+00
4.363519325852394104e-02
3.276002705097198486e-01
1.848470091819763184e+00
0.000000000000000000e+00
1.372220665216445923e-01
1.553081125020980835e-01
2.109934806823730469e+00
1.089438498020172119e-01
0.000000000000000000e+00
4.312336072325706482e-02
1.925808936357498169e-01
1.001114606857299805e+00
6.229979991912841797e-01
5.248068366199731827e-03
2.060273170471191406e+00
0.000000000000000000e+00
3.467880785465240479e-01
6.734445691108703613e-02
1.436748355627059937e-01
1.253462135791778564e-01
0.000000000000000000e+00
8.129035830497741699e-01
1.299606561660766602e+00
3.300667405128479004e-01
2.343837976455688477e+00
0.000000000000000000e+00
1.272846579551696777e+00
0.000000000000000000e+00
9.135999530553817749e-02
1.367160379886627197e-01
1.850773811340332031e+00
3.101862370967864990e-01
0.000000000000000000e+00
6.932523846626281738e-01
2.537590563297271729e-01
1.439005583524703979e-01
2.123622655868530273e+00
4.324877858161926270e-01
0.000000000000000000e+00
7.224822640419006348e-01
1.688944734632968903e-02
1.374334216117858887e+00
9.522186964750289917e-02
0.000000000000000000e+00
7.834315299987792969e-02
9.490362405776977539e-01
1.128229975700378418e+00
0.000000000000000000e+00
6.811535954475402832e-01
4.235859215259552002e-02
1.152458190917968750e+00
7.355082035064697266e-02
4.203060865402221680e-01
4.661206901073455811e-01
2.090756315737962723e-03
9.930511713027954102e-01
8.290444612503051758e-01
2.581029012799263000e-02
7.981730252504348755e-02
1.224346399307250977e+00
1.726855635643005371e-01
0.000000000000000000e+00
7.836886495351791382e-02
1.513937950134277344e+00
1.233666092157363892e-01
1.054941415786743164e+00
5.983679294586181641e-01
2.001208782196044922e+00
3.098173141479492188e+00
7.661818265914916992e-01
3.178389370441436768e-01
3.033146262168884277e-01
0.000000000000000000e+00
6.271908641792833805e-04
