5.805979967117309570e-01
0.000000000000000000e+00
1.203529536724090576e-01
2.694118499755859375e+00
1.955838501453399658e-01
1.082315742969512939e-01
5.849050879478454590e-01
3.695818662643432617e+00
5.390305995941162109e+00
1.392758369445800781e+00
4.683732986450195312e-02
1.794533371925354004e+00
7.860784232616424561e-02
3.802162110805511475e-01
1.862254142761230469e+00
2.256518751382827759e-01
3.587490618228912354e-01
1.897662639617919922e+00
7.137619853019714355e-01
2.232885919511318207e-03
5.929113626480102539e-01
0.000000000000000000e+00
1.712864190340042114e-01
2.522904157638549805e+00
1.219831332564353943e-01
0.000000000000000000e+00
0.000000000000000000e+00
1.228617072105407715e+00
1.139775663614273071e-01
8.897729218006134033e-03
0.000000000000000000e+00
0.000000000000000000e+00
5.259990096092224121e-01
1.946014761924743652e-01
4.752860963344573975e-02
2.741685390472412109e+00
3.707187473773956299e-01
5.649862885475158691e-01
1.651303768157958984e-01
3.458243310451507568e-01
1.473030000925064087e-01
3.223243951797485352e-01
7.291753888130187988e-01
2.275475978851318359e+00
4.368739426136016846e-01
1.017095804214477539e+00
4.942533373832702637e-01
9.031603336334228516e-01
1.712023317813873291e-01
2.134088516235351562e+00
2.158055305480957031e+00
0.000000000000000000e+00
1.495026826858520508e+00
3.402228280901908875e-02
2.006307125091552734e+00
3.372468352317810059e-01
4.274991750717163086e-01
1.175178810954093933e-01
2.893338203430175781e+00
1.201864719390869141e+00
4.311368465423583984e-01
9.044022113084793091e-02
4.711176455020904541e-01
7.799843549728393555e-01
1.261066317558288574e+00
1.046973347663879395e+00
1.954355463385581970e-02
3.339157700538635254e-01
5.589793920516967773e-01
1.151100158691406250e+00
0.000000000000000000e+00
0.000000000000000000e+00
4.017185568809509277e-01
3.481881693005561829e-03
5.669447779655456543e-01
1.648855090141296387e+00
0.000000000000000000e+00
9.134262204170227051e-01
2.554908096790313721e-01
6.206876039505004883e-01
2.756774723529815674e-01
1.031098604202270508e+00
2.382932424545288086e+00
1.728394329547882080e-01
1.536955237388610840e+00
9.497412480413913727e-03
1.848241329193115234e+00
5.716935917735099792e-02
3.996150791645050049e-01
6.729121506214141846e-02
0.000000000000000000e+00
4.561488702893257141e-02
1.242632139474153519e-02
0.000000000000000000e+00
1.521681904792785645e+00
8.647794723510742188e-01
8.823993802070617676e-01
1.995531320571899414e+00
0.000000000000000000e+00
2.007934078574180603e-02
1.472118124365806580e-02
2.074387818574905396e-01
1.057842522859573364e-01
1.310317635536193848e+00
1.292897462844848633e+00
4.200485348701477051e-01
1.861077427864074707e+00
1.892446726560592651e-01
1.952572017908096313e-01
1.075761765241622925e-01
1.831494331359863281e+00
4.434312507510185242e-02
6.696596741676330566e-01
8.082681894302368164e-01
8.870016336441040039e-01
2.045803889632225037e-02
4.846302419900894165e-02
2.768143713474273682e-01
5.281429290771484375e-01
2.192004203796386719e+00
3.968792259693145752e-01
3.354645967483520508e-01
0.000000000000000000e+00
1.881319761276245117e+00
5.250898003578186035e-01
1.859555363655090332e+00
0.000000000000000000e+00
2.068114876747131348e-01
1.904037237167358398e+00
3.366798534989356995e-02
2.674224972724914551e-01
9.256668090820312500e-01
6.253208220005035400e-02
8.937174826860427856e-02
1.343064010143280029e-02
0.000000000000000000e+00
1.600111871957778931e-01
4.524982452392578125e+00
0.000000000000000000e+00
1.666591614484786987e-01
1.403487920761108398e-01
1.715751886367797852e-01
1.740782976150512695e+00
8.662211475893855095e-04
1.793507253751158714e-03
5.526520609855651855e-01
9.096779227256774902e-01
1.106459259986877441e+00
1.214683890342712402e+00
5.598663091659545898e-01
4.528651237487792969e+00
6.531716883182525635e-02
1.091552853584289551e+00
1.267465054988861084e-01
1.477945446968078613e+00
4.955254197120666504e-01
6.316210031509399414e-01
3.137664198875427246e-01
2.374082088470458984e+00
7.243297249078750610e-02
1.348165124654769897e-01
8.904452919960021973e-01
9.549614787101745605e-01
6.143449619412422180e-02
9.683480113744735718e-02
8.627879619598388672e-02
0.000000000000000000e+00
0.000000000000000000e+00
1.493515491485595703e+00
1.698818922042846680e+00
1.398621499538421631e-01
2.456585504114627838e-02
0.000000000000000000e+00
1.047905683517456055e+00
3.586547076702117920e-01
8.286268234252929688e+00
0.000000000000000000e+00
9.648291766643524170e-02
1.261759735643863678e-02
8.338098973035812378e-02
1.321084946393966675e-01
1.569438129663467407e-01
3.438283875584602356e-02
2.086897373199462891e+00
2.203150689601898193e-01
5.737366527318954468e-02
9.406445920467376709e-02
8.999977707862854004e-01
0.000000000000000000e+00
1.028065336868166924e-03
0.000000000000000000e+00
8.082335814833641052e-03
1.307956576347351074e+00
9.569816589355468750e-01
1.574787497520446777e-01
1.964439749717712402e-01
7.805694937705993652e-01
4.152977466583251953e-01
3.096134662628173828e-01
1.082929968833923340e+00
1.333386182785034180e+00
6.672881841659545898e-01
1.106699109077453613e-01
1.947460174560546875e-01
1.441272557713091373e-03
1.280371844768524170e-01
3.738598227500915527e-01
1.781658232212066650e-01
2.009641611948609352e-03
2.078992843627929688e+00
3.729102015495300293e-02
1.445201933383941650e-01
0.000000000000000000e+00
7.750519514083862305e-01
5.842279791831970215e-01
4.725379347801208496e-01
1.909803301095962524e-01
7.208573818206787109e-01
1.472994208335876465e+00
1.266406297683715820e+00
0.000000000000000000e+00
6.390821188688278198e-02
8.805373907089233398e-01
1.233457550406455994e-01
4.627008140087127686e-01
0.000000000000000000e+00
2.371733039617538452e-01
7.001730799674987793e-02
0.000000000000000000e+00
1.281391596421599388e-03
3.022264242172241211e-01
2.138198465108871460e-01
2.194860696792602539e+00
1.890533089637756348e+00
1.077298164367675781e+00
4.698407351970672607e-01
1.885101437568664551e+00
1.031384706497192383e+00
0.000000000000000000e+00
7.109684944152832031e-01
1.899511665105819702e-01
4.749511182308197021e-02
1.911173611879348755e-01
1.614639997482299805e+00
4.768819212913513184e-01
4.570556059479713440e-02
6.292949318885803223e-01
0.000000000000000000e+00
2.113956212997436523e+00
1.085113763809204102e+00
7.602885961532592773e-01
1.564240902662277222e-01
8.835188113152980804e-03
1.046163216233253479e-01
1.314279913902282715e+00
8.126788586378097534e-02
3.155205026268959045e-02
0.000000000000000000e+00
0.000000000000000000e+00
8.274020999670028687e-02
1.129682302474975586e+00
8.916083723306655884e-02
2.233701348304748535e-01
1.683188788592815399e-02
0.000000000000000000e+00
1.123433467000722885e-02
1.944989800453186035e+00
0.000000000000000000e+00
1.214884877204895020e+00
4.876847565174102783e-02
9.092680215835571289e-01
1.351657062768936157e-01
1.145756959915161133e+00
5.923999473452568054e-02
2.654430568218231201e-01
4.370814263820648193e-01
5.191948413848876953e-01
1.960328966379165649e-01
1.463246822357177734e+00
4.765877034515142441e-03
2.340563014149665833e-02
1.377542614936828613e+00
2.511878609657287598e-01
1.623087227344512939e-01
1.157595813274383545e-01
4.023723900318145752e-01
1.354228138923645020e+00
9.026560932397842407e-03
2.207163870334625244e-01
1.408665180206298828e-01
8.118718266487121582e-01
1.147696733474731445e+00
4.900872409343719482e-01
1.221382711082696915e-02
1.946463584899902344e-01
4.624607264995574951e-01
1.151901334524154663e-01
8.012009412050247192e-02
1.333670258522033691e+00
4.850679874420166016e+00
5.480539798736572266e-01
9.207835197448730469e-01
1.935297101736068726e-01
7.444901764392852783e-02
3.339729085564613342e-02
7.498276419937610626e-03
0.000000000000000000e+00
0.000000000000000000e+00
4.954314604401588440e-02
2.747352421283721924e-01
4.224486351013183594e-01
8.857736736536026001e-02
1.083796523744240403e-04
8.262931704521179199e-01
2.765940725803375244e-01
5.613416433334350586e-02
0.000000000000000000e+00
1.167650893330574036e-01
6.769120097160339355e-01
8.360707014799118042e-02
1.651130437850952148e+00
0.000000000000000000e+00
1.643624855205416679e-03
3.934383690357208252e-01
7.141683250665664673e-02
7.096082568168640137e-01
3.101569116115570068e-01
0.000000000000000000e+00
4.026713669300079346e-01
6.700078845024108887e-01
3.651164472103118896e-03
9.328609448857605457e-04
3.651772439479827881e-02
2.997243544086813927e-03
9.026687592267990112e-03
6.387798190116882324e-01
1.731973290443420410e+00
1.310934275388717651e-01
3.864902853965759277e-01
3.096369206905364990e-01
1.477267593145370483e-03
5.495876539498567581e-04
1.255302727222442627e-01
3.953935578465461731e-02
1.155716776847839355e+00
8.357434868812561035e-01
1.965996110811829567e-03
0.000000000000000000e+00
1.478917300701141357e-01
9.278678894042968750e-02
5.303385257720947266e-01
9.081371426582336426e-01
4.590248316526412964e-02
0.000000000000000000e+00
1.580034941434860229e-02
1.031043887138366699e+00
0.000000000000000000e+00
2.980321645736694336e-01
0.000000000000000000e+00
3.176661133766174316e-01
6.669475436210632324e-01
2.672779560089111328e-02
1.647002696990966797e-01
2.251522243022918701e-01
7.657687664031982422e-01
6.749781370162963867e-01
6.139674186706542969e-01
9.626433253288269043e-01
1.960823178291320801e+00
1.999125443398952484e-02
3.401261866092681885e-01
1.103715658187866211e+00
7.399657964706420898e-01
5.490499734878540039e-01
3.568535149097442627e-01
0.000000000000000000e+00
3.100025095045566559e-02
0.000000000000000000e+00
6.776741147041320801e-01
6.915500760078430176e-01
4.440773278474807739e-02
3.077108621597290039e+00
3.207438230514526367e+00
8.308174014091491699e-01
3.939634561538696289e-02
1.304077386856079102e+00
2.915186807513237000e-03
0.000000000000000000e+00
0.000000000000000000e+00
1.424988359212875366e-01
6.733434647321701050e-02
0.000000000000000000e+00
0.000000000000000000e+00
2.320827171206474304e-02
1.694360673427581787e-01
3.264815807342529297e-01
1.489632964134216309e+00
1.685241311788558960e-01
8.998084068298339844e-02
1.546356678009033203e+00
7.707919925451278687e-02
1.141991734504699707e+00
0.000000000000000000e+00
4.376614093780517578e-01
1.290152668952941895e+00
7.166761904954910278e-02
1.302193164825439453e+00
3.249091207981109619e-01
1.851975083351135254e+00
3.595359027385711670e-01
3.962761163711547852e-01
3.461951389908790588e-03
9.465314745903015137e-01
9.372103810310363770e-01
3.778928518295288086e-01
2.261920273303985596e-02
2.563295364379882812e+00
2.514286041259765625e-01
6.073316931724548340e-02
7.723399437963962555e-03
2.526902854442596436e-01
2.904431819915771484e-01
4.602011758834123611e-03
3.148600578308105469e+00
5.940855741500854492e-01
4.377256929874420166e-01
1.110766530036926270e+00
1.259488582611083984e+00
2.708106301724910736e-02
1.140466094017028809e+00
0.000000000000000000e+00
1.768146455287933350e-01
0.000000000000000000e+00
0.000000000000000000e+00
8.339240215718746185e-03
2.148227095603942871e-01
1.607164293527603149e-01
0.000000000000000000e+00
2.085977233946323395e-02
4.738402366638183594e-01
1.410516858100891113e+00
0.000000000000000000e+00
2.577514648437500000e-01
3.613999485969543457e-01
1.396139740943908691e+00
1.844729185104370117e-01
2.900151908397674561e-02
5.535421893000602722e-02
2.367659956216812134e-01
1.177959203720092773e+00
2.712989747524261475e-01
1.335423067212104797e-02
2.056183815002441406e+00
2.458570897579193115e-02
6.572281718254089355e-01
0.000000000000000000e+00
3.392645418643951416e-01
2.735326252877712250e-02
0.000000000000000000e+00
1.140931963920593262e+00
1.886842131614685059e+00
4.946285784244537354e-01
1.779190659523010254e+00
1.641874574124813080e-02
1.016958832740783691e+00
8.223617821931838989e-02
0.000000000000000000e+00
3.745327293872833252e-01
1.087262034416198730e+00
4.311468005180358887e-01
5.544705688953399658e-02
8.402957320213317871e-01
2.968946099281311035e-01
1.023063659667968750e-01
1.754711866378784180e+00
4.085210561752319336e-01
1.685153134167194366e-02
3.784127533435821533e-01
4.933094978332519531e-02
5.750890970230102539e-01
2.584513723850250244e-01
0.000000000000000000e+00
1.098898947238922119e-01
1.183790564537048340e+00
1.461247801780700684e+00
0.000000000000000000e+00
5.477305650711059570e-01
0.000000000000000000e+00
1.584196448326110840e+00
3.836330398917198181e-02
3.721550107002258301e-01
8.844016790390014648e-01
0.000000000000000000e+00
1.254743933677673340e+00
1.195668339729309082e+00
8.508448302745819092e-02
5.649418756365776062e-02
8.020330667495727539e-01
2.857005782425403595e-02
1.934665627777576447e-02
7.062401622533798218e-03
1.901474237442016602e+00
3.535628318786621094e-02
8.962031602859497070e-01
1.481008622795343399e-02
1.723761081695556641e+00
2.894433021545410156e+00
8.125420808792114258e-01
1.439077705144882202e-01
6.670476198196411133e-01
0.000000000000000000e+00
0.000000000000000000e+00
