6.258620023727416992e-01
0.000000000000000000e+00
5.705107748508453369e-02
2.974812984466552734e+00
4.321862459182739258e-01
3.333261013031005859e-01
4.054722487926483154e-01
2.114248037338256836e+00
6.399691581726074219e+00
1.198471546173095703e+00
1.185174062848091125e-01
1.682277679443359375e+00
7.184519618749618530e-02
4.268860220909118652e-01
2.047623634338378906e+00
1.263698637485504150e-01
9.070244431495666504e-01
1.988517403602600098e+00
3.224245011806488037e-01
3.055640496313571930e-02
8.411219716072082520e-01
0.000000000000000000e+00
3.321469947695732117e-02
1.416574716567993164e+00
7.467072457075119019e-02
4.133988171815872192e-02
1.408487185835838318e-02
1.501663208007812500e+00
1.802790910005569458e-01
0.000000000000000000e+00
9.220118634402751923e-03
6.796146929264068604e-02
4.968580231070518494e-02
4.550034105777740479e-01
3.261602818965911865e-01
3.246257066726684570e+00
6.282539367675781250e-01
3.949611261487007141e-02
8.658854961395263672e-01
5.258502364158630371e-01
5.990061163902282715e-01
5.541666746139526367e-01
6.851636767387390137e-01
2.710258483886718750e+00
4.601418077945709229e-01
1.211585164070129395e+00
5.131368041038513184e-01
1.379322290420532227e+00
2.268880754709243774e-01
1.109319686889648438e+00
2.713737487792968750e+00
4.843794275075197220e-03
1.275210261344909668e+00
1.508279354311525822e-03
1.703162431716918945e+00
1.340668350458145142e-01
2.985312342643737793e-01
5.892686247825622559e-01
1.195256471633911133e+00
3.928618133068084717e-01
3.446316346526145935e-02
1.175938770174980164e-01
1.124899387359619141e-01
7.801959514617919922e-01
1.053591370582580566e+00
2.219976633787155151e-01
5.431132391095161438e-03
6.793379187583923340e-01
7.334328293800354004e-01
3.145615160465240479e-01
0.000000000000000000e+00
8.163536898791790009e-03
4.634198844432830811e-01
8.656525015830993652e-01
3.745673000812530518e-01
1.487828016281127930e+00
3.403147682547569275e-02
5.706806182861328125e-01
6.945173256099224091e-03
1.077534198760986328e+00
7.079280167818069458e-02
6.917861700057983398e-01
2.389786243438720703e+00
8.947895467281341553e-02
2.626360893249511719e+00
1.034629996865987778e-03
1.880626678466796875e+00
4.574799537658691406e-02
5.849255323410034180e-01
2.841276302933692932e-02
2.454163273796439171e-03
3.221956267952919006e-02
2.244739560410380363e-03
8.143678423948585987e-04
9.588161110877990723e-01
6.757265925407409668e-01
1.778890490531921387e+00
4.417283236980438232e-01
1.394135970622301102e-02
7.451229263097047806e-03
0.000000000000000000e+00
6.640996038913726807e-02
1.401213183999061584e-02
9.294470548629760742e-01
9.416701197624206543e-01
1.406560838222503662e-01
1.908102154731750488e+00
8.655910491943359375e-01
1.013012170791625977e+00
1.181661710143089294e-01
1.434670209884643555e+00
9.321602061390876770e-03
5.147236585617065430e-01
5.954110026359558105e-01
8.870182037353515625e-01
8.125461637973785400e-03
0.000000000000000000e+00
1.017679274082183838e-01
3.037885427474975586e-01
2.750557899475097656e+00
2.661066651344299316e-01
2.092670500278472900e-01
2.321247244253754616e-03
1.171010494232177734e+00
7.359753847122192383e-01
1.517774939537048340e+00
0.000000000000000000e+00
2.984752655029296875e-01
1.662854433059692383e+00
2.381977997720241547e-02
3.475461527705192566e-02
1.068699002265930176e+00
1.117945164442062378e-01
2.363600954413414001e-02
4.813654422760009766e-01
0.000000000000000000e+00
4.841240048408508301e-01
5.594100952148437500e+00
0.000000000000000000e+00
4.388070404529571533e-01
2.316281795501708984e-01
6.619519591331481934e-01
1.645114779472351074e+00
0.000000000000000000e+00
6.732239853590726852e-03
2.922679781913757324e-01
9.444134831428527832e-01
1.420129895210266113e+00
6.775039434432983398e-01
2.373127341270446777e-01
5.130895614624023438e+00
2.413187325000762939e-01
6.630585789680480957e-01
1.266481995582580566e+00
1.704947352409362793e+00
2.008736133575439453e+00
1.984247416257858276e-01
3.840351849794387817e-02
1.876797795295715332e+00
1.508363932371139526e-01
1.094526890665292740e-02
1.445288777351379395e+00
8.200516700744628906e-01
1.695215851068496704e-01
5.921105146408081055e-01
2.963590063154697418e-02
0.000000000000000000e+00
0.000000000000000000e+00
1.283535480499267578e+00
2.670128822326660156e+00
1.460245251655578613e-01
2.486785650253295898e-01
1.129501406103372574e-02
1.226532459259033203e+00
4.416232109069824219e-01
7.978569030761718750e+00
0.000000000000000000e+00
4.630599543452262878e-02
0.000000000000000000e+00
2.372199669480323792e-02
0.000000000000000000e+00
1.770445704460144043e-01
6.664978712797164917e-02
2.049295425415039062e+00
2.760912477970123291e-01
4.154180176556110382e-03
3.844747552648186684e-03
2.129336833953857422e+00
0.000000000000000000e+00
1.006840690970420837e-01
0.000000000000000000e+00
7.652633637189865112e-02
1.502747535705566406e+00
4.886504113674163818e-01
8.192126452922821045e-02
4.919478669762611389e-02
1.175776600837707520e+00
2.134924679994583130e-01
5.946172475814819336e-01
9.823563098907470703e-01
1.759583115577697754e+00
5.478662848472595215e-01
3.251796066761016846e-01
4.037526845932006836e-01
5.757129192352294922e-02
8.087332546710968018e-02
7.749594002962112427e-02
4.143738746643066406e-02
5.841692909598350525e-02
1.676074862480163574e+00
2.238048799335956573e-02
1.287534385919570923e-01
5.364523530006408691e-01
5.677079558372497559e-01
1.072822213172912598e+00
7.221755981445312500e-01
1.215559020638465881e-01
2.375400513410568237e-01
1.290601968765258789e+00
1.465041756629943848e+00
1.734852790832519531e-03
3.413723036646842957e-02
3.453778922557830811e-01
0.000000000000000000e+00
3.566976189613342285e-01
0.000000000000000000e+00
9.505470097064971924e-02
3.238967359066009521e-01
0.000000000000000000e+00
3.562991321086883545e-02
3.700226545333862305e-01
3.819776177406311035e-01
1.215174078941345215e+00
2.267088174819946289e+00
5.069020390510559082e-01
1.301105737686157227e+00
2.182682275772094727e+00
2.326295524835586548e-01
3.007482886314392090e-01
1.828489661216735840e+00
1.773632317781448364e-01
1.321556717157363892e-01
6.042518652975559235e-03
2.451714515686035156e+00
4.984129071235656738e-01
2.602638304233551025e-01
4.920149445533752441e-01
1.947874948382377625e-02
1.235293030738830566e+00
1.798460960388183594e+00
7.598984986543655396e-03
2.702884972095489502e-01
5.316461902111768723e-03
1.120141863822937012e+00
1.286201477050781250e+00
7.089473772794008255e-03
7.772120088338851929e-02
0.000000000000000000e+00
1.597783411853015423e-03
8.702937047928571701e-04
9.744680523872375488e-01
3.821341097354888916e-01
1.327032148838043213e-01
6.597100757062435150e-03
0.000000000000000000e+00
0.000000000000000000e+00
2.064219951629638672e+00
0.000000000000000000e+00
9.926444888114929199e-01
0.000000000000000000e+00
1.378947019577026367e+00
0.000000000000000000e+00
7.706892490386962891e-01
1.809852570295333862e-01
7.479984313249588013e-02
2.443257123231887817e-01
0.000000000000000000e+00
6.229433417320251465e-01
1.196219563484191895e+00
2.092994153499603271e-01
1.749796065269038081e-04
4.135200381278991699e-01
9.456075727939605713e-02
8.036318421363830566e-02
1.688833832740783691e-01
5.885482430458068848e-01
1.468183636665344238e+00
2.288638986647129059e-02
7.504905760288238525e-02
2.436302416026592255e-02
2.396487712860107422e+00
1.777123212814331055e+00
3.397169709205627441e-01
1.789895235560834408e-03
1.299009658396244049e-02
2.479665130376815796e-01
3.312454223632812500e-01
8.443397283554077148e-02
1.835295677185058594e+00
4.540880203247070312e+00
1.136121511459350586e+00
1.433806270360946655e-01
5.224531292915344238e-01
3.619827032089233398e-01
1.329636760056018829e-02
7.821208238601684570e-02
1.526640821248292923e-02
0.000000000000000000e+00
3.909224644303321838e-02
5.737172365188598633e-01
2.723805606365203857e-01
0.000000000000000000e+00
1.826901733875274658e-02
1.370264410972595215e+00
4.173404872417449951e-01
3.974792361259460449e-01
0.000000000000000000e+00
1.735673397779464722e-01
9.795336723327636719e-01
3.669301867485046387e-01
1.182238221168518066e+00
0.000000000000000000e+00
9.596777707338333130e-02
3.323340415954589844e-01
2.712039276957511902e-03
5.996170639991760254e-01
3.839552402496337891e-02
0.000000000000000000e+00
8.450569510459899902e-01
6.103841066360473633e-01
2.414777688682079315e-02
3.220892045646905899e-03
6.626521050930023193e-02
9.888160042464733124e-03
2.196400053799152374e-02
3.965396881103515625e-01
1.938381195068359375e+00
8.100058138370513916e-02
8.740321397781372070e-01
9.078562259674072266e-01
5.977369099855422974e-02
0.000000000000000000e+00
8.572379499673843384e-02
5.556552112102508545e-02
6.487895846366882324e-01
1.283734917640686035e+00
2.045359462499618530e-02
1.403867360204458237e-02
4.178797098575159907e-05
1.173610448837280273e+00
4.205104112625122070e-01
1.508578538894653320e+00
1.855058073997497559e-01
5.212843883782625198e-03
1.279920041561126709e-01
6.693932414054870605e-01
0.000000000000000000e+00
3.808568120002746582e-01
0.000000000000000000e+00
3.932741582393646240e-01
2.703318893909454346e-01
1.711532101035118103e-02
4.604851901531219482e-01
4.818064868450164795e-01
2.023061275482177734e+00
8.957925438880920410e-01
3.110746145248413086e-01
1.063169240951538086e+00
2.362643957138061523e+00
4.202716052532196045e-03
4.786921143531799316e-01
1.847364425659179688e+00
3.042023777961730957e-01
1.971377879381179810e-01
3.866048157215118408e-01
3.749327152036130428e-04
1.148279570043087006e-02
1.791577413678169250e-02
6.164832115173339844e-01
4.749782681465148926e-01
2.109555713832378387e-02
3.919302940368652344e+00
2.455451965332031250e+00
1.345041394233703613e+00
0.000000000000000000e+00
4.562520980834960938e-01
1.428178232163190842e-02
0.000000000000000000e+00
0.000000000000000000e+00
9.460840374231338501e-02
7.722638547420501709e-02
3.699146909639239311e-03
0.000000000000000000e+00
1.519057005643844604e-01
3.275818750262260437e-02
7.286804318428039551e-01
5.577445626258850098e-01
7.387772947549819946e-02
1.237279921770095825e-01
1.279340982437133789e+00
1.714929472655057907e-03
1.463817000389099121e+00
9.641150012612342834e-03
1.202261969447135925e-01
1.125231027603149414e+00
8.059197664260864258e-01
1.374026536941528320e+00
5.191003084182739258e-01
1.369925975799560547e+00
5.557787045836448669e-02
2.997285127639770508e-01
0.000000000000000000e+00
4.334607720375061035e-01
9.123916625976562500e-01
1.136634349822998047e-01
5.415157601237297058e-02
2.782795190811157227e+00
1.510257273912429810e-01
7.333512306213378906e-01
9.126100689172744751e-02
3.320542396977543831e-03
8.626324683427810669e-02
0.000000000000000000e+00
1.859292387962341309e+00
7.407308816909790039e-01
4.034886062145233154e-01
6.318273544311523438e-01
7.537573575973510742e-01
0.000000000000000000e+00
1.465350031852722168e+00
9.551054099574685097e-04
3.143829107284545898e-01
2.390932291746139526e-02
0.000000000000000000e+00
2.150839380919933319e-02
8.479318022727966309e-02
2.837589681148529053e-01
0.000000000000000000e+00
4.620640352368354797e-02
1.060485392808914185e-01
1.809640288352966309e+00
0.000000000000000000e+00
2.598898708820343018e-01
9.973285347223281860e-02
3.623643815517425537e-01
0.000000000000000000e+00
8.481138385832309723e-03
0.000000000000000000e+00
4.393079876899719238e-01
1.764356017112731934e+00
6.232739090919494629e-01
4.182946402579545975e-03
1.175775289535522461e+00
1.180465985089540482e-02
3.584640324115753174e-01
2.876087836921215057e-02
1.507554575800895691e-02
3.680700063705444336e-01
1.088319160044193268e-02
8.136532902717590332e-01
1.158006072044372559e+00
3.861578181385993958e-02
1.772499561309814453e+00
9.058383852243423462e-02
8.082125186920166016e-01
3.428612602874636650e-03
1.821517944335937500e-01
1.391999050974845886e-02
1.495658516883850098e+00
5.773808360099792480e-01
0.000000000000000000e+00
4.470693692564964294e-02
3.882547318935394287e-01
5.117911472916603088e-02
1.389939069747924805e+00
4.826144576072692871e-01
9.868926554918289185e-02
2.558362782001495361e-01
7.589101791381835938e-02
7.765442728996276855e-01
1.312892232090234756e-02
0.000000000000000000e+00
1.348515152931213379e-01
8.319715261459350586e-01
1.544890046119689941e+00
1.105517372488975525e-01
2.181834727525711060e-01
1.185514479875564575e-01
8.045176863670349121e-01
3.158249855041503906e-01
2.241865247488021851e-01
5.901319384574890137e-01
8.615552214905619621e-04
5.316801667213439941e-01
4.933455884456634521e-01
1.983192190527915955e-02
3.060359954833984375e-01
1.722407102584838867e+00
2.678776904940605164e-02
0.000000000000000000e+00
7.051402330398559570e-02
2.288642406463623047e+00
3.032731413841247559e-01
1.014869928359985352e+00
7.211696505546569824e-01
1.635192871093750000e+00
2.844009637832641602e+00
9.587903022766113281e-01
6.112420558929443359e-02
6.170529127120971680e-01
4.618675448000431061e-03
6.820959597826004028e-02
