1.772873878479003906e+00
0.000000000000000000e+00
2.218744605779647827e-01
1.960125684738159180e+00
1.677850186824798584e-01
2.101599276065826416e-01
7.979139089584350586e-01
2.786263465881347656e+00
4.952809333801269531e+00
1.100618720054626465e+00
7.834593951702117920e-02
1.628412961959838867e+00
2.779996693134307861e-01
5.283819437026977539e-01
2.065914869308471680e+00
7.693299651145935059e-02
5.357233285903930664e-01
2.215249776840209961e+00
9.055811762809753418e-01
4.109480418264865875e-03
1.026548504829406738e+00
1.791266165673732758e-02
7.347815204411745071e-03
2.625143289566040039e+00
2.066715359687805176e-01
0.000000000000000000e+00
5.498845130205154419e-02
1.726829290390014648e+00
3.798186033964157104e-02
4.338080994784832001e-03
1.295030955225229263e-02
0.000000000000000000e+00
4.590946435928344727e-01
9.841410443186759949e-03
7.587859034538269043e-02
2.524889230728149414e+00
4.056691825389862061e-01
1.481518000364303589e-01
6.929196715354919434e-01
9.965982288122177124e-02
5.249898135662078857e-02
5.270995497703552246e-01
4.312921166419982910e-01
2.295671463012695312e+00
3.555014133453369141e-01
6.536229848861694336e-01
1.713034510612487793e-01
5.852326750755310059e-01
3.242089450359344482e-01
1.334306240081787109e+00
1.922933220863342285e+00
0.000000000000000000e+00
1.239931106567382812e+00
0.000000000000000000e+00
1.906889081001281738e+00
1.107339337468147278e-01
8.311002254486083984e-01
9.567848592996597290e-02
2.035281658172607422e+00
8.899340629577636719e-01
2.583670914173126221e-01
1.607113182544708252e-01
3.307405412197113037e-01
7.888285517692565918e-01
7.487304806709289551e-01
7.684637308120727539e-01
0.000000000000000000e+00
1.771031133830547333e-02
3.815116360783576965e-02
6.578428745269775391e-01
0.000000000000000000e+00
3.246177360415458679e-02
4.926159083843231201e-01
0.000000000000000000e+00
3.879339993000030518e-01
1.805016040802001953e+00
0.000000000000000000e+00
9.717760682106018066e-01
1.053384272381663322e-03
9.065697789192199707e-01
1.798981875181198120e-01
3.548747301101684570e-01
1.737870454788208008e+00
2.026048004627227783e-01
2.344181299209594727e+00
9.472282603383064270e-03
1.231272459030151367e+00
1.142391860485076904e-01
8.443902134895324707e-01
1.019528135657310486e-01
8.330525830388069153e-03
1.336052920669317245e-02
3.003439493477344513e-02
0.000000000000000000e+00
3.382796347141265869e-01
2.780675888061523438e-01
9.071608185768127441e-01
4.437622427940368652e-01
1.781723462045192719e-02
0.000000000000000000e+00
2.646265318617224693e-03
1.174223870038986206e-01
1.105817630887031555e-01
6.277151703834533691e-01
1.005469679832458496e+00
3.937260806560516357e-01
1.214533925056457520e+00
1.550010144710540771e-01
5.160021185874938965e-01
1.678249239921569824e-01
1.142749309539794922e+00
0.000000000000000000e+00
1.460907101631164551e+00
8.525518178939819336e-01
9.577082991600036621e-01
1.165401637554168701e-01
0.000000000000000000e+00
0.000000000000000000e+00
1.355267167091369629e-01
3.130109548568725586e+00
6.129954457283020020e-01
2.163515836000442505e-01
0.000000000000000000e+00
1.266385674476623535e+00
5.167749524116516113e-01
1.937975168228149414e+00
0.000000000000000000e+00
4.587604478001594543e-02
1.697529315948486328e+00
1.831698864698410034e-01
1.586995786055922508e-03
4.864119291305541992e-01
1.952028274536132812e-02
9.519917890429496765e-03
6.499762181192636490e-03
0.000000000000000000e+00
4.608547687530517578e-01
4.691297054290771484e+00
0.000000000000000000e+00
4.275740683078765869e-01
7.089808583259582520e-01
3.134099841117858887e-01
1.129975438117980957e+00
3.381144627928733826e-02
3.375343382358551025e-01
1.505808234214782715e+00
7.071389555931091309e-01
1.259299874305725098e+00
1.386433243751525879e-01
6.498665809631347656e-01
4.246544361114501953e+00
1.307400912046432495e-01
3.158224821090698242e-01
5.741082429885864258e-01
2.115637779235839844e+00
7.283875942230224609e-01
2.800668478012084961e-01
2.229031873866915703e-03
2.437346696853637695e+00
0.000000000000000000e+00
4.651646688580513000e-02
1.324751734733581543e+00
1.101942539215087891e+00
6.424190402030944824e-01
2.597373425960540771e-01
3.568622842431068420e-02
0.000000000000000000e+00
0.000000000000000000e+00
1.371268987655639648e+00
1.851372241973876953e+00
2.891533374786376953e-01
0.000000000000000000e+00
0.000000000000000000e+00
8.890489935874938965e-01
3.169761002063751221e-01
7.593907833099365234e+00
0.000000000000000000e+00
9.532952681183815002e-03
3.557376191020011902e-02
1.709225703962147236e-03
0.000000000000000000e+00
1.249519139528274536e-01
5.529017373919487000e-02
1.325474977493286133e+00
2.118119150400161743e-01
0.000000000000000000e+00
1.291569642489776015e-04
1.555110335350036621e+00
0.000000000000000000e+00
7.843057624995708466e-03
0.000000000000000000e+00
4.552774131298065186e-02
9.458403587341308594e-01
8.624171614646911621e-01
0.000000000000000000e+00
3.887278437614440918e-01
6.203086376190185547e-01
3.510068655014038086e-01
4.313250780105590820e-01
1.204314112663269043e+00
1.660422801971435547e+00
7.747727632522583008e-01
5.919777154922485352e-01
1.902277767658233643e-01
0.000000000000000000e+00
2.073515579104423523e-02
1.248981710523366928e-02
5.270449817180633545e-02
2.543119015172123909e-03
2.551414012908935547e+00
1.230917591601610184e-02
6.719216704368591309e-02
2.266865074634552002e-01
6.681306958198547363e-01
9.024437665939331055e-01
1.023305177688598633e+00
3.202785849571228027e-01
4.332503378391265869e-01
9.060047268867492676e-01
9.680461883544921875e-01
9.437698870897293091e-02
8.967828750610351562e-02
5.752560496330261230e-01
1.014138683676719666e-01
5.043873190879821777e-01
0.000000000000000000e+00
9.582291543483734131e-02
2.175258994102478027e-01
0.000000000000000000e+00
0.000000000000000000e+00
3.395685255527496338e-01
3.412284329533576965e-02
1.083816528320312500e+00
2.425425291061401367e+00
8.334398865699768066e-01
1.344557762145996094e+00
1.948048353195190430e+00
6.506611704826354980e-01
0.000000000000000000e+00
5.406084656715393066e-01
1.220442876219749451e-01
1.001039892435073853e-01
0.000000000000000000e+00
1.774423003196716309e+00
1.070804744958877563e-01
6.793678551912307739e-02
4.509321749210357666e-01
0.000000000000000000e+00
2.237395524978637695e+00
9.981991052627563477e-01
2.708348333835601807e-01
5.636990815401077271e-02
2.497027628123760223e-02
1.765261441469192505e-01
5.979217290878295898e-01
2.315674535930156708e-02
9.075863286852836609e-03
4.073520377278327942e-02
0.000000000000000000e+00
1.615079790353775024e-01
9.819540977478027344e-01
5.406573414802551270e-02
9.983597695827484131e-02
5.486752372235059738e-03
0.000000000000000000e+00
0.000000000000000000e+00
2.548288106918334961e+00
9.563621133565902710e-03
1.513296961784362793e+00
5.446279421448707581e-03
9.616314172744750977e-01
4.702101647853851318e-02
8.881750106811523438e-01
0.000000000000000000e+00
3.914510607719421387e-01
1.411044001579284668e-01
1.826451276428997517e-03
1.912710219621658325e-01
1.200888276100158691e+00
0.000000000000000000e+00
0.000000000000000000e+00
3.599961698055267334e-01
3.672197163105010986e-01
3.655168786644935608e-02
4.123645275831222534e-02
1.795627921819686890e-01
1.123900771141052246e+00
0.000000000000000000e+00
5.502963662147521973e-01
0.000000000000000000e+00
1.458347558975219727e+00
1.868182063102722168e+00
5.650129914283752441e-01
0.000000000000000000e+00
3.984801843762397766e-02
2.483926899731159210e-02
4.244017899036407471e-01
3.499429523944854736e-01
1.575734615325927734e+00
4.787521362304687500e+00
1.533617258071899414e+00
2.976250052452087402e-01
9.133720397949218750e-02
2.592039406299591064e-01
5.196233280003070831e-03
0.000000000000000000e+00
3.221498336642980576e-03
0.000000000000000000e+00
0.000000000000000000e+00
3.378878161311149597e-02
6.634918600320816040e-02
1.402411013841629028e-01
0.000000000000000000e+00
1.087734341621398926e+00
2.247743308544158936e-01
5.180397257208824158e-02
0.000000000000000000e+00
8.881680667400360107e-02
4.941912889480590820e-01
0.000000000000000000e+00
1.100833773612976074e+00
0.000000000000000000e+00
0.000000000000000000e+00
5.802910923957824707e-01
3.317984938621520996e-01
1.018974781036376953e+00
2.561816275119781494e-01
0.000000000000000000e+00
9.320501685142517090e-01
4.549881517887115479e-01
0.000000000000000000e+00
9.767752885818481445e-02
0.000000000000000000e+00
0.000000000000000000e+00
6.848176941275596619e-03
1.940749734640121460e-01
1.492192268371582031e+00
5.927547812461853027e-02
5.583754181861877441e-01
3.054336011409759521e-01
0.000000000000000000e+00
0.000000000000000000e+00
1.600624322891235352e-01
4.627691209316253662e-02
1.100980043411254883e+00
7.705974578857421875e-01
6.141683086752891541e-03
0.000000000000000000e+00
0.000000000000000000e+00
5.272207260131835938e-01
9.833053946495056152e-01
1.295122027397155762e+00
1.893002912402153015e-02
1.080255489796400070e-02
7.117854803800582886e-02
8.456813693046569824e-01
0.000000000000000000e+00
4.830445647239685059e-01
0.000000000000000000e+00
1.045440603047609329e-02
3.492910265922546387e-01
1.344225406646728516e-01
1.834374107420444489e-02
5.239601135253906250e-01
4.130114614963531494e-01
1.171322345733642578e+00
4.973649978637695312e-01
8.984693884849548340e-01
2.393846988677978516e+00
0.000000000000000000e+00
4.134433865547180176e-01
8.179528117179870605e-01
1.280213892459869385e-01
3.239523172378540039e-01
1.863141506910324097e-01
0.000000000000000000e+00
7.592497020959854126e-02
3.827071189880371094e-02
3.617561459541320801e-01
4.092719256877899170e-01
0.000000000000000000e+00
2.066618680953979492e+00
3.049905776977539062e+00
5.276408195495605469e-01
2.067774534225463867e-02
3.616096675395965576e-01
2.528710523620247841e-03
0.000000000000000000e+00
0.000000000000000000e+00
2.833623439073562622e-02
1.310051828622817993e-01
1.218647733330726624e-01
0.000000000000000000e+00
2.161813676357269287e-01
2.514812350273132324e-01
8.117646723985671997e-02
1.076344966888427734e+00
1.400742679834365845e-01
6.312873959541320801e-02
1.630336046218872070e+00
2.202570736408233643e-01
9.829602837562561035e-01
0.000000000000000000e+00
6.023510098457336426e-01
1.121633887290954590e+00
2.713338732719421387e-01
7.854819893836975098e-01
3.363941013813018799e-01
1.053338050842285156e+00
1.482538580894470215e-01
4.008916914463043213e-01
1.590082608163356781e-02
3.036603927612304688e-01
6.198735237121582031e-01
9.009404182434082031e-01
0.000000000000000000e+00
2.024582386016845703e+00
1.363617554306983948e-02
3.098483085632324219e-01
1.763976179063320160e-03
1.648491770029067993e-01
1.174716353416442871e-01
1.446314156055450439e-03
2.641619682312011719e+00
1.521560311317443848e+00
2.507744431495666504e-01
3.168448507785797119e-01
1.295032978057861328e+00
4.043566063046455383e-02
6.487224102020263672e-01
0.000000000000000000e+00
1.206001341342926025e-01
0.000000000000000000e+00
0.000000000000000000e+00
0.000000000000000000e+00
4.430246055126190186e-01
1.999476552009582520e-02
0.000000000000000000e+00
0.000000000000000000e+00
2.204672694206237793e-01
2.112342357635498047e+00
0.000000000000000000e+00
5.446699634194374084e-02
1.041061580181121826e-01
1.075506091117858887e+00
1.884879730641841888e-02
0.000000000000000000e+00
9.242194145917892456e-02
2.332877665758132935e-01
1.698326587677001953e+00
6.633753180503845215e-01
0.000000000000000000e+00
1.331757307052612305e+00
0.000000000000000000e+00
5.761488080024719238e-01
0.000000000000000000e+00
1.614163964986801147e-01
2.537175826728343964e-02
0.000000000000000000e+00
1.191757440567016602e+00
1.137157201766967773e+00
2.408169656991958618e-01
1.519252300262451172e+00
1.021417323499917984e-02
1.185338258743286133e+00
9.501910209655761719e-02
1.133345067501068115e-02
2.865561246871948242e-01
5.885910987854003906e-01
5.781032443046569824e-01
2.635848522186279297e-02
4.108071923255920410e-01
4.127700254321098328e-02
2.813445637002587318e-03
1.781647682189941406e+00
5.342620611190795898e-01
5.085363984107971191e-02
2.681740820407867432e-01
3.499547764658927917e-02
4.523168504238128662e-01
3.160633146762847900e-01
0.000000000000000000e+00
3.481408581137657166e-02
1.092947959899902344e+00
1.393029689788818359e+00
3.378368914127349854e-02
2.831818163394927979e-01
0.000000000000000000e+00
9.923739433288574219e-01
2.980383932590484619e-01
2.191622555255889893e-01
6.285660266876220703e-01
0.000000000000000000e+00
6.001203656196594238e-01
8.649360537528991699e-01
1.488709598779678345e-01
1.320659816265106201e-01
7.982571721076965332e-01
2.365643829107284546e-01
2.824680134654045105e-02
0.000000000000000000e+00
2.956320762634277344e+00
3.179436549544334412e-02
8.047612905502319336e-01
2.747393846511840820e-01
1.217068433761596680e+00
2.318298339843750000e+00
1.668177008628845215e+00
5.907874554395675659e-02
9.559571146965026855e-01
0.000000000000000000e+00
6.210025399923324585e-03
