1.055818080902099609e+00
0.000000000000000000e+00
1.354933530092239380e-01
2.140067577362060547e+00
2.778120040893554688e-01
2.948968112468719482e-01
7.173730134963989258e-01
3.426846742630004883e+00
6.088044166564941406e+00
1.014594793319702148e+00
6.836040318012237549e-02
1.455671906471252441e+00
2.165855020284652710e-01
2.666083872318267822e-01
2.467206954956054688e+00
9.664361923933029175e-02
4.342300891876220703e-01
2.218481540679931641e+00
6.906675696372985840e-01
1.277407631278038025e-02
6.052461862564086914e-01
0.000000000000000000e+00
3.945161402225494385e-02
1.625902533531188965e+00
2.998116612434387207e-01
2.644990803673863411e-03
5.690676346421241760e-02
1.003309249877929688e+00
3.076897468417882919e-03
1.421214360743761063e-02
0.000000000000000000e+00
0.000000000000000000e+00
4.599292576313018799e-01
4.756298661231994629e-02
1.096627339720726013e-01
3.372295618057250977e+00
3.560329377651214600e-01
2.095614932477474213e-02
7.103955149650573730e-01
1.346947997808456421e-01
2.911837697029113770e-01
5.985867381095886230e-01
8.852571994066238403e-02
2.238004446029663086e+00
3.842117488384246826e-01
8.941073417663574219e-01
2.494632750749588013e-01
7.962054610252380371e-01
3.154395818710327148e-01
9.635478258132934570e-01
2.054385900497436523e+00
0.000000000000000000e+00
1.072910904884338379e+00
5.411362741142511368e-03
2.460844755172729492e+00
3.732681274414062500e-02
5.833687186241149902e-01
1.696743071079254150e-01
1.707315802574157715e+00
4.771417379379272461e-01
0.000000000000000000e+00
2.505159974098205566e-01
2.133126370608806610e-02
1.045377492904663086e+00
5.544227957725524902e-01
5.629297494888305664e-01
0.000000000000000000e+00
2.115025371313095093e-01
1.811783760786056519e-01
7.016391754150390625e-01
0.000000000000000000e+00
1.117294803261756897e-01
1.553337275981903076e-01
2.299141734838485718e-01
3.451126217842102051e-01
1.130608677864074707e+00
1.064872555434703827e-02
5.940274596214294434e-01
0.000000000000000000e+00
1.134981274604797363e+00
1.208121888339519501e-02
4.216499626636505127e-01
2.750049114227294922e+00
1.726345717906951904e-02
2.508106946945190430e+00
0.000000000000000000e+00
1.846082329750061035e+00
8.159303665161132812e-02
7.070783376693725586e-01
9.858507663011550903e-03
3.263002494350075722e-03
3.160626860335469246e-03
0.000000000000000000e+00
0.000000000000000000e+00
6.857452988624572754e-01
4.045061171054840088e-01
1.651713728904724121e+00
4.856636226177215576e-01
3.064629388973116875e-03
1.190912257879972458e-02
4.862691834568977356e-02
1.937145292758941650e-01
1.585360616445541382e-01
8.427882194519042969e-01
1.215646028518676758e+00
1.783197373151779175e-01
1.532367467880249023e+00
1.392617970705032349e-01
5.908840894699096680e-01
3.666654229164123535e-02
2.105935096740722656e+00
0.000000000000000000e+00
1.245534181594848633e+00
4.722701013088226318e-01
7.555145025253295898e-01
2.703179046511650085e-02
3.778113052248954773e-03
1.187685728073120117e-01
6.146946549415588379e-02
2.233990430831909180e+00
5.823572874069213867e-01
8.477894216775894165e-02
6.413436960428953171e-03
1.103016018867492676e+00
3.624087572097778320e-01
1.810486793518066406e+00
0.000000000000000000e+00
1.732065826654434204e-01
1.597535729408264160e+00
1.113418769091367722e-02
2.577568218111991882e-02
6.572595834732055664e-01
1.045101955533027649e-01
5.796148255467414856e-02
7.660537958145141602e-02
0.000000000000000000e+00
3.652788996696472168e-01
4.532314300537109375e+00
0.000000000000000000e+00
3.073851466178894043e-01
8.371658325195312500e-01
9.948767423629760742e-01
1.991442084312438965e+00
0.000000000000000000e+00
1.512282788753509521e-01
1.008992910385131836e+00
8.126487731933593750e-01
1.431570053100585938e+00
1.224006175994873047e+00
7.281906604766845703e-01
4.963136672973632812e+00
1.935431361198425293e-01
6.304830908775329590e-01
6.854994297027587891e-01
1.728165388107299805e+00
6.624034643173217773e-01
1.488901525735855103e-01
0.000000000000000000e+00
2.449691772460937500e+00
3.174528479576110840e-02
7.411637157201766968e-02
1.255699396133422852e+00
1.111753344535827637e+00
2.512918412685394287e-01
4.836028516292572021e-01
7.063654065132141113e-02
0.000000000000000000e+00
0.000000000000000000e+00
1.157108545303344727e+00
2.196271181106567383e+00
2.611014246940612793e-01
0.000000000000000000e+00
0.000000000000000000e+00
8.318359255790710449e-01
1.876036524772644043e-01
7.796082496643066406e+00
0.000000000000000000e+00
0.000000000000000000e+00
2.330327965319156647e-02
0.000000000000000000e+00
6.886857002973556519e-02
5.116303917020559311e-03
8.911506086587905884e-02
1.854570031166076660e+00
6.147528290748596191e-01
0.000000000000000000e+00
0.000000000000000000e+00
1.722944259643554688e+00
0.000000000000000000e+00
4.360734019428491592e-03
0.000000000000000000e+00
3.830289840698242188e-02
8.911090493202209473e-01
1.012247204780578613e+00
1.517842262983322144e-01
5.818966776132583618e-02
1.031474471092224121e+00
1.675249338150024414e-01
6.589043736457824707e-01
1.658901572227478027e+00
1.724173426628112793e+00
5.859790444374084473e-01
3.829872012138366699e-01
2.715214490890502930e-01
0.000000000000000000e+00
6.043844297528266907e-02
4.206789657473564148e-02
1.088666729629039764e-02
2.360478974878787994e-03
2.242898464202880859e+00
3.875263780355453491e-02
1.436487138271331787e-01
3.584931492805480957e-01
8.841164708137512207e-01
5.952672958374023438e-01
4.028427004814147949e-01
2.744290828704833984e-01
2.662217617034912109e-01
9.317260980606079102e-01
1.280132770538330078e+00
2.518703415989875793e-02
1.381848305463790894e-01
3.353691697120666504e-01
1.335195731371641159e-02
4.937823712825775146e-01
0.000000000000000000e+00
1.324010938405990601e-01
1.848583966493606567e-01
0.000000000000000000e+00
0.000000000000000000e+00
2.164663970470428467e-01
1.946257799863815308e-01
1.423785090446472168e+00
2.226844787597656250e+00
2.461959421634674072e-01
3.983492851257324219e-01
2.133508443832397461e+00
4.083880484104156494e-01
6.511057168245315552e-02
4.070689380168914795e-01
1.931678205728530884e-01
1.690566539764404297e-01
1.638553477823734283e-02
2.533187389373779297e+00
4.243629872798919678e-01
2.243017107248306274e-01
2.353681623935699463e-01
0.000000000000000000e+00
2.205245733261108398e+00
1.095711231231689453e+00
7.025532424449920654e-02
1.357089579105377197e-01
1.118106581270694733e-02
3.832258284091949463e-01
4.792737960815429688e-01
1.178419776260852814e-02
0.000000000000000000e+00
3.516950830817222595e-02
0.000000000000000000e+00
0.000000000000000000e+00
5.404298901557922363e-01
3.278391659259796143e-01
3.549297107383608818e-03
0.000000000000000000e+00
0.000000000000000000e+00
1.593147637322545052e-03
3.063182115554809570e+00
5.201417487114667892e-03
9.998953342437744141e-01
0.000000000000000000e+00
1.309921264648437500e+00
0.000000000000000000e+00
1.193477869033813477e+00
8.145062625408172607e-02
1.378312613815069199e-02
2.655183076858520508e-01
1.381008476018905640e-01
2.445058971643447876e-01
1.323052644729614258e+00
1.176334172487258911e-02
0.000000000000000000e+00
4.542738497257232666e-01
5.365383028984069824e-01
1.227241903543472290e-01
3.211911767721176147e-02
5.703275799751281738e-01
1.445272326469421387e+00
0.000000000000000000e+00
4.753480255603790283e-01
0.000000000000000000e+00
1.339764356613159180e+00
1.744968652725219727e+00
5.492035746574401855e-01
0.000000000000000000e+00
3.938119392842054367e-03
5.247931554913520813e-02
3.156539201736450195e-01
1.477100700139999390e-01
1.405382037162780762e+00
5.270284652709960938e+00
1.227054476737976074e+00
7.629542052745819092e-02
1.954062469303607941e-02
3.559678494930267334e-01
0.000000000000000000e+00
7.353622931987047195e-03
5.680352915078401566e-03
0.000000000000000000e+00
1.645192736759781837e-03
2.288225293159484863e-01
1.392565965652465820e-01
8.772799372673034668e-02
0.000000000000000000e+00
9.586610198020935059e-01
3.069141805171966553e-01
5.616142600774765015e-02
0.000000000000000000e+00
8.722914010286331177e-02
5.093823671340942383e-01
5.598384514451026917e-02
1.118011951446533203e+00
0.000000000000000000e+00
1.423576325178146362e-01
2.041350156068801880e-01
1.337257623672485352e-01
1.131626963615417480e+00
1.287955883890390396e-02
0.000000000000000000e+00
1.117280721664428711e+00
8.205650448799133301e-01
0.000000000000000000e+00
0.000000000000000000e+00
0.000000000000000000e+00
3.598190378397703171e-03
5.332980677485466003e-02
1.938443481922149658e-01
1.958629131317138672e+00
7.169086486101150513e-03
5.784215927124023438e-01
1.238032460212707520e+00
1.563742011785507202e-02
0.000000000000000000e+00
3.129851818084716797e-02
5.838285014033317566e-02
1.003222227096557617e+00
9.249460697174072266e-01
6.931737996637821198e-03
9.780331514775753021e-03
0.000000000000000000e+00
4.711985886096954346e-01
5.542916059494018555e-01
1.417259454727172852e+00
2.881338894367218018e-01
0.000000000000000000e+00
5.805825069546699524e-02
1.018833637237548828e+00
0.000000000000000000e+00
4.437804520130157471e-01
0.000000000000000000e+00
2.336766719818115234e-01
3.671603202819824219e-01
7.707368582487106323e-02
9.123643487691879272e-02
4.528897106647491455e-01
8.314751982688903809e-01
7.589632868766784668e-01
7.692894935607910156e-01
9.891386628150939941e-01
2.018384218215942383e+00
0.000000000000000000e+00
7.232432961463928223e-01
1.071844935417175293e+00
1.222691014409065247e-01
3.091180622577667236e-01
2.732681632041931152e-01
1.871920377016067505e-02
3.785584494471549988e-02
0.000000000000000000e+00
3.800438344478607178e-01
4.822586178779602051e-01
3.878276050090789795e-02
2.975657463073730469e+00
2.897163152694702148e+00
5.691297650337219238e-01
2.385482378304004669e-02
7.639425992965698242e-01
2.340866485610604286e-03
0.000000000000000000e+00
0.000000000000000000e+00
3.532569110393524170e-02
1.545464545488357544e-01
8.820556104183197021e-03
0.000000000000000000e+00
3.739614188671112061e-01
5.027906224131584167e-02
4.348132312297821045e-01
1.210279941558837891e+00
1.441341340541839600e-01
3.275223448872566223e-02
1.617891073226928711e+00
4.983166605234146118e-02
1.374838948249816895e+00
0.000000000000000000e+00
1.313838809728622437e-01
1.078854084014892578e+00
1.704282909631729126e-01
8.963367342948913574e-01
2.927399575710296631e-01
1.386865973472595215e+00
5.829090997576713562e-02
3.721399977803230286e-02
0.000000000000000000e+00
5.069720149040222168e-01
6.435052752494812012e-01
9.121485799551010132e-02
0.000000000000000000e+00
2.879925727844238281e+00
3.866028040647506714e-02
1.929720044136047363e-01
0.000000000000000000e+00
1.522768009454011917e-02
1.978999674320220947e-01
0.000000000000000000e+00
2.563719987869262695e+00
9.005100131034851074e-01
4.749725759029388428e-01
8.214660882949829102e-01
8.042748570442199707e-01
3.667350113391876221e-02
9.420250058174133301e-01
6.143581587821245193e-03
2.497548758983612061e-01
0.000000000000000000e+00
0.000000000000000000e+00
1.913274265825748444e-02
3.513892889022827148e-01
6.071222946047782898e-02
0.000000000000000000e+00
2.681405097246170044e-02
1.644247174263000488e-01
1.982605218887329102e+00
0.000000000000000000e+00
9.754663705825805664e-02
1.271689385175704956e-01
1.142629504203796387e+00
3.618636634200811386e-03
0.000000000000000000e+00
1.681518554687500000e-01
3.282084465026855469e-01
1.580127239227294922e+00
2.400814741849899292e-01
0.000000000000000000e+00
2.043948411941528320e+00
0.000000000000000000e+00
6.639494299888610840e-01
0.000000000000000000e+00
0.000000000000000000e+00
6.956275552511215210e-02
1.385219977237284184e-03
9.007583856582641602e-01
1.370416283607482910e+00
1.508427262306213379e-01
1.689350366592407227e+00
1.052279118448495865e-02
1.216951608657836914e+00
7.508412748575210571e-02
3.914964199066162109e-02
5.133531987667083740e-02
1.064838171005249023e+00
4.929709136486053467e-01
3.194887191057205200e-02
6.335101723670959473e-01
1.036008968949317932e-01
1.859025843441486359e-02
1.729328393936157227e+00
5.514299273490905762e-01
2.664920128881931305e-02
2.532222568988800049e-01
8.799090981483459473e-03
6.178370118141174316e-01
3.174316585063934326e-01
0.000000000000000000e+00
1.718649566173553467e-01
1.083915591239929199e+00
1.314334511756896973e+00
2.001596876652911305e-04
1.007707118988037109e+00
2.198470756411552429e-02
8.787938356399536133e-01
3.841209411621093750e-01
2.290944457054138184e-01
9.327708482742309570e-01
0.000000000000000000e+00
7.415527105331420898e-01
5.119637846946716309e-01
0.000000000000000000e+00
4.107109308242797852e-01
1.206385135650634766e+00
7.042595744132995605e-02
0.000000000000000000e+00
7.765233516693115234e-03
1.707249522209167480e+00
0.000000000000000000e+00
9.616425633430480957e-01
4.784609749913215637e-02
1.539636969566345215e+00
2.920431852340698242e+00
8.991501331329345703e-01
1.015539765357971191e-01
9.145286679267883301e-01
1.459479099139571190e-04
2.562234736979007721e-02
