7.113793492317199707e-01
0.000000000000000000e+00
1.856317520141601562e-01
2.488263845443725586e+00
8.102627098560333252e-02
3.200273215770721436e-01
1.757429480552673340e+00
4.734220504760742188e+00
6.348906040191650391e+00
1.123154997825622559e+00
2.197441160678863525e-01
1.803554296493530273e+00
1.054764389991760254e-01
1.898360550403594971e-01
2.404177904129028320e+00
2.807068824768066406e-01
8.160187005996704102e-01
1.585852503776550293e+00
1.310649514198303223e+00
0.000000000000000000e+00
9.067767858505249023e-01
0.000000000000000000e+00
3.096479475498199463e-01
2.623260498046875000e+00
2.198370993137359619e-01
0.000000000000000000e+00
4.036557674407958984e-02
1.067003130912780762e+00
1.159378811717033386e-01
1.695588789880275726e-02
0.000000000000000000e+00
0.000000000000000000e+00
9.267562627792358398e-01
0.000000000000000000e+00
7.818784564733505249e-02
4.128735065460205078e+00
3.464859724044799805e-01
2.603902816772460938e-01
9.001933038234710693e-02
6.261236071586608887e-01
9.260725975036621094e-02
1.492524743080139160e-01
1.597858965396881104e-01
2.277084827423095703e+00
2.399662882089614868e-01
1.303357362747192383e+00
2.961441129446029663e-02
1.533213973045349121e+00
1.077645719051361084e-01
1.883012652397155762e+00
2.439482688903808594e+00
0.000000000000000000e+00
1.343522667884826660e+00
0.000000000000000000e+00
2.062615394592285156e+00
2.335487604141235352e-01
1.755548715591430664e-01
3.874969780445098877e-01
2.066036462783813477e+00
4.201981127262115479e-01
1.061335019767284393e-02
4.982237517833709717e-01
1.127090230584144592e-01
7.763959765434265137e-01
1.324620246887207031e+00
1.074008345603942871e+00
1.358545292168855667e-02
2.958720028400421143e-01
9.682793021202087402e-01
6.472814083099365234e-01
0.000000000000000000e+00
6.323743611574172974e-03
3.304548859596252441e-01
0.000000000000000000e+00
3.826960921287536621e-01
7.954747676849365234e-01
0.000000000000000000e+00
1.519001245498657227e+00
9.233131073415279388e-03
7.726877927780151367e-01
3.430471420288085938e-01
7.651197314262390137e-01
2.151263713836669922e+00
1.250362396240234375e-02
3.606322288513183594e+00
1.135950386524200439e-01
1.606511950492858887e+00
6.369671225547790527e-02
6.553385257720947266e-01
7.669704034924507141e-03
9.095080196857452393e-03
2.294155210256576538e-02
0.000000000000000000e+00
0.000000000000000000e+00
7.569349408149719238e-01
4.413641989231109619e-01
8.979275822639465332e-01
1.151541709899902344e+00
1.187497749924659729e-02
2.578065323177725077e-04
0.000000000000000000e+00
3.358274102210998535e-01
8.906698226928710938e-02
1.830057263374328613e+00
9.348748326301574707e-01
1.414338499307632446e-01
2.088031053543090820e+00
3.673638105392456055e-01
4.494430720806121826e-01
1.253022439777851105e-02
1.595371961593627930e+00
0.000000000000000000e+00
8.291937112808227539e-01
1.029027462005615234e+00
9.159545898437500000e-01
8.799549937248229980e-02
5.169057101011276245e-02
2.363355755805969238e-01
9.495728611946105957e-01
2.447134971618652344e+00
1.355479061603546143e-01
2.815022170543670654e-01
4.285456985235214233e-02
2.408442974090576172e+00
7.966441661119461060e-02
1.803947567939758301e+00
0.000000000000000000e+00
9.378814697265625000e-02
2.318622112274169922e+00
9.340168535709381104e-02
4.905176162719726562e-02
7.771658301353454590e-01
3.283177688717842102e-02
7.059090584516525269e-02
1.271774061024188995e-02
0.000000000000000000e+00
3.131287097930908203e-01
4.529716968536376953e+00
0.000000000000000000e+00
2.484722733497619629e-01
5.284463167190551758e-01
6.534249186515808105e-01
1.577053785324096680e+00
0.000000000000000000e+00
1.035446152091026306e-01
5.988849997520446777e-01
1.076013326644897461e+00
6.570363640785217285e-01
1.660131931304931641e+00
3.675517439842224121e-01
4.889999866485595703e+00
2.787217497825622559e-01
1.085116982460021973e+00
2.692372500896453857e-01
2.103575706481933594e+00
1.324362635612487793e+00
5.465919971466064453e-01
3.793502226471900940e-03
3.444614171981811523e+00
0.000000000000000000e+00
4.193264618515968323e-02
1.064558863639831543e+00
5.345661044120788574e-01
8.837300701998174191e-04
4.440678954124450684e-01
6.795015931129455566e-02
0.000000000000000000e+00
0.000000000000000000e+00
1.146109700202941895e+00
1.137242674827575684e+00
3.408511877059936523e-01
0.000000000000000000e+00
0.000000000000000000e+00
1.189013361930847168e+00
2.489756345748901367e-01
8.318428039550781250e+00
9.744522161781787872e-03
1.094569524866528809e-04
2.031927183270454407e-02
0.000000000000000000e+00
1.625320315361022949e-01
2.363405525684356689e-01
4.814995825290679932e-02
2.144464015960693359e+00
3.775474429130554199e-01
0.000000000000000000e+00
3.439615480601787567e-03
8.661695718765258789e-01
0.000000000000000000e+00
5.787042900919914246e-03
0.000000000000000000e+00
0.000000000000000000e+00
6.629548072814941406e-01
1.865153014659881592e-01
2.968898974359035492e-02
1.101061627268791199e-01
8.203417062759399414e-01
4.085760712623596191e-01
1.401404291391372681e-01
1.479281663894653320e+00
1.433651447296142578e+00
3.473311364650726318e-01
1.732935160398483276e-01
2.764887511730194092e-01
1.143103390932083130e-01
8.058171952143311501e-04
2.968361973762512207e-01
1.956291031092405319e-03
7.340345531702041626e-02
2.042506694793701172e+00
0.000000000000000000e+00
4.452203959226608276e-02
3.941330611705780029e-01
1.204132318496704102e+00
6.694934964179992676e-01
5.453616380691528320e-01
1.028421148657798767e-01
3.945870101451873779e-01
1.455942273139953613e+00
9.382759928703308105e-01
6.910706404596567154e-03
7.049192488193511963e-02
1.007941126823425293e+00
1.230860278010368347e-01
6.529690027236938477e-01
0.000000000000000000e+00
1.245547682046890259e-01
1.541795954108238220e-02
0.000000000000000000e+00
0.000000000000000000e+00
5.498561263084411621e-01
9.891414642333984375e-02
2.563558340072631836e+00
2.353214740753173828e+00
1.238249897956848145e+00
7.868727445602416992e-01
2.611548662185668945e+00
1.160589933395385742e+00
1.798622496426105499e-02
5.739511847496032715e-01
3.885705173015594482e-01
1.836559623479843140e-01
0.000000000000000000e+00
1.196818947792053223e+00
5.137566924095153809e-01
2.727071046829223633e-01
9.364558458328247070e-01
0.000000000000000000e+00
2.031228065490722656e+00
1.883399128913879395e+00
2.364462912082672119e-01
5.567819997668266296e-02
9.925467893481254578e-03
1.999559700489044189e-01
9.926276206970214844e-01
3.892008215188980103e-02
0.000000000000000000e+00
0.000000000000000000e+00
0.000000000000000000e+00
6.344836205244064331e-02
7.522324919700622559e-01
8.918028324842453003e-02
4.397637769579887390e-02
0.000000000000000000e+00
0.000000000000000000e+00
0.000000000000000000e+00
4.002527713775634766e+00
0.000000000000000000e+00
1.264549255371093750e+00
1.091816574335098267e-01
1.350621461868286133e+00
0.000000000000000000e+00
1.328222274780273438e+00
3.436536062508821487e-03
2.223086059093475342e-01
2.076535820960998535e-01
1.590964011847972870e-02
1.175150871276855469e-01
1.540932893753051758e+00
9.390821214765310287e-04
0.000000000000000000e+00
1.010056614875793457e+00
4.178366363048553467e-01
2.412365563213825226e-02
1.769985407590866089e-01
2.676669061183929443e-01
1.713458299636840820e+00
0.000000000000000000e+00
2.333744913339614868e-01
0.000000000000000000e+00
7.568968534469604492e-01
1.625460028648376465e+00
5.127387642860412598e-01
1.037080073729157448e-03
9.926107525825500488e-02
2.562940418720245361e-01
1.693268120288848877e-01
4.396694600582122803e-01
2.034795999526977539e+00
6.497187137603759766e+00
6.570985913276672363e-01
3.427420854568481445e-01
1.012190356850624084e-01
3.686735630035400391e-01
0.000000000000000000e+00
2.693936694413423538e-03
2.037806808948516846e-02
0.000000000000000000e+00
1.036882773041725159e-02
2.312561273574829102e-01
6.787352263927459717e-02
1.839161105453968048e-02
1.194296497851610184e-02
1.093840360641479492e+00
3.701398149132728577e-02
2.251584529876708984e-01
0.000000000000000000e+00
1.760487258434295654e-01
1.107339382171630859e+00
1.183178741484880447e-03
1.730193376541137695e+00
0.000000000000000000e+00
3.733175247907638550e-02
4.095796644687652588e-01
5.106820259243249893e-03
6.395651102066040039e-01
9.622830897569656372e-02
0.000000000000000000e+00
1.142766714096069336e+00
7.694271206855773926e-01
1.423377892933785915e-03
2.089202404022216797e-02
4.812139086425304413e-03
0.000000000000000000e+00
0.000000000000000000e+00
5.984699130058288574e-01
1.895094990730285645e+00
2.325562201440334320e-02
6.805013418197631836e-01
1.025407671928405762e+00
8.873676508665084839e-02
0.000000000000000000e+00
4.197356104850769043e-02
1.202353369444608688e-02
1.270219683647155762e+00
1.538140416145324707e+00
2.607266418635845184e-03
1.380023267120122910e-02
0.000000000000000000e+00
6.933414340019226074e-01
1.118620991706848145e+00
8.237268924713134766e-01
1.436047628521919250e-02
4.073985852301120758e-03
4.696461558341979980e-02
9.525576829910278320e-01
0.000000000000000000e+00
4.618937373161315918e-01
0.000000000000000000e+00
4.582026004791259766e-01
3.883042931556701660e-01
8.377829939126968384e-02
2.001075074076652527e-02
3.280149996280670166e-01
3.446801900863647461e-01
1.600146770477294922e+00
1.117284893989562988e+00
9.637705683708190918e-01
1.980190753936767578e+00
0.000000000000000000e+00
3.445173799991607666e-01
1.308058738708496094e+00
4.463751912117004395e-01
2.460238486528396606e-01
6.105099916458129883e-01
0.000000000000000000e+00
3.074619174003601074e-01
0.000000000000000000e+00
4.103303253650665283e-01
6.228806376457214355e-01
0.000000000000000000e+00
2.952923059463500977e+00
3.494975805282592773e+00
6.639438271522521973e-01
0.000000000000000000e+00
8.673338294029235840e-01
0.000000000000000000e+00
0.000000000000000000e+00
0.000000000000000000e+00
9.797223657369613647e-02
6.631814688444137573e-02
9.588257409632205963e-03
0.000000000000000000e+00
7.110498845577239990e-02
1.190360710024833679e-01
3.516099452972412109e-01
1.668817400932312012e+00
3.430401161313056946e-02
7.114078104496002197e-02
2.080449819564819336e+00
1.685242652893066406e-01
2.133933603763580322e-01
0.000000000000000000e+00
2.663120329380035400e-01
1.642361998558044434e+00
2.534576132893562317e-02
1.070451498031616211e+00
3.707563281059265137e-01
1.419808864593505859e+00
2.596986591815948486e-01
3.474598377943038940e-02
0.000000000000000000e+00
8.633196949958801270e-01
1.225496053695678711e+00
1.939176023006439209e-01
0.000000000000000000e+00
2.869303941726684570e+00
0.000000000000000000e+00
3.559345602989196777e-01
6.993969902396202087e-03
2.811077795922756195e-02
3.402526080608367920e-01
0.000000000000000000e+00
4.012552738189697266e+00
4.735778868198394775e-01
8.763204813003540039e-01
6.471862792968750000e-01
1.815051555633544922e+00
0.000000000000000000e+00
1.447996735572814941e+00
1.421053893864154816e-02
2.074279338121414185e-01
0.000000000000000000e+00
0.000000000000000000e+00
2.020178735256195068e-02
6.448652595281600952e-02
1.073618531227111816e-01
0.000000000000000000e+00
0.000000000000000000e+00
6.815250515937805176e-01
1.697706818580627441e+00
0.000000000000000000e+00
3.230897188186645508e-01
7.005897909402847290e-02
1.878620505332946777e+00
3.432809608057141304e-03
0.000000000000000000e+00
4.781255498528480530e-02
5.998485162854194641e-02
1.207802295684814453e+00
4.107133448123931885e-01
5.653489381074905396e-03
2.617432117462158203e+00
2.332134917378425598e-02
3.581675887107849121e-01
3.914961125701665878e-03
5.381620489060878754e-03
5.663379561156034470e-03
0.000000000000000000e+00
7.815621495246887207e-01
1.218313455581665039e+00
5.341116786003112793e-01
2.172239303588867188e+00
0.000000000000000000e+00
2.082017183303833008e+00
1.308534108102321625e-02
1.175196319818496704e-01
6.625862792134284973e-03
8.163520693778991699e-01
1.579874455928802490e-01
0.000000000000000000e+00
7.501783370971679688e-01
2.084183320403099060e-02
4.306388273835182190e-02
2.556819677352905273e+00
4.391977787017822266e-01
1.404851116240024567e-02
4.004750847816467285e-01
8.317327126860618591e-03
1.285224080085754395e+00
3.540363907814025879e-01
0.000000000000000000e+00
5.345051363110542297e-02
8.002652525901794434e-01
1.665746212005615234e+00
0.000000000000000000e+00
8.042889833450317383e-01
4.182980919722467661e-04
1.248540282249450684e+00
3.824349045753479004e-01
6.920588612556457520e-01
1.104218006134033203e+00
2.966911904513835907e-02
4.894506335258483887e-01
1.101540327072143555e+00
5.954960361123085022e-02
4.947216436266899109e-02
9.441888332366943359e-01
1.445254217833280563e-02
0.000000000000000000e+00
1.237146556377410889e-02
2.296407938003540039e+00
1.578235477209091187e-01
1.037873744964599609e+00
3.953595459461212158e-01
1.832587361335754395e+00
2.986358880996704102e+00
6.419624686241149902e-01
9.188319742679595947e-02
3.727296292781829834e-01
0.000000000000000000e+00
0.000000000000000000e+00
