4.781465232372283936e-01
0.000000000000000000e+00
3.465893268585205078e-01
2.467616081237792969e+00
2.272584587335586548e-01
2.561038732528686523e-01
1.343057751655578613e+00
2.547011613845825195e+00
6.457302093505859375e+00
1.943519711494445801e+00
1.374039351940155029e-01
1.959367394447326660e+00
2.526769936084747314e-01
2.547280192375183105e-01
2.482305049896240234e+00
3.174899816513061523e-01
9.575920701026916504e-01
1.376722335815429688e+00
8.615679740905761719e-01
4.472436755895614624e-02
9.999821782112121582e-01
0.000000000000000000e+00
1.348598003387451172e-01
2.514452219009399414e+00
4.575223848223686218e-02
0.000000000000000000e+00
1.011973544955253601e-01
1.355518817901611328e+00
2.550353109836578369e-01
3.416978195309638977e-02
1.555172167718410492e-02
2.766747260466217995e-03
9.299812912940979004e-01
1.844975054264068604e-01
3.287495970726013184e-01
3.910193920135498047e+00
4.438770711421966553e-01
3.479763120412826538e-02
8.237656354904174805e-01
5.006852149963378906e-01
4.713785648345947266e-01
3.428809046745300293e-01
2.220397442579269409e-01
3.071480751037597656e+00
3.864900469779968262e-01
1.368734240531921387e+00
3.210905492305755615e-01
1.238454341888427734e+00
2.909532189369201660e-01
1.460913777351379395e+00
2.913459539413452148e+00
0.000000000000000000e+00
1.397223353385925293e+00
2.829464375972747803e-01
2.066637516021728516e+00
1.265153940767049789e-02
7.991003394126892090e-01
4.324106276035308838e-01
1.799191951751708984e+00
3.182100951671600342e-01
1.164093986153602600e-01
1.733062863349914551e-01
7.413193583488464355e-02
1.136702418327331543e+00
6.375899314880371094e-01
3.107970952987670898e-01
1.349837929010391235e-01
3.839226961135864258e-01
1.174895524978637695e+00
6.340168118476867676e-01
0.000000000000000000e+00
3.407866060733795166e-01
3.346509635448455811e-01
2.650276720523834229e-01
4.436866939067840576e-01
1.757321834564208984e+00
1.228186935186386108e-01
1.162071824073791504e+00
7.828629761934280396e-02
1.460144639015197754e+00
1.150892209261655807e-02
5.220835208892822266e-01
1.877304077148437500e+00
1.737622916698455811e-01
2.769739866256713867e+00
1.958685517311096191e-01
1.482031702995300293e+00
6.278691440820693970e-02
1.000269293785095215e+00
8.304356038570404053e-02
2.295316755771636963e-02
1.640388555824756622e-02
0.000000000000000000e+00
0.000000000000000000e+00
8.828974366188049316e-01
4.735969007015228271e-01
1.339369654655456543e+00
1.111615896224975586e+00
3.679352998733520508e-02
1.554043311625719070e-02
2.590356953442096710e-02
1.561279892921447754e-01
8.786103874444961548e-02
1.253097295761108398e+00
6.902471184730529785e-01
4.374929070472717285e-01
2.151350975036621094e+00
4.919408261775970459e-01
6.770207285881042480e-01
5.455065518617630005e-02
1.936482191085815430e+00
1.445044763386249542e-02
7.724915742874145508e-01
1.106457710266113281e+00
7.559811472892761230e-01
6.918559968471527100e-02
2.243329584598541260e-01
2.309750914573669434e-01
1.068834424018859863e+00
2.070127248764038086e+00
2.985172867774963379e-01
6.941148042678833008e-01
3.329355269670486450e-02
1.671775937080383301e+00
2.738378047943115234e-01
1.440452694892883301e+00
0.000000000000000000e+00
5.291088297963142395e-02
1.821140170097351074e+00
3.800532221794128418e-01
5.150464922189712524e-02
1.137001156806945801e+00
4.661378562450408936e-01
5.760053172707557678e-02
1.813784986734390259e-01
0.000000000000000000e+00
2.971731126308441162e-01
4.439452648162841797e+00
0.000000000000000000e+00
1.703422814607620239e-01
8.651725649833679199e-01
6.826638579368591309e-01
1.580110311508178711e+00
8.427334576845169067e-02
9.882611781358718872e-02
1.877849698066711426e-01
1.208843469619750977e+00
1.025055408477783203e+00
1.367704391479492188e+00
2.371235042810440063e-01
5.943615436553955078e+00
1.735900491476058960e-01
9.334586858749389648e-01
3.958478271961212158e-01
2.726747751235961914e+00
1.438227057456970215e+00
2.916885912418365479e-01
2.842811942100524902e-01
2.817805051803588867e+00
6.175999715924263000e-02
6.163193285465240479e-02
8.241189122200012207e-01
8.066607713699340820e-01
5.860527604818344116e-02
1.057099580764770508e+00
9.533996880054473877e-02
0.000000000000000000e+00
0.000000000000000000e+00
1.397132039070129395e+00
2.289653539657592773e+00
6.951144337654113770e-01
2.189112082123756409e-02
1.616522856056690216e-02
1.164530873298645020e+00
7.339564561843872070e-01
8.756792068481445312e+00
0.000000000000000000e+00
8.581808768212795258e-03
1.021056901663541794e-02
9.499216824769973755e-02
1.923542283475399017e-02
8.377251215279102325e-03
6.619056314229965210e-02
2.578612327575683594e+00
4.970550537109375000e-01
0.000000000000000000e+00
1.641464233398437500e-01
2.123910665512084961e+00
0.000000000000000000e+00
4.254991188645362854e-02
0.000000000000000000e+00
6.403605919331312180e-03
8.356112837791442871e-01
2.305040508508682251e-01
2.941960394382476807e-01
8.417207002639770508e-02
1.019354701042175293e+00
2.893613576889038086e-01
3.725757002830505371e-01
1.721095800399780273e+00
1.542000412940979004e+00
2.159949690103530884e-01
1.400796920061111450e-01
3.726329207420349121e-01
2.378791570663452148e-01
7.077946513891220093e-02
3.835399448871612549e-01
2.785149402916431427e-02
2.832496464252471924e-01
1.967355966567993164e+00
2.800618065521121025e-03
2.453007996082305908e-01
5.916280150413513184e-01
1.566431164741516113e+00
5.215380191802978516e-01
6.520885229110717773e-01
1.680228263139724731e-01
2.049593627452850342e-01
1.979889035224914551e+00
1.209395170211791992e+00
1.002677604556083679e-01
1.591617912054061890e-01
8.989777565002441406e-01
9.117757529020309448e-02
5.955106019973754883e-01
0.000000000000000000e+00
2.294051796197891235e-01
3.540193438529968262e-01
7.239460200071334839e-02
2.660590782761573792e-02
5.655530691146850586e-01
1.893237978219985962e-01
2.418409109115600586e+00
2.220525741577148438e+00
9.425496459007263184e-01
9.555054306983947754e-01
2.682186841964721680e+00
5.382739901542663574e-01
2.231571376323699951e-01
7.807330489158630371e-01
6.053505539894104004e-01
3.036878407001495361e-01
0.000000000000000000e+00
2.528414964675903320e+00
4.165583848953247070e-01
3.166796565055847168e-01
4.872829318046569824e-01
0.000000000000000000e+00
1.959014534950256348e+00
1.321614027023315430e+00
1.616540849208831787e-01
3.530890643596649170e-01
1.751922816038131714e-02
3.690437078475952148e-01
1.007585763931274414e+00
1.035941205918788910e-02
0.000000000000000000e+00
0.000000000000000000e+00
0.000000000000000000e+00
1.862923055887222290e-02
1.425958991050720215e+00
7.057681083679199219e-01
1.046206206083297729e-01
1.829605433158576488e-03
0.000000000000000000e+00
1.327531933784484863e-01
2.793154716491699219e+00
0.000000000000000000e+00
1.061034202575683594e+00
0.000000000000000000e+00
1.804865002632141113e+00
1.878899335861206055e-02
8.591836094856262207e-01
1.385441720485687256e-01
2.084989249706268311e-01
3.883240222930908203e-01
5.457965657114982605e-02
3.411836326122283936e-01
1.635225415229797363e+00
1.882750354707241058e-02
1.865591481328010559e-02
3.110172748565673828e-01
3.002645671367645264e-01
4.392123594880104065e-02
3.883268237113952637e-01
9.334720373153686523e-01
2.107647180557250977e+00
4.367043823003768921e-02
4.609534442424774170e-01
1.208156906068325043e-02
1.674585461616516113e+00
2.473836660385131836e+00
4.871867001056671143e-01
0.000000000000000000e+00
3.645364940166473389e-02
6.292360424995422363e-01
6.787387132644653320e-01
3.874039947986602783e-01
1.775240182876586914e+00
5.036134719848632812e+00
6.998418569564819336e-01
1.688480377197265625e-01
1.915360838174819946e-01
3.669498562812805176e-01
6.405809521675109863e-02
1.187234371900558472e-01
8.621887303888797760e-03
0.000000000000000000e+00
5.526151973754167557e-03
2.127805650234222412e-01
2.995468676090240479e-01
6.241600029170513153e-03
5.757448822259902954e-02
1.616524219512939453e+00
3.548308014869689941e-01
2.209775298833847046e-01
0.000000000000000000e+00
9.242020547389984131e-03
1.092109322547912598e+00
3.238426148891448975e-02
1.982099175453186035e+00
0.000000000000000000e+00
9.893935173749923706e-02
1.190324872732162476e-01
2.986424369737505913e-03
1.096018433570861816e+00
4.534136503934860229e-02
0.000000000000000000e+00
1.112993001937866211e+00
1.087112784385681152e+00
5.142753012478351593e-03
0.000000000000000000e+00
1.993149369955062866e-01
1.488152053207159042e-02
1.184597834944725037e-01
4.756294488906860352e-01
1.719952940940856934e+00
6.095692515373229980e-03
8.123528361320495605e-01
1.091522932052612305e+00
3.732909262180328369e-02
2.231019549071788788e-02
3.652097582817077637e-01
7.091203331947326660e-02
7.220130562782287598e-01
1.307202935218811035e+00
1.535703986883163452e-01
9.513848461210727692e-03
2.942830920219421387e-01
1.100350171327590942e-01
7.364054322242736816e-01
1.390747189521789551e+00
3.297442793846130371e-01
1.362076401710510254e-01
1.843186765909194946e-01
1.002894759178161621e+00
0.000000000000000000e+00
6.098094210028648376e-02
0.000000000000000000e+00
2.128355056047439575e-01
8.098114281892776489e-02
3.210311383008956909e-02
3.420798480510711670e-01
1.059942007064819336e+00
1.430470824241638184e+00
9.428029060363769531e-01
4.893074035644531250e-01
1.508084177970886230e+00
2.597945451736450195e+00
0.000000000000000000e+00
4.368073642253875732e-01
2.290782451629638672e+00
9.629288911819458008e-01
2.372165620326995850e-01
9.583749175071716309e-01
2.955423109233379364e-02
9.035453200340270996e-02
0.000000000000000000e+00
4.505203366279602051e-01
4.891278743743896484e-01
2.681734040379524231e-02
3.269582033157348633e+00
3.360172510147094727e+00
1.458067774772644043e+00
0.000000000000000000e+00
8.897257447242736816e-01
2.582093141973018646e-02
0.000000000000000000e+00
0.000000000000000000e+00
1.147538572549819946e-01
4.540263116359710693e-01
5.228630453348159790e-02
0.000000000000000000e+00
3.277885615825653076e-01
3.059951029717922211e-02
4.629785120487213135e-01
1.855644941329956055e+00
1.574156731367111206e-01
8.185822516679763794e-02
1.754409790039062500e+00
4.033825546503067017e-02
1.574998617172241211e+00
0.000000000000000000e+00
3.201132416725158691e-01
1.075886845588684082e+00
1.297371238470077515e-01
1.238409996032714844e+00
3.668453097343444824e-01
1.053788065910339355e+00
3.070097565650939941e-01
1.675074845552444458e-01
0.000000000000000000e+00
9.383103847503662109e-01
1.393714666366577148e+00
1.578467041254043579e-01
4.486236721277236938e-03
3.442631244659423828e+00
5.821366235613822937e-02
4.654659330844879150e-01
8.530022948980331421e-02
7.000668905675411224e-03
3.003652691841125488e-01
0.000000000000000000e+00
3.101104259490966797e+00
1.126677036285400391e+00
7.783076763153076172e-01
5.823259949684143066e-01
2.015982389450073242e+00
5.012982292100787163e-04
1.714324235916137695e+00
8.727112784981727600e-03
1.409457772970199585e-01
3.574521467089653015e-02
0.000000000000000000e+00
1.769055984914302826e-02
8.810011297464370728e-02
3.544455170631408691e-01
1.147451624274253845e-02
2.319850921630859375e-01
6.231432557106018066e-01
1.849401354789733887e+00
0.000000000000000000e+00
3.322036862373352051e-01
8.845025300979614258e-02
1.920363068580627441e+00
2.031019516289234161e-02
6.539610028266906738e-02
1.235989271663129330e-03
9.444755315780639648e-02
1.624709725379943848e+00
2.455340027809143066e-01
3.665571287274360657e-02
2.522706270217895508e+00
0.000000000000000000e+00
6.791094541549682617e-01
1.236215606331825256e-02
1.174264326691627502e-01
4.793873056769371033e-02
0.000000000000000000e+00
1.238051414489746094e+00
1.489314198493957520e+00
2.390839606523513794e-01
2.444827556610107422e+00
1.243523508310317993e-02
1.695948958396911621e+00
1.000547260046005249e-01
6.674394756555557251e-02
1.202707961201667786e-01
1.494337439537048340e+00
4.017769098281860352e-01
3.781959530897438526e-04
6.676445007324218750e-01
4.350623488426208496e-01
9.206999093294143677e-02
2.508770704269409180e+00
7.671628594398498535e-01
1.953119635581970215e-01
1.435661911964416504e-01
3.289873152971267700e-02
1.116571307182312012e+00
3.914079070091247559e-01
7.875060662627220154e-03
2.687144875526428223e-01
1.625179052352905273e+00
1.405203461647033691e+00
9.606556035578250885e-03
7.685979604721069336e-01
3.942043706774711609e-02
1.051944732666015625e+00
1.138280853629112244e-01
5.556282997131347656e-01
7.451292872428894043e-01
2.504085004329681396e-02
3.081219792366027832e-01
9.856125116348266602e-01
1.848415583372116089e-01
3.179497718811035156e-01
2.110167026519775391e+00
1.993282437324523926e-01
1.229960471391677856e-02
1.339951716363430023e-02
2.452039003372192383e+00
9.239937365055084229e-02
1.011526942253112793e+00
3.289681971073150635e-01
2.357572317123413086e+00
2.091697692871093750e+00
4.557181298732757568e-01
1.749942302703857422e-01
4.080003499984741211e-01
0.000000000000000000e+00
2.399829402565956116e-02
