1.493865609169006348e+00
0.000000000000000000e+00
1.909293383359909058e-01
2.380851268768310547e+00
2.432593405246734619e-01
2.008949518203735352e-01
7.950415015220642090e-01
3.861214160919189453e+00
6.062280178070068359e+00
7.648463249206542969e-01
1.726501733064651489e-01
1.582551121711730957e+00
3.171363770961761475e-01
3.342821896076202393e-01
2.504287242889404297e+00
1.504002511501312256e-01
8.420042395591735840e-01
1.814267754554748535e+00
1.106923460960388184e+00
0.000000000000000000e+00
8.842655420303344727e-01
0.000000000000000000e+00
4.063270520418882370e-03
1.712138295173645020e+00
1.604262590408325195e-01
0.000000000000000000e+00
7.901139906607568264e-04
1.349282979965209961e+00
3.498858585953712463e-02
0.000000000000000000e+00
0.000000000000000000e+00
0.000000000000000000e+00
4.969715774059295654e-01
6.531847268342971802e-02
1.604751497507095337e-01
3.592449426651000977e+00
2.119558006525039673e-01
9.194658696651458740e-02
4.828037321567535400e-01
2.931841015815734863e-01
3.521401584148406982e-01
7.807565927505493164e-01
2.040120661258697510e-01
2.093130826950073242e+00
2.069933712482452393e-01
7.411668300628662109e-01
4.669903516769409180e-01
9.982551932334899902e-01
3.791667222976684570e-01
1.464137434959411621e+00
2.113826274871826172e+00
0.000000000000000000e+00
1.460207104682922363e+00
0.000000000000000000e+00
2.166327953338623047e+00
3.464494273066520691e-02
4.378199577331542969e-01
1.742986887693405151e-01
2.138958215713500977e+00
9.548574090003967285e-01
4.884074255824089050e-02
1.737606227397918701e-01
1.723251491785049438e-01
1.008455634117126465e+00
1.519511342048645020e+00
7.999529242515563965e-01
0.000000000000000000e+00
8.173115551471710205e-02
9.913415312767028809e-01
6.571192741394042969e-01
0.000000000000000000e+00
2.492726966738700867e-02
5.101214051246643066e-01
8.368613570928573608e-02
8.198642730712890625e-02
1.838088035583496094e+00
2.776104584336280823e-02
7.571398615837097168e-01
0.000000000000000000e+00
1.003131866455078125e+00
1.558766514062881470e-01
3.806442320346832275e-01
1.990374207496643066e+00
5.021031945943832397e-02
2.830760717391967773e+00
1.998200267553329468e-01
1.857101082801818848e+00
1.108607128262519836e-01
6.693328619003295898e-01
0.000000000000000000e+00
0.000000000000000000e+00
0.000000000000000000e+00
0.000000000000000000e+00
0.000000000000000000e+00
3.476791977882385254e-01
8.282179236412048340e-01
1.597454071044921875e+00
7.768059372901916504e-01
0.000000000000000000e+00
2.308307914063334465e-03
0.000000000000000000e+00
3.396977484226226807e-01
1.065875813364982605e-01
1.088416934013366699e+00
9.525768160820007324e-01
1.643454134464263916e-01
1.809515953063964844e+00
4.950071871280670166e-01
5.159806013107299805e-01
4.496000241488218307e-03
1.539564132690429688e+00
0.000000000000000000e+00
1.218859314918518066e+00
1.068043231964111328e+00
5.216984748840332031e-01
1.163339614868164062e-01
2.652080729603767395e-02
1.354860812425613403e-01
3.938148319721221924e-01
3.132781267166137695e+00
3.731702566146850586e-01
1.927581876516342163e-01
0.000000000000000000e+00
1.968499422073364258e+00
3.121213018894195557e-01
2.155208826065063477e+00
0.000000000000000000e+00
2.009136974811553955e-01
1.734655261039733887e+00
2.603893876075744629e-01
1.269034445285797119e-01
1.036399245262145996e+00
6.057580560445785522e-02
2.689145505428314209e-01
2.263942062854766846e-01
0.000000000000000000e+00
4.574217498302459717e-01
4.701634407043457031e+00
0.000000000000000000e+00
6.278489232063293457e-01
7.272698283195495605e-01
5.689646005630493164e-01
1.567158222198486328e+00
0.000000000000000000e+00
4.546707868576049805e-02
1.290636420249938965e+00
1.211453199386596680e+00
1.361163735389709473e+00
7.882952690124511719e-01
3.194439113140106201e-01
5.201012134552001953e+00
1.218857318162918091e-01
6.516306400299072266e-01
9.032468199729919434e-01
1.833631873130798340e+00
1.286708474159240723e+00
2.172597795724868774e-01
0.000000000000000000e+00
2.848636150360107422e+00
9.541794133838266134e-05
1.154066175222396851e-01
1.378498792648315430e+00
9.683807492256164551e-01
4.073393344879150391e-01
3.381953537464141846e-01
8.057066798210144043e-02
0.000000000000000000e+00
0.000000000000000000e+00
1.667235970497131348e+00
1.866018176078796387e+00
1.256279554218053818e-02
0.000000000000000000e+00
2.981703355908393860e-02
1.307817101478576660e+00
3.866699337959289551e-01
8.384464263916015625e+00
0.000000000000000000e+00
0.000000000000000000e+00
0.000000000000000000e+00
0.000000000000000000e+00
4.651049152016639709e-02
2.955468595027923584e-01
0.000000000000000000e+00
1.790068626403808594e+00
6.790807843208312988e-01
0.000000000000000000e+00
5.231909453868865967e-03
1.524285674095153809e+00
0.000000000000000000e+00
1.256298832595348358e-02
0.000000000000000000e+00
2.105468139052391052e-02
8.773906230926513672e-01
5.519426465034484863e-01
8.351892232894897461e-02
1.578862220048904419e-01
8.953413367271423340e-01
4.123454988002777100e-01
1.070070043206214905e-01
1.595908641815185547e+00
1.471277952194213867e+00
7.914645075798034668e-01
2.872598469257354736e-01
1.384626049548387527e-02
1.082724705338478088e-01
9.254700690507888794e-02
7.768449187278747559e-02
2.806845866143703461e-02
3.224486485123634338e-02
2.644889354705810547e+00
3.203440085053443909e-02
1.576116681098937988e-02
1.742842644453048706e-01
7.150160074234008789e-01
8.047986030578613281e-01
1.060977578163146973e+00
2.377258241176605225e-01
5.581434369087219238e-01
1.633883357048034668e+00
8.981628417968750000e-01
6.665433291345834732e-03
1.452091988176107407e-02
8.562259078025817871e-01
1.491011399775743484e-02
4.615888595581054688e-01
0.000000000000000000e+00
1.282956302165985107e-01
1.257216632366180420e-01
0.000000000000000000e+00
7.525272667407989502e-04
3.777055740356445312e-01
1.661464869976043701e-01
1.746902227401733398e+00
3.023449897766113281e+00
5.251287817955017090e-01
1.144807696342468262e+00
1.833315253257751465e+00
7.115726470947265625e-01
1.918335855007171631e-01
5.219336152076721191e-01
9.854022413492202759e-02
1.517829149961471558e-01
6.381396204233169556e-03
1.767357945442199707e+00
2.139233201742172241e-01
1.602043807506561279e-01
7.366033792495727539e-01
0.000000000000000000e+00
1.610162854194641113e+00
1.654978513717651367e+00
1.157686635851860046e-01
1.892714202404022217e-01
1.109931059181690216e-02
1.637698709964752197e-01
9.793982505798339844e-01
2.252719737589359283e-02
0.000000000000000000e+00
3.148461692035198212e-03
2.450875379145145416e-02
0.000000000000000000e+00
1.234749794006347656e+00
9.268111735582351685e-02
1.380024477839469910e-02
8.356841281056404114e-03
0.000000000000000000e+00
5.243031773716211319e-04
3.471963644027709961e+00
0.000000000000000000e+00
1.868899583816528320e+00
0.000000000000000000e+00
1.635077357292175293e+00
0.000000000000000000e+00
1.018868684768676758e+00
0.000000000000000000e+00
1.019778326153755188e-01
1.399142891168594360e-01
5.383288115262985229e-02
7.704615592956542969e-01
1.353217601776123047e+00
9.592425823211669922e-02
0.000000000000000000e+00
7.773008942604064941e-01
5.399741530418395996e-01
1.813618279993534088e-02
1.236088201403617859e-01
5.988612771034240723e-01
1.722399950027465820e+00
3.380466718226671219e-03
4.592345058917999268e-01
0.000000000000000000e+00
1.373261570930480957e+00
2.176489830017089844e+00
5.510247945785522461e-01
0.000000000000000000e+00
0.000000000000000000e+00
1.530797034502029419e-01
4.692557826638221741e-02
1.139732077717781067e-01
1.741692185401916504e+00
5.155053615570068359e+00
1.298363208770751953e+00
1.847438961267471313e-01
1.919297873973846436e-01
4.496352076530456543e-01
0.000000000000000000e+00
9.712368249893188477e-02
7.660832721740007401e-03
0.000000000000000000e+00
1.172135304659605026e-02
1.437804400920867920e-01
8.969584852457046509e-02
0.000000000000000000e+00
4.945948719978332520e-02
8.078393340110778809e-01
2.479123771190643311e-01
1.396483741700649261e-02
0.000000000000000000e+00
8.850607275962829590e-02
8.114538192749023438e-01
4.358546808362007141e-02
1.320225238800048828e+00
0.000000000000000000e+00
2.255973778665065765e-02
4.441316127777099609e-01
2.169292569160461426e-01
8.738149404525756836e-01
6.322415173053741455e-02
0.000000000000000000e+00
7.664151787757873535e-01
1.111273527145385742e+00
4.647323861718177795e-03
8.646090328693389893e-02
8.513620123267173767e-04
0.000000000000000000e+00
0.000000000000000000e+00
5.224040746688842773e-01
1.665114402770996094e+00
4.492883570492267609e-03
1.253186941146850586e+00
9.080847501754760742e-01
0.000000000000000000e+00
0.000000000000000000e+00
2.191057354211807251e-01
1.262265443801879883e-01
1.045555353164672852e+00
1.416605234146118164e+00
5.764244124293327332e-03
2.565332688391208649e-03
8.007598109543323517e-03
4.111712574958801270e-01
9.790406823158264160e-01
1.665033459663391113e+00
6.224171817302703857e-02
0.000000000000000000e+00
1.169586777687072754e-01
7.151257395744323730e-01
0.000000000000000000e+00
4.964114427566528320e-01
0.000000000000000000e+00
4.437271878123283386e-02
4.291943311691284180e-01
1.070076692849397659e-02
4.898696392774581909e-02
4.332857728004455566e-01
5.652954578399658203e-01
1.548680782318115234e+00
4.071999788284301758e-01
1.112616896629333496e+00
2.249569892883300781e+00
1.384727191179990768e-03
4.581579267978668213e-01
1.579554677009582520e+00
3.057880401611328125e-01
1.837357729673385620e-01
3.989631533622741699e-01
0.000000000000000000e+00
3.937031328678131104e-02
1.531227584928274155e-02
2.768615484237670898e-01
4.028549194335937500e-01
2.757712500169873238e-04
3.342211484909057617e+00
3.276583194732666016e+00
8.658501505851745605e-01
7.279781624674797058e-03
4.583705961704254150e-01
1.088958792388439178e-02
0.000000000000000000e+00
0.000000000000000000e+00
9.384560585021972656e-02
3.839321136474609375e-01
3.209110721945762634e-02
0.000000000000000000e+00
4.079457744956016541e-02
4.513724893331527710e-02
5.878766775131225586e-01
6.668117046356201172e-01
7.993025332689285278e-02
6.417649239301681519e-02
1.900173664093017578e+00
2.066518366336822510e-02
6.705015301704406738e-01
0.000000000000000000e+00
5.379810333251953125e-01
9.232720732688903809e-01
3.445337712764739990e-01
1.506287336349487305e+00
2.422052025794982910e-01
1.849815487861633301e+00
1.479813307523727417e-01
2.164585888385772705e-01
0.000000000000000000e+00
3.582855761051177979e-01
7.237497568130493164e-01
1.390386968851089478e-01
0.000000000000000000e+00
2.768612861633300781e+00
6.244421936571598053e-03
7.970958203077316284e-02
1.995022594928741455e-02
1.317095309495925903e-01
2.774760127067565918e-01
0.000000000000000000e+00
3.006125211715698242e+00
1.083666563034057617e+00
2.250724434852600098e-01
7.225274443626403809e-01
1.923531055450439453e+00
6.885679438710212708e-03
9.186022877693176270e-01
2.761017298325896263e-03
1.357966810464859009e-01
0.000000000000000000e+00
0.000000000000000000e+00
1.381730008870363235e-02
2.106935530900955200e-01
6.936237961053848267e-02
6.302950787357985973e-04
0.000000000000000000e+00
1.847475767135620117e-01
1.880021929740905762e+00
0.000000000000000000e+00
1.411256790161132812e-01
1.554021537303924561e-01
1.306710958480834961e+00
2.371178008615970612e-02
0.000000000000000000e+00
1.035540103912353516e-01
2.956970036029815674e-01
2.011173963546752930e+00
3.134817779064178467e-01
3.161929547786712646e-02
2.274475574493408203e+00
1.783928275108337402e-02
3.815445005893707275e-01
0.000000000000000000e+00
2.430092543363571167e-02
1.815845258533954620e-02
0.000000000000000000e+00
8.549219965934753418e-01
1.225138425827026367e+00
5.262702703475952148e-01
1.392584204673767090e+00
3.956723958253860474e-03
1.471096754074096680e+00
5.112167913466691971e-03
1.906310580670833588e-02
1.170402243733406067e-01
9.763792753219604492e-01
2.001713663339614868e-01
0.000000000000000000e+00
1.841262876987457275e-01
1.173522509634494781e-02
0.000000000000000000e+00
2.050004243850708008e+00
7.082352638244628906e-01
2.957270108163356781e-02
1.854001581668853760e-01
4.972176160663366318e-03
7.743944525718688965e-01
8.939536660909652710e-02
1.007013767957687378e-02
6.191771849989891052e-02
6.841990351676940918e-01
1.567415118217468262e+00
0.000000000000000000e+00
5.784850716590881348e-01
6.315415352582931519e-02
1.170964717864990234e+00
2.693424820899963379e-01
4.114167392253875732e-01
1.236799359321594238e+00
1.595307374373078346e-03
6.086528301239013672e-01
7.339270114898681641e-01
3.564788401126861572e-02
1.891114711761474609e-01
1.127320766448974609e+00
1.154366508126258850e-01
1.986185461282730103e-02
0.000000000000000000e+00
1.981576681137084961e+00
6.681106239557266235e-02
1.676688671112060547e+00
2.678111493587493896e-01
1.806721091270446777e+00
2.815027952194213867e+00
1.156724691390991211e+00
1.806850172579288483e-02
7.040382623672485352e-01
0.000000000000000000e+00
9.651122614741325378e-03
