4.206350445747375488e-01
0.000000000000000000e+00
1.434771865606307983e-01
2.177429676055908203e+00
3.491905331611633301e-01
1.550312042236328125e-01
9.371872544288635254e-01
3.007067441940307617e+00
6.412558078765869141e+00
1.039245724678039551e+00
2.382020652294158936e-01
1.665354967117309570e+00
8.898255228996276855e-02
4.389566481113433838e-01
1.765587568283081055e+00
1.863495111465454102e-01
7.407872676849365234e-01
1.517753362655639648e+00
8.772839903831481934e-01
4.662935435771942139e-02
9.807251095771789551e-01
0.000000000000000000e+00
4.377144202589988708e-02
2.429281473159790039e+00
1.267689615488052368e-01
1.032805419526994228e-03
2.059892378747463226e-02
1.356518149375915527e+00
1.084640249609947205e-01
6.679002195596694946e-03
4.290646873414516449e-03
0.000000000000000000e+00
5.676007866859436035e-01
3.082898072898387909e-02
1.654612421989440918e-01
3.087527513504028320e+00
3.835276961326599121e-01
1.520528048276901245e-01
4.508202075958251953e-01
3.052533566951751709e-01
3.849990963935852051e-01
2.624314427375793457e-01
3.180464804172515869e-01
2.282707214355468750e+00
2.589328587055206299e-01
1.003023743629455566e+00
2.770693786442279816e-02
1.054723620414733887e+00
1.406491845846176147e-01
1.329848289489746094e+00
1.363674640655517578e+00
0.000000000000000000e+00
1.086818456649780273e+00
6.044151727110147476e-03
1.238553404808044434e+00
4.176221415400505066e-02
3.450599610805511475e-01
3.294975757598876953e-01
1.576860547065734863e+00
3.128570318222045898e-01
3.013265132904052734e-02
2.627294957637786865e-01
4.681371897459030151e-02
1.117591500282287598e+00
1.110280871391296387e+00
5.911625623703002930e-01
0.000000000000000000e+00
2.545983791351318359e-01
5.306183099746704102e-01
3.377817571163177490e-01
5.259171011857688427e-04
1.000517383217811584e-01
2.185474485158920288e-01
2.288305312395095825e-01
5.090287327766418457e-01
1.651714324951171875e+00
0.000000000000000000e+00
9.998595118522644043e-01
5.132525041699409485e-02
7.243155241012573242e-01
1.841757446527481079e-01
6.106064319610595703e-01
1.716486334800720215e+00
7.360187172889709473e-02
2.393436670303344727e+00
5.779611691832542419e-02
1.473526239395141602e+00
3.134888783097267151e-02
8.104496002197265625e-01
2.016038633882999420e-02
0.000000000000000000e+00
7.970553822815418243e-03
0.000000000000000000e+00
0.000000000000000000e+00
6.527550816535949707e-01
6.420785188674926758e-01
9.676254987716674805e-01
8.539531826972961426e-01
0.000000000000000000e+00
5.295313894748687744e-02
0.000000000000000000e+00
2.440917342901229858e-01
1.251176595687866211e-01
1.141404032707214355e+00
6.534777879714965820e-01
9.936311095952987671e-02
1.692371606826782227e+00
9.285391122102737427e-02
9.265546500682830811e-02
5.545562505722045898e-02
1.169584274291992188e+00
0.000000000000000000e+00
9.510492682456970215e-01
6.731646656990051270e-01
7.682847380638122559e-01
3.013115376234054565e-02
6.476222723722457886e-02
6.187850609421730042e-02
2.458199858665466309e-02
2.120699405670166016e+00
2.480207681655883789e-01
2.786956727504730225e-01
7.196796126663684845e-03
1.623699069023132324e+00
2.311870604753494263e-01
1.372465252876281738e+00
0.000000000000000000e+00
1.433677375316619873e-01
2.116532087326049805e+00
2.491942495107650757e-01
3.242565691471099854e-02
9.169876575469970703e-01
2.712695300579071045e-01
8.073510974645614624e-02
1.639397442340850830e-01
0.000000000000000000e+00
3.168793618679046631e-01
3.872346401214599609e+00
0.000000000000000000e+00
1.350513845682144165e-01
5.576955080032348633e-01
3.215512633323669434e-01
1.312644720077514648e+00
0.000000000000000000e+00
2.324935495853424072e-01
6.862978935241699219e-01
1.117737889289855957e+00
7.588613033294677734e-01
7.214694619178771973e-01
1.552747040987014771e-01
4.846335411071777344e+00
3.590246737003326416e-01
8.163579106330871582e-01
2.681481540203094482e-01
2.309820413589477539e+00
1.108173251152038574e+00
1.443733721971511841e-01
4.127949103713035583e-02
2.528023719787597656e+00
2.499825321137905121e-02
3.169520571827888489e-02
1.178074598312377930e+00
5.113925933837890625e-01
3.514671325683593750e-01
3.404598534107208252e-01
1.249991580843925476e-01
0.000000000000000000e+00
0.000000000000000000e+00
1.121505379676818848e+00
2.210783720016479492e+00
3.595596253871917725e-01
0.000000000000000000e+00
0.000000000000000000e+00
8.722236752510070801e-01
2.959640622138977051e-01
7.635663986206054688e+00
0.000000000000000000e+00
1.454374194145202637e-02
0.000000000000000000e+00
9.158278256654739380e-02
4.198370967060327530e-03
4.673442989587783813e-02
3.688347339630126953e-02
2.460078477859497070e+00
4.395237565040588379e-01
0.000000000000000000e+00
0.000000000000000000e+00
1.138666987419128418e+00
3.480503335595130920e-03
8.472781337331980467e-05
0.000000000000000000e+00
1.668112934567034245e-03
5.836616158485412598e-01
5.076985359191894531e-01
8.105286210775375366e-02
5.059482455253601074e-01
1.108434081077575684e+00
3.079088032245635986e-01
3.348162174224853516e-01
9.066112041473388672e-01
1.627562761306762695e+00
5.041000247001647949e-01
1.619341522455215454e-01
1.464855968952178955e-01
2.930487878620624542e-02
8.527012914419174194e-02
3.343404531478881836e-01
3.511629533022642136e-03
9.730758517980575562e-02
2.148560762405395508e+00
6.148820742964744568e-02
1.394081413745880127e-01
3.832630217075347900e-01
6.783750653266906738e-01
7.464839816093444824e-01
5.951825380325317383e-01
8.829940110445022583e-02
1.826271265745162964e-01
1.586548089981079102e+00
1.116947412490844727e+00
0.000000000000000000e+00
1.389776468276977539e-01
4.317238330841064453e-01
8.281685411930084229e-03
6.170883178710937500e-01
0.000000000000000000e+00
1.513521820306777954e-01
4.399873316287994385e-01
4.216825589537620544e-03
1.818871870636940002e-02
4.081874787807464600e-01
7.337037473917007446e-02
1.306915521621704102e+00
2.438749313354492188e+00
3.515610992908477783e-01
6.709822416305541992e-01
2.143420696258544922e+00
1.045238733291625977e+00
5.494595505297183990e-03
2.485747337341308594e-01
2.594601213932037354e-01
1.260552406311035156e-01
0.000000000000000000e+00
1.992932438850402832e+00
4.860311150550842285e-01
2.899626493453979492e-01
5.992058515548706055e-01
0.000000000000000000e+00
1.760118246078491211e+00
1.342450499534606934e+00
4.309904202818870544e-02
1.431574225425720215e-01
1.412031352519989014e-01
2.001504302024841309e-01
1.278445482254028320e+00
9.296522289514541626e-02
0.000000000000000000e+00
0.000000000000000000e+00
0.000000000000000000e+00
2.444656938314437866e-01
1.207025051116943359e+00
3.903895244002342224e-02
2.254786901175975800e-02
0.000000000000000000e+00
0.000000000000000000e+00
6.119274348020553589e-02
2.624755859375000000e+00
0.000000000000000000e+00
1.235796332359313965e+00
1.643456984311342239e-03
9.945870041847229004e-01
7.933594286441802979e-03
1.247998714447021484e+00
4.368038475513458252e-02
2.031426727771759033e-01
1.737473458051681519e-01
1.038983836770057678e-02
1.148536130785942078e-01
1.135076403617858887e+00
4.499294236302375793e-02
5.287215486168861389e-02
7.752002477645874023e-01
1.684690117835998535e-01
4.481281340122222900e-02
1.661498099565505981e-01
4.020504653453826904e-01
1.413196086883544922e+00
0.000000000000000000e+00
3.677014708518981934e-01
0.000000000000000000e+00
8.448358774185180664e-01
1.941324591636657715e+00
4.352262020111083984e-01
3.502595936879515648e-03
3.453268855810165405e-02
3.104096949100494385e-01
7.308881878852844238e-01
3.663139641284942627e-01
1.442479968070983887e+00
4.513170242309570312e+00
1.197994589805603027e+00
2.809016108512878418e-01
3.699483722448348999e-02
2.765044271945953369e-01
8.177349343895912170e-03
3.706628829240798950e-02
5.518653895705938339e-03
0.000000000000000000e+00
1.238152571022510529e-02
9.292357414960861206e-02
3.672285079956054688e-01
3.764543309807777405e-02
2.513044746592640877e-03
1.190041422843933105e+00
2.264429070055484772e-02
2.156834453344345093e-01
0.000000000000000000e+00
1.884552091360092163e-01
4.598779380321502686e-01
8.979359641671180725e-03
1.775663018226623535e+00
0.000000000000000000e+00
7.288382947444915771e-02
7.171342521905899048e-02
5.700861662626266479e-02
7.291069030761718750e-01
1.270867437124252319e-01
0.000000000000000000e+00
7.836621999740600586e-01
9.229404330253601074e-01
0.000000000000000000e+00
1.167585048824548721e-02
1.562048029154539108e-02
0.000000000000000000e+00
4.254393652081489563e-02
4.986049830913543701e-01
1.195539355278015137e+00
1.538671273738145828e-02
8.159691095352172852e-01
6.079660654067993164e-01
5.560738965868949890e-02
0.000000000000000000e+00
2.098030894994735718e-01
5.250449851155281067e-02
7.454575300216674805e-01
9.662308096885681152e-01
4.934966191649436951e-02
0.000000000000000000e+00
1.051889508962631226e-01
3.033699095249176025e-01
7.022191286087036133e-01
1.048980951309204102e+00
1.010472998023033142e-01
6.474737077951431274e-02
9.629348665475845337e-02
1.106467127799987793e+00
0.000000000000000000e+00
3.877936303615570068e-01
0.000000000000000000e+00
1.656619459390640259e-01
1.384999155998229980e-01
3.967394679784774780e-02
7.409871555864810944e-03
4.425885677337646484e-01
9.237488508224487305e-01
9.359892606735229492e-01
6.005984544754028320e-01
1.303007006645202637e+00
2.044689893722534180e+00
6.443616002798080444e-03
2.590397298336029053e-01
1.080998897552490234e+00
2.335508614778518677e-01
3.176673948764801025e-01
7.008672952651977539e-01
0.000000000000000000e+00
6.740379333496093750e-02
0.000000000000000000e+00
3.086763918399810791e-01
6.542177796363830566e-01
5.509828776121139526e-02
3.022552967071533203e+00
3.049288988113403320e+00
4.669798016548156738e-01
1.475788420066237450e-03
7.512151002883911133e-01
4.771975055336952209e-02
1.074104476720094681e-02
0.000000000000000000e+00
2.201682478189468384e-01
4.834287986159324646e-02
6.183252856135368347e-02
0.000000000000000000e+00
2.018130011856555939e-02
1.287955939769744873e-01
2.056411206722259521e-01
1.988304376602172852e+00
1.333945840597152710e-01
1.546827610582113266e-02
1.317343711853027344e+00
2.685962617397308350e-01
1.021095514297485352e+00
0.000000000000000000e+00
1.877686232328414917e-01
1.254340887069702148e+00
1.099769771099090576e-01
1.091510057449340820e+00
4.180810451507568359e-01
9.864734411239624023e-01
2.867207825183868408e-01
1.628196388483047485e-01
0.000000000000000000e+00
5.953201651573181152e-01
9.429751038551330566e-01
1.825625449419021606e-01
1.001941412687301636e-02
2.699227333068847656e+00
7.571299094706773758e-03
1.111658066511154175e-01
1.487473864108324051e-02
2.502983808517456055e-02
3.942962884902954102e-01
0.000000000000000000e+00
2.661633491516113281e+00
1.045760750770568848e+00
4.519900083541870117e-01
9.524599909782409668e-01
1.222686171531677246e+00
4.169575404375791550e-03
8.566651344299316406e-01
1.255044527351856232e-02
9.894482791423797607e-02
0.000000000000000000e+00
0.000000000000000000e+00
3.032791242003440857e-02
1.608207821846008301e-01
2.714917361736297607e-01
0.000000000000000000e+00
1.978625310584902763e-03
2.231043428182601929e-01
2.248008728027343750e+00
0.000000000000000000e+00
1.922848075628280640e-01
1.192903518676757812e-01
1.489077448844909668e+00
1.915611699223518372e-02
0.000000000000000000e+00
0.000000000000000000e+00
1.834749877452850342e-01
1.532137989997863770e+00
4.825752973556518555e-01
0.000000000000000000e+00
2.067329406738281250e+00
4.401227924972772598e-03
4.394324719905853271e-01
6.379197537899017334e-02
1.904047280550003052e-01
1.040092781186103821e-01
0.000000000000000000e+00
5.621876716613769531e-01
1.045961260795593262e+00
3.860014975070953369e-01
2.230345487594604492e+00
2.970265224575996399e-02
1.469081401824951172e+00
1.579438336193561554e-02
0.000000000000000000e+00
5.938997957855463028e-03
1.152971744537353516e+00
1.333606839179992676e-01
0.000000000000000000e+00
1.639824509620666504e-01
1.270105540752410889e-01
4.617747291922569275e-02
2.210590124130249023e+00
6.049050092697143555e-01
7.388102263212203979e-02
5.172442793846130371e-01
3.545357286930084229e-02
7.542974948883056641e-01
1.333526223897933960e-01
0.000000000000000000e+00
2.477695494890213013e-01
1.273557305335998535e+00
1.703611016273498535e+00
0.000000000000000000e+00
6.798660755157470703e-01
1.343825366348028183e-02
1.218904852867126465e+00
2.924962043762207031e-01
2.341460734605789185e-01
5.324887633323669434e-01
4.693808406591415405e-02
7.852066755294799805e-01
4.633147418498992920e-01
9.043920040130615234e-02
1.110839843750000000e-01
1.391593694686889648e+00
1.793178170919418335e-01
1.580500975251197815e-02
4.270422086119651794e-02
2.352783441543579102e+00
4.089580103754997253e-02
8.793653249740600586e-01
3.835067749023437500e-01
1.572360873222351074e+00
2.703903436660766602e+00
1.010153293609619141e+00
3.149073943495750427e-02
6.056364178657531738e-01
0.000000000000000000e+00
0.000000000000000000e+00
