7.552837133407592773e-01
0.000000000000000000e+00
4.785324037075042725e-01
2.554681539535522461e+00
1.160453930497169495e-01
2.554803155362606049e-02
2.422220855951309204e-01
4.023282051086425781e+00
5.593461036682128906e+00
8.786855936050415039e-01
1.409756690263748169e-01
1.103745460510253906e+00
1.002247538417577744e-02
8.441495895385742188e-01
2.288816928863525391e+00
1.580043286085128784e-01
6.319836378097534180e-01
1.420938730239868164e+00
8.323687911033630371e-01
8.315627276897430420e-02
9.841263294219970703e-01
0.000000000000000000e+00
4.541708528995513916e-02
2.210346937179565430e+00
1.121847927570343018e-01
0.000000000000000000e+00
0.000000000000000000e+00
1.202767729759216309e+00
6.434541940689086914e-02
1.948502101004123688e-02
2.822818700224161148e-03
0.000000000000000000e+00
4.895362854003906250e-01
3.547828271985054016e-02
1.022130250930786133e-02
2.526303529739379883e+00
4.788475632667541504e-01
4.080530703067779541e-01
5.282950997352600098e-01
7.846154570579528809e-01
7.815121114253997803e-02
7.173671126365661621e-01
1.037467479705810547e+00
2.341579675674438477e+00
5.337474346160888672e-01
9.111166000366210938e-01
4.630207717418670654e-01
7.785294055938720703e-01
1.357712745666503906e-01
1.499559164047241211e+00
2.112815618515014648e+00
0.000000000000000000e+00
8.176110386848449707e-01
0.000000000000000000e+00
1.700817108154296875e+00
2.873432636260986328e-01
4.570221304893493652e-01
1.407374143600463867e-01
2.034840822219848633e+00
5.743142366409301758e-01
2.553478777408599854e-01
7.785993069410324097e-02
1.406378298997879028e-01
5.006574988365173340e-01
7.958755493164062500e-01
9.282377362251281738e-01
4.703617654740810394e-03
3.746936917304992676e-01
6.100327372550964355e-01
1.204530596733093262e+00
0.000000000000000000e+00
6.647048890590667725e-02
6.880738139152526855e-01
4.477462545037269592e-02
2.405859082937240601e-01
1.172646403312683105e+00
0.000000000000000000e+00
8.315807580947875977e-01
0.000000000000000000e+00
5.108478665351867676e-01
1.860991120338439941e-01
1.378701686859130859e+00
1.953105926513671875e+00
1.829962246119976044e-02
1.670915246009826660e+00
8.385682106018066406e-02
1.277727961540222168e+00
4.519812464714050293e-01
1.298271179199218750e+00
1.989739090204238892e-01
2.048137225210666656e-02
0.000000000000000000e+00
0.000000000000000000e+00
0.000000000000000000e+00
9.610210061073303223e-01
3.571542799472808838e-01
1.518148422241210938e+00
1.031735897064208984e+00
6.244620308279991150e-03
4.090809077024459839e-02
1.701540430076420307e-03
7.683361321687698364e-02
1.944840401411056519e-01
9.010532498359680176e-01
9.670466184616088867e-01
2.572498321533203125e-01
1.947539567947387695e+00
2.640840113162994385e-01
5.768302679061889648e-01
1.055864430963993073e-02
1.503180384635925293e+00
0.000000000000000000e+00
7.469455599784851074e-01
9.897800683975219727e-01
1.195508956909179688e+00
2.025886625051498413e-02
1.567791588604450226e-02
7.639246433973312378e-02
2.079234719276428223e-01
2.868582487106323242e+00
2.468302547931671143e-01
1.223943829536437988e-01
2.042289972305297852e-01
2.007411718368530273e+00
4.207504987716674805e-01
1.622622966766357422e+00
0.000000000000000000e+00
8.210538327693939209e-02
2.265152931213378906e+00
2.433929443359375000e-01
1.433472931385040283e-01
6.236742138862609863e-01
2.162011414766311646e-01
3.554834984242916107e-03
4.198005795478820801e-02
3.075515385717153549e-03
3.360283076763153076e-01
5.185411453247070312e+00
0.000000000000000000e+00
3.242329955101013184e-01
2.119989544153213501e-01
2.777074277400970459e-01
1.003912568092346191e+00
2.860893309116363525e-02
4.670125991106033325e-02
7.622368931770324707e-01
8.445841073989868164e-01
1.611079335212707520e+00
2.291446030139923096e-01
3.319352269172668457e-01
4.173159599304199219e+00
4.267092049121856689e-02
8.386890292167663574e-01
2.499449998140335083e-01
1.742852568626403809e+00
1.344860553741455078e+00
3.088531792163848877e-01
1.994110792875289917e-01
2.533206701278686523e+00
0.000000000000000000e+00
8.778636157512664795e-02
9.352096319198608398e-01
1.186946630477905273e+00
2.044068872928619385e-01
4.170820713043212891e-01
8.526290953159332275e-02
0.000000000000000000e+00
0.000000000000000000e+00
1.636167407035827637e+00
2.138807535171508789e+00
9.544449299573898315e-02
9.967148303985595703e-03
1.674410304985940456e-03
1.142041444778442383e+00
4.419229030609130859e-01
7.918939113616943359e+00
6.513608992099761963e-02
1.387311203870922327e-04
0.000000000000000000e+00
1.481055864132940769e-03
8.365079760551452637e-03
2.984956502914428711e-01
3.136347746476531029e-03
2.460595846176147461e+00
2.714782655239105225e-01
0.000000000000000000e+00
7.244657725095748901e-02
9.970850944519042969e-01
0.000000000000000000e+00
1.805298216640949249e-02
0.000000000000000000e+00
1.357750128954648972e-02
1.678834319114685059e+00
5.905982851982116699e-01
1.365789622068405151e-01
5.219231843948364258e-01
7.313345670700073242e-01
6.407780200242996216e-02
5.996949672698974609e-01
7.124297618865966797e-01
1.762730121612548828e+00
6.984369754791259766e-01
1.044888347387313843e-01
1.574280261993408203e-01
8.849663427099585533e-04
1.006496325135231018e-02
2.039487510919570923e-01
1.372006535530090332e-02
1.074737235903739929e-01
1.797635674476623535e+00
0.000000000000000000e+00
2.970210835337638855e-02
8.140891045331954956e-02
7.256687283515930176e-01
1.292985200881958008e+00
8.712618947029113770e-01
1.632199585437774658e-01
6.087387204170227051e-01
1.367177248001098633e+00
1.187771201133728027e+00
7.631561905145645142e-02
2.854444384574890137e-01
6.807154417037963867e-01
3.279147148132324219e-01
7.088328599929809570e-01
0.000000000000000000e+00
1.841084510087966919e-01
7.312470078468322754e-01
0.000000000000000000e+00
0.000000000000000000e+00
3.778365552425384521e-01
1.834949404001235962e-01
1.715803503990173340e+00
2.261011838912963867e+00
1.092705488204956055e+00
9.712595939636230469e-01
2.070996999740600586e+00
5.777578353881835938e-01
3.299689851701259613e-03
8.163067102432250977e-01
2.402345091104507446e-01
1.289456337690353394e-01
4.241347312927246094e-02
2.422052860260009766e+00
5.690304636955261230e-01
9.925427287817001343e-02
3.195955753326416016e-01
0.000000000000000000e+00
1.792538046836853027e+00
1.238373398780822754e+00
1.041142791509628296e-01
6.533990055322647095e-02
1.129399891942739487e-02
3.384401649236679077e-02
1.183617115020751953e+00
2.523617148399353027e-01
1.371445716358721256e-03
0.000000000000000000e+00
0.000000000000000000e+00
5.142045766115188599e-02
4.882615506649017334e-01
7.109162397682666779e-03
1.620867401361465454e-01
0.000000000000000000e+00
0.000000000000000000e+00
6.433360278606414795e-02
2.349602222442626953e+00
1.465957611799240112e-01
1.241564989089965820e+00
1.170089244842529297e-01
6.345640420913696289e-01
3.969392925500869751e-02
1.416961073875427246e+00
7.943896949291229248e-02
1.115085557103157043e-01
1.881175935268402100e-01
1.099298968911170959e-01
2.218214869499206543e-01
1.396016597747802734e+00
0.000000000000000000e+00
0.000000000000000000e+00
7.240883111953735352e-01
4.259346425533294678e-01
3.688078140839934349e-03
1.065041050314903259e-01
1.742260903120040894e-01
1.316177964210510254e+00
0.000000000000000000e+00
5.211298465728759766e-01
2.528566401451826096e-03
7.747702002525329590e-01
1.663234591484069824e+00
6.204872131347656250e-01
0.000000000000000000e+00
4.416104778647422791e-02
2.203571498394012451e-01
3.594941794872283936e-01
1.410343497991561890e-01
1.563790082931518555e+00
5.099610805511474609e+00
1.828683257102966309e+00
4.081714749336242676e-01
6.219439953565597534e-02
2.502950429916381836e-01
3.152872622013092041e-02
1.538878772407770157e-02
1.543460506945848465e-02
0.000000000000000000e+00
1.780050061643123627e-02
2.045684866607189178e-02
1.410771608352661133e-01
3.036136552691459656e-02
4.125838167965412140e-03
1.040838956832885742e+00
1.771533042192459106e-01
1.534913629293441772e-01
0.000000000000000000e+00
2.771030180156230927e-02
5.857842564582824707e-01
6.907841190695762634e-03
1.672383308410644531e+00
0.000000000000000000e+00
0.000000000000000000e+00
5.355448126792907715e-01
2.547468245029449463e-01
6.161047220230102539e-01
2.446080148220062256e-01
0.000000000000000000e+00
3.575246036052703857e-01
3.129279911518096924e-01
2.261362969875335693e-03
5.048583447933197021e-02
0.000000000000000000e+00
4.914967715740203857e-02
3.022410441190004349e-03
4.872425794601440430e-01
1.882566928863525391e+00
5.912717059254646301e-02
9.916749596595764160e-01
2.586550414562225342e-01
0.000000000000000000e+00
0.000000000000000000e+00
3.888787031173706055e-01
5.048681795597076416e-02
9.463946819305419922e-01
8.932928442955017090e-01
1.660767346620559692e-01
0.000000000000000000e+00
4.930220544338226318e-02
5.880035758018493652e-01
8.628022074699401855e-01
1.143835783004760742e+00
1.214313879609107971e-02
0.000000000000000000e+00
2.958090417087078094e-02
1.304030776023864746e+00
0.000000000000000000e+00
4.398948848247528076e-01
0.000000000000000000e+00
2.148545831441879272e-01
7.402343750000000000e-01
9.084135293960571289e-02
1.644785255193710327e-01
1.361896097660064697e-01
7.415402531623840332e-01
1.000889658927917480e+00
6.088714003562927246e-01
8.755412101745605469e-01
2.215183973312377930e+00
3.687549848109483719e-03
2.477248460054397583e-01
8.452246189117431641e-01
3.126949667930603027e-01
8.199930936098098755e-02
3.674522936344146729e-01
3.954426199197769165e-02
2.754694037139415741e-02
5.119489878416061401e-02
8.756206035614013672e-01
5.890511870384216309e-01
6.831428408622741699e-02
2.487337827682495117e+00
3.141912221908569336e+00
9.405751228332519531e-01
4.256201442331075668e-03
6.234552860260009766e-01
0.000000000000000000e+00
0.000000000000000000e+00
0.000000000000000000e+00
5.744265764951705933e-02
6.892424225807189941e-01
1.138729229569435120e-01
0.000000000000000000e+00
3.839724510908126831e-02
2.614551782608032227e-01
3.386185169219970703e-01
1.506506800651550293e+00
2.823354601860046387e-01
1.874471083283424377e-02
1.494580507278442383e+00
4.635900259017944336e-02
8.953585624694824219e-01
0.000000000000000000e+00
3.187518119812011719e-01
1.777133107185363770e+00
5.528395250439643860e-02
9.786586761474609375e-01
2.307550758123397827e-01
1.411183238029479980e+00
3.146766424179077148e-01
3.457874953746795654e-01
0.000000000000000000e+00
9.404429197311401367e-01
1.117726325988769531e+00
1.555541008710861206e-01
1.610091887414455414e-02
1.817460060119628906e+00
9.456912428140640259e-02
2.127414196729660034e-01
1.710444688796997070e-02
1.788454204797744751e-01
4.681335389614105225e-02
2.339911647140979767e-03
3.251497268676757812e+00
1.106770277023315430e+00
4.752463400363922119e-01
7.795558571815490723e-01
1.546709179878234863e+00
6.653330475091934204e-02
1.565545082092285156e+00
9.845514781773090363e-03
9.051513671875000000e-02
8.203544421121478081e-04
0.000000000000000000e+00
1.285095326602458954e-02
1.368834823369979858e-01
0.000000000000000000e+00
5.484813824295997620e-03
0.000000000000000000e+00
4.570371210575103760e-01
1.580901861190795898e+00
2.917008846998214722e-02
3.204427063465118408e-01
2.864398062229156494e-01
1.381199717521667480e+00
2.194729866459965706e-03
3.975510597229003906e-03
5.818227678537368774e-02
5.701093077659606934e-01
1.220147132873535156e+00
4.819595515727996826e-01
5.926930904388427734e-02
1.634225606918334961e+00
1.365423016250133514e-02
6.116546988487243652e-01
4.461507312953472137e-03
2.183902859687805176e-01
6.542963441461324692e-03
0.000000000000000000e+00
1.150588631629943848e+00
1.196827411651611328e+00
1.419260352849960327e-01
1.779304742813110352e+00
4.119197651743888855e-02
1.024864792823791504e+00
1.508045047521591187e-01
6.924264878034591675e-02
2.475748956203460693e-01
7.826620340347290039e-01
3.693149387836456299e-01
0.000000000000000000e+00
1.204708069562911987e-01
1.025067493319511414e-01
1.877852827310562134e-01
1.932423710823059082e+00
4.140700101852416992e-01
2.004847228527069092e-01
5.809293985366821289e-01
7.780863903462886810e-03
8.467095494270324707e-01
2.833858728408813477e-01
0.000000000000000000e+00
1.481244564056396484e-01
1.546849250793457031e+00
2.081234693527221680e+00
0.000000000000000000e+00
1.043796911835670471e-01
5.706200841814279556e-03
8.915001749992370605e-01
3.781939744949340820e-01
2.080678343772888184e-01
8.263811469078063965e-01
0.000000000000000000e+00
6.728940606117248535e-01
1.038717627525329590e+00
0.000000000000000000e+00
5.870819091796875000e-02
8.128527998924255371e-01
3.515395149588584900e-02
6.640450097620487213e-03
1.518343109637498856e-02
2.712516307830810547e+00
3.249244065955281258e-03
6.567255258560180664e-01
1.484116166830062866e-01
1.387145161628723145e+00
3.225817441940307617e+00
1.280668854713439941e+00
1.939195841550827026e-01
8.878872990608215332e-01
1.518532633781433105e-02
5.063561722636222839e-03
