1.850712150335311890e-01
0.000000000000000000e+00
2.198158502578735352e-01
3.160905122756958008e+00
8.070317655801773071e-02
3.262956142425537109e-01
5.006117224693298340e-01
3.431537151336669922e+00
6.570486545562744141e+00
1.429524660110473633e+00
8.815520256757736206e-02
1.917113304138183594e+00
1.292298138141632080e-01
2.677559852600097656e-01
2.433897733688354492e+00
1.723740249872207642e-01
1.165450692176818848e+00
1.300009608268737793e+00
5.765808820724487305e-01
0.000000000000000000e+00
6.698422431945800781e-01
0.000000000000000000e+00
4.785897210240364075e-02
2.700101137161254883e+00
3.639425383880734444e-03
0.000000000000000000e+00
9.052587673068046570e-03
1.560154199600219727e+00
1.870629340410232544e-01
1.117077004164457321e-02
0.000000000000000000e+00
1.098893117159605026e-03
2.037504166364669800e-01
7.612966001033782959e-03
2.359286546707153320e-01
3.122165203094482422e+00
3.774849176406860352e-01
2.990602329373359680e-02
1.039397343993186951e-01
3.588280081748962402e-01
3.263934254646301270e-01
2.153464108705520630e-01
5.702131390571594238e-01
1.860394239425659180e+00
3.821959197521209717e-01
1.048331618309020996e+00
3.714697659015655518e-01
1.314528465270996094e+00
5.007440969347953796e-02
1.940699577331542969e+00
2.535488367080688477e+00
0.000000000000000000e+00
1.249283432960510254e+00
7.725574541836977005e-03
1.848111271858215332e+00
2.383634895086288452e-01
7.345208525657653809e-02
6.922538578510284424e-02
2.768956422805786133e+00
7.928349375724792480e-01
5.945947766304016113e-01
1.234791949391365051e-01
1.393062174320220947e-01
1.344510078430175781e+00
1.510024785995483398e+00
6.463835239410400391e-01
3.217287827283143997e-03
2.341735512018203735e-01
2.706706821918487549e-01
1.042447566986083984e+00
0.000000000000000000e+00
5.071749538183212280e-02
3.775247633457183838e-01
1.359986979514360428e-02
1.023500204086303711e+00
2.065629959106445312e+00
0.000000000000000000e+00
9.795855879783630371e-01
1.553411632776260376e-01
8.750115633010864258e-01
3.592235743999481201e-01
8.651815652847290039e-01
1.530669093132019043e+00
6.104928627610206604e-02
2.099406003952026367e+00
1.224911436438560486e-01
2.039302825927734375e+00
2.970328629016876221e-01
7.650036811828613281e-01
5.549993366003036499e-02
2.433216897770762444e-03
5.256196856498718262e-02
0.000000000000000000e+00
0.000000000000000000e+00
1.760840535163879395e+00
7.332569956779479980e-01
8.502703309059143066e-01
1.574516892433166504e+00
3.240087255835533142e-02
8.679566532373428345e-02
0.000000000000000000e+00
3.349436223506927490e-01
2.448952989652752876e-03
1.480427503585815430e+00
1.177807807922363281e+00
2.323904633522033691e-01
1.835927128791809082e+00
2.449084818363189697e-01
2.993721067905426025e-01
5.387613549828529358e-02
1.823920369148254395e+00
0.000000000000000000e+00
5.158383846282958984e-01
7.458283305168151855e-01
7.502037882804870605e-01
2.074200287461280823e-02
5.853716284036636353e-03
1.580462157726287842e-01
2.769967317581176758e-01
3.087547063827514648e+00
2.349481731653213501e-01
5.478409305214881897e-02
1.571017876267433167e-02
1.751731872558593750e+00
2.561316788196563721e-01
1.339269161224365234e+00
3.239944577217102051e-03
1.467373073101043701e-01
2.103106021881103516e+00
7.985815405845642090e-02
1.098271757364273071e-01
6.253226399421691895e-01
8.825298398733139038e-02
4.721083864569664001e-02
7.861866801977157593e-02
0.000000000000000000e+00
2.646692693233489990e-01
5.113528251647949219e+00
0.000000000000000000e+00
2.563047111034393311e-01
1.222456693649291992e-01
3.269478976726531982e-01
1.360580682754516602e+00
4.287371411919593811e-02
3.036279380321502686e-01
4.867152273654937744e-01
1.205872654914855957e+00
1.371510028839111328e+00
7.803675532341003418e-01
2.092581093311309814e-01
5.057931423187255859e+00
1.511568725109100342e-01
7.477826476097106934e-01
1.581563651561737061e-01
1.727868795394897461e+00
1.334572911262512207e+00
3.487283289432525635e-01
9.461110085248947144e-02
2.842755317687988281e+00
5.470149219036102295e-02
9.305661171674728394e-02
6.109395623207092285e-01
6.275084614753723145e-01
1.626289635896682739e-01
3.392039537429809570e-01
5.121554434299468994e-02
0.000000000000000000e+00
0.000000000000000000e+00
1.193445801734924316e+00
1.612888097763061523e+00
1.250562667846679688e-01
4.688801616430282593e-02
0.000000000000000000e+00
1.004991650581359863e+00
3.938152194023132324e-01
9.239714622497558594e+00
1.133600482717156410e-03
2.251267060637474060e-02
0.000000000000000000e+00
1.007222458720207214e-01
1.639566267840564251e-03
2.950210496783256531e-02
0.000000000000000000e+00
1.768194556236267090e+00
3.511651158332824707e-01
0.000000000000000000e+00
0.000000000000000000e+00
1.038492560386657715e+00
0.000000000000000000e+00
0.000000000000000000e+00
0.000000000000000000e+00
4.988142848014831543e-02
1.387420058250427246e+00
2.428610771894454956e-01
2.390251867473125458e-02
1.977032572031021118e-01
8.941357731819152832e-01
1.711484193801879883e-01
3.025023043155670166e-01
1.097083091735839844e+00
1.325181722640991211e+00
7.276250123977661133e-01
1.324795633554458618e-01
1.684449613094329834e-01
3.346225013956427574e-03
8.541294187307357788e-02
4.233776405453681946e-02
1.288958918303251266e-02
7.775559276342391968e-02
2.298773050308227539e+00
0.000000000000000000e+00
1.925383955240249634e-01
8.552255481481552124e-02
6.268785595893859863e-01
7.140061855316162109e-01
6.651903390884399414e-01
2.709389328956604004e-01
6.517012715339660645e-01
1.310427427291870117e+00
1.897927284240722656e+00
1.021846104413270950e-02
1.223382800817489624e-01
1.248920440673828125e+00
1.417259424924850464e-01
9.269537329673767090e-01
0.000000000000000000e+00
5.645956397056579590e-01
2.728073596954345703e-01
0.000000000000000000e+00
3.529759356752038002e-03
4.173940420150756836e-01
1.304308325052261353e-01
1.667570114135742188e+00
1.982533574104309082e+00
1.174508571624755859e+00
4.174200594425201416e-01
1.755988001823425293e+00
8.600219488143920898e-01
1.468373555690050125e-02
9.615489244461059570e-01
3.619722425937652588e-01
4.851190000772476196e-02
0.000000000000000000e+00
1.583808064460754395e+00
4.346374869346618652e-01
5.034848675131797791e-02
7.701133489608764648e-01
0.000000000000000000e+00
2.319456100463867188e+00
8.023424744606018066e-01
5.920431613922119141e-01
4.015882015228271484e-01
4.475586116313934326e-02
3.347244560718536377e-01
1.505374431610107422e+00
1.532007474452257156e-03
0.000000000000000000e+00
0.000000000000000000e+00
0.000000000000000000e+00
0.000000000000000000e+00
1.061844825744628906e+00
1.015529707074165344e-01
9.904333949089050293e-02
7.088803686201572418e-04
0.000000000000000000e+00
1.103415619581937790e-03
1.407960176467895508e+00
1.273572910577058792e-02
1.106024265289306641e+00
2.292706370353698730e-01
1.125035524368286133e+00
2.248080633580684662e-02
8.999941945075988770e-01
1.729199290275573730e-01
1.335172206163406372e-01
2.123994231224060059e-01
1.005031615495681763e-01
2.272109538316726685e-01
1.042385101318359375e+00
3.736114501953125000e-02
6.433880887925624847e-03
7.097008228302001953e-01
6.753081828355789185e-02
2.820090577006340027e-02
1.820460110902786255e-01
3.761374354362487793e-01
1.678923845291137695e+00
3.642951836809515953e-03
6.243717074394226074e-01
0.000000000000000000e+00
1.059414267539978027e+00
1.894384860992431641e+00
3.828560411930084229e-01
2.103077247738838196e-03
1.773896627128124237e-02
4.191624820232391357e-01
1.413126736879348755e-01
1.830719560384750366e-01
1.648375988006591797e+00
4.762380599975585938e+00
4.738523364067077637e-01
4.172747135162353516e-01
1.120334342122077942e-01
1.976404339075088501e-01
0.000000000000000000e+00
2.160442620515823364e-02
0.000000000000000000e+00
0.000000000000000000e+00
8.937621489167213440e-03
2.103015631437301636e-01
4.266409575939178467e-01
0.000000000000000000e+00
1.919364184141159058e-01
8.548775911331176758e-01
1.863470375537872314e-01
3.613448441028594971e-01
0.000000000000000000e+00
9.152410179376602173e-02
2.221197783946990967e-01
0.000000000000000000e+00
1.591410517692565918e+00
0.000000000000000000e+00
0.000000000000000000e+00
3.144876956939697266e-01
6.562325358390808105e-02
8.325536847114562988e-01
6.948401778936386108e-02
0.000000000000000000e+00
7.080628871917724609e-01
7.663236260414123535e-01
0.000000000000000000e+00
5.880240816622972488e-03
1.098821498453617096e-02
0.000000000000000000e+00
8.651774376630783081e-03
4.803307950496673584e-01
1.449611186981201172e+00
1.320056617259979248e-01
5.152539014816284180e-01
1.248142719268798828e-01
0.000000000000000000e+00
0.000000000000000000e+00
1.772347688674926758e-01
2.243892475962638855e-02
1.488501071929931641e+00
1.018583059310913086e+00
1.307951509952545166e-01
0.000000000000000000e+00
6.641121953725814819e-02
3.464486300945281982e-01
6.736366152763366699e-01
7.323026061058044434e-01
3.915839269757270813e-02
8.902378380298614502e-02
1.404868531972169876e-02
9.320006370544433594e-01
0.000000000000000000e+00
3.170485794544219971e-02
0.000000000000000000e+00
1.608743369579315186e-01
5.508831739425659180e-01
8.778772316873073578e-03
6.735622137784957886e-02
4.161036014556884766e-01
9.286309480667114258e-01
8.024584054946899414e-01
4.696783125400543213e-01
8.933075666427612305e-01
2.157625198364257812e+00
0.000000000000000000e+00
5.964503809809684753e-02
1.542298078536987305e+00
1.324047595262527466e-01
2.577030658721923828e-01
3.120247423648834229e-01
0.000000000000000000e+00
1.669514179229736328e-02
0.000000000000000000e+00
7.606285214424133301e-01
8.699645996093750000e-01
2.029213495552539825e-02
3.263316154479980469e+00
3.151314735412597656e+00
1.012088775634765625e+00
4.968821629881858826e-02
9.351135492324829102e-01
5.325244367122650146e-02
0.000000000000000000e+00
0.000000000000000000e+00
1.727644950151443481e-01
3.731097579002380371e-01
0.000000000000000000e+00
0.000000000000000000e+00
1.138669624924659729e-01
8.219297230243682861e-02
3.975233733654022217e-01
1.529009699821472168e+00
3.011612892150878906e-01
2.169508859515190125e-02
1.435054183006286621e+00
1.441245526075363159e-01
9.887937903404235840e-01
0.000000000000000000e+00
3.213933706283569336e-01
1.365902423858642578e+00
3.928678855299949646e-02
1.034591674804687500e+00
3.014986515045166016e-01
1.420405745506286621e+00
1.768867671489715576e-01
2.142522782087326050e-01
0.000000000000000000e+00
1.148888111114501953e+00
1.265638351440429688e+00
1.535110324621200562e-01
0.000000000000000000e+00
2.155310869216918945e+00
4.384214524179697037e-03
7.430483400821685791e-02
0.000000000000000000e+00
2.148690670728683472e-01
1.615172624588012695e-01
0.000000000000000000e+00
2.716634988784790039e+00
1.120385408401489258e+00
3.099682331085205078e-01
6.588007211685180664e-01
1.956669211387634277e+00
4.523652605712413788e-03
1.382366180419921875e+00
0.000000000000000000e+00
4.412899911403656006e-02
0.000000000000000000e+00
0.000000000000000000e+00
0.000000000000000000e+00
1.434320956468582153e-01
1.868718117475509644e-01
0.000000000000000000e+00
0.000000000000000000e+00
4.950089156627655029e-01
2.325278997421264648e+00
0.000000000000000000e+00
2.320983558893203735e-01
1.274059861898422241e-01
1.610571742057800293e+00
6.576118059456348419e-03
2.950385026633739471e-02
1.238854695111513138e-02
1.985099166631698608e-01
1.023156642913818359e+00
2.664981782436370850e-01
4.856019746512174606e-03
1.840906977653503418e+00
0.000000000000000000e+00
6.513912677764892578e-01
7.019734382629394531e-02
4.434139430522918701e-01
0.000000000000000000e+00
0.000000000000000000e+00
1.263529658317565918e+00
9.043913483619689941e-01
3.828829526901245117e-01
1.814809441566467285e+00
4.964777734130620956e-03
1.080422163009643555e+00
2.376680029556155205e-03
6.769601255655288696e-02
1.575460433959960938e-01
8.253400325775146484e-01
4.186999201774597168e-01
0.000000000000000000e+00
4.185094833374023438e-01
3.842963278293609619e-01
3.559561446309089661e-03
1.911924242973327637e+00
2.621555626392364502e-01
5.765039846301078796e-02
1.933399438858032227e-01
1.183628756552934647e-02
1.060133337974548340e+00
3.094236552715301514e-01
0.000000000000000000e+00
1.117304190993309021e-01
1.428452610969543457e+00
1.381128668785095215e+00
0.000000000000000000e+00
3.104709386825561523e-01
3.614594694226980209e-03
7.464722990989685059e-01
1.140805408358573914e-01
3.074928559362888336e-02
1.251229524612426758e+00
0.000000000000000000e+00
7.560028433799743652e-01
1.038570284843444824e+00
5.475033447146415710e-02
1.226757690310478210e-01
1.057879328727722168e+00
4.606465995311737061e-02
6.594463251531124115e-03
0.000000000000000000e+00
1.746445655822753906e+00
3.302792552858591080e-03
5.059655308723449707e-01
4.009254276752471924e-01
1.648006439208984375e+00
2.456066846847534180e+00
5.767266750335693359e-01
7.821082323789596558e-02
7.684861421585083008e-01
0.000000000000000000e+00
0.000000000000000000e+00
