6.481242179870605469e-01
0.000000000000000000e+00
2.667846083641052246e-01
2.727469682693481445e+00
7.819733023643493652e-02
3.909332454204559326e-01
9.113269448280334473e-01
5.112478733062744141e+00
5.740570545196533203e+00
8.566687107086181641e-01
1.203628703951835632e-01
1.993147850036621094e+00
1.563227623701095581e-01
2.123628556728363037e-01
3.171426773071289062e+00
1.303026974201202393e-01
5.223714113235473633e-01
1.271816968917846680e+00
7.658941745758056641e-01
0.000000000000000000e+00
4.781673848628997803e-01
0.000000000000000000e+00
7.496437057852745056e-03
2.754962205886840820e+00
2.105944417417049408e-02
0.000000000000000000e+00
3.739373059943318367e-03
1.491244792938232422e+00
5.569634214043617249e-02
0.000000000000000000e+00
0.000000000000000000e+00
0.000000000000000000e+00
5.128235220909118652e-01
1.778779365122318268e-02
3.096535205841064453e-01
3.426774024963378906e+00
3.546654284000396729e-01
8.530044555664062500e-02
2.222188264131546021e-01
5.041131973266601562e-01
4.346757829189300537e-01
3.844442367553710938e-01
1.513000279664993286e-01
1.767184734344482422e+00
1.953950524330139160e-01
7.147388458251953125e-01
1.884501278400421143e-01
1.271417975425720215e+00
6.718192994594573975e-02
1.178046345710754395e+00
1.992766618728637695e+00
0.000000000000000000e+00
1.254052996635437012e+00
9.468945674598217010e-03
1.772296190261840820e+00
5.022814869880676270e-01
3.316417634487152100e-01
8.104456961154937744e-02
1.787265777587890625e+00
2.449144423007965088e-01
7.112833112478256226e-02
1.325875520706176758e-01
4.927081465721130371e-01
6.008284091949462891e-01
1.315266489982604980e+00
6.586931943893432617e-01
0.000000000000000000e+00
1.185399889945983887e-01
4.427040815353393555e-01
8.401290774345397949e-01
0.000000000000000000e+00
0.000000000000000000e+00
2.015661597251892090e-01
0.000000000000000000e+00
3.602376580238342285e-01
1.510437250137329102e+00
0.000000000000000000e+00
1.468147993087768555e+00
2.982645854353904724e-02
8.523134589195251465e-01
2.910553514957427979e-01
7.652438282966613770e-01
2.333127737045288086e+00
1.262383460998535156e-01
2.814330339431762695e+00
1.438767313957214355e-01
1.459491014480590820e+00
2.693733759224414825e-02
4.803440272808074951e-01
9.720214642584323883e-03
5.993404425680637360e-03
1.099852728657424450e-03
0.000000000000000000e+00
0.000000000000000000e+00
6.646902561187744141e-01
8.683103322982788086e-01
6.511104702949523926e-01
1.010832071304321289e+00
2.823230810463428497e-03
9.429287165403366089e-02
0.000000000000000000e+00
7.402335852384567261e-02
1.292644143104553223e-01
2.049408197402954102e+00
1.302013278007507324e+00
7.797197997570037842e-02
1.595934152603149414e+00
2.389765530824661255e-01
1.696108579635620117e-01
7.661529630422592163e-02
1.616553306579589844e+00
2.795017499011009932e-04
1.045610666275024414e+00
7.513547539710998535e-01
7.061579823493957520e-01
2.029425464570522308e-02
1.866707950830459595e-02
1.126908063888549805e-01
5.177521705627441406e-01
2.443852186203002930e+00
6.304934024810791016e-01
2.940459847450256348e-01
0.000000000000000000e+00
2.149452686309814453e+00
2.084245979785919189e-01
1.358610272407531738e+00
0.000000000000000000e+00
2.245003432035446167e-01
2.129365205764770508e+00
2.273866087198257446e-01
2.082126215100288391e-02
7.738760709762573242e-01
7.521659135818481445e-02
5.382171869277954102e-01
1.724800169467926025e-01
0.000000000000000000e+00
4.423254728317260742e-01
3.864017248153686523e+00
0.000000000000000000e+00
2.264027297496795654e-01
5.532810688018798828e-01
5.893332362174987793e-01
1.806512951850891113e+00
0.000000000000000000e+00
4.581192880868911743e-02
8.355993032455444336e-01
7.163825631141662598e-01
9.281651973724365234e-01
1.163535952568054199e+00
2.935474216938018799e-01
5.200030326843261719e+00
2.095087021589279175e-01
4.973126053810119629e-01
1.509399414062500000e-01
1.628309845924377441e+00
1.437650680541992188e+00
4.944754540920257568e-01
2.935211872681975365e-03
2.936778068542480469e+00
3.119370201602578163e-03
6.094653144828043878e-05
6.189247965812683105e-01
9.441033005714416504e-01
7.825947366654872894e-03
4.503243863582611084e-01
6.827696412801742554e-02
0.000000000000000000e+00
0.000000000000000000e+00
1.266927003860473633e+00
1.597533583641052246e+00
9.739987552165985107e-03
0.000000000000000000e+00
9.888936765491962433e-04
9.340319037437438965e-01
3.656474947929382324e-01
8.072314262390136719e+00
2.399243414402008057e-03
1.278071198612451553e-03
0.000000000000000000e+00
1.482310295104980469e-01
1.092781126499176025e-01
0.000000000000000000e+00
2.812409773468971252e-03
2.106196641921997070e+00
7.417221069335937500e-01
0.000000000000000000e+00
1.976881176233291626e-03
7.267318964004516602e-01
0.000000000000000000e+00
1.056529860943555832e-02
0.000000000000000000e+00
1.017018407583236694e-02
6.771979928016662598e-01
2.400386482477188110e-01
2.935936488211154938e-02
1.283605545759201050e-01
8.015801310539245605e-01
4.314374625682830811e-01
2.925182282924652100e-01
1.606961131095886230e+00
1.424142122268676758e+00
6.954611539840698242e-01
7.636095583438873291e-02
1.569675952196121216e-01
3.718209639191627502e-02
7.982845604419708252e-02
6.007935106754302979e-02
0.000000000000000000e+00
3.465746715664863586e-02
2.542494773864746094e+00
2.469218522310256958e-02
1.596797555685043335e-01
1.934443414211273193e-01
1.369299769401550293e+00
4.834318161010742188e-01
9.485743045806884766e-01
1.135803386569023132e-01
5.529816746711730957e-01
1.523542881011962891e+00
8.721631169319152832e-01
6.468247622251510620e-02
1.568129211664199829e-01
9.390755891799926758e-01
2.994736284017562866e-02
6.487806439399719238e-01
0.000000000000000000e+00
2.438793480396270752e-01
1.259204447269439697e-01
0.000000000000000000e+00
0.000000000000000000e+00
5.011536478996276855e-01
1.422225832939147949e-01
2.014785289764404297e+00
2.009994029998779297e+00
9.693109989166259766e-01
6.262273192405700684e-01
2.500622510910034180e+00
1.140166401863098145e+00
7.119829300791025162e-03
7.446841597557067871e-01
2.607796788215637207e-01
2.501259930431842804e-02
0.000000000000000000e+00
1.380458712577819824e+00
3.423786461353302002e-01
6.362961977720260620e-02
1.009692430496215820e+00
0.000000000000000000e+00
2.346215486526489258e+00
1.443103671073913574e+00
7.754312455654144287e-02
1.936369687318801880e-01
3.026262484490871429e-02
3.025410175323486328e-01
1.044389247894287109e+00
0.000000000000000000e+00
1.562258228659629822e-02
0.000000000000000000e+00
3.729223506525158882e-03
2.549971640110015869e-01
7.163472771644592285e-01
7.159270346164703369e-02
3.599752858281135559e-02
1.101019885390996933e-02
0.000000000000000000e+00
3.135732142254710197e-03
2.923753976821899414e+00
0.000000000000000000e+00
1.196792006492614746e+00
3.602740541100502014e-02
1.320643663406372070e+00
9.532374329864978790e-03
1.153169751167297363e+00
5.377936735749244690e-02
3.667686879634857178e-01
1.859684586524963379e-01
3.948234394192695618e-02
7.003972530364990234e-01
1.080690622329711914e+00
5.110560357570648193e-02
1.262729149311780930e-02
7.195744514465332031e-01
3.246542811393737793e-01
5.262129381299018860e-02
1.033615767955780029e-01
1.801043748855590820e-01
1.806757330894470215e+00
2.490298124030232430e-03
6.015878915786743164e-01
2.530798548832535744e-03
9.596377015113830566e-01
1.368182420730590820e+00
2.604024708271026611e-01
6.584407761693000793e-03
3.507273271679878235e-02
1.882283091545104980e-01
1.908209621906280518e-01
1.242464259266853333e-01
1.185775876045227051e+00
4.935063362121582031e+00
7.862997651100158691e-01
4.021756350994110107e-02
4.524679183959960938e-01
5.730640515685081482e-02
8.581499569118022919e-04
1.096232458949089050e-01
8.638415602035820484e-04
0.000000000000000000e+00
2.600963972508907318e-02
7.271302491426467896e-02
1.849275827407836914e-02
5.472999438643455505e-02
3.642043098807334900e-02
8.705800175666809082e-01
2.462929114699363708e-02
5.013949275016784668e-01
0.000000000000000000e+00
6.281366199254989624e-02
2.489090114831924438e-01
0.000000000000000000e+00
1.193711042404174805e+00
0.000000000000000000e+00
9.450630750507116318e-04
1.986016035079956055e-01
0.000000000000000000e+00
9.112549424171447754e-01
4.416658356785774231e-02
0.000000000000000000e+00
1.027857780456542969e+00
9.795280694961547852e-01
1.163935381919145584e-02
6.862640380859375000e-03
1.514765247702598572e-02
1.306468341499567032e-02
0.000000000000000000e+00
4.307833611965179443e-01
1.709884762763977051e+00
1.138369217514991760e-01
8.705915808677673340e-01
8.750621080398559570e-01
0.000000000000000000e+00
0.000000000000000000e+00
4.082737490534782410e-02
1.075606197118759155e-01
1.251848340034484863e+00
1.474265813827514648e+00
3.824194148182868958e-02
0.000000000000000000e+00
0.000000000000000000e+00
6.450979709625244141e-01
7.271276712417602539e-01
7.471075057983398438e-01
1.048193052411079407e-01
1.400998886674642563e-02
1.554662883281707764e-01
5.775392651557922363e-01
0.000000000000000000e+00
3.291084170341491699e-01
0.000000000000000000e+00
1.423975825309753418e-01
8.435399532318115234e-01
1.973208971321582794e-02
4.487098753452301025e-02
3.179495036602020264e-01
6.887290477752685547e-01
1.256068944931030273e+00
8.809705376625061035e-01
1.108314990997314453e+00
2.337150335311889648e+00
0.000000000000000000e+00
1.949277520179748535e-01
1.257724761962890625e+00
1.167884543538093567e-01
2.257473170757293701e-01
3.480814993381500244e-01
0.000000000000000000e+00
8.789270371198654175e-02
2.713824156671762466e-03
9.957359731197357178e-02
5.092083811759948730e-01
0.000000000000000000e+00
3.502080678939819336e+00
2.741208314895629883e+00
6.385653614997863770e-01
4.551718831062316895e-01
8.870813846588134766e-01
7.980443537235260010e-02
0.000000000000000000e+00
0.000000000000000000e+00
2.683685123920440674e-01
8.538682758808135986e-02
2.401228807866573334e-02
0.000000000000000000e+00
3.219921141862869263e-02
4.557044059038162231e-02
6.400185227394104004e-01
1.180955529212951660e+00
2.714983820915222168e-01
4.758647829294204712e-02
2.170774698257446289e+00
2.249630093574523926e-01
5.748329162597656250e-01
0.000000000000000000e+00
4.014980494976043701e-01
1.245005488395690918e+00
1.600800603628158569e-01
1.506750583648681641e+00
2.378983795642852783e-01
1.320713400840759277e+00
1.186183989048004150e-01
4.402147233486175537e-02
1.657710783183574677e-02
4.703028202056884766e-01
1.331821680068969727e+00
3.915685117244720459e-01
9.846813976764678955e-02
1.950968146324157715e+00
1.033679023385047913e-02
2.359125167131423950e-01
6.591699272394180298e-02
5.635827407240867615e-02
1.304617375135421753e-01
5.441274028271436691e-03
2.751432418823242188e+00
6.738973855972290039e-01
6.760119199752807617e-01
8.420806527137756348e-01
1.758177161216735840e+00
1.708069257438182831e-02
8.074448704719543457e-01
0.000000000000000000e+00
7.782086730003356934e-02
0.000000000000000000e+00
0.000000000000000000e+00
0.000000000000000000e+00
2.615977823734283447e-02
5.720647168345749378e-04
4.661684855818748474e-03
2.903156273532658815e-04
1.995158493518829346e-01
1.851927399635314941e+00
0.000000000000000000e+00
2.145605832338333130e-01
2.713782014325261116e-03
1.710457801818847656e+00
5.569604691118001938e-03
2.217316534370183945e-03
1.202318966388702393e-01
1.238287091255187988e-01
1.311306238174438477e+00
1.560579836368560791e-01
6.854698061943054199e-02
2.450257778167724609e+00
0.000000000000000000e+00
4.804592728614807129e-01
0.000000000000000000e+00
1.618709862232208252e-01
1.396767888218164444e-02
0.000000000000000000e+00
7.662779092788696289e-01
1.396449446678161621e+00
5.824907422065734863e-01
1.874646544456481934e+00
2.457231096923351288e-02
1.738825559616088867e+00
0.000000000000000000e+00
1.809480600059032440e-02
9.094393998384475708e-02
8.296796679496765137e-01
4.769210815429687500e-01
2.308008819818496704e-02
3.754180371761322021e-01
2.390316873788833618e-01
1.880690455436706543e-02
2.518536567687988281e+00
3.465792238712310791e-01
1.868689665570855141e-03
5.059202909469604492e-01
1.461748033761978149e-01
7.882062196731567383e-01
1.923455893993377686e-01
2.262389101088047028e-02
1.948097795248031616e-01
1.044453263282775879e+00
1.482379198074340820e+00
0.000000000000000000e+00
5.692578554153442383e-01
1.484246645122766495e-02
1.142510771751403809e+00
3.774923086166381836e-01
1.038200035691261292e-01
1.245110273361206055e+00
6.559181213378906250e-02
4.352179169654846191e-01
6.962534189224243164e-01
2.035348266363143921e-01
1.255478113889694214e-01
1.196465730667114258e+00
7.570205628871917725e-02
3.919825702905654907e-02
5.900475010275840759e-02
1.948098897933959961e+00
7.395865768194198608e-02
1.155230641365051270e+00
1.722550243139266968e-01
1.876267075538635254e+00
2.779092550277709961e+00
1.154932856559753418e+00
4.197364673018455505e-02
4.885626435279846191e-01
0.000000000000000000e+00
2.395465562585741282e-04
