8.166765570640563965e-01
6.695360410958528519e-03
1.716710031032562256e-01
2.176160573959350586e+00
9.544178098440170288e-02
1.665644198656082153e-01
6.450744271278381348e-01
3.387540102005004883e+00
5.948859691619873047e+00
8.087311983108520508e-01
7.359460741281509399e-02
1.264926671981811523e+00
1.292168498039245605e-01
1.689104139804840088e-01
1.625284433364868164e+00
1.649900674819946289e-01
7.396714687347412109e-01
1.616177558898925781e+00
1.157267928123474121e+00
0.000000000000000000e+00
7.657562494277954102e-01
1.244055945426225662e-02
1.583901345729827881e-01
2.232204675674438477e+00
8.655332773923873901e-02
0.000000000000000000e+00
1.946815871633589268e-03
1.031089186668395996e+00
7.730538398027420044e-02
0.000000000000000000e+00
0.000000000000000000e+00
0.000000000000000000e+00
3.931157886981964111e-01
0.000000000000000000e+00
5.137915257364511490e-03
2.707206249237060547e+00
2.272049635648727417e-01
2.401121407747268677e-01
4.400045275688171387e-01
4.414885342121124268e-01
4.291501641273498535e-02
3.427877426147460938e-01
7.451034188270568848e-01
2.152957201004028320e+00
2.250022590160369873e-01
8.965971469879150391e-01
1.776788979768753052e-01
1.172217965126037598e+00
1.460023671388626099e-01
1.372867465019226074e+00
1.956821322441101074e+00
0.000000000000000000e+00
1.044006228446960449e+00
0.000000000000000000e+00
1.617474317550659180e+00
1.352019160985946655e-01
2.010118067264556885e-01
5.131525173783302307e-02
2.132512807846069336e+00
4.083975553512573242e-01
1.262304335832595825e-01
6.780391931533813477e-02
2.023512572050094604e-01
6.289408206939697266e-01
7.955877780914306641e-01
1.036184191703796387e+00
0.000000000000000000e+00
9.975992888212203979e-02
1.902125626802444458e-01
8.827098608016967773e-01
0.000000000000000000e+00
1.548735145479440689e-02
2.777798771858215332e-01
1.738484799861907959e-01
4.528351128101348877e-01
1.236325740814208984e+00
0.000000000000000000e+00
3.648014366626739502e-01
0.000000000000000000e+00
8.421952128410339355e-01
2.727957963943481445e-01
6.925306916236877441e-01
1.948061943054199219e+00
6.107362359762191772e-02
2.261691093444824219e+00
5.358223989605903625e-02
1.284777402877807617e+00
5.727115646004676819e-02
6.952559947967529297e-01
2.806345000863075256e-03
0.000000000000000000e+00
1.420264784246683121e-02
0.000000000000000000e+00
0.000000000000000000e+00
5.694288015365600586e-01
4.454730153083801270e-01
1.258398413658142090e+00
8.405521512031555176e-01
1.684636995196342468e-02
2.123556844890117645e-02
7.156546344049274921e-04
2.870203554630279541e-01
9.181158989667892456e-02
9.531326889991760254e-01
1.190770149230957031e+00
1.764073818922042847e-01
1.494132399559020996e+00
1.384655088186264038e-01
1.461223512887954712e-01
4.692277684807777405e-02
1.257913351058959961e+00
0.000000000000000000e+00
6.914942860603332520e-01
7.650201320648193359e-01
8.416436314582824707e-01
9.920259565114974976e-02
3.268733620643615723e-02
1.032068878412246704e-01
3.437875211238861084e-01
3.201155900955200195e+00
1.947602778673171997e-01
1.767296530306339264e-02
0.000000000000000000e+00
1.449086070060729980e+00
2.870089113712310791e-01
1.773490428924560547e+00
0.000000000000000000e+00
6.738691776990890503e-02
1.910097479820251465e+00
2.749286592006683350e-01
3.043867833912372589e-02
8.543637394905090332e-01
5.814310908317565918e-02
3.822039812803268433e-02
6.895613670349121094e-02
0.000000000000000000e+00
3.737710118293762207e-01
4.729679584503173828e+00
0.000000000000000000e+00
2.799736559391021729e-01
3.009755909442901611e-01
1.590936034917831421e-01
1.272564888000488281e+00
3.032968938350677490e-02
6.701976060867309570e-02
6.565164923667907715e-01
1.084285616874694824e+00
1.632721185684204102e+00
3.578415513038635254e-01
2.933391928672790527e-01
4.129057407379150391e+00
1.079544872045516968e-01
6.675044894218444824e-01
4.924938082695007324e-01
1.704402327537536621e+00
1.441130757331848145e+00
2.223471701145172119e-01
3.720163181424140930e-02
2.590272903442382812e+00
5.964009091258049011e-03
8.890029042959213257e-03
1.437214136123657227e+00
5.504730343818664551e-01
2.682613953948020935e-02
5.310999602079391479e-02
1.100150570273399353e-01
0.000000000000000000e+00
0.000000000000000000e+00
1.411536216735839844e+00
1.088736057281494141e+00
2.050195038318634033e-01
2.004072535783052444e-03
0.000000000000000000e+00
1.102629184722900391e+00
5.705052614212036133e-01
7.861462593078613281e+00
0.000000000000000000e+00
0.000000000000000000e+00
3.943226858973503113e-02
5.207309499382972717e-02
1.286139432340860367e-02
7.286681234836578369e-02
0.000000000000000000e+00
1.722227096557617188e+00
3.438104093074798584e-01
0.000000000000000000e+00
1.747805858030915260e-03
1.719691514968872070e+00
0.000000000000000000e+00
1.304558571428060532e-02
0.000000000000000000e+00
6.400321144610643387e-03
1.510290980339050293e+00
5.142018795013427734e-01
4.198804125189781189e-02
2.667379081249237061e-01
6.388128399848937988e-01
2.858557701110839844e-01
2.841140627861022949e-01
1.010326147079467773e+00
1.205539941787719727e+00
7.149387001991271973e-01
4.055853486061096191e-01
9.040053002536296844e-03
4.739964380860328674e-03
2.046483103185892105e-03
1.192148998379707336e-01
1.618555374443531036e-02
1.505303569138050079e-02
1.892331719398498535e+00
0.000000000000000000e+00
5.643346905708312988e-02
1.665776669979095459e-01
8.519847989082336426e-01
1.028151512145996094e+00
7.208077311515808105e-01
8.109825849533081055e-02
4.521638154983520508e-01
1.353793025016784668e+00
1.146010994911193848e+00
9.880489669740200043e-04
1.333542615175247192e-01
8.670524954795837402e-01
5.141866952180862427e-02
5.487915873527526855e-01
0.000000000000000000e+00
4.047995805740356445e-01
3.566129207611083984e-01
0.000000000000000000e+00
0.000000000000000000e+00
3.598430752754211426e-01
1.870106607675552368e-01
1.392963290214538574e+00
1.868605017662048340e+00
8.077228665351867676e-01
9.103317260742187500e-01
1.927492976188659668e+00
9.232475161552429199e-01
3.830801928415894508e-03
3.903176486492156982e-01
1.100049391388893127e-01
1.269645690917968750e-01
2.955416403710842133e-02
1.527422785758972168e+00
4.672808945178985596e-01
9.531679004430770874e-02
7.193828225135803223e-01
2.349923364818096161e-03
1.947147607803344727e+00
1.210112094879150391e+00
4.132455587387084961e-01
1.395196467638015747e-01
5.557605624198913574e-02
1.637046188116073608e-01
1.074888706207275391e+00
2.433531135320663452e-01
0.000000000000000000e+00
0.000000000000000000e+00
0.000000000000000000e+00
1.375499218702316284e-01
7.305847406387329102e-01
7.217892259359359741e-02
1.084644123911857605e-01
1.267288113012909889e-03
4.886864684522151947e-03
0.000000000000000000e+00
2.585412502288818359e+00
0.000000000000000000e+00
1.343195796012878418e+00
7.237105816602706909e-02
8.891353607177734375e-01
5.949931964278221130e-02
7.232733368873596191e-01
1.088128704577684402e-02
7.434724271297454834e-02
1.844569593667984009e-01
9.600658901035785675e-03
1.587416827678680420e-01
1.064815402030944824e+00
0.000000000000000000e+00
9.508492425084114075e-03
7.268819212913513184e-01
2.007110267877578735e-01
6.107355002313852310e-04
1.305562853813171387e-01
2.286384701728820801e-01
1.468636989593505859e+00
3.194346278905868530e-02
2.799643278121948242e-01
0.000000000000000000e+00
1.280375480651855469e+00
1.756945013999938965e+00
6.294869780540466309e-01
0.000000000000000000e+00
1.823031529784202576e-02
1.914613991975784302e-01
2.345712631940841675e-01
3.210720419883728027e-01
1.577458262443542480e+00
4.808735847473144531e+00
1.025634169578552246e+00
3.789726495742797852e-01
2.391364239156246185e-02
4.130906760692596436e-01
2.182394079864025116e-02
1.928534620674327016e-04
4.957909695804119110e-03
0.000000000000000000e+00
2.728850767016410828e-02
6.345644127577543259e-03
3.515300750732421875e-01
4.144337028264999390e-02
2.153472416102886200e-02
5.993126034736633301e-01
9.302798658609390259e-02
8.288381248712539673e-02
0.000000000000000000e+00
7.897240668535232544e-02
4.561280608177185059e-01
0.000000000000000000e+00
1.532076239585876465e+00
0.000000000000000000e+00
0.000000000000000000e+00
2.443835288286209106e-01
8.312629163265228271e-02
7.835510969161987305e-01
8.816952258348464966e-02
0.000000000000000000e+00
6.142600178718566895e-01
7.907165288925170898e-01
0.000000000000000000e+00
6.432852149009704590e-02
4.506271332502365112e-03
0.000000000000000000e+00
4.359504207968711853e-03
3.950846493244171143e-01
1.770412802696228027e+00
1.036274284124374390e-01
2.977194488048553467e-01
1.166387349367141724e-01
0.000000000000000000e+00
4.463341028895229101e-04
4.371328949928283691e-01
2.349328435957431793e-02
8.901008367538452148e-01
8.849527835845947266e-01
1.199473533779382706e-02
0.000000000000000000e+00
8.561937138438224792e-03
6.039424538612365723e-01
8.858835697174072266e-01
9.859273433685302734e-01
8.275045081973075867e-03
0.000000000000000000e+00
2.727911621332168579e-02
1.022966742515563965e+00
0.000000000000000000e+00
1.625083982944488525e-01
0.000000000000000000e+00
1.540745794773101807e-01
6.117625832557678223e-01
1.542394398711621761e-03
3.153070341795682907e-03
1.072891876101493835e-01
6.087589263916015625e-01
1.670045733451843262e+00
8.634725213050842285e-01
9.495193958282470703e-01
1.998469591140747070e+00
5.608699470758438110e-02
2.265245467424392700e-01
6.867365837097167969e-01
9.166559576988220215e-02
1.372270584106445312e-01
3.523253798484802246e-01
0.000000000000000000e+00
2.359694987535476685e-02
0.000000000000000000e+00
5.051247477531433105e-01
4.620628356933593750e-01
1.039623916149139404e-01
2.755774497985839844e+00
3.023159027099609375e+00
8.344816565513610840e-01
0.000000000000000000e+00
4.180515408515930176e-01
1.002391614019870758e-02
0.000000000000000000e+00
0.000000000000000000e+00
8.691185154020786285e-03
2.487855255603790283e-01
1.228377446532249451e-01
0.000000000000000000e+00
1.314113438129425049e-01
1.158477589488029480e-01
1.709133684635162354e-01
1.114717483520507812e+00
1.607959568500518799e-01
2.074116468429565430e-02
1.441472291946411133e+00
2.616526186466217041e-01
6.858945488929748535e-01
6.302921683527529240e-04
3.217058479785919189e-01
1.583860754966735840e+00
5.383970565162599087e-04
7.107671499252319336e-01
2.366447448730468750e-01
1.222839593887329102e+00
9.286095947027206421e-02
4.300744533538818359e-01
0.000000000000000000e+00
4.434461593627929688e-01
8.153628706932067871e-01
3.323444426059722900e-01
0.000000000000000000e+00
1.416927337646484375e+00
9.530371055006980896e-03
2.226987183094024658e-01
0.000000000000000000e+00
1.308209169656038284e-02
1.818639338016510010e-01
0.000000000000000000e+00
3.262050390243530273e+00
1.056764602661132812e+00
1.270627826452255249e-01
4.985425174236297607e-01
1.562854647636413574e+00
1.240421261172741652e-04
1.052240490913391113e+00
2.551387250423431396e-02
9.831503033638000488e-02
0.000000000000000000e+00
0.000000000000000000e+00
5.111668724566698074e-03
3.040331006050109863e-01
1.252194680273532867e-02
0.000000000000000000e+00
2.408693544566631317e-03
3.977889418601989746e-01
2.045863151550292969e+00
0.000000000000000000e+00
2.039762437343597412e-01
1.533521115779876709e-01
1.339837551116943359e+00
8.235579729080200195e-02
0.000000000000000000e+00
3.980680182576179504e-02
3.686844110488891602e-01
1.066622376441955566e+00
8.319272398948669434e-01
1.953113824129104614e-02
1.787163853645324707e+00
0.000000000000000000e+00
7.265106439590454102e-01
0.000000000000000000e+00
1.322149038314819336e-01
3.532340051606297493e-04
0.000000000000000000e+00
1.411161780357360840e+00
8.527330756187438965e-01
3.984279632568359375e-01
1.576435923576354980e+00
1.102109532803297043e-02
1.315362215042114258e+00
7.474080775864422321e-04
3.207201883196830750e-02
1.106376051902770996e-01
9.991700649261474609e-01
2.371170222759246826e-01
1.143590174615383148e-02
2.266007363796234131e-01
6.437321752309799194e-02
3.828268125653266907e-02
2.036329746246337891e+00
5.115568041801452637e-01
3.698335587978363037e-02
3.905247449874877930e-01
5.366674158722162247e-03
6.819250583648681641e-01
4.625332653522491455e-01
0.000000000000000000e+00
8.557885885238647461e-02
7.243517637252807617e-01
1.340603709220886230e+00
0.000000000000000000e+00
4.131959974765777588e-01
3.520671976730227470e-03
6.036517024040222168e-01
3.745061457157135010e-01
1.048934385180473328e-01
8.734974861145019531e-01
1.614525914192199707e-03
4.866066277027130127e-01
1.149501323699951172e+00
2.297940477728843689e-02
1.215655058622360229e-01
9.578637480735778809e-01
4.508051648736000061e-02
4.957857076078653336e-03
1.003318466246128082e-02
2.558702468872070312e+00
0.000000000000000000e+00
5.745938420295715332e-01
3.157904446125030518e-01
1.474276423454284668e+00
3.106431961059570312e+00
1.324321508407592773e+00
3.009690903127193451e-02
8.229317069053649902e-01
0.000000000000000000e+00
0.000000000000000000e+00
