4.545908570289611816e-01
1.790082897059619427e-03
1.218699440360069275e-01
2.525497436523437500e+00
4.221822693943977356e-02
2.188704758882522583e-01
1.256177544593811035e+00
3.704035043716430664e+00
6.019638061523437500e+00
1.736502885818481445e+00
2.930873036384582520e-01
1.969966769218444824e+00
3.120650351047515869e-01
4.895513653755187988e-01
2.549361705780029297e+00
4.248281121253967285e-01
5.143990516662597656e-01
1.312179207801818848e+00
1.200682759284973145e+00
6.428582128137350082e-04
3.254722654819488525e-01
0.000000000000000000e+00
2.322758287191390991e-01
3.465747356414794922e+00
1.177205219864845276e-01
0.000000000000000000e+00
1.222893074154853821e-01
7.533228993415832520e-01
1.474170684814453125e-01
1.408858299255371094e-01
0.000000000000000000e+00
0.000000000000000000e+00
9.272840619087219238e-01
1.256274059414863586e-02
2.370139062404632568e-01
3.027455091476440430e+00
1.668020188808441162e-01
3.370705842971801758e-01
5.664657056331634521e-02
6.661515235900878906e-01
2.744936347007751465e-01
9.710006415843963623e-02
7.188380956649780273e-01
2.993314504623413086e+00
2.117829769849777222e-01
1.004412174224853516e+00
3.090522885322570801e-01
1.710188865661621094e+00
1.935508698225021362e-01
1.723590135574340820e+00
2.849876403808593750e+00
0.000000000000000000e+00
1.858215808868408203e+00
0.000000000000000000e+00
1.703546881675720215e+00
3.280172049999237061e-01
3.109525144100189209e-02
1.355037987232208252e-01
2.760358095169067383e+00
3.052017390727996826e-01
2.162226587533950806e-01
1.720699518918991089e-01
2.154558897018432617e-01
7.196297049522399902e-01
7.228904962539672852e-01
1.472628831863403320e+00
5.349234119057655334e-02
9.654233604669570923e-02
5.469005107879638672e-01
1.178478240966796875e+00
0.000000000000000000e+00
1.352766901254653931e-02
2.536023855209350586e-01
2.358800917863845825e-02
5.324248671531677246e-01
9.302045702934265137e-01
0.000000000000000000e+00
1.203667163848876953e+00
2.229477977380156517e-03
7.782422304153442383e-01
1.751708388328552246e-01
1.042706847190856934e+00
2.566620349884033203e+00
8.842148631811141968e-02
2.956136941909790039e+00
1.128578931093215942e-02
1.268261194229125977e+00
5.808426439762115479e-02
7.885293364524841309e-01
1.225315406918525696e-01
0.000000000000000000e+00
0.000000000000000000e+00
0.000000000000000000e+00
0.000000000000000000e+00
6.157778501510620117e-01
6.622666120529174805e-01
8.195958137512207031e-01
1.620431303977966309e+00
1.123713981360197067e-02
2.252944558858871460e-01
2.015323843806982040e-03
7.223998010158538818e-02
1.206922605633735657e-01
2.319403171539306641e+00
1.608025550842285156e+00
1.463245004415512085e-01
2.140682220458984375e+00
2.174111753702163696e-01
6.765944957733154297e-01
3.235695883631706238e-02
1.500838160514831543e+00
0.000000000000000000e+00
3.134984970092773438e-01
9.203161597251892090e-01
4.935458600521087646e-01
9.768923372030258179e-02
4.023611918091773987e-02
2.343149185180664062e-01
1.275225758552551270e+00
1.629079461097717285e+00
1.290442645549774170e-01
1.619221121072769165e-01
1.699586957693099976e-01
1.908409833908081055e+00
1.033322811126708984e-01
1.921612739562988281e+00
0.000000000000000000e+00
2.090509384870529175e-01
2.062892436981201172e+00
9.084085375070571899e-02
3.299165666103363037e-01
8.618686795234680176e-01
1.176383122801780701e-01
2.241747528314590454e-01
4.908598586916923523e-02
0.000000000000000000e+00
3.801210820674896240e-01
4.154294490814208984e+00
0.000000000000000000e+00
7.727116346359252930e-02
3.555450737476348877e-01
1.622310280799865723e-01
1.735469341278076172e+00
2.035085707902908325e-01
1.502095256000757217e-03
2.396734505891799927e-01
6.085627079010009766e-01
9.377718567848205566e-01
1.770889878273010254e+00
3.736674189567565918e-01
4.798383235931396484e+00
2.251430451869964600e-01
1.264685153961181641e+00
2.300347387790679932e-01
1.957157969474792480e+00
9.960837364196777344e-01
5.357912778854370117e-01
1.793453842401504517e-01
2.502705574035644531e+00
0.000000000000000000e+00
0.000000000000000000e+00
9.324069619178771973e-01
5.263789892196655273e-01
1.182200461626052856e-01
4.164349734783172607e-01
1.078850552439689636e-01
0.000000000000000000e+00
0.000000000000000000e+00
9.176483750343322754e-01
1.349433422088623047e+00
5.058850646018981934e-01
0.000000000000000000e+00
0.000000000000000000e+00
1.155275702476501465e+00
4.753050506114959717e-01
9.040785789489746094e+00
0.000000000000000000e+00
0.000000000000000000e+00
2.058375813066959381e-02
7.437036186456680298e-02
1.598944701254367828e-02
6.650045514106750488e-02
7.593154907226562500e-02
2.912679195404052734e+00
3.332355916500091553e-01
0.000000000000000000e+00
0.000000000000000000e+00
2.075793743133544922e+00
0.000000000000000000e+00
0.000000000000000000e+00
0.000000000000000000e+00
0.000000000000000000e+00
1.713432908058166504e+00
2.919817268848419189e-01
5.244184136390686035e-01
3.290335880592465401e-03
8.881966471672058105e-01
3.493699729442596436e-01
1.245962232351303101e-01
1.475346803665161133e+00
1.194123625755310059e+00
7.422664761543273926e-01
1.573752015829086304e-01
4.918340593576431274e-02
8.408644795417785645e-02
4.675136506557464600e-02
6.352897286415100098e-01
3.435210138559341431e-02
4.419520497322082520e-02
1.898179292678833008e+00
2.415744587779045105e-02
6.087044626474380493e-02
1.703572124242782593e-01
1.032761573791503906e+00
6.108949780464172363e-01
6.930700540542602539e-01
4.141837358474731445e-01
1.117642402648925781e+00
1.731380462646484375e+00
9.094800353050231934e-01
1.949279382824897766e-02
7.137127965688705444e-02
1.495315194129943848e+00
9.952921420335769653e-02
7.948352098464965820e-01
0.000000000000000000e+00
3.163399994373321533e-01
1.079871952533721924e-01
0.000000000000000000e+00
8.098288439214229584e-03
6.878451108932495117e-01
2.042024731636047363e-01
3.055541038513183594e+00
1.470952868461608887e+00
1.678572058677673340e+00
1.032434225082397461e+00
2.697512865066528320e+00
1.217903971672058105e+00
4.657888785004615784e-02
5.053184032440185547e-01
4.365201294422149658e-01
2.800884842872619629e-01
1.786608397960662842e-01
1.281753659248352051e+00
4.209203422069549561e-01
2.792900055646896362e-02
1.001750349998474121e+00
0.000000000000000000e+00
2.681605339050292969e+00
1.194392800331115723e+00
1.534969061613082886e-01
2.106295526027679443e-01
0.000000000000000000e+00
1.718313992023468018e-01
1.100460410118103027e+00
1.159157454967498779e-01
0.000000000000000000e+00
0.000000000000000000e+00
0.000000000000000000e+00
5.390046164393424988e-03
1.218720316886901855e+00
4.702056348323822021e-01
1.107081305235624313e-02
5.851730704307556152e-02
0.000000000000000000e+00
0.000000000000000000e+00
2.664407491683959961e+00
1.593995606526732445e-03
1.478733897209167480e+00
2.052917033433914185e-01
1.314786911010742188e+00
9.653039276599884033e-03
1.218969941139221191e+00
4.779539257287979126e-02
3.459813296794891357e-01
3.846292197704315186e-01
5.252018570899963379e-03
1.068030223250389099e-01
1.397155165672302246e+00
1.101650949567556381e-02
0.000000000000000000e+00
9.411315917968750000e-01
3.694413304328918457e-01
3.817012161016464233e-02
3.752475678920745850e-01
3.726183772087097168e-01
2.138941764831542969e+00
1.898261718451976776e-03
1.108712051063776016e-02
3.845547093078494072e-03
9.144129753112792969e-01
2.009001493453979492e+00
9.182396531105041504e-01
0.000000000000000000e+00
2.466679736971855164e-02
6.310862302780151367e-01
1.863470673561096191e-01
2.804759144783020020e-01
1.542061924934387207e+00
5.902882575988769531e+00
9.577019214630126953e-01
5.586807131767272949e-01
5.787777304649353027e-01
1.910203844308853149e-01
5.252123810350894928e-03
0.000000000000000000e+00
4.457553848624229431e-03
0.000000000000000000e+00
8.464301005005836487e-03
1.850159317255020142e-01
1.103765815496444702e-01
2.497598715126514435e-02
1.098278537392616272e-01
8.781542778015136719e-01
3.951908051967620850e-01
7.044480741024017334e-02
0.000000000000000000e+00
6.330632418394088745e-02
1.313209056854248047e+00
1.360880210995674133e-02
1.810372471809387207e+00
0.000000000000000000e+00
6.238098070025444031e-02
2.144398540258407593e-01
6.228497568372404203e-06
4.673579335212707520e-01
2.991715073585510254e-01
0.000000000000000000e+00
1.112913370132446289e+00
8.553375601768493652e-01
1.706186123192310333e-02
0.000000000000000000e+00
2.322269231081008911e-02
5.722034722566604614e-02
8.439914323389530182e-03
1.006712317466735840e+00
1.814191818237304688e+00
8.687270432710647583e-02
8.302341699600219727e-01
4.959794580936431885e-01
0.000000000000000000e+00
0.000000000000000000e+00
1.178533062338829041e-01
1.277139484882354736e-01
7.817215323448181152e-01
1.058456897735595703e+00
1.023042052984237671e-01
1.692978478968143463e-02
0.000000000000000000e+00
4.656138420104980469e-01
8.266663551330566406e-01
7.737775444984436035e-01
1.102909445762634277e-01
4.951892886310815811e-03
1.965623721480369568e-02
6.462628245353698730e-01
0.000000000000000000e+00
5.230159163475036621e-01
0.000000000000000000e+00
4.735270440578460693e-01
6.517158150672912598e-01
6.169124320149421692e-02
3.601078316569328308e-02
3.490665256977081299e-01
5.462592840194702148e-01
1.196876645088195801e+00
9.124760627746582031e-01
1.679926753044128418e+00
2.508661270141601562e+00
0.000000000000000000e+00
5.131172388792037964e-02
1.597683191299438477e+00
6.029762625694274902e-01
3.712098300457000732e-01
9.217214584350585938e-02
0.000000000000000000e+00
2.962912023067474365e-01
0.000000000000000000e+00
7.028244733810424805e-01
9.573298096656799316e-01
3.740859031677246094e-02
4.141770362854003906e+00
2.941971063613891602e+00
1.408115625381469727e+00
0.000000000000000000e+00
6.647914648056030273e-01
1.388716883957386017e-02
6.315832142718136311e-04
0.000000000000000000e+00
6.924407929182052612e-02
9.511888772249221802e-02
7.921378314495086670e-02
0.000000000000000000e+00
3.499796986579895020e-02
5.106894671916961670e-02
4.681455194950103760e-01
1.829084992408752441e+00
1.037571113556623459e-02
1.001600027084350586e-01
1.533985495567321777e+00
6.751385051757097244e-03
2.316583096981048584e-01
0.000000000000000000e+00
2.590567171573638916e-01
1.015668511390686035e+00
2.901318110525608063e-02
1.404617309570312500e+00
2.339817881584167480e-01
1.692461609840393066e+00
3.946504294872283936e-01
2.278790064156055450e-02
2.503814920783042908e-02
1.039408326148986816e+00
1.328004479408264160e+00
4.171994924545288086e-01
1.023067999631166458e-02
1.813611865043640137e+00
5.294612795114517212e-02
2.120165079832077026e-01
2.200059965252876282e-02
2.958602830767631531e-02
6.431344151496887207e-02
0.000000000000000000e+00
3.901899337768554688e+00
5.009651184082031250e-01
3.152924180030822754e-01
5.509219765663146973e-01
1.842471003532409668e+00
4.622675944119691849e-03
1.158338427543640137e+00
0.000000000000000000e+00
1.987401694059371948e-01
3.953794483095407486e-03
0.000000000000000000e+00
4.929133574478328228e-04
2.049520425498485565e-02
1.807659268379211426e-01
4.186472855508327484e-03
0.000000000000000000e+00
6.188121438026428223e-01
1.704952001571655273e+00
0.000000000000000000e+00
3.477843403816223145e-01
1.785550117492675781e-01
2.259365320205688477e+00
4.118022695183753967e-02
0.000000000000000000e+00
1.630022376775741577e-02
1.149730831384658813e-01
6.767253875732421875e-01
3.190987706184387207e-01
0.000000000000000000e+00
1.771065235137939453e+00
0.000000000000000000e+00
4.883449971675872803e-01
0.000000000000000000e+00
1.669337041676044464e-02
0.000000000000000000e+00
0.000000000000000000e+00
8.764626383781433105e-01
1.012258052825927734e+00
4.426094293594360352e-01
2.244260549545288086e+00
0.000000000000000000e+00
1.989381432533264160e+00
0.000000000000000000e+00
1.340643167495727539e-01
1.114202588796615601e-01
1.555711150169372559e+00
2.534021139144897461e-01
8.440490812063217163e-03
6.822057962417602539e-01
1.078957542777061462e-01
1.899729482829570770e-02
2.124334573745727539e+00
3.300433158874511719e-01
0.000000000000000000e+00
3.191561400890350342e-01
0.000000000000000000e+00
9.276446700096130371e-01
5.752535462379455566e-01
4.591605626046657562e-03
3.091633617877960205e-01
7.128311395645141602e-01
1.327958941459655762e+00
0.000000000000000000e+00
5.703786611557006836e-01
0.000000000000000000e+00
7.755048871040344238e-01
2.153432369232177734e-02
2.257716804742813110e-01
6.678563356399536133e-01
0.000000000000000000e+00
8.611435890197753906e-01
1.344668030738830566e+00
1.184798497706651688e-02
3.294422328472137451e-01
7.262083292007446289e-01
0.000000000000000000e+00
3.469647094607353210e-02
7.045405916869640350e-03
1.644953131675720215e+00
1.380306035280227661e-01
9.202601909637451172e-01
1.461971551179885864e-01
2.302946329116821289e+00
3.159013032913208008e+00
6.188690066337585449e-01
3.352493941783905029e-01
1.915975660085678101e-01
0.000000000000000000e+00
0.000000000000000000e+00
