1.662129312753677368e-01
9.519013576209545135e-03
4.122856259346008301e-01
2.715196847915649414e+00
2.389772683382034302e-01
1.773150861263275146e-01
1.039113402366638184e+00
2.661524772644042969e+00
7.030618190765380859e+00
1.127563476562500000e+00
3.934544026851654053e-01
2.211604595184326172e+00
3.669855892658233643e-01
5.752241015434265137e-01
2.794427394866943359e+00
8.279876708984375000e-01
7.677767872810363770e-01
1.451653599739074707e+00
7.670711278915405273e-01
4.690996371209621429e-03
1.039487957954406738e+00
0.000000000000000000e+00
5.129200816154479980e-01
3.229099988937377930e+00
6.019327044486999512e-02
0.000000000000000000e+00
0.000000000000000000e+00
1.636239647865295410e+00
1.644811630249023438e-01
3.625451400876045227e-02
1.991930417716503143e-02
3.029685758519917727e-04
6.870381236076354980e-01
6.494071800261735916e-03
5.893195867538452148e-01
3.826627016067504883e+00
3.214252293109893799e-01
2.260151505470275879e-01
1.324382424354553223e-01
4.851510822772979736e-01
3.049716949462890625e-01
4.046155214309692383e-01
3.989056944847106934e-01
2.686538219451904297e+00
4.489312767982482910e-01
1.104799151420593262e+00
8.436311036348342896e-02
9.020709395408630371e-01
3.407260403037071228e-02
1.657081127166748047e+00
2.758720397949218750e+00
0.000000000000000000e+00
1.399904131889343262e+00
1.937562786042690277e-02
1.808883666992187500e+00
1.081061512231826782e-01
1.021460592746734619e-01
8.246811106801033020e-03
2.850767850875854492e+00
5.344969034194946289e-01
2.708922028541564941e-01
2.140992693603038788e-02
6.491418927907943726e-03
1.085678458213806152e+00
1.605383753776550293e+00
6.652547717094421387e-01
4.867239389568567276e-03
2.511155307292938232e-01
7.370898127555847168e-01
1.182754993438720703e+00
0.000000000000000000e+00
1.253744363784790039e-01
2.110784202814102173e-01
2.063894458115100861e-02
2.669049501419067383e-01
1.946171522140502930e+00
0.000000000000000000e+00
6.455951333045959473e-01
4.297171533107757568e-02
7.776906490325927734e-01
3.440455496311187744e-01
1.343136548995971680e+00
1.987552404403686523e+00
1.026131585240364075e-01
2.377668619155883789e+00
3.208153247833251953e-01
1.409482836723327637e+00
2.074027359485626221e-01
1.001253247261047363e+00
5.028968676924705505e-02
2.067913860082626343e-02
4.750636871904134750e-03
0.000000000000000000e+00
0.000000000000000000e+00
9.719628095626831055e-01
4.309340417385101318e-01
7.857645750045776367e-01
1.098362922668457031e+00
0.000000000000000000e+00
4.044267162680625916e-02
0.000000000000000000e+00
1.033410131931304932e-01
3.955427557229995728e-02
1.882983684539794922e+00
1.071090698242187500e+00
7.625474035739898682e-02
1.865901947021484375e+00
3.155698478221893311e-01
6.761263310909271240e-02
2.709125876426696777e-01
1.683622956275939941e+00
0.000000000000000000e+00
6.431894898414611816e-01
9.174050092697143555e-01
4.584722518920898438e-01
5.251098424196243286e-02
5.303976312279701233e-02
6.258371472358703613e-02
3.727183640003204346e-01
2.750736951828002930e+00
5.610885620117187500e-01
1.237949207425117493e-01
8.750951290130615234e-02
1.897715806961059570e+00
1.426583826541900635e-01
1.414959907531738281e+00
0.000000000000000000e+00
1.658607721328735352e-01
1.884886980056762695e+00
2.074848264455795288e-01
3.502374291419982910e-01
8.122304081916809082e-01
1.797866374254226685e-01
7.273347675800323486e-02
3.033414781093597412e-01
0.000000000000000000e+00
1.305983960628509521e-01
4.736912727355957031e+00
0.000000000000000000e+00
3.287163078784942627e-01
3.222659528255462646e-01
1.904029548168182373e-01
1.576496005058288574e+00
8.372612297534942627e-02
1.446197032928466797e-01
4.832753837108612061e-01
1.056509852409362793e+00
1.049202084541320801e+00
1.595475792884826660e+00
2.971541285514831543e-01
5.947373867034912109e+00
1.556709706783294678e-01
3.984779715538024902e-01
1.857306361198425293e-01
1.694610595703125000e+00
1.075759410858154297e+00
3.506532609462738037e-01
1.009724065661430359e-01
3.188440084457397461e+00
4.822911228984594345e-03
1.689297705888748169e-01
1.020760059356689453e+00
5.842914581298828125e-01
3.106573782861232758e-02
4.644660279154777527e-02
3.141326904296875000e-01
0.000000000000000000e+00
0.000000000000000000e+00
1.006377220153808594e+00
2.398558855056762695e+00
3.365308344364166260e-01
1.480893511325120926e-02
1.607634313404560089e-02
1.181557655334472656e+00
4.893801212310791016e-01
8.240862846374511719e+00
5.365479737520217896e-03
0.000000000000000000e+00
1.835398492403328419e-03
0.000000000000000000e+00
0.000000000000000000e+00
1.795084914192557335e-03
0.000000000000000000e+00
2.594219923019409180e+00
2.840391099452972412e-01
0.000000000000000000e+00
0.000000000000000000e+00
6.980394721031188965e-01
1.329346676357090473e-03
9.434908628463745117e-03
0.000000000000000000e+00
3.093787017860449851e-05
1.208456397056579590e+00
2.385204657912254333e-02
7.360053062438964844e-02
5.280358791351318359e-01
1.277587890625000000e+00
2.428257167339324951e-01
2.525422573089599609e-01
6.870191693305969238e-01
1.542852044105529785e+00
5.302252769470214844e-01
6.638776976615190506e-03
2.686630785465240479e-01
2.382375672459602356e-02
0.000000000000000000e+00
4.454064965248107910e-01
9.307807311415672302e-03
1.537971645593643188e-01
1.763558626174926758e+00
2.928007394075393677e-02
9.587435424327850342e-02
1.407090872526168823e-01
3.548672795295715332e-01
7.868761420249938965e-01
6.344560980796813965e-01
1.737771332263946533e-01
5.703665018081665039e-01
1.926527500152587891e+00
6.669529080390930176e-01
2.866429649293422699e-02
1.046969816088676453e-01
8.432103395462036133e-01
1.219326332211494446e-01
6.867780685424804688e-01
0.000000000000000000e+00
4.412366822361946106e-02
1.789142638444900513e-01
0.000000000000000000e+00
0.000000000000000000e+00
3.171924948692321777e-01
1.146336346864700317e-01
2.295679330825805664e+00
2.339102029800415039e+00
1.297788143157958984e+00
7.096858024597167969e-01
2.147675991058349609e+00
6.816173195838928223e-01
1.500808983109891415e-03
7.598327994346618652e-01
3.368104100227355957e-01
2.122679539024829865e-02
9.177267551422119141e-03
2.215097427368164062e+00
3.312766849994659424e-01
5.328783392906188965e-01
7.089878916740417480e-01
0.000000000000000000e+00
2.586303234100341797e+00
9.826477169990539551e-01
8.574846386909484863e-02
6.988649964332580566e-01
1.487187948077917099e-02
1.963858604431152344e-01
9.059535264968872070e-01
0.000000000000000000e+00
6.701121572405099869e-03
0.000000000000000000e+00
0.000000000000000000e+00
7.033596048131585121e-04
7.983027696609497070e-01
1.278956085443496704e-01
8.547634817659854889e-03
6.885075569152832031e-02
0.000000000000000000e+00
2.600608170032501221e-01
2.131045341491699219e+00
0.000000000000000000e+00
1.204924583435058594e+00
9.939658641815185547e-02
9.924051761627197266e-01
1.038300022482872009e-01
8.913086652755737305e-01
2.606956847012042999e-02
2.606750428676605225e-01
5.292504429817199707e-01
4.440401867032051086e-02
1.051247585564851761e-02
1.516253829002380371e+00
1.078477501869201660e-01
0.000000000000000000e+00
7.255015373229980469e-01
4.030409753322601318e-01
8.776667527854442596e-03
2.087605893611907959e-01
4.198624789714813232e-01
1.292329549789428711e+00
1.495927274227142334e-01
5.425174236297607422e-01
0.000000000000000000e+00
1.019622445106506348e+00
1.345179200172424316e+00
1.850212812423706055e-01
0.000000000000000000e+00
1.852692663669586182e-02
3.666468858718872070e-01
3.401120901107788086e-01
2.311397492885589600e-01
1.513329029083251953e+00
5.312855720520019531e+00
7.936637997627258301e-01
3.028644919395446777e-01
2.308064252138137817e-01
4.499536473304033279e-03
2.641144581139087677e-02
1.367251947522163391e-02
0.000000000000000000e+00
0.000000000000000000e+00
4.936835262924432755e-03
1.953948438167572021e-01
1.888564378023147583e-01
0.000000000000000000e+00
7.785695791244506836e-02
1.331751942634582520e+00
1.329409778118133545e-01
4.949714541435241699e-01
0.000000000000000000e+00
3.517977297306060791e-01
5.884839296340942383e-01
6.948028691112995148e-03
1.951255559921264648e+00
0.000000000000000000e+00
0.000000000000000000e+00
3.570788502693176270e-01
3.872361779212951660e-02
5.287666916847229004e-01
1.396048814058303833e-01
0.000000000000000000e+00
9.758889079093933105e-01
4.621880054473876953e-01
1.616235636174678802e-02
0.000000000000000000e+00
0.000000000000000000e+00
4.464525729417800903e-03
0.000000000000000000e+00
5.042509436607360840e-01
1.846356153488159180e+00
1.568444967269897461e-01
7.298029661178588867e-01
5.789829492568969727e-01
0.000000000000000000e+00
0.000000000000000000e+00
6.711913645267486572e-02
3.532302379608154297e-02
9.112936258316040039e-01
1.585817575454711914e+00
3.271110355854034424e-01
0.000000000000000000e+00
6.819090340286493301e-03
5.890233516693115234e-01
3.755541443824768066e-01
1.137747883796691895e+00
1.717376988381147385e-03
8.401922881603240967e-03
9.272611886262893677e-02
9.581612944602966309e-01
5.004202947020530701e-02
3.579139709472656250e-01
0.000000000000000000e+00
2.317424714565277100e-01
1.011296153068542480e+00
6.958394311368465424e-03
2.113154381513595581e-01
4.685169756412506104e-01
6.947741508483886719e-01
1.237806916236877441e+00
4.120862185955047607e-01
1.681547164916992188e+00
2.187026023864746094e+00
7.200503721833229065e-03
4.617270454764366150e-02
1.166646838188171387e+00
5.531165599822998047e-01
4.287786185741424561e-01
7.548552155494689941e-01
0.000000000000000000e+00
1.582906991243362427e-01
0.000000000000000000e+00
2.591551542282104492e-01
8.146009445190429688e-01
2.971467562019824982e-02
3.836390256881713867e+00
2.548872709274291992e+00
8.886942863464355469e-01
0.000000000000000000e+00
5.551807284355163574e-01
8.324214286403730512e-05
0.000000000000000000e+00
0.000000000000000000e+00
0.000000000000000000e+00
2.137608975172042847e-01
0.000000000000000000e+00
0.000000000000000000e+00
3.827537596225738525e-02
1.255590617656707764e-01
5.012770891189575195e-01
1.666136980056762695e+00
1.510994136333465576e-01
6.975179165601730347e-02
1.600759625434875488e+00
1.388049125671386719e-01
6.314296126365661621e-01
0.000000000000000000e+00
3.163877129554748535e-01
1.307013869285583496e+00
7.183305174112319946e-02
1.391562342643737793e+00
2.627232968807220459e-01
1.482378840446472168e+00
4.144186079502105713e-01
1.726448982954025269e-01
0.000000000000000000e+00
6.943598389625549316e-01
1.981985926628112793e+00
1.924621015787124634e-01
7.685954216867685318e-03
2.003447294235229492e+00
8.395945769734680653e-04
9.718689322471618652e-02
3.152874112129211426e-02
1.360516995191574097e-01
3.273491263389587402e-01
0.000000000000000000e+00
3.543577194213867188e+00
5.716329216957092285e-01
7.650483250617980957e-01
4.071655571460723877e-01
2.132557630538940430e+00
0.000000000000000000e+00
9.927808046340942383e-01
1.220898469910025597e-03
1.228436268866062164e-02
0.000000000000000000e+00
0.000000000000000000e+00
0.000000000000000000e+00
1.716140098869800568e-02
7.692442089319229126e-02
0.000000000000000000e+00
1.076844707131385803e-02
3.982632756233215332e-01
1.580996751785278320e+00
0.000000000000000000e+00
2.277580946683883667e-01
1.164500415325164795e-01
1.532632946968078613e+00
5.299562215805053711e-02
0.000000000000000000e+00
1.258205994963645935e-02
3.961210250854492188e-01
1.258195757865905762e+00
2.968083918094635010e-01
5.291499942541122437e-02
2.189157485961914062e+00
0.000000000000000000e+00
8.541488647460937500e-01
6.499662250280380249e-02
4.934007674455642700e-02
1.312156673520803452e-02
0.000000000000000000e+00
1.082602858543395996e+00
1.345196127891540527e+00
3.638439476490020752e-01
2.727117300033569336e+00
3.071751259267330170e-02
1.582871675491333008e+00
2.652778290212154388e-02
4.129741713404655457e-02
1.055517941713333130e-01
8.050293922424316406e-01
8.514969944953918457e-01
0.000000000000000000e+00
2.976274490356445312e-01
2.412162907421588898e-02
1.866253763437271118e-01
2.398889541625976562e+00
1.036197766661643982e-01
0.000000000000000000e+00
3.082047104835510254e-01
1.178817898035049438e-01
1.275491952896118164e+00
2.840360254049301147e-02
0.000000000000000000e+00
2.643901109695434570e-01
1.455349683761596680e+00
1.474766969680786133e+00
0.000000000000000000e+00
3.218736052513122559e-01
4.376031830906867981e-02
1.150662660598754883e+00
2.823155522346496582e-01
2.353640496730804443e-01
1.056279420852661133e+00
0.000000000000000000e+00
1.871676146984100342e-01
3.671528995037078857e-01
2.015096694231033325e-02
1.598002314567565918e-01
1.251149773597717285e+00
1.976841092109680176e-01
0.000000000000000000e+00
7.819997519254684448e-02
1.589488863945007324e+00
2.497573150321841240e-04
5.024681091308593750e-01
3.341265618801116943e-01
1.891608715057373047e+00
3.236058473587036133e+00
2.858309447765350342e-01
2.177325189113616943e-01
4.044599533081054688e-01
0.000000000000000000e+00
0.000000000000000000e+00
