7.620785832405090332e-01
0.000000000000000000e+00
2.625953257083892822e-01
2.735728263854980469e+00
7.483056932687759399e-02
4.798895716667175293e-01
1.226292848587036133e+00
3.118787765502929688e+00
6.157853603363037109e+00
2.395358562469482422e+00
9.353478252887725830e-02
2.253876924514770508e+00
3.288902640342712402e-01
3.355726897716522217e-01
2.685196876525878906e+00
4.175519943237304688e-01
7.216377258300781250e-01
1.662654042243957520e+00
1.269886016845703125e+00
1.217076629400253296e-01
7.504457831382751465e-01
3.313320502638816833e-02
1.022650450468063354e-01
3.439490318298339844e+00
1.741873025894165039e-01
0.000000000000000000e+00
1.894277893006801605e-02
1.442073225975036621e+00
2.125256210565567017e-01
1.267387182451784611e-03
0.000000000000000000e+00
0.000000000000000000e+00
1.061716437339782715e+00
1.504623237997293472e-02
0.000000000000000000e+00
3.478544235229492188e+00
3.349341452121734619e-01
2.685241103172302246e-01
2.618998289108276367e-01
2.448817789554595947e-01
3.150801360607147217e-01
3.889224827289581299e-01
5.829275250434875488e-01
2.643843650817871094e+00
4.320381283760070801e-01
1.186200737953186035e+00
1.607419550418853760e-01
1.182294130325317383e+00
2.115114480257034302e-01
1.696361541748046875e+00
2.872438907623291016e+00
0.000000000000000000e+00
1.562727332115173340e+00
1.125259418040513992e-02
2.666582107543945312e+00
3.571537137031555176e-01
5.167433619499206543e-01
1.764471083879470825e-01
2.522437572479248047e+00
6.022706031799316406e-01
4.867623150348663330e-01
1.319422423839569092e-01
6.388088315725326538e-02
1.092540621757507324e+00
8.995047211647033691e-01
9.923431277275085449e-01
1.546858903020620346e-02
3.119031786918640137e-01
6.177903413772583008e-01
1.460830211639404297e+00
0.000000000000000000e+00
1.115938797593116760e-01
5.524556040763854980e-01
2.626785449683666229e-02
8.205668926239013672e-01
1.983403086662292480e+00
0.000000000000000000e+00
8.153358101844787598e-01
1.836165413260459900e-02
1.037891030311584473e+00
2.677220106124877930e-01
7.812961339950561523e-01
2.090584754943847656e+00
1.618670076131820679e-01
2.989650011062622070e+00
2.411346882581710815e-02
1.576622486114501953e+00
1.316051483154296875e-01
1.016976356506347656e+00
8.126002550125122070e-02
2.701453492045402527e-02
1.320199947804212570e-02
0.000000000000000000e+00
0.000000000000000000e+00
1.284819841384887695e+00
6.934583187103271484e-01
9.918749332427978516e-01
1.259163618087768555e+00
8.207756094634532928e-03
2.067185938358306885e-02
9.438142180442810059e-03
2.484759837388992310e-01
3.078250959515571594e-02
8.889673948287963867e-01
9.641302824020385742e-01
1.958600729703903198e-01
2.014007329940795898e+00
3.529856204986572266e-01
3.619442582130432129e-01
1.243693232536315918e-01
1.595172882080078125e+00
4.709402099251747131e-03
6.613637208938598633e-01
9.899505972862243652e-01
7.755765318870544434e-01
1.785818189382553101e-01
1.246110256761312485e-02
1.381854619830846786e-02
6.781969666481018066e-01
2.469957351684570312e+00
4.585226178169250488e-01
4.680745601654052734e-01
7.267743349075317383e-02
1.662114143371582031e+00
1.949931532144546509e-01
2.052091836929321289e+00
0.000000000000000000e+00
4.645132273435592651e-02
2.067466020584106445e+00
9.704019129276275635e-02
2.302417159080505371e-02
6.331890225410461426e-01
7.724469900131225586e-02
9.067694842815399170e-02
4.646865278482437134e-02
3.857163339853286743e-02
4.170907735824584961e-01
5.293276309967041016e+00
0.000000000000000000e+00
3.587643206119537354e-01
4.418959915637969971e-01
4.641661643981933594e-01
1.521669626235961914e+00
5.077146738767623901e-02
1.851049065589904785e-01
8.136543631553649902e-01
8.653068542480468750e-01
1.028213381767272949e+00
1.677502393722534180e+00
7.169027328491210938e-01
5.264912605285644531e+00
2.613689005374908447e-02
6.933238506317138672e-01
3.118763566017150879e-01
2.023186445236206055e+00
8.200931549072265625e-01
4.060896039009094238e-01
1.213443800806999207e-01
3.022905588150024414e+00
1.419754512608051300e-02
2.064328081905841827e-02
1.107471704483032227e+00
5.174865722656250000e-01
1.682121604681015015e-01
2.165369689464569092e-01
1.078481376171112061e-01
0.000000000000000000e+00
0.000000000000000000e+00
1.429710388183593750e+00
1.942887663841247559e+00
5.025613903999328613e-01
4.276946932077407837e-02
0.000000000000000000e+00
1.267252683639526367e+00
3.035729527473449707e-01
9.027086257934570312e+00
0.000000000000000000e+00
0.000000000000000000e+00
7.950425148010253906e-02
6.250102072954177856e-02
2.905711717903614044e-02
2.983397338539361954e-03
5.589170753955841064e-02
1.992302060127258301e+00
8.169299960136413574e-01
0.000000000000000000e+00
1.338671445846557617e-01
1.787893772125244141e+00
0.000000000000000000e+00
9.186659008264541626e-03
0.000000000000000000e+00
0.000000000000000000e+00
1.196033477783203125e+00
1.907672882080078125e-01
6.211286876350641251e-03
2.054240703582763672e-01
1.045068979263305664e+00
5.316767096519470215e-01
1.138035506010055542e-01
1.532202839851379395e+00
1.313127398490905762e+00
6.876189708709716797e-01
3.411707878112792969e-01
4.029093384742736816e-01
2.390768751502037048e-02
0.000000000000000000e+00
2.136280089616775513e-01
1.212094817310571671e-02
4.621101077646017075e-03
2.272140502929687500e+00
6.499280221760272980e-03
8.019065856933593750e-02
2.354889661073684692e-01
8.660342097282409668e-01
9.829139709472656250e-01
5.183112621307373047e-01
9.079638868570327759e-02
6.582517623901367188e-01
1.550238728523254395e+00
1.610587596893310547e+00
1.873591914772987366e-02
1.792951077222824097e-01
7.726216316223144531e-01
6.199954822659492493e-02
3.124263584613800049e-01
0.000000000000000000e+00
2.599798738956451416e-01
2.161889523267745972e-02
0.000000000000000000e+00
5.563420709222555161e-03
5.546875596046447754e-01
1.297611445188522339e-01
2.410848379135131836e+00
1.622712850570678711e+00
1.377796053886413574e+00
1.016348838806152344e+00
2.509890317916870117e+00
9.511235952377319336e-01
6.246571429073810577e-04
9.234085083007812500e-01
2.921255528926849365e-01
1.733997613191604614e-01
6.898631900548934937e-02
1.742406964302062988e+00
2.057057768106460571e-01
5.277654528617858887e-02
7.587977647781372070e-01
0.000000000000000000e+00
3.069165945053100586e+00
1.279045224189758301e+00
1.357613950967788696e-01
5.633094906806945801e-01
2.991623431444168091e-02
1.766496896743774414e-01
1.170048475265502930e+00
1.626149052754044533e-03
1.910921931266784668e-02
0.000000000000000000e+00
0.000000000000000000e+00
2.360228262841701508e-02
3.977359235286712646e-01
2.614173591136932373e-01
3.211858868598937988e-02
1.070553157478570938e-02
0.000000000000000000e+00
6.734249182045459747e-03
2.603581666946411133e+00
0.000000000000000000e+00
7.026007175445556641e-01
2.363243401050567627e-01
1.603798627853393555e+00
2.384843528270721436e-01
1.360666990280151367e+00
5.724287778139114380e-02
7.398166060447692871e-01
4.106948971748352051e-01
7.308900356292724609e-02
8.429646492004394531e-02
1.221082448959350586e+00
2.241738699376583099e-02
1.057202182710170746e-02
4.732086062431335449e-01
2.141358405351638794e-01
6.173671782016754150e-02
1.461820602416992188e-01
3.308103084564208984e-01
1.808967351913452148e+00
3.693008422851562500e-02
4.249422550201416016e-01
0.000000000000000000e+00
1.322401046752929688e+00
2.454712152481079102e+00
5.775933265686035156e-01
3.514391556382179260e-02
1.281860619783401489e-01
2.445678263902664185e-01
2.946276068687438965e-01
3.604593276977539062e-01
1.935989975929260254e+00
5.482569217681884766e+00
7.590928077697753906e-01
2.248154431581497192e-01
1.722559779882431030e-01
1.224973499774932861e-01
2.711972780525684357e-02
2.662471961230039597e-03
6.305721472017467022e-04
0.000000000000000000e+00
1.567618362605571747e-02
2.002933472394943237e-01
2.820832729339599609e-01
1.965264556929469109e-03
4.705829545855522156e-02
1.210294127464294434e+00
1.660087257623672485e-01
4.482201337814331055e-01
0.000000000000000000e+00
1.201993599534034729e-01
7.224617600440979004e-01
0.000000000000000000e+00
1.767426133155822754e+00
0.000000000000000000e+00
1.170073170214891434e-03
1.947597861289978027e-01
1.537686288356781006e-01
1.192152142524719238e+00
4.529564082622528076e-01
0.000000000000000000e+00
7.888846993446350098e-01
1.073113679885864258e+00
4.102590610273182392e-04
0.000000000000000000e+00
1.129738241434097290e-01
1.557026803493499756e-02
3.132713027298450470e-03
6.491036415100097656e-01
2.002952098846435547e+00
1.550296903587877750e-03
1.960686594247817993e-01
2.234157174825668335e-01
0.000000000000000000e+00
0.000000000000000000e+00
2.525105774402618408e-01
9.271057322621345520e-03
1.357807993888854980e+00
9.119991064071655273e-01
1.650076806545257568e-01
1.475546415895223618e-02
1.440045833587646484e-01
5.491554141044616699e-01
9.498265981674194336e-01
1.485772252082824707e+00
6.546853482723236084e-02
0.000000000000000000e+00
2.563059097155928612e-04
9.860008955001831055e-01
0.000000000000000000e+00
8.056794404983520508e-01
0.000000000000000000e+00
6.363539099693298340e-01
4.880784451961517334e-01
4.615245386958122253e-02
2.656315267086029053e-01
3.451082110404968262e-01
6.339532136917114258e-01
1.096066951751708984e+00
8.519378304481506348e-01
9.538066387176513672e-01
2.519430398941040039e+00
4.647958558052778244e-03
2.708314061164855957e-01
1.969387888908386230e+00
6.362704038619995117e-01
3.186692893505096436e-01
3.864889740943908691e-01
0.000000000000000000e+00
4.760683700442314148e-02
1.222294941544532776e-02
5.646682381629943848e-01
7.699193358421325684e-01
0.000000000000000000e+00
3.165723085403442383e+00
3.482543230056762695e+00
1.409173846244812012e+00
0.000000000000000000e+00
1.137202382087707520e+00
7.826119661331176758e-02
0.000000000000000000e+00
0.000000000000000000e+00
1.257266290485858917e-02
2.467435449361801147e-01
1.174318976700305939e-02
0.000000000000000000e+00
1.748616099357604980e-01
4.077214375138282776e-02
7.797398418188095093e-02
1.703572630882263184e+00
3.399384021759033203e-01
5.038071423768997192e-02
1.754208326339721680e+00
3.404995501041412354e-01
1.272005081176757812e+00
0.000000000000000000e+00
1.967043131589889526e-01
1.171409964561462402e+00
6.578088551759719849e-02
9.231076836585998535e-01
1.904326230287551880e-01
1.306353688240051270e+00
4.599256515502929688e-01
1.540546119213104248e-01
4.827370867133140564e-03
1.035238742828369141e+00
1.307765960693359375e+00
8.484369516372680664e-02
0.000000000000000000e+00
2.231534242630004883e+00
0.000000000000000000e+00
1.224514842033386230e-01
0.000000000000000000e+00
1.700804978609085083e-01
3.829224109649658203e-01
0.000000000000000000e+00
3.216423034667968750e+00
9.084023237228393555e-01
5.307500958442687988e-01
1.959943026304244995e-01
2.173398971557617188e+00
3.625893965363502502e-03
1.351796746253967285e+00
2.358778292546048760e-04
2.227723598480224609e-01
0.000000000000000000e+00
0.000000000000000000e+00
1.441593980416655540e-03
1.820994913578033447e-02
3.482495546340942383e-01
0.000000000000000000e+00
3.988283872604370117e-02
4.154101610183715820e-01
1.626680254936218262e+00
0.000000000000000000e+00
9.146321564912796021e-02
2.883217930793762207e-01
2.135452747344970703e+00
1.694516688585281372e-01
0.000000000000000000e+00
3.763861581683158875e-02
3.858258724212646484e-01
1.526583909988403320e+00
7.770783305168151855e-01
0.000000000000000000e+00
2.552382469177246094e+00
0.000000000000000000e+00
5.801987051963806152e-01
4.658562690019607544e-02
5.791470780968666077e-02
8.232362568378448486e-03
0.000000000000000000e+00
1.727636694908142090e+00
1.216443419456481934e+00
4.817408919334411621e-01
2.762624025344848633e+00
0.000000000000000000e+00
2.087810277938842773e+00
0.000000000000000000e+00
1.190521642565727234e-01
3.728460073471069336e-01
1.336923122406005859e+00
7.559385895729064941e-01
0.000000000000000000e+00
7.192845344543457031e-01
2.235078513622283936e-01
2.585619986057281494e-01
2.374773502349853516e+00
3.444307744503021240e-01
5.190388183109462261e-04
3.792713582515716553e-01
7.310617715120315552e-02
9.627507328987121582e-01
2.193743437528610229e-01
0.000000000000000000e+00
7.494599372148513794e-02
9.877958297729492188e-01
1.322319507598876953e+00
0.000000000000000000e+00
6.389721035957336426e-01
1.746679469943046570e-02
3.208183050155639648e-01
2.066773325204849243e-01
3.792869448661804199e-01
8.772944211959838867e-01
0.000000000000000000e+00
9.693428874015808105e-01
8.849815726280212402e-01
8.691798150539398193e-02
1.539257317781448364e-01
1.273154973983764648e+00
7.097936421632766724e-02
2.093713916838169098e-02
7.938174903392791748e-02
2.208531141281127930e+00
2.432215027511119843e-03
9.314054846763610840e-01
2.926453948020935059e-01
1.282648563385009766e+00
2.829487323760986328e+00
4.979511201381683350e-01
3.430341556668281555e-02
5.654820203781127930e-01
0.000000000000000000e+00
0.000000000000000000e+00
