9.259033203125000000e-01
0.000000000000000000e+00
8.495675772428512573e-02
2.689897060394287109e+00
1.316407471895217896e-01
8.516754955053329468e-02
5.391334891319274902e-01
2.804400682449340820e+00
5.652774810791015625e+00
1.287811756134033203e+00
1.610152423381805420e-01
1.242903113365173340e+00
2.803822420537471771e-02
4.780341088771820068e-01
2.132226228713989258e+00
8.913810551166534424e-02
7.812217473983764648e-01
1.586792588233947754e+00
8.619054555892944336e-01
0.000000000000000000e+00
1.212394356727600098e+00
0.000000000000000000e+00
2.829907536506652832e-01
2.438541650772094727e+00
7.125666737556457520e-02
0.000000000000000000e+00
5.124632269144058228e-02
1.270847201347351074e+00
1.526035517454147339e-01
2.304405439645051956e-03
0.000000000000000000e+00
7.498587016016244888e-03
4.624606072902679443e-01
8.045809715986251831e-02
1.606654375791549683e-01
3.564930200576782227e+00
4.029270112514495850e-01
1.717351824045181274e-01
1.540541350841522217e-01
6.189892292022705078e-01
2.074717879295349121e-01
2.391181290149688721e-01
2.894091308116912842e-01
2.027468204498291016e+00
1.676650494337081909e-01
9.802470207214355469e-01
1.582621335983276367e-01
1.336085677146911621e+00
5.498394370079040527e-01
1.562076091766357422e+00
1.992081880569458008e+00
2.184760756790637970e-02
1.507349848747253418e+00
9.542411193251609802e-03
1.729255437850952148e+00
1.892617717385292053e-02
3.127559721469879150e-01
4.841165617108345032e-02
1.329600453376770020e+00
7.046305537223815918e-01
5.863082408905029297e-02
9.258182346820831299e-02
2.080275267362594604e-01
1.160119891166687012e+00
1.309193134307861328e+00
5.893903970718383789e-01
0.000000000000000000e+00
2.609201073646545410e-01
6.105173826217651367e-01
5.259827375411987305e-01
0.000000000000000000e+00
6.202890351414680481e-02
2.262406945228576660e-01
9.399779886007308960e-02
3.998670279979705811e-01
1.938348412513732910e+00
4.367505200207233429e-03
3.092408180236816406e-01
0.000000000000000000e+00
1.007199287414550781e+00
3.691201508045196533e-01
5.053793191909790039e-01
1.946357846260070801e+00
5.896409042179584503e-03
2.313507318496704102e+00
9.185628592967987061e-02
1.640245079994201660e+00
8.136326447129249573e-03
8.940952420234680176e-01
4.117044620215892792e-03
5.384943634271621704e-02
7.044615224003791809e-03
0.000000000000000000e+00
0.000000000000000000e+00
1.132146358489990234e+00
9.442533850669860840e-01
1.199775218963623047e+00
1.098646640777587891e+00
1.245908346027135849e-02
6.756062060594558716e-02
0.000000000000000000e+00
4.219373166561126709e-01
1.270751655101776123e-01
8.905779719352722168e-01
8.531571626663208008e-01
1.549953967332839966e-01
1.884267926216125488e+00
1.904441863298416138e-01
2.118783444166183472e-01
1.429048925638198853e-01
1.812878370285034180e+00
0.000000000000000000e+00
9.033157825469970703e-01
1.246756315231323242e+00
1.010442852973937988e+00
1.199142541736364365e-02
1.733592897653579712e-02
2.053798586130142212e-01
3.346657156944274902e-01
2.637982606887817383e+00
8.238902091979980469e-01
4.155073165893554688e-01
0.000000000000000000e+00
1.998572826385498047e+00
3.813784718513488770e-01
1.728226184844970703e+00
0.000000000000000000e+00
2.839363813400268555e-01
1.562132000923156738e+00
1.741596758365631104e-01
1.152651607990264893e-01
9.341542720794677734e-01
1.021371930837631226e-01
2.080710045993328094e-02
1.808214783668518066e-01
0.000000000000000000e+00
1.351640969514846802e-01
4.638293266296386719e+00
0.000000000000000000e+00
1.445111483335494995e-01
1.572730243206024170e-01
1.605138927698135376e-01
1.414715766906738281e+00
5.446229875087738037e-02
1.217117682099342346e-01
4.560142457485198975e-01
1.291365146636962891e+00
1.054754853248596191e+00
9.451894164085388184e-01
2.346612513065338135e-01
4.610335350036621094e+00
2.023629248142242432e-01
5.962792634963989258e-01
3.084916174411773682e-01
2.198612928390502930e+00
1.117700219154357910e+00
2.107710540294647217e-01
5.992638319730758667e-02
2.867238759994506836e+00
3.282234072685241699e-03
3.149794042110443115e-01
1.196978211402893066e+00
5.975311994552612305e-01
1.934863477945327759e-01
3.795174956321716309e-01
3.402908444404602051e-01
0.000000000000000000e+00
0.000000000000000000e+00
1.745935559272766113e+00
1.805657505989074707e+00
2.092774063348770142e-01
4.590729624032974243e-02
1.968912966549396515e-02
1.072336316108703613e+00
4.753744900226593018e-01
8.420899391174316406e+00
0.000000000000000000e+00
2.043806761503219604e-02
2.817261964082717896e-02
2.070961296558380127e-01
5.565411597490310669e-02
8.228360861539840698e-02
1.634571887552738190e-02
2.545836210250854492e+00
4.052715301513671875e-01
1.513098104624077678e-04
0.000000000000000000e+00
1.392866253852844238e+00
0.000000000000000000e+00
1.615143846720457077e-03
0.000000000000000000e+00
4.127579182386398315e-02
9.593018889427185059e-01
6.414670944213867188e-01
2.824138998985290527e-01
2.414319068193435669e-01
1.111086249351501465e+00
1.937163025140762329e-01
3.832715749740600586e-01
8.436822295188903809e-01
1.509075403213500977e+00
5.715633630752563477e-01
1.897842139005661011e-01
2.921482026576995850e-01
1.715584546327590942e-01
1.374476402997970581e-01
2.036679089069366455e-01
1.554501010105013847e-03
1.163851097226142883e-01
2.099357843399047852e+00
0.000000000000000000e+00
7.962552458047866821e-02
1.881196647882461548e-01
9.111136198043823242e-01
6.652359366416931152e-01
6.552323102951049805e-01
3.990681171417236328e-01
2.215054482221603394e-01
1.296460390090942383e+00
1.238269209861755371e+00
1.977155543863773346e-02
4.192713275551795959e-02
6.466296911239624023e-01
5.580616369843482971e-02
6.292365789413452148e-01
0.000000000000000000e+00
1.937385052442550659e-01
4.625604152679443359e-01
0.000000000000000000e+00
3.022268647328019142e-03
1.480075716972351074e-01
2.509876191616058350e-01
1.291540622711181641e+00
2.568675041198730469e+00
5.252228975296020508e-01
9.676982164382934570e-01
1.755783677101135254e+00
6.634750366210937500e-01
7.019370794296264648e-02
3.565258085727691650e-01
1.388678401708602905e-01
8.184555172920227051e-02
0.000000000000000000e+00
1.689723968505859375e+00
3.643754124641418457e-01
1.370734870433807373e-01
5.102780461311340332e-01
0.000000000000000000e+00
1.871888995170593262e+00
1.489785313606262207e+00
2.716620564460754395e-01
1.463450789451599121e-01
3.866030136123299599e-03
3.167218267917633057e-01
1.221109628677368164e+00
6.784035265445709229e-02
3.106842748820781708e-02
0.000000000000000000e+00
6.377147510647773743e-03
2.871619910001754761e-02
1.068124651908874512e+00
3.741206526756286621e-01
4.568001627922058105e-02
4.686047509312629700e-02
0.000000000000000000e+00
1.159925945103168488e-02
2.435013294219970703e+00
2.584340283647179604e-03
1.342274904251098633e+00
2.515693604946136475e-01
1.559133529663085938e+00
2.622095681726932526e-02
1.066786170005798340e+00
8.969064801931381226e-02
1.004350110888481140e-01
1.526490747928619385e-01
0.000000000000000000e+00
2.415668666362762451e-01
1.264425873756408691e+00
4.471937566995620728e-02
0.000000000000000000e+00
6.733594536781311035e-01
5.170056819915771484e-01
8.815325051546096802e-02
3.494710922241210938e-01
1.727507412433624268e-01
1.565235018730163574e+00
6.238927692174911499e-02
1.383572965860366821e-01
1.185386092402040958e-03
1.290562391281127930e+00
2.146414995193481445e+00
5.806846618652343750e-01
0.000000000000000000e+00
8.256235718727111816e-02
5.468359589576721191e-01
2.732636630535125732e-01
2.263425737619400024e-01
1.646256804466247559e+00
4.884722709655761719e+00
5.439915657043457031e-01
3.137695193290710449e-01
1.998056769371032715e-01
4.809394180774688721e-01
3.799224272370338440e-02
4.570762068033218384e-02
2.946737920865416527e-03
0.000000000000000000e+00
0.000000000000000000e+00
5.633205547928810120e-02
2.811323404312133789e-01
1.398643013089895248e-02
1.598775759339332581e-02
1.043106794357299805e+00
1.105792373418807983e-01
1.080475151538848877e-01
0.000000000000000000e+00
1.177152320742607117e-01
7.185438871383666992e-01
3.141962364315986633e-02
1.474291205406188965e+00
0.000000000000000000e+00
1.332084089517593384e-02
2.163511663675308228e-01
1.985158324241638184e-01
7.049514651298522949e-01
9.119145572185516357e-02
0.000000000000000000e+00
4.293411076068878174e-01
9.563477039337158203e-01
0.000000000000000000e+00
9.227679669857025146e-02
3.691968694329261780e-02
0.000000000000000000e+00
5.566288903355598450e-02
3.282181918621063232e-01
1.762828588485717773e+00
3.172960132360458374e-02
1.200740575790405273e+00
7.185948491096496582e-01
0.000000000000000000e+00
4.893376491963863373e-03
3.517479002475738525e-01
3.089988417923450470e-02
6.668928265571594238e-01
8.682365417480468750e-01
2.164501696825027466e-02
4.011336248368024826e-03
2.612257190048694611e-02
4.925083518028259277e-01
5.441069006919860840e-01
8.093420267105102539e-01
5.177272483706474304e-02
0.000000000000000000e+00
1.245655789971351624e-01
6.715897321701049805e-01
0.000000000000000000e+00
1.457826793193817139e-01
0.000000000000000000e+00
3.742186129093170166e-01
4.611079394817352295e-01
5.236228182911872864e-02
6.964712589979171753e-02
4.395655393600463867e-01
7.758528590202331543e-01
1.059565544128417969e+00
5.916240811347961426e-01
1.153974294662475586e+00
2.067137002944946289e+00
6.829518359154462814e-03
3.876401484012603760e-01
1.328876256942749023e+00
1.835088431835174561e-01
3.723714351654052734e-01
7.796900272369384766e-01
0.000000000000000000e+00
5.784126697108149529e-04
0.000000000000000000e+00
4.231861233711242676e-01
6.446756720542907715e-01
1.030981540679931641e-01
2.541954040527343750e+00
3.247646331787109375e+00
1.317158579826354980e+00
1.993197482079267502e-03
9.407457709312438965e-01
5.151035264134407043e-03
0.000000000000000000e+00
0.000000000000000000e+00
3.452064003795385361e-03
1.674801111221313477e-01
2.484952658414840698e-02
0.000000000000000000e+00
1.665503382682800293e-01
4.573712870478630066e-02
6.672067046165466309e-01
1.226603627204895020e+00
3.692029416561126709e-02
1.636378467082977295e-02
1.943230867385864258e+00
1.268717646598815918e-01
1.191199421882629395e+00
0.000000000000000000e+00
2.865557074546813965e-01
1.225201964378356934e+00
1.133584752678871155e-01
1.101632118225097656e+00
2.315697968006134033e-01
1.159517884254455566e+00
5.935577154159545898e-01
2.910259366035461426e-01
3.463807282969355583e-03
7.116175889968872070e-01
1.220677137374877930e+00
2.108168974518775940e-02
4.997054859995841980e-02
2.263579845428466797e+00
2.642859518527984619e-02
2.481513321399688721e-01
1.127374842762947083e-01
5.161472037434577942e-02
2.656679451465606689e-01
5.317112430930137634e-03
2.913533687591552734e+00
1.229857563972473145e+00
2.386966347694396973e-01
7.200707197189331055e-01
1.997131347656250000e+00
3.872173652052879333e-02
1.295966625213623047e+00
1.383583527058362961e-02
1.172444000840187073e-01
0.000000000000000000e+00
0.000000000000000000e+00
2.109946683049201965e-02
1.565363109111785889e-01
4.957903623580932617e-01
0.000000000000000000e+00
1.473997137509286404e-03
2.290918678045272827e-01
2.137494802474975586e+00
0.000000000000000000e+00
7.268723845481872559e-02
2.661771476268768311e-01
1.139053940773010254e+00
3.007094375789165497e-02
6.559783127158880234e-03
0.000000000000000000e+00
2.753047943115234375e-01
1.083367347717285156e+00
2.441047877073287964e-01
1.403694506734609604e-02
1.730713009834289551e+00
0.000000000000000000e+00
4.928791522979736328e-01
4.516075924038887024e-02
3.234821259975433350e-01
8.263142406940460205e-02
0.000000000000000000e+00
6.589534282684326172e-01
1.052495479583740234e+00
3.752495348453521729e-01
1.482316255569458008e+00
5.961580900475382805e-04
1.262806773185729980e+00
0.000000000000000000e+00
8.388532698154449463e-02
2.489828765392303467e-01
1.244941592216491699e+00
2.888161540031433105e-01
0.000000000000000000e+00
2.465270459651947021e-01
1.575731188058853149e-01
1.272417455911636353e-01
1.924711227416992188e+00
5.018904805183410645e-01
0.000000000000000000e+00
3.700933456420898438e-01
2.835107222199440002e-02
1.056038498878479004e+00
3.471117615699768066e-01
3.818402811884880066e-02
4.655180871486663818e-02
1.011001229286193848e+00
1.195326924324035645e+00
0.000000000000000000e+00
5.907410979270935059e-01
1.334340963512659073e-02
1.273656487464904785e+00
1.293639540672302246e-01
2.373573482036590576e-01
7.350166440010070801e-01
3.267582505941390991e-03
5.678698420524597168e-01
4.638874232769012451e-01
9.251564741134643555e-03
1.419573575258255005e-01
1.278766274452209473e+00
7.817627489566802979e-02
0.000000000000000000e+00
3.229273483157157898e-03
1.667573690414428711e+00
7.267522625625133514e-03
9.635545015335083008e-01
2.708086669445037842e-01
1.726493358612060547e+00
2.397214889526367188e+00
7.642709016799926758e-01
7.434146851301193237e-02
6.729821562767028809e-01
7.460067281499505043e-04
0.000000000000000000e+00
