4.089663028717041016e-01
0.000000000000000000e+00
1.271269768476486206e-01
2.351016759872436523e+00
9.468807280063629150e-02
1.705967634916305542e-01
5.695496797561645508e-01
3.388787269592285156e+00
5.771989822387695312e+00
7.639091610908508301e-01
1.586243957281112671e-01
1.643084645271301270e+00
2.389882057905197144e-01
5.319542288780212402e-01
2.141486406326293945e+00
1.540919244289398193e-01
7.993705868721008301e-01
1.463630676269531250e+00
9.211319088935852051e-01
2.389254979789257050e-02
4.634315669536590576e-01
0.000000000000000000e+00
1.029707044363021851e-01
2.622991800308227539e+00
3.925789147615432739e-02
0.000000000000000000e+00
0.000000000000000000e+00
9.537311792373657227e-01
1.332269012928009033e-01
0.000000000000000000e+00
4.911575466394424438e-03
0.000000000000000000e+00
6.736720800399780273e-01
6.115423049777746201e-03
5.556374043226242065e-02
3.003098011016845703e+00
2.126996368169784546e-01
2.137805372476577759e-01
3.318644762039184570e-01
2.201616615056991577e-01
9.017651528120040894e-02
6.496940255165100098e-01
4.965388774871826172e-01
1.929133057594299316e+00
5.051853060722351074e-01
8.873621821403503418e-01
1.654598116874694824e-01
9.852454066276550293e-01
2.076068148016929626e-02
1.624997615814208984e+00
1.773606538772583008e+00
0.000000000000000000e+00
6.627179980278015137e-01
0.000000000000000000e+00
1.984948873519897461e+00
2.988739311695098877e-01
2.851860523223876953e-01
2.736411690711975098e-01
2.341396570205688477e+00
6.049292087554931641e-01
2.718879878520965576e-01
1.542057394981384277e-01
7.168704271316528320e-02
1.104118824005126953e+00
1.286005377769470215e+00
7.685470581054687500e-01
0.000000000000000000e+00
8.579689264297485352e-02
3.598822653293609619e-01
1.172688722610473633e+00
0.000000000000000000e+00
3.149443119764328003e-02
3.572189211845397949e-01
3.788269311189651489e-02
4.673098921775817871e-01
1.167008757591247559e+00
0.000000000000000000e+00
8.926702737808227539e-01
6.061219144612550735e-03
5.724837779998779297e-01
2.925707399845123291e-01
1.175781965255737305e+00
1.459104895591735840e+00
2.077021077275276184e-02
1.890717148780822754e+00
9.823579341173171997e-02
1.064761281013488770e+00
1.392928361892700195e-01
5.008507966995239258e-01
4.855387669522315264e-04
0.000000000000000000e+00
5.212601274251937866e-03
0.000000000000000000e+00
0.000000000000000000e+00
8.795489668846130371e-01
6.975423097610473633e-01
1.074005722999572754e+00
1.366136193275451660e+00
1.162104215472936630e-02
1.276819407939910889e-01
4.052714258432388306e-02
1.189271956682205200e-01
1.672843247652053833e-01
1.477963805198669434e+00
1.241597771644592285e+00
2.650007605552673340e-01
1.773194313049316406e+00
2.899990975856781006e-02
2.661575675010681152e-01
1.643119752407073975e-02
1.464918494224548340e+00
8.633835241198539734e-03
1.126936078071594238e+00
8.770248889923095703e-01
7.406873703002929688e-01
6.928744912147521973e-02
2.600771933794021606e-02
8.413428813219070435e-02
9.590611606836318970e-02
2.488540172576904297e+00
3.336297571659088135e-01
7.911575585603713989e-02
0.000000000000000000e+00
1.920143604278564453e+00
1.595942080020904541e-01
2.149308919906616211e+00
0.000000000000000000e+00
0.000000000000000000e+00
1.793380737304687500e+00
1.353173553943634033e-01
2.443007528781890869e-01
5.503762364387512207e-01
6.781794130802154541e-02
5.897375568747520447e-02
3.787129744887351990e-02
0.000000000000000000e+00
4.228938519954681396e-01
4.031795978546142578e+00
0.000000000000000000e+00
1.361425071954727173e-01
3.304001092910766602e-01
3.328277766704559326e-01
1.407767176628112793e+00
0.000000000000000000e+00
1.150618940591812134e-01
7.433015108108520508e-01
8.858715295791625977e-01
1.467768788337707520e+00
5.190753340721130371e-01
5.399175882339477539e-01
3.800003290176391602e+00
5.353223085403442383e-01
8.599887490272521973e-01
3.425968289375305176e-01
1.519862890243530273e+00
1.051859498023986816e+00
2.758849561214447021e-01
8.745687454938888550e-02
2.243816375732421875e+00
8.420274406671524048e-02
3.866704925894737244e-02
1.079912066459655762e+00
7.751547098159790039e-01
1.756366938352584839e-01
3.154716789722442627e-01
6.839565932750701904e-02
0.000000000000000000e+00
0.000000000000000000e+00
1.215445399284362793e+00
1.999559044837951660e+00
1.567952185869216919e-01
0.000000000000000000e+00
1.945808902382850647e-02
1.019494175910949707e+00
1.369222700595855713e-01
7.992242336273193359e+00
0.000000000000000000e+00
1.573380082845687866e-02
3.599729156121611595e-03
3.393998136743903160e-03
4.811642691493034363e-02
3.421088680624961853e-02
0.000000000000000000e+00
1.421241879463195801e+00
1.950650811195373535e-01
0.000000000000000000e+00
0.000000000000000000e+00
7.541287541389465332e-01
0.000000000000000000e+00
1.432180032134056091e-02
0.000000000000000000e+00
3.367924690246582031e-02
1.220513582229614258e+00
3.849342465400695801e-01
3.051933459937572479e-02
1.811170727014541626e-01
7.923223972320556641e-01
1.229170560836791992e-01
4.764949977397918701e-01
9.713044166564941406e-01
1.399729013442993164e+00
8.633819818496704102e-01
6.185273453593254089e-02
2.437947690486907959e-02
1.663673669099807739e-02
1.376143656671047211e-03
8.668942376971244812e-03
2.479970082640647888e-02
4.989002645015716553e-02
1.811143517494201660e+00
0.000000000000000000e+00
2.624608948826789856e-02
3.637931048870086670e-01
7.455346584320068359e-01
8.741392493247985840e-01
6.570262908935546875e-01
2.838155329227447510e-01
6.991717219352722168e-01
1.279388666152954102e+00
1.268008470535278320e+00
6.079026032239198685e-03
1.920916289091110229e-01
9.035236239433288574e-01
1.035789847373962402e-01
7.154022455215454102e-01
0.000000000000000000e+00
2.819788157939910889e-01
2.211979478597640991e-01
0.000000000000000000e+00
0.000000000000000000e+00
3.449413478374481201e-01
2.286955267190933228e-01
2.148863554000854492e+00
2.367565631866455078e+00
1.211945414543151855e+00
5.004453659057617188e-01
1.530601501464843750e+00
1.067107915878295898e+00
9.554948657751083374e-02
3.912495374679565430e-01
2.832308411598205566e-01
6.233723089098930359e-02
1.295364499092102051e-01
1.789426445960998535e+00
3.586230576038360596e-01
8.562462776899337769e-02
6.504136323928833008e-01
0.000000000000000000e+00
1.833834528923034668e+00
9.656230807304382324e-01
6.652030348777770996e-02
1.461735367774963379e-01
1.033023893833160400e-01
1.685457229614257812e-01
1.249238610267639160e+00
9.896511584520339966e-02
0.000000000000000000e+00
0.000000000000000000e+00
0.000000000000000000e+00
2.081170864403247833e-02
3.853979110717773438e-01
5.434942618012428284e-02
1.151108816266059875e-01
0.000000000000000000e+00
0.000000000000000000e+00
0.000000000000000000e+00
2.999951362609863281e+00
7.276967167854309082e-03
1.833135128021240234e+00
8.675729855895042419e-03
7.248704433441162109e-01
8.217129111289978027e-02
1.149006485939025879e+00
7.515908218920230865e-03
2.871481478214263916e-01
3.686853349208831787e-01
7.941000163555145264e-03
1.493345480412244797e-02
1.073869585990905762e+00
4.339031293056905270e-04
3.021106868982315063e-02
1.168437600135803223e+00
4.767078757286071777e-01
6.892114877700805664e-02
1.168680787086486816e-01
2.132027298212051392e-01
1.160323739051818848e+00
0.000000000000000000e+00
4.504310488700866699e-01
6.774484366178512573e-02
6.245833039283752441e-01
2.004112243652343750e+00
3.156394660472869873e-01
0.000000000000000000e+00
4.167393222451210022e-02
3.176735043525695801e-01
1.882296800613403320e-01
9.096244722604751587e-02
1.758729219436645508e+00
5.003888130187988281e+00
9.410973191261291504e-01
6.345918178558349609e-01
1.907832548022270203e-02
1.660155951976776123e-01
8.943567425012588501e-02
1.331608369946479797e-02
0.000000000000000000e+00
0.000000000000000000e+00
5.446810647845268250e-02
1.777521967887878418e-01
1.523310989141464233e-01
4.383484367281198502e-03
1.288543362170457840e-02
7.008352279663085938e-01
9.120309352874755859e-02
1.447900235652923584e-01
3.276528324931859970e-03
1.080027669668197632e-01
5.048761963844299316e-01
1.049058744683861732e-03
1.394662976264953613e+00
0.000000000000000000e+00
5.146523937582969666e-03
2.700682878494262695e-01
2.516537308692932129e-01
6.199263334274291992e-01
1.899485290050506592e-01
0.000000000000000000e+00
4.618881940841674805e-01
3.987025320529937744e-01
0.000000000000000000e+00
3.037655353546142578e-02
3.392750222701579332e-04
1.849720813333988190e-02
0.000000000000000000e+00
4.407200217247009277e-01
1.940621733665466309e+00
2.218144387006759644e-01
7.378865480422973633e-01
4.026534855365753174e-01
0.000000000000000000e+00
0.000000000000000000e+00
1.536302268505096436e-01
1.563846878707408905e-02
8.665293455123901367e-01
9.575858116149902344e-01
0.000000000000000000e+00
0.000000000000000000e+00
9.409857913851737976e-03
3.804873824119567871e-01
6.202018857002258301e-01
8.261885046958923340e-01
2.846206724643707275e-02
3.557302802801132202e-02
1.280482858419418335e-03
1.111250519752502441e+00
0.000000000000000000e+00
4.727959036827087402e-01
0.000000000000000000e+00
5.236250907182693481e-02
4.337532818317413330e-01
1.483313087373971939e-02
1.948967576026916504e-02
4.036934375762939453e-01
4.976657032966613770e-01
5.432277321815490723e-01
5.301499366760253906e-01
1.007522821426391602e+00
2.113245964050292969e+00
8.084841072559356689e-03
4.056725203990936279e-01
1.134001135826110840e+00
2.467066496610641479e-01
2.473671883344650269e-01
3.749845027923583984e-01
0.000000000000000000e+00
1.191470772027969360e-01
0.000000000000000000e+00
5.768670439720153809e-01
6.473098397254943848e-01
2.291879616677761078e-03
3.188281774520874023e+00
3.037524700164794922e+00
5.620681643486022949e-01
0.000000000000000000e+00
1.451331675052642822e-01
1.729825325310230255e-02
0.000000000000000000e+00
0.000000000000000000e+00
1.824199855327606201e-01
2.770503759384155273e-01
0.000000000000000000e+00
0.000000000000000000e+00
1.309157609939575195e-01
1.356122642755508423e-01
2.320481091737747192e-01
1.289953351020812988e+00
2.608321905136108398e-01
4.126867279410362244e-02
1.581719398498535156e+00
1.667010337114334106e-01
6.788328886032104492e-01
6.853530794614925981e-05
1.287520080804824829e-01
1.275826096534729004e+00
1.662001311779022217e-01
9.897761940956115723e-01
2.967571318149566650e-01
1.610654950141906738e+00
2.872712910175323486e-01
1.730843782424926758e-01
0.000000000000000000e+00
1.966138184070587158e-01
1.078417420387268066e+00
3.241955935955047607e-01
1.203741971403360367e-02
2.487601041793823242e+00
8.498595096170902252e-03
1.870241165161132812e-01
1.113557536154985428e-02
3.877764567732810974e-02
3.186875581741333008e-01
0.000000000000000000e+00
2.786121606826782227e+00
9.871036410331726074e-01
2.019531279802322388e-01
7.624713182449340820e-01
1.359483838081359863e+00
1.393901463598012924e-02
6.536049246788024902e-01
0.000000000000000000e+00
1.231368556618690491e-01
0.000000000000000000e+00
0.000000000000000000e+00
0.000000000000000000e+00
1.380743235349655151e-01
3.095306269824504852e-02
0.000000000000000000e+00
1.031157560646533966e-03
5.145141482353210449e-01
2.466023921966552734e+00
7.626835256814956665e-03
3.779682815074920654e-01
9.048378095030784607e-03
1.285262465476989746e+00
8.675300329923629761e-02
0.000000000000000000e+00
1.682998687028884888e-01
3.948737084865570068e-01
1.441644787788391113e+00
4.727501571178436279e-01
1.374481827951967716e-03
1.908995270729064941e+00
0.000000000000000000e+00
7.942617535591125488e-01
0.000000000000000000e+00
1.187518760561943054e-01
0.000000000000000000e+00
0.000000000000000000e+00
9.329860210418701172e-01
1.077545642852783203e+00
4.640311300754547119e-01
2.051332473754882812e+00
4.295168817043304443e-02
1.669278979301452637e+00
0.000000000000000000e+00
7.472114637494087219e-03
9.392920136451721191e-02
6.769511699676513672e-01
4.480248689651489258e-01
1.281012315303087234e-02
2.864684760570526123e-01
1.493671070784330368e-02
0.000000000000000000e+00
1.970635533332824707e+00
5.342401862144470215e-01
1.156736463308334351e-01
1.600079238414764404e-01
5.315359309315681458e-02
6.788368821144104004e-01
2.268179059028625488e-01
0.000000000000000000e+00
7.782100886106491089e-02
8.492645621299743652e-01
1.610973715782165527e+00
0.000000000000000000e+00
2.547870576381683350e-01
1.945898657140787691e-05
7.467400431632995605e-01
1.895892173051834106e-01
4.362142086029052734e-02
1.167867183685302734e+00
4.101471975445747375e-02
5.461609959602355957e-01
1.063320398330688477e+00
1.121476367115974426e-01
4.270462393760681152e-01
9.687213897705078125e-01
8.750378340482711792e-02
0.000000000000000000e+00
1.516185328364372253e-02
1.961045622825622559e+00
0.000000000000000000e+00
5.078830718994140625e-01
6.009649112820625305e-02
1.530576348304748535e+00
3.242851972579956055e+00
1.152169942855834961e+00
2.680269442498683929e-02
5.559633374214172363e-01
0.000000000000000000e+00
0.000000000000000000e+00
