3.278621733188629150e-01
0.000000000000000000e+00
1.865114457905292511e-02
1.989034533500671387e+00
9.942305833101272583e-02
3.136492967605590820e-01
7.318264842033386230e-01
3.027744054794311523e+00
6.769876003265380859e+00
1.127960443496704102e+00
1.774910837411880493e-01
1.280686140060424805e+00
4.841490089893341064e-02
7.496571540832519531e-01
2.326930046081542969e+00
3.179095685482025146e-01
6.373150944709777832e-01
2.094184637069702148e+00
1.376527428627014160e+00
2.925399225205183029e-03
9.364283084869384766e-01
1.891605742275714874e-02
1.971962749958038330e-01
2.627704381942749023e+00
1.031100898981094360e-01
0.000000000000000000e+00
1.449703355319797993e-03
1.290260076522827148e+00
7.486364990472793579e-02
0.000000000000000000e+00
3.524503204971551895e-03
0.000000000000000000e+00
3.657533228397369385e-01
2.219581604003906250e-02
1.878742575645446777e-01
3.161985397338867188e+00
4.663536548614501953e-01
9.208916127681732178e-02
4.432699978351593018e-01
4.180409014225006104e-01
2.539485991001129150e-01
2.023482769727706909e-01
2.343801259994506836e-01
2.585134983062744141e+00
2.553187310695648193e-01
9.008681178092956543e-01
1.274486724287271500e-02
7.199918627738952637e-01
5.269234254956245422e-02
1.133517861366271973e+00
2.241597652435302734e+00
0.000000000000000000e+00
1.102773547172546387e+00
1.291000051423907280e-03
1.816506385803222656e+00
4.440960660576820374e-02
4.202248901128768921e-02
1.009857207536697388e-01
2.446945667266845703e+00
6.074597835540771484e-01
3.601156920194625854e-02
1.109619513154029846e-01
1.403807848691940308e-01
9.720434546470642090e-01
1.078392148017883301e+00
8.637014627456665039e-01
2.483558095991611481e-02
1.149384304881095886e-01
5.328248143196105957e-01
8.302199244499206543e-01
0.000000000000000000e+00
2.457999624311923981e-02
2.004220038652420044e-01
1.674847602844238281e-01
6.750687956809997559e-01
1.714751958847045898e+00
0.000000000000000000e+00
7.122839689254760742e-01
2.904038131237030029e-02
8.317978382110595703e-01
2.385621368885040283e-01
4.525924026966094971e-01
1.946413874626159668e+00
8.028716593980789185e-02
2.496192455291748047e+00
2.992330817505717278e-03
1.612723231315612793e+00
4.364733770489692688e-02
7.788882851600646973e-01
0.000000000000000000e+00
0.000000000000000000e+00
8.229851722717285156e-03
0.000000000000000000e+00
8.264669449999928474e-04
6.799262762069702148e-01
3.713256120681762695e-01
1.152905941009521484e+00
4.708191454410552979e-01
0.000000000000000000e+00
4.589187726378440857e-02
0.000000000000000000e+00
3.548752963542938232e-01
1.271295547485351562e-01
6.834205389022827148e-01
1.043863654136657715e+00
1.731557250022888184e-01
1.650747895240783691e+00
1.149959713220596313e-01
2.207752466201782227e-01
2.799420244991779327e-02
1.281150698661804199e+00
0.000000000000000000e+00
8.420000672340393066e-01
3.448079526424407959e-01
7.365469336509704590e-01
3.361411392688751221e-02
1.060550753027200699e-02
8.073640638031065464e-04
1.881544142961502075e-01
2.261436462402343750e+00
7.141736745834350586e-01
2.096979320049285889e-01
8.731304551474750042e-04
1.533703565597534180e+00
2.024440318346023560e-01
1.526743650436401367e+00
0.000000000000000000e+00
1.434670239686965942e-01
1.962539672851562500e+00
2.219555675983428955e-01
1.134648993611335754e-01
9.095009565353393555e-01
8.628916740417480469e-02
6.572559475898742676e-02
7.212290912866592407e-02
0.000000000000000000e+00
3.201267719268798828e-01
4.291961669921875000e+00
0.000000000000000000e+00
3.773309588432312012e-01
3.380896151065826416e-01
4.565857350826263428e-01
1.203029870986938477e+00
0.000000000000000000e+00
4.160428941249847412e-01
1.027095437049865723e+00
1.045177698135375977e+00
7.224870920181274414e-01
1.166763782501220703e+00
2.106936872005462646e-01
4.717939376831054688e+00
1.323071122169494629e-01
3.731857538223266602e-01
3.952153325080871582e-01
1.878151535987854004e+00
1.267518043518066406e+00
2.914372384548187256e-01
0.000000000000000000e+00
2.750197887420654297e+00
4.675130918622016907e-02
6.185635924339294434e-03
1.308776259422302246e+00
5.591548085212707520e-01
2.228090614080429077e-01
2.693134844303131104e-01
7.737127691507339478e-02
0.000000000000000000e+00
0.000000000000000000e+00
1.142236590385437012e+00
1.964812994003295898e+00
2.425871789455413818e-01
1.032613683491945267e-02
0.000000000000000000e+00
5.912647247314453125e-01
3.631242811679840088e-01
7.418059349060058594e+00
0.000000000000000000e+00
0.000000000000000000e+00
4.100498184561729431e-02
8.739816956222057343e-03
3.561236709356307983e-02
1.084064617753028870e-01
3.134902566671371460e-02
2.285737991333007812e+00
6.195549964904785156e-01
0.000000000000000000e+00
3.519901074469089508e-03
6.986833810806274414e-01
0.000000000000000000e+00
0.000000000000000000e+00
0.000000000000000000e+00
0.000000000000000000e+00
9.409216642379760742e-01
1.803470551967620850e-01
6.624618917703628540e-02
3.925147056579589844e-01
1.554403781890869141e+00
1.869093775749206543e-01
4.566796123981475830e-01
9.893745779991149902e-01
1.784380793571472168e+00
8.766230344772338867e-01
3.312512040138244629e-01
3.503261506557464600e-01
0.000000000000000000e+00
0.000000000000000000e+00
4.018930494785308838e-01
7.254736847244203091e-04
5.963107571005821228e-03
2.214895725250244141e+00
0.000000000000000000e+00
1.263946294784545898e-01
2.631405293941497803e-01
2.815723121166229248e-01
7.667500972747802734e-01
3.915266692638397217e-01
1.237850710749626160e-01
3.516077101230621338e-01
1.518671393394470215e+00
1.191031336784362793e+00
0.000000000000000000e+00
2.226413935422897339e-01
3.276820182800292969e-01
8.364970795810222626e-03
3.534889817237854004e-01
0.000000000000000000e+00
7.634378224611282349e-02
2.588292062282562256e-01
0.000000000000000000e+00
8.513901382684707642e-03
2.857618033885955811e-01
1.047834679484367371e-01
1.433312177658081055e+00
2.260377168655395508e+00
7.563717961311340332e-01
5.062331557273864746e-01
2.412122488021850586e+00
6.770329475402832031e-01
7.741367910057306290e-03
4.193580448627471924e-01
9.962836652994155884e-02
7.853045314550399780e-02
7.967484183609485626e-03
1.949408769607543945e+00
5.959174633026123047e-01
2.471740692853927612e-01
5.095447897911071777e-01
0.000000000000000000e+00
1.750997066497802734e+00
1.340147018432617188e+00
1.242733444087207317e-03
1.731877624988555908e-01
1.162246044259518385e-04
4.847826063632965088e-02
8.624354600906372070e-01
8.984392136335372925e-02
0.000000000000000000e+00
0.000000000000000000e+00
9.430736303329467773e-03
3.308126330375671387e-02
5.420067310333251953e-01
4.963061306625604630e-03
5.948761943727731705e-03
0.000000000000000000e+00
0.000000000000000000e+00
0.000000000000000000e+00
3.241340398788452148e+00
0.000000000000000000e+00
5.867540836334228516e-01
0.000000000000000000e+00
9.787606596946716309e-01
5.694875027984380722e-03
1.238057971000671387e+00
3.405214520171284676e-03
1.547342985868453979e-01
3.324074149131774902e-01
1.015058532357215881e-01
2.335769683122634888e-01
1.485557079315185547e+00
3.893815726041793823e-02
3.917024005204439163e-03
8.109866976737976074e-01
3.793457448482513428e-01
1.791545003652572632e-02
2.234656214714050293e-01
2.525106966495513916e-01
9.651778936386108398e-01
0.000000000000000000e+00
2.161045074462890625e-01
0.000000000000000000e+00
1.159650564193725586e+00
1.368649482727050781e+00
3.848863542079925537e-01
0.000000000000000000e+00
1.090003997087478638e-01
8.914408087730407715e-02
3.414420485496520996e-01
1.256220042705535889e-01
1.579735517501831055e+00
5.194679737091064453e+00
1.486842870712280273e+00
9.510849416255950928e-02
7.516485452651977539e-02
9.397189319133758545e-02
9.023808524943888187e-04
4.647917579859495163e-03
1.832205615937709808e-02
0.000000000000000000e+00
4.160632938146591187e-02
2.795437350869178772e-02
8.756326884031295776e-02
0.000000000000000000e+00
1.140330685302615166e-03
1.054343342781066895e+00
0.000000000000000000e+00
2.946902215480804443e-01
0.000000000000000000e+00
2.438388168811798096e-01
4.023784101009368896e-01
1.209414564073085785e-02
1.405543088912963867e+00
0.000000000000000000e+00
2.171153435483574867e-03
2.622312903404235840e-01
2.096554040908813477e-01
4.331359267234802246e-01
1.016292273998260498e-01
0.000000000000000000e+00
1.081319928169250488e+00
7.306519746780395508e-01
0.000000000000000000e+00
1.479131076484918594e-02
1.084371097385883331e-02
7.053268927847966552e-05
5.013317242264747620e-02
3.446364700794219971e-01
1.626505970954895020e+00
9.048175066709518433e-03
4.050612747669219971e-01
7.196595668792724609e-01
1.740090921521186829e-02
0.000000000000000000e+00
8.269990794360637665e-03
6.428299099206924438e-02
7.927727699279785156e-01
1.159784436225891113e+00
1.442925333976745605e-01
2.930728020146489143e-03
0.000000000000000000e+00
6.476104855537414551e-01
4.946942031383514404e-01
7.563652396202087402e-01
8.617621660232543945e-02
0.000000000000000000e+00
6.226524338126182556e-02
1.041629672050476074e+00
0.000000000000000000e+00
4.423775076866149902e-01
0.000000000000000000e+00
8.190719038248062134e-02
4.459616243839263916e-01
1.616878435015678406e-02
1.324733160436153412e-02
1.984092146158218384e-01
5.693525075912475586e-01
1.323231577873229980e+00
6.393369436264038086e-01
1.492060303688049316e+00
2.009490251541137695e+00
0.000000000000000000e+00
1.921308636665344238e-01
9.823705554008483887e-01
1.548392474651336670e-01
3.530362248420715332e-01
7.948057651519775391e-01
8.003978990018367767e-03
3.982489183545112610e-02
1.627195859327912331e-03
2.471290826797485352e-01
5.214838385581970215e-01
3.946197684854269028e-03
3.168301582336425781e+00
2.612404346466064453e+00
4.756162464618682861e-01
0.000000000000000000e+00
8.844308257102966309e-01
4.334621876478195190e-02
0.000000000000000000e+00
0.000000000000000000e+00
3.094274178147315979e-02
2.325285226106643677e-01
0.000000000000000000e+00
0.000000000000000000e+00
4.423558712005615234e-02
1.631066203117370605e-01
1.894790381193161011e-01
1.553038120269775391e+00
1.918865442276000977e-01
4.937988705933094025e-03
1.143136262893676758e+00
5.437405705451965332e-01
8.200205564498901367e-01
0.000000000000000000e+00
7.726522535085678101e-02
1.414016127586364746e+00
2.645415440201759338e-02
1.135022401809692383e+00
3.450765609741210938e-01
9.230626225471496582e-01
2.321714609861373901e-01
2.350346446037292480e-01
0.000000000000000000e+00
8.691119551658630371e-01
6.996308565139770508e-01
6.197761744260787964e-02
5.961628630757331848e-03
2.605754613876342773e+00
8.925918489694595337e-03
8.626147359609603882e-02
2.707486040890216827e-02
7.850966602563858032e-02
2.809998095035552979e-01
0.000000000000000000e+00
2.416474342346191406e+00
7.859494090080261230e-01
4.453978836536407471e-01
6.318661570549011230e-01
1.587743878364562988e+00
1.290206518024206161e-02
9.657332301139831543e-01
2.959806937724351883e-03
1.428865045309066772e-01
0.000000000000000000e+00
0.000000000000000000e+00
0.000000000000000000e+00
2.658608928322792053e-02
8.812829852104187012e-02
0.000000000000000000e+00
0.000000000000000000e+00
2.635598778724670410e-01
2.235336065292358398e+00
0.000000000000000000e+00
1.985942870378494263e-01
3.133112192153930664e-02
1.012849688529968262e+00
1.566630788147449493e-02
0.000000000000000000e+00
2.537761628627777100e-02
1.178520247340202332e-01
1.094237446784973145e+00
3.753373324871063232e-01
0.000000000000000000e+00
2.010879993438720703e+00
0.000000000000000000e+00
5.124909281730651855e-01
9.803931415081024170e-02
3.701733797788619995e-02
9.202250838279724121e-02
0.000000000000000000e+00
8.262532353401184082e-01
9.973913431167602539e-01
1.989533156156539917e-01
2.750143766403198242e+00
6.983569357544183731e-03
1.446491122245788574e+00
0.000000000000000000e+00
1.005792170763015747e-01
7.107996195554733276e-02
8.564835786819458008e-01
2.371434718370437622e-01
1.770956005202606320e-04
2.669762670993804932e-01
1.681632362306118011e-02
5.920866504311561584e-02
2.378544569015502930e+00
5.158630013465881348e-01
2.096437104046344757e-02
3.908542990684509277e-01
4.964053630828857422e-02
8.256010413169860840e-01
2.134950906038284302e-01
0.000000000000000000e+00
1.682801358401775360e-02
1.041872501373291016e+00
1.768810033798217773e+00
0.000000000000000000e+00
3.997372090816497803e-01
9.082519449293613434e-03
1.243060469627380371e+00
5.132341980934143066e-01
9.582182765007019043e-02
5.186846852302551270e-01
0.000000000000000000e+00
5.043650269508361816e-01
3.454463779926300049e-01
4.292413592338562012e-03
2.039885520935058594e-02
8.826848268508911133e-01
1.614926010370254517e-02
2.344482392072677612e-02
1.713591963052749634e-01
1.764287114143371582e+00
1.534795202314853668e-02
6.005144119262695312e-01
3.634637892246246338e-01
1.502963900566101074e+00
2.880954027175903320e+00
4.594606459140777588e-01
5.860712006688117981e-02
5.813081264495849609e-01
0.000000000000000000e+00
0.000000000000000000e+00
