4.992678761482238770e-01
0.000000000000000000e+00
1.822599023580551147e-01
2.523987770080566406e+00
4.134421348571777344e-01
4.998757839202880859e-01
1.298202991485595703e+00
2.832151174545288086e+00
6.918117046356201172e+00
1.379828929901123047e+00
4.855997562408447266e-01
2.119292259216308594e+00
6.553541421890258789e-01
6.544901132583618164e-01
2.824510574340820312e+00
3.521086871623992920e-01
8.818957209587097168e-01
1.725224494934082031e+00
1.555982112884521484e+00
6.732465326786041260e-02
1.091281056404113770e+00
0.000000000000000000e+00
5.947908759117126465e-02
4.039849758148193359e+00
1.130899712443351746e-01
0.000000000000000000e+00
2.659603655338287354e-01
1.008489727973937988e+00
1.241132542490959167e-01
0.000000000000000000e+00
0.000000000000000000e+00
3.615308378357440233e-04
3.840102255344390869e-01
1.005767509341239929e-01
2.238194830715656281e-02
3.594243288040161133e+00
4.721004962921142578e-01
3.833610415458679199e-01
2.978899180889129639e-01
2.799803912639617920e-01
1.523936688899993896e-01
8.728816360235214233e-02
4.905851185321807861e-01
3.068857669830322266e+00
4.637277424335479736e-01
1.192746996879577637e+00
1.504959613084793091e-01
1.599324107170104980e+00
1.056786552071571350e-01
1.164248943328857422e+00
2.956149339675903320e+00
0.000000000000000000e+00
1.487321019172668457e+00
9.992088191211223602e-03
2.539235591888427734e+00
7.942413687705993652e-01
4.598924219608306885e-01
2.874928712844848633e-01
2.387349843978881836e+00
3.746979236602783203e-01
1.376322209835052490e-01
2.829925417900085449e-01
3.183664083480834961e-01
1.016951918601989746e+00
8.342689275741577148e-01
1.269499778747558594e+00
1.590898074209690094e-02
4.691051542758941650e-01
7.774926424026489258e-01
1.200547814369201660e+00
0.000000000000000000e+00
2.162245102226734161e-02
2.773104310035705566e-01
2.711819112300872803e-01
5.094795227050781250e-01
1.552851796150207520e+00
0.000000000000000000e+00
1.203397035598754883e+00
2.960510179400444031e-02
1.356716990470886230e+00
3.566365838050842285e-01
6.225243210792541504e-01
1.765067219734191895e+00
4.352996870875358582e-02
3.616685867309570312e+00
9.847167879343032837e-02
1.211893439292907715e+00
4.516411200165748596e-02
7.217710018157958984e-01
8.520005643367767334e-02
1.331486105918884277e-01
5.226658191531896591e-03
0.000000000000000000e+00
0.000000000000000000e+00
8.584400415420532227e-01
1.106366157531738281e+00
1.015526771545410156e+00
1.582460165023803711e+00
4.858661442995071411e-03
8.071045577526092529e-02
1.112858206033706665e-01
1.099561452865600586e-01
5.015014410018920898e-01
1.655030965805053711e+00
1.337745189666748047e+00
1.782534420490264893e-01
1.827096343040466309e+00
3.355812132358551025e-01
4.571922421455383301e-01
1.899293810129165649e-01
1.147327780723571777e+00
0.000000000000000000e+00
9.671968817710876465e-01
7.631412148475646973e-01
8.969128727912902832e-01
1.257787048816680908e-01
5.822452902793884277e-02
1.469174772500991821e-01
1.154708266258239746e+00
2.303509950637817383e+00
8.646385073661804199e-01
1.469537466764450073e-01
5.514351651072502136e-03
1.502299189567565918e+00
2.377619743347167969e-01
1.951438188552856445e+00
3.481345716863870621e-03
1.537933498620986938e-01
1.886629343032836914e+00
1.353878080844879150e-01
1.840996146202087402e-01
6.128598451614379883e-01
4.206888973712921143e-01
1.268505007028579712e-01
2.440161108970642090e-01
0.000000000000000000e+00
7.183123826980590820e-01
4.729933738708496094e+00
0.000000000000000000e+00
3.417894840240478516e-01
5.326273441314697266e-01
3.139702379703521729e-01
2.122965812683105469e+00
2.876939252018928528e-03
1.302700936794281006e-01
9.702828526496887207e-01
9.973826408386230469e-01
9.066026210784912109e-01
1.718496799468994141e+00
2.947688400745391846e-01
4.778858184814453125e+00
4.316702783107757568e-01
6.694772839546203613e-01
2.768847048282623291e-01
2.183412551879882812e+00
8.078969717025756836e-01
1.822422295808792114e-01
2.418614029884338379e-01
2.495977640151977539e+00
0.000000000000000000e+00
2.191300317645072937e-02
6.660696268081665039e-01
4.512179791927337646e-01
4.336469173431396484e-01
6.047399640083312988e-01
4.511240124702453613e-02
0.000000000000000000e+00
0.000000000000000000e+00
8.581151366233825684e-01
2.322816848754882812e+00
3.594853579998016357e-01
1.112797409296035767e-01
1.520390901714563370e-02
8.090807795524597168e-01
4.499725699424743652e-01
8.772242546081542969e+00
0.000000000000000000e+00
0.000000000000000000e+00
0.000000000000000000e+00
9.115096181631088257e-02
6.103347521275281906e-03
6.147800013422966003e-02
9.877309948205947876e-02
2.524207592010498047e+00
4.783573448657989502e-01
0.000000000000000000e+00
2.846983028575778008e-03
1.639859557151794434e+00
0.000000000000000000e+00
0.000000000000000000e+00
0.000000000000000000e+00
2.164277993142604828e-02
1.128961443901062012e+00
1.508105248212814331e-01
4.333337396383285522e-02
1.316705346107482910e-01
1.395125389099121094e+00
4.618387818336486816e-01
2.310513406991958618e-01
1.772460222244262695e+00
1.541082024574279785e+00
7.396827340126037598e-01
1.340380311012268066e-01
2.310227304697036743e-01
7.312919944524765015e-03
1.687887415755540133e-04
5.738695263862609863e-01
8.461526595056056976e-03
0.000000000000000000e+00
2.297721385955810547e+00
8.081819117069244385e-02
2.702622711658477783e-01
4.156756401062011719e-01
7.960924506187438965e-01
1.529620409011840820e+00
9.017190337181091309e-01
4.839640259742736816e-01
9.133842587471008301e-01
1.974575996398925781e+00
9.841510653495788574e-01
2.709538675844669342e-03
1.788200289011001587e-01
6.268551945686340332e-01
8.868514001369476318e-02
5.462433099746704102e-01
0.000000000000000000e+00
3.599762022495269775e-01
4.133814871311187744e-01
0.000000000000000000e+00
0.000000000000000000e+00
4.313317835330963135e-01
1.041527166962623596e-01
2.443413734436035156e+00
1.691408395767211914e+00
1.413450717926025391e+00
8.671023249626159668e-01
2.733057022094726562e+00
1.268163800239562988e+00
9.879116714000701904e-02
5.429333448410034180e-01
1.467514634132385254e-01
2.909829914569854736e-01
2.382889986038208008e-01
1.878706812858581543e+00
5.492000579833984375e-01
7.790112495422363281e-02
9.951729178428649902e-01
0.000000000000000000e+00
2.654818058013916016e+00
1.093970894813537598e+00
1.177218481898307800e-01
2.696708440780639648e-01
8.396785706281661987e-02
1.000899970531463623e-01
1.365391612052917480e+00
1.625575125217437744e-01
9.011948131956160069e-04
0.000000000000000000e+00
0.000000000000000000e+00
9.513170458376407623e-03
4.885622859001159668e-01
1.230198964476585388e-01
6.436405703425407410e-03
4.969899728894233704e-02
1.103062555193901062e-02
8.624697104096412659e-03
2.501941442489624023e+00
0.000000000000000000e+00
1.453318238258361816e+00
4.271391034126281738e-02
1.331611752510070801e+00
3.715649480000138283e-03
7.829948067665100098e-01
3.881000578403472900e-01
7.001060843467712402e-01
5.529181957244873047e-01
1.052707955241203308e-01
1.621529906988143921e-01
8.903064131736755371e-01
6.257341057062149048e-02
1.859680376946926117e-02
6.493190526962280273e-01
4.279531240463256836e-01
8.893558382987976074e-02
2.161097526550292969e-01
2.621401548385620117e-01
1.348718523979187012e+00
2.003690786659717560e-02
2.682415246963500977e-01
0.000000000000000000e+00
1.622250080108642578e+00
1.734216451644897461e+00
9.108864068984985352e-01
7.153950165957212448e-03
8.384307473897933960e-02
3.172414302825927734e-01
4.774685204029083252e-01
5.382085591554641724e-02
1.652357101440429688e+00
5.620485782623291016e+00
1.401046514511108398e+00
3.476202487945556641e-01
4.595483839511871338e-01
2.783100865781307220e-02
3.489586710929870605e-02
7.724210736341774464e-04
5.717433057725429535e-03
0.000000000000000000e+00
6.871134042739868164e-02
3.599379658699035645e-01
6.196889877319335938e-01
9.160140901803970337e-02
1.160014867782592773e-01
1.015684604644775391e+00
9.179100394248962402e-02
1.021951794624328613e+00
0.000000000000000000e+00
2.865666709840297699e-02
7.200528979301452637e-01
1.534377969801425934e-02
1.356317281723022461e+00
0.000000000000000000e+00
1.610799431800842285e-01
3.305191099643707275e-01
6.289278715848922729e-02
5.200436711311340332e-01
2.616384327411651611e-01
0.000000000000000000e+00
9.674195647239685059e-01
8.601849675178527832e-01
2.134911529719829559e-02
3.927321813534945250e-04
9.757499396800994873e-02
1.245062500238418579e-01
0.000000000000000000e+00
3.638774156570434570e-01
1.637662768363952637e+00
2.696391642093658447e-01
1.271722078323364258e+00
5.072753429412841797e-01
3.321246802806854248e-02
5.542936269193887711e-03
7.252211123704910278e-02
6.571643054485321045e-02
1.020805358886718750e+00
1.009963631629943848e+00
1.174842938780784607e-01
3.588902577757835388e-02
0.000000000000000000e+00
5.472661256790161133e-01
7.256332635879516602e-01
9.738956689834594727e-01
2.659357190132141113e-01
1.696234941482543945e-01
1.294106431305408478e-02
8.095737099647521973e-01
0.000000000000000000e+00
5.010091066360473633e-01
0.000000000000000000e+00
2.509100437164306641e-01
3.276039063930511475e-01
5.652316212654113770e-01
2.231594026088714600e-01
6.706466674804687500e-01
9.404121637344360352e-01
9.739857912063598633e-01
5.436511635780334473e-01
1.041776061058044434e+00
2.743601560592651367e+00
0.000000000000000000e+00
3.650974333286285400e-01
1.693251490592956543e+00
4.077034294605255127e-01
4.581117331981658936e-01
4.960351288318634033e-01
0.000000000000000000e+00
1.470945179462432861e-01
3.830965980887413025e-02
5.492759346961975098e-01
8.094972968101501465e-01
1.382435709238052368e-01
3.847965955734252930e+00
2.382158279418945312e+00
1.137281179428100586e+00
0.000000000000000000e+00
7.807352542877197266e-01
0.000000000000000000e+00
0.000000000000000000e+00
0.000000000000000000e+00
1.306882202625274658e-01
1.224353536963462830e-01
9.885101765394210815e-02
0.000000000000000000e+00
7.115721702575683594e-02
5.699596926569938660e-02
1.934625804424285889e-01
2.027019500732421875e+00
1.824223846197128296e-01
3.541375696659088135e-02
1.071577906608581543e+00
2.698082625865936279e-01
8.887341618537902832e-01
0.000000000000000000e+00
4.122290760278701782e-02
1.276478052139282227e+00
1.938907653093338013e-01
9.144518375396728516e-01
3.292383253574371338e-01
1.455672264099121094e+00
2.134826630353927612e-01
1.513998061418533325e-01
0.000000000000000000e+00
6.358978152275085449e-01
1.197341918945312500e+00
1.399204879999160767e-01
1.931979060173034668e-01
2.365752458572387695e+00
1.054218597710132599e-02
1.252546608448028564e-01
3.214626014232635498e-02
3.533089905977249146e-02
6.819999814033508301e-01
0.000000000000000000e+00
3.153645753860473633e+00
8.133186697959899902e-01
2.661636769771575928e-01
6.149119138717651367e-01
1.493168711662292480e+00
0.000000000000000000e+00
1.399192571640014648e+00
0.000000000000000000e+00
3.815868794918060303e-01
1.335107088088989258e-01
0.000000000000000000e+00
0.000000000000000000e+00
1.872235834598541260e-01
3.712542355060577393e-01
1.485845595598220825e-01
3.982539474964141846e-02
5.723747611045837402e-01
2.585755586624145508e+00
0.000000000000000000e+00
1.252906471490859985e-01
1.165620014071464539e-01
1.950168967247009277e+00
1.115630846470594406e-03
0.000000000000000000e+00
1.380098462104797363e-01
1.027146950364112854e-01
1.347442626953125000e+00
7.863141298294067383e-01
1.139313355088233948e-02
2.137032747268676758e+00
0.000000000000000000e+00
2.755446732044219971e-01
0.000000000000000000e+00
1.825638487935066223e-02
1.399197150021791458e-02
9.623561054468154907e-03
2.059390068054199219e+00
1.534818768501281738e+00
4.381303787231445312e-01
3.057052850723266602e+00
9.587356820702552795e-03
1.966079473495483398e+00
0.000000000000000000e+00
1.791965365409851074e-01
1.676004379987716675e-01
1.316543221473693848e+00
9.483614563941955566e-01
3.215502575039863586e-02
6.270902156829833984e-01
1.490715593099594116e-01
1.811706647276878357e-02
2.309493780136108398e+00
5.095159411430358887e-01
4.191633779555559158e-04
4.045419394969940186e-01
3.206064458936452866e-03
7.349633574485778809e-01
6.026191711425781250e-01
5.643226578831672668e-02
5.113045498728752136e-02
9.280909299850463867e-01
1.197779178619384766e+00
6.838405504822731018e-03
3.570832014083862305e-01
3.187756612896919250e-02
7.063519358634948730e-01
2.257142663002014160e-01
1.435079276561737061e-01
7.584125399589538574e-01
2.771530533209443092e-03
6.842527985572814941e-01
9.573075175285339355e-01
9.805537015199661255e-02
1.638069450855255127e-01
8.608670830726623535e-01
1.325670629739761353e-01
5.711627379059791565e-02
3.132001757621765137e-01
2.201961994171142578e+00
2.068288326263427734e-01
7.787283658981323242e-01
3.568147420883178711e-01
1.694543004035949707e+00
3.271760940551757812e+00
5.270407199859619141e-01
1.346140354871749878e-01
4.933861494064331055e-01
0.000000000000000000e+00
0.000000000000000000e+00
