1.559942364692687988e+00
0.000000000000000000e+00
7.984052300453186035e-01
1.746730566024780273e+00
4.946838915348052979e-01
1.119398474693298340e-01
3.261183202266693115e-01
4.486204624176025391e+00
4.116146087646484375e+00
1.898295134305953979e-01
0.000000000000000000e+00
1.000822663307189941e+00
1.032835692167282104e-01
2.009539902210235596e-01
9.919147491455078125e-01
1.874507963657379150e-02
2.851880490779876709e-01
2.796885728836059570e+00
9.145366549491882324e-01
0.000000000000000000e+00
3.896146416664123535e-01
0.000000000000000000e+00
2.711612880229949951e-01
1.109044909477233887e+00
2.157411128282546997e-01
1.904147490859031677e-02
0.000000000000000000e+00
1.372324347496032715e+00
6.254405528306961060e-02
0.000000000000000000e+00
7.189344149082899094e-03
2.410008199512958527e-02
5.392897129058837891e-01
1.141192391514778137e-03
0.000000000000000000e+00
1.916026115417480469e+00
1.774874478578567505e-01
2.770013511180877686e-01
2.114556550979614258e+00
2.303186804056167603e-01
4.610027372837066650e-02
1.109302043914794922e+00
6.541936844587326050e-02
1.082256555557250977e+00
6.933606266975402832e-01
5.768157839775085449e-01
6.956704258918762207e-01
3.110657073557376862e-02
6.567426770925521851e-02
1.197781443595886230e+00
9.522646665573120117e-01
0.000000000000000000e+00
2.645560503005981445e-01
0.000000000000000000e+00
1.637670516967773438e+00
3.172753844410181046e-03
8.201427459716796875e-01
2.249704115092754364e-02
1.721753716468811035e+00
4.139788150787353516e-01
1.050172597169876099e-01
5.417289678007364273e-03
7.345610260963439941e-01
4.470644593238830566e-01
1.053147912025451660e+00
1.078928232192993164e+00
0.000000000000000000e+00
7.554113119840621948e-02
9.645999222993850708e-02
5.210045576095581055e-01
0.000000000000000000e+00
1.362052466720342636e-02
5.357416719198226929e-02
1.423773616552352905e-01
1.677098274230957031e-01
5.212114453315734863e-01
0.000000000000000000e+00
1.739795058965682983e-01
1.006105765700340271e-01
2.672426961362361908e-02
3.458395833149552345e-03
8.081901669502258301e-01
2.150903701782226562e+00
1.439352612942457199e-02
7.873427271842956543e-01
6.826025899499654770e-03
7.573629617691040039e-01
4.126860499382019043e-01
2.059148102998733521e-01
2.494658157229423523e-02
0.000000000000000000e+00
2.492405623197555542e-01
0.000000000000000000e+00
0.000000000000000000e+00
5.570870637893676758e-01
6.580272223800420761e-03
1.577231526374816895e+00
8.294903486967086792e-02
0.000000000000000000e+00
1.848355983383953571e-03
1.542762760072946548e-02
1.015839874744415283e-01
1.093219891190528870e-01
5.135130286216735840e-01
1.714758515357971191e+00
5.426535010337829590e-01
5.326096415519714355e-01
9.958934783935546875e-02
2.639901638031005859e-01
2.907125949859619141e-01
9.574692249298095703e-01
0.000000000000000000e+00
1.224350929260253906e+00
8.349112272262573242e-01
4.264040589332580566e-01
4.077085480093955994e-02
0.000000000000000000e+00
0.000000000000000000e+00
0.000000000000000000e+00
3.646665334701538086e+00
7.791469097137451172e-01
2.718129567801952362e-02
1.032683532685041428e-02
8.961917757987976074e-01
5.206102728843688965e-01
1.087936401367187500e+00
0.000000000000000000e+00
6.106733926571905613e-04
1.859426021575927734e+00
5.982612259685993195e-03
2.878013532608747482e-03
8.514704704284667969e-01
1.788393710739910603e-03
3.764126822352409363e-02
8.434447646141052246e-02
8.343558013439178467e-02
5.220444202423095703e-01
4.036887645721435547e+00
0.000000000000000000e+00
3.817040026187896729e-01
2.732706665992736816e-01
6.048486009240150452e-02
1.151309847831726074e+00
3.508582711219787598e-02
2.471878081560134888e-01
1.457583785057067871e+00
6.263855099678039551e-01
2.323152780532836914e+00
3.623471036553382874e-02
1.130014538764953613e+00
2.495080471038818359e+00
4.412554576992988586e-02
3.329177200794219971e-01
1.595071852207183838e-01
1.669767975807189941e+00
7.242895364761352539e-01
3.777623772621154785e-01
1.411644741892814636e-02
1.896724462509155273e+00
3.382491692900657654e-02
1.584325134754180908e-01
2.099326848983764648e+00
2.030999422073364258e+00
4.237919151782989502e-01
1.153695583343505859e-01
4.049508273601531982e-02
0.000000000000000000e+00
0.000000000000000000e+00
1.361961483955383301e+00
2.072307109832763672e+00
1.194769591093063354e-01
0.000000000000000000e+00
1.957106962800025940e-02
7.264478802680969238e-01
5.899445340037345886e-02
5.448798656463623047e+00
0.000000000000000000e+00
1.115717291831970215e-01
4.267409443855285645e-03
3.721366636455059052e-03
4.162080883979797363e-01
2.113650888204574585e-01
6.207849830389022827e-02
3.211564719676971436e-01
3.865164145827293396e-02
5.633110180497169495e-03
8.332899212837219238e-02
1.054944038391113281e+00
3.602747339755296707e-03
3.062438070774078369e-01
1.830274937674403191e-03
1.683548837900161743e-01
1.578160524368286133e+00
1.144672393798828125e+00
7.185370475053787231e-02
4.389095604419708252e-01
4.400004744529724121e-01
3.477676212787628174e-01
5.815272331237792969e-01
7.563271522521972656e-01
8.646705746650695801e-01
4.400782585144042969e-01
8.032040596008300781e-01
2.308937013149261475e-01
0.000000000000000000e+00
1.797900162637233734e-02
0.000000000000000000e+00
2.751221414655447006e-03
5.775096360594034195e-03
2.704011917114257812e+00
0.000000000000000000e+00
3.313448429107666016e-01
3.280774131417274475e-02
6.663760542869567871e-02
9.051361083984375000e-01
7.701202630996704102e-01
2.113014906644821167e-01
5.813426375389099121e-01
4.924099743366241455e-01
1.382545471191406250e+00
1.176837715320289135e-03
3.765097856521606445e-01
3.292047083377838135e-01
2.448119670152664185e-01
2.757598757743835449e-01
0.000000000000000000e+00
2.345796078443527222e-01
1.155354231595993042e-01
0.000000000000000000e+00
0.000000000000000000e+00
1.670096069574356079e-01
4.446518123149871826e-01
4.062227308750152588e-01
1.973424792289733887e+00
5.899451971054077148e-01
6.266927123069763184e-01
1.446639180183410645e+00
5.345546603202819824e-01
0.000000000000000000e+00
6.798149943351745605e-01
1.786281168460845947e-01
1.856467723846435547e-01
0.000000000000000000e+00
2.553682804107666016e+00
5.880306363105773926e-01
2.586234360933303833e-02
5.091800689697265625e-01
1.054064650088548660e-02
1.228703260421752930e+00
1.092789888381958008e+00
4.247791469097137451e-01
1.609007641673088074e-02
1.490239799022674561e-01
4.877036809921264648e-02
1.219558492302894592e-01
7.412549853324890137e-01
2.879497967660427094e-02
8.345712721347808838e-02
2.180267311632633209e-02
3.539365530014038086e-01
1.611320376396179199e-01
1.010145246982574463e-01
5.159201025962829590e-01
0.000000000000000000e+00
3.053925186395645142e-02
2.428372576832771301e-02
2.464377403259277344e+00
6.071717292070388794e-02
5.635083317756652832e-01
8.589982753619551659e-04
2.147200517356395721e-02
5.818994641304016113e-01
4.741682708263397217e-01
1.138121560215950012e-01
2.502456903457641602e-01
2.217369228601455688e-01
2.068126350641250610e-01
3.158377483487129211e-02
1.040010333061218262e+00
0.000000000000000000e+00
1.521132420748472214e-03
1.139925360679626465e+00
2.015838325023651123e-01
0.000000000000000000e+00
4.062674939632415771e-03
1.179416384547948837e-02
9.332332611083984375e-01
0.000000000000000000e+00
9.908458590507507324e-01
0.000000000000000000e+00
6.589177846908569336e-01
1.060908913612365723e+00
1.344131305813789368e-02
1.564274430274963379e-01
0.000000000000000000e+00
7.499860227108001709e-02
3.455188870429992676e-01
4.673323333263397217e-01
1.452653527259826660e+00
3.486240863800048828e+00
1.261095762252807617e+00
1.252548694610595703e-01
3.611721040215343237e-04
2.413673996925354004e-01
0.000000000000000000e+00
1.219609053805470467e-03
7.882480323314666748e-02
9.764976054430007935e-02
3.871645033359527588e-02
2.258758526295423508e-03
3.494358360767364502e-01
8.754106611013412476e-02
0.000000000000000000e+00
8.012505173683166504e-01
3.126251399517059326e-01
0.000000000000000000e+00
2.267028763890266418e-02
5.860630050301551819e-02
2.865260243415832520e-01
4.218750447034835815e-02
1.122774481773376465e+00
0.000000000000000000e+00
0.000000000000000000e+00
7.246827483177185059e-01
4.948437213897705078e-01
6.811583042144775391e-01
1.657070592045783997e-02
0.000000000000000000e+00
3.431592583656311035e-01
3.218621388077735901e-02
9.057944640517234802e-03
1.159970555454492569e-02
0.000000000000000000e+00
0.000000000000000000e+00
3.852824121713638306e-02
6.066434457898139954e-02
2.264498472213745117e+00
0.000000000000000000e+00
6.127758324146270752e-02
3.233031928539276123e-01
4.252868518233299255e-02
0.000000000000000000e+00
3.497677147388458252e-01
4.224076122045516968e-02
7.649894952774047852e-01
8.319454193115234375e-01
1.087754964828491211e-02
8.493345230817794800e-03
4.300091043114662170e-02
4.113856256008148193e-01
7.299167513847351074e-01
1.811582207679748535e+00
0.000000000000000000e+00
4.248047771397978067e-04
3.997811973094940186e-01
1.377454161643981934e+00
1.003190036863088608e-02
7.571889162063598633e-01
2.284057065844535828e-02
4.766729846596717834e-02
1.273423075675964355e+00
2.327998429536819458e-01
2.178867012262344360e-01
2.932664565742015839e-02
6.459753513336181641e-01
7.418566346168518066e-01
8.351137638092041016e-01
1.205030083656311035e-01
1.561623692512512207e+00
2.426310926675796509e-01
1.228561043739318848e+00
1.917966753244400024e-01
1.733458489179611206e-01
2.088850177824497223e-02
6.779515743255615234e-01
1.637513749301433563e-02
2.118096500635147095e-02
6.544145941734313965e-02
2.450756728649139404e-01
1.556849479675292969e-02
0.000000000000000000e+00
9.162356257438659668e-01
2.603580236434936523e+00
1.382806301116943359e-01
9.415114670991897583e-02
2.976363003253936768e-01
0.000000000000000000e+00
0.000000000000000000e+00
0.000000000000000000e+00
4.757030867040157318e-03
4.608706235885620117e-01
3.844100609421730042e-02
9.614821523427963257e-02
5.643590688705444336e-01
8.742973804473876953e-01
8.310662582516670227e-03
6.435206532478332520e-01
1.390488892793655396e-01
1.199519038200378418e-01
1.338387012481689453e+00
5.163438916206359863e-01
1.697511911392211914e+00
4.489373415708541870e-02
6.699781864881515503e-02
2.352392673492431641e+00
1.058670058846473694e-01
5.283803343772888184e-01
1.126761510968208313e-01
6.041661500930786133e-01
9.323241189122200012e-03
4.674710929393768311e-01
1.136579290032386780e-01
2.786709964275360107e-01
4.437261447310447693e-02
5.874521732330322266e-01
7.079670904204249382e-04
1.446111202239990234e+00
9.513375349342823029e-03
8.231288194656372070e-01
2.148765837773680687e-03
0.000000000000000000e+00
1.615649610757827759e-01
2.240881323814392090e-03
3.104336738586425781e+00
1.524453282356262207e+00
1.049880757927894592e-01
1.876838207244873047e-01
2.777252197265625000e-01
9.476649761199951172e-02
4.515376985073089600e-01
5.081860721111297607e-02
4.615054428577423096e-01
0.000000000000000000e+00
0.000000000000000000e+00
3.687347518280148506e-03
9.473614692687988281e-01
0.000000000000000000e+00
0.000000000000000000e+00
1.993527710437774658e-01
2.137186378240585327e-01
1.720797419548034668e+00
1.908872127532958984e-01
1.264229118824005127e-01
6.183032989501953125e-01
6.275661587715148926e-01
1.788871884346008301e-01
0.000000000000000000e+00
2.313120663166046143e-01
3.832339346408843994e-01
9.272537231445312500e-01
1.112269878387451172e+00
1.867310516536235809e-02
1.253186464309692383e+00
7.316076755523681641e-02
8.861678838729858398e-01
8.395310491323471069e-03
2.633756399154663086e-01
2.205872386693954468e-01
5.318629741668701172e-01
1.573477149009704590e+00
1.028115868568420410e+00
2.889520525932312012e-01
5.793351531028747559e-01
1.201725006103515625e-01
7.692624330520629883e-01
3.476482927799224854e-01
4.049519542604684830e-03
7.473694086074829102e-01
1.403069198131561279e-01
1.151806265115737915e-01
5.208434164524078369e-02
3.794747889041900635e-01
1.132859941571950912e-02
9.279710054397583008e-02
1.230140209197998047e+00
6.867879629135131836e-01
1.627419441938400269e-01
8.036479949951171875e-01
1.610463601537048817e-03
1.798134148120880127e-01
1.286921203136444092e-01
0.000000000000000000e+00
9.321047365665435791e-02
1.190078258514404297e+00
1.483414292335510254e+00
9.907379280775785446e-04
1.839321255683898926e-01
1.735208928585052490e-02
9.713798761367797852e-01
8.497577309608459473e-01
7.592645883560180664e-01
1.021116852760314941e+00
3.030830621719360352e-02
5.899828076362609863e-01
5.497865080833435059e-01
4.870394244790077209e-03
2.420653253793716431e-01
4.034707546234130859e-01
1.883661895990371704e-01
1.579239070415496826e-01
7.666286081075668335e-02
2.632558345794677734e+00
0.000000000000000000e+00
3.113853633403778076e-01
0.000000000000000000e+00
6.569082736968994141e-01
2.716524362564086914e+00
3.199552774429321289e+00
1.504840212874114513e-03
1.871279954910278320e+00
1.216211915016174316e-02
2.347658621147274971e-03
