3.166679739952087402e-01
0.000000000000000000e+00
4.461550712585449219e-02
2.757554531097412109e+00
1.367197334766387939e-01
2.088245600461959839e-01
7.369801998138427734e-01
2.466348409652709961e+00
5.720330715179443359e+00
1.345888733863830566e+00
5.850528925657272339e-02
1.630603075027465820e+00
3.119533658027648926e-01
1.132237195968627930e+00
2.241718053817749023e+00
2.216370254755020142e-01
9.185849428176879883e-01
2.217576980590820312e+00
1.077381014823913574e+00
0.000000000000000000e+00
1.024109482765197754e+00
0.000000000000000000e+00
1.444322317838668823e-01
1.517314314842224121e+00
2.057155519723892212e-01
4.513842612504959106e-02
1.089939922094345093e-01
1.479374170303344727e+00
2.636803984642028809e-01
1.212249621748924255e-01
0.000000000000000000e+00
0.000000000000000000e+00
4.103377163410186768e-01
2.264126390218734741e-01
1.585705429315567017e-01
2.878476381301879883e+00
3.514230549335479736e-01
9.562952816486358643e-02
2.044269740581512451e-01
6.044412851333618164e-01
7.724826782941818237e-02
4.511837065219879150e-01
4.600169360637664795e-01
2.866412401199340820e+00
3.966389298439025879e-01
8.392265439033508301e-01
8.042905330657958984e-01
8.646001219749450684e-01
3.304475247859954834e-01
1.867008090019226074e+00
2.660791397094726562e+00
0.000000000000000000e+00
1.604671478271484375e+00
1.255059987306594849e-02
1.764500141143798828e+00
2.722148001194000244e-01
5.308308005332946777e-01
1.838164776563644409e-01
1.876673340797424316e+00
6.037795543670654297e-01
2.501190602779388428e-01
3.076772764325141907e-02
1.665961146354675293e-01
7.868564724922180176e-01
1.641298890113830566e+00
6.474550962448120117e-01
0.000000000000000000e+00
3.427338898181915283e-01
7.394689321517944336e-01
7.246626019477844238e-01
0.000000000000000000e+00
5.759472772479057312e-02
4.897848963737487793e-01
4.181213974952697754e-01
5.401734709739685059e-01
1.140074849128723145e+00
0.000000000000000000e+00
5.319505333900451660e-01
5.307879764586687088e-03
8.367986679077148438e-01
4.806541278958320618e-02
9.526487588882446289e-01
2.177470922470092773e+00
6.410541385412216187e-02
1.820641279220581055e+00
1.121982261538505554e-01
1.719828486442565918e+00
1.593153327703475952e-01
9.225785732269287109e-01
8.967784047126770020e-02
4.256176203489303589e-02
7.031974196434020996e-02
1.165659399703145027e-03
0.000000000000000000e+00
1.120604395866394043e+00
1.858710050582885742e-01
8.860477209091186523e-01
8.692116737365722656e-01
6.789838522672653198e-02
1.967808417975902557e-02
0.000000000000000000e+00
1.967444866895675659e-01
3.833736991509795189e-03
1.005086779594421387e+00
9.314978122711181641e-01
3.662986159324645996e-01
1.828496813774108887e+00
5.541653633117675781e-01
7.310585379600524902e-01
3.789039328694343567e-02
1.586099863052368164e+00
3.476910758763551712e-03
3.903813958168029785e-01
5.143707990646362305e-01
8.581053614616394043e-01
0.000000000000000000e+00
5.313047394156455994e-02
3.123006224632263184e-01
4.794580042362213135e-01
2.694877386093139648e+00
2.568135857582092285e-01
3.385302722454071045e-01
5.860032979398965836e-03
2.036632299423217773e+00
5.771774649620056152e-01
1.125439524650573730e+00
0.000000000000000000e+00
6.291134655475616455e-02
1.613103508949279785e+00
5.153030157089233398e-02
1.080636214464902878e-02
1.107358574867248535e+00
1.156064402312040329e-02
2.982371672987937927e-02
2.252405434846878052e-01
0.000000000000000000e+00
1.249277293682098389e-01
5.822127342224121094e+00
0.000000000000000000e+00
2.710855901241302490e-01
1.224314793944358826e-01
1.775122433900833130e-01
1.469694137573242188e+00
0.000000000000000000e+00
1.830970682203769684e-02
1.989926993846893311e-01
7.956928014755249023e-01
8.014838099479675293e-01
2.144120186567306519e-01
3.370516896247863770e-01
4.500735759735107422e+00
5.626858770847320557e-02
7.979403138160705566e-01
2.488539367914199829e-01
1.898571252822875977e+00
1.531806349754333496e+00
1.707199960947036743e-01
6.486397981643676758e-02
2.537311792373657227e+00
4.736648797988891602e-01
3.403485715389251709e-01
1.630892395973205566e+00
5.225659608840942383e-01
5.410264804959297180e-02
3.098249435424804688e-01
3.289718925952911377e-02
3.263594582676887512e-03
0.000000000000000000e+00
1.773841977119445801e+00
1.928640007972717285e+00
1.797502189874649048e-01
6.139134243130683899e-02
2.060097828507423401e-02
1.257552504539489746e+00
2.129597514867782593e-01
7.950900077819824219e+00
5.149597302079200745e-03
7.350225001573562622e-03
9.314624220132827759e-02
1.028158888220787048e-01
6.866833567619323730e-02
3.517630398273468018e-01
8.531490713357925415e-02
2.425059795379638672e+00
5.226260796189308167e-02
1.161600346677005291e-03
5.483376979827880859e-02
1.116329908370971680e+00
0.000000000000000000e+00
7.191775739192962646e-02
0.000000000000000000e+00
2.493391931056976318e-02
1.083551526069641113e+00
1.004881024360656738e+00
2.251006811857223511e-01
1.918977946043014526e-01
6.549592018127441406e-01
2.077228724956512451e-01
1.354732811450958252e-01
6.767582893371582031e-01
1.280100703239440918e+00
2.882329225540161133e-01
4.474726319313049316e-01
4.237518906593322754e-01
1.250455528497695923e-01
7.993406057357788086e-02
3.473188728094100952e-02
6.905896123498678207e-03
3.590235114097595215e-02
1.479837656021118164e+00
0.000000000000000000e+00
1.110691297799348831e-02
2.848612666130065918e-01
5.109255313873291016e-01
1.032405853271484375e+00
4.180144667625427246e-01
5.110376477241516113e-01
2.803698480129241943e-01
9.593406915664672852e-01
1.406857252120971680e+00
0.000000000000000000e+00
4.805156588554382324e-02
1.146472573280334473e+00
9.374256432056427002e-02
4.561818838119506836e-01
0.000000000000000000e+00
4.729838296771049500e-02
3.304441869258880615e-01
6.983649655012413859e-05
3.340759128332138062e-02
6.855662912130355835e-02
3.005425035953521729e-01
1.262477517127990723e+00
2.465002775192260742e+00
1.109115839004516602e+00
8.906978368759155273e-01
1.781399130821228027e+00
3.206063807010650635e-01
8.224671706557273865e-03
9.843404293060302734e-01
1.332025080919265747e-01
1.680962443351745605e-01
0.000000000000000000e+00
2.437787294387817383e+00
5.423921942710876465e-01
8.697354793548583984e-02
6.779469847679138184e-01
0.000000000000000000e+00
1.415687561035156250e+00
1.499311566352844238e+00
6.053880453109741211e-01
1.131183430552482605e-01
6.075412407517433167e-02
5.666922330856323242e-01
1.234486579895019531e+00
2.518943324685096741e-02
7.278198841959238052e-03
0.000000000000000000e+00
2.028448507189750671e-02
2.781423740088939667e-02
1.395034432411193848e+00
8.789449930191040039e-02
1.703913956880569458e-01
3.527798980940133333e-04
0.000000000000000000e+00
9.448142722249031067e-03
1.740064978599548340e+00
0.000000000000000000e+00
2.719056904315948486e-01
4.205656796693801880e-02
1.262122631072998047e+00
0.000000000000000000e+00
6.394273042678833008e-01
8.626248687505722046e-02
1.025669276714324951e-01
2.286207228899002075e-01
1.574350707232952118e-02
6.659358739852905273e-01
1.422723293304443359e+00
0.000000000000000000e+00
2.622576057910919189e-02
7.565402388572692871e-01
8.272212743759155273e-02
2.197024971246719360e-01
4.995889067649841309e-01
5.505309700965881348e-01
1.495876193046569824e+00
4.260576315573416650e-05
2.362012565135955811e-01
2.276557311415672302e-02
1.546073436737060547e+00
1.883169293403625488e+00
4.780533313751220703e-01
8.393180370330810547e-02
1.502608414739370346e-03
5.169472098350524902e-01
1.327945441007614136e-01
8.038541674613952637e-01
1.731159567832946777e+00
5.564814090728759766e+00
2.605922222137451172e-01
3.469480574131011963e-01
2.042442262172698975e-01
9.038516879081726074e-02
1.153154764324426651e-02
1.610653847455978394e-02
7.609688211232423782e-03
0.000000000000000000e+00
0.000000000000000000e+00
4.036570191383361816e-01
3.277341723442077637e-01
0.000000000000000000e+00
5.605640355497598648e-03
1.113276362419128418e+00
3.075861334800720215e-01
9.853881597518920898e-02
0.000000000000000000e+00
3.923039883375167847e-02
1.529739856719970703e+00
3.960140049457550049e-01
1.178081035614013672e+00
0.000000000000000000e+00
7.265563588589429855e-03
4.093611836433410645e-01
5.629237368702888489e-02
6.274762749671936035e-01
6.594285368919372559e-02
0.000000000000000000e+00
3.546161651611328125e-01
5.423055887222290039e-01
0.000000000000000000e+00
5.811010021716356277e-03
1.382242143154144287e-01
0.000000000000000000e+00
1.011703908443450928e-02
4.934944510459899902e-01
1.783405542373657227e+00
3.753458708524703979e-02
1.262522816658020020e+00
7.482590079307556152e-01
2.279497981071472168e-01
1.660901587456464767e-03
1.400154680013656616e-01
1.354861888103187084e-03
9.686447381973266602e-01
6.685158610343933105e-01
8.246660977602005005e-02
3.341155126690864563e-02
1.020237728953361511e-01
7.063363194465637207e-01
6.790788769721984863e-01
1.172940254211425781e+00
3.284409940242767334e-01
4.168166965246200562e-02
3.492315113544464111e-02
1.099535703659057617e+00
0.000000000000000000e+00
3.807127475738525391e-01
0.000000000000000000e+00
2.858775258064270020e-01
4.538046419620513916e-01
6.506996229290962219e-03
4.585136771202087402e-01
5.119521617889404297e-01
7.241022586822509766e-01
1.136648535728454590e+00
3.439824283123016357e-01
7.060766816139221191e-01
1.995204925537109375e+00
0.000000000000000000e+00
4.935232698917388916e-01
1.482558608055114746e+00
4.626437127590179443e-01
1.898125857114791870e-01
7.670837640762329102e-01
6.565702497027814388e-04
1.946271583437919617e-02
0.000000000000000000e+00
6.137626767158508301e-01
6.622345447540283203e-01
4.099688306450843811e-02
2.837069988250732422e+00
3.466870307922363281e+00
7.940841913223266602e-01
0.000000000000000000e+00
9.189224243164062500e-01
9.681844152510166168e-03
0.000000000000000000e+00
0.000000000000000000e+00
2.316191643476486206e-01
2.395568341016769409e-01
0.000000000000000000e+00
0.000000000000000000e+00
3.536916673183441162e-01
9.889297932386398315e-02
8.922752141952514648e-01
1.033545970916748047e+00
7.794776558876037598e-02
1.176297292113304138e-01
1.140378475189208984e+00
7.430820260196924210e-03
9.442520141601562500e-01
0.000000000000000000e+00
2.867201864719390869e-01
1.105452895164489746e+00
1.860644668340682983e-01
1.082567930221557617e+00
2.970286607742309570e-01
1.392742991447448730e+00
3.190502822399139404e-01
2.137759178876876831e-01
0.000000000000000000e+00
1.024377584457397461e+00
7.458105087280273438e-01
1.093378439545631409e-01
0.000000000000000000e+00
3.810407400131225586e+00
1.940128952264785767e-01
2.678497731685638428e-01
8.073361217975616455e-02
1.360813826322555542e-01
4.977227747440338135e-02
2.329581649973988533e-03
2.963629484176635742e+00
1.115812301635742188e+00
4.076391756534576416e-01
1.251239418983459473e+00
1.134160399436950684e+00
0.000000000000000000e+00
9.639331698417663574e-01
6.346136215142905712e-04
9.811779111623764038e-02
0.000000000000000000e+00
8.385512628592550755e-04
3.732861252501606941e-03
2.833634316921234131e-01
3.010327816009521484e-01
0.000000000000000000e+00
1.331983059644699097e-01
3.529553711414337158e-01
1.268252849578857422e+00
0.000000000000000000e+00
3.403841853141784668e-01
1.326637417078018188e-01
1.152112841606140137e+00
2.060271799564361572e-02
0.000000000000000000e+00
0.000000000000000000e+00
1.929234117269515991e-01
1.276013731956481934e+00
5.465662479400634766e-01
3.587356954813003540e-02
1.470359921455383301e+00
1.699006301350891590e-03
5.558085441589355469e-01
4.431515559554100037e-02
7.281725108623504639e-02
8.955936878919601440e-02
0.000000000000000000e+00
9.785614013671875000e-01
1.403717279434204102e+00
1.997555643320083618e-01
1.688584923744201660e+00
2.341136522591114044e-02
6.941394209861755371e-01
3.233960643410682678e-02
1.145158782601356506e-01
1.498051285743713379e-01
1.128299713134765625e+00
3.542569279670715332e-01
0.000000000000000000e+00
3.648517429828643799e-01
4.520074427127838135e-01
0.000000000000000000e+00
1.437634229660034180e+00
6.007299423217773438e-01
0.000000000000000000e+00
3.675574362277984619e-01
2.354625379666686058e-03
8.441358804702758789e-01
1.758770048618316650e-01
0.000000000000000000e+00
6.648305058479309082e-02
1.102680563926696777e+00
1.128293037414550781e+00
8.411481231451034546e-02
1.930690854787826538e-01
0.000000000000000000e+00
1.866489410400390625e+00
1.565823256969451904e-01
5.599414706230163574e-01
4.468157291412353516e-01
0.000000000000000000e+00
5.590680241584777832e-01
1.124898314476013184e+00
2.061677910387516022e-02
4.754566252231597900e-01
1.095580458641052246e+00
3.528957813978195190e-02
0.000000000000000000e+00
4.407014232128858566e-03
2.344774246215820312e+00
2.389028519392013550e-01
7.130452394485473633e-01
2.885085046291351318e-01
1.385916233062744141e+00
1.985055208206176758e+00
4.150269627571105957e-01
6.999608129262924194e-02
9.219986796379089355e-01
0.000000000000000000e+00
8.276854641735553741e-03
