7.913689017295837402e-01
0.000000000000000000e+00
7.740765064954757690e-02
2.870514869689941406e+00
1.065243855118751526e-01
4.134717285633087158e-01
1.227088093757629395e+00
3.027154922485351562e+00
6.501170635223388672e+00
2.048016786575317383e+00
3.127150833606719971e-01
1.911985278129577637e+00
2.897321581840515137e-01
2.538434863090515137e-01
2.843988418579101562e+00
4.124453663825988770e-01
8.508321046829223633e-01
1.706526398658752441e+00
9.268800020217895508e-01
7.203919813036918640e-03
4.481391012668609619e-01
0.000000000000000000e+00
6.357111781835556030e-02
2.702569484710693359e+00
1.422828733921051025e-01
0.000000000000000000e+00
2.006605640053749084e-02
1.419194102287292480e+00
2.159709483385086060e-01
4.615364968776702881e-02
0.000000000000000000e+00
7.731749676167964935e-03
5.156983137130737305e-01
5.227927118539810181e-02
3.723453581333160400e-01
4.405895233154296875e+00
2.948341667652130127e-01
6.297960877418518066e-02
7.885593920946121216e-02
5.140179991722106934e-01
3.102340102195739746e-01
1.241173148155212402e-01
2.215792983770370483e-01
2.591750621795654297e+00
3.341820240020751953e-01
1.376638293266296387e+00
3.850842714309692383e-01
1.322820782661437988e+00
5.658195018768310547e-01
2.217849016189575195e+00
2.912788867950439453e+00
0.000000000000000000e+00
1.721552014350891113e+00
2.449491992592811584e-02
2.091803789138793945e+00
3.322710096836090088e-01
2.430585324764251709e-01
1.297267824411392212e-01
2.380775451660156250e+00
3.549128174781799316e-01
3.551218509674072266e-01
4.620701819658279419e-02
1.078702583909034729e-01
1.315396666526794434e+00
1.706162691116333008e+00
1.092797040939331055e+00
0.000000000000000000e+00
2.600343525409698486e-01
8.406525254249572754e-01
1.222219586372375488e+00
0.000000000000000000e+00
3.607148826122283936e-01
1.951623857021331787e-01
1.995239853858947754e-01
3.370747864246368408e-01
1.808598041534423828e+00
0.000000000000000000e+00
6.589584946632385254e-01
0.000000000000000000e+00
1.327178955078125000e+00
2.104098945856094360e-01
6.608678102493286133e-01
2.365595340728759766e+00
7.596079376526176929e-05
2.912974119186401367e+00
2.911570370197296143e-01
1.755178093910217285e+00
1.197855025529861450e-01
8.325212001800537109e-01
5.141515430295839906e-05
8.257450535893440247e-03
5.660796072334051132e-03
0.000000000000000000e+00
0.000000000000000000e+00
9.369053840637207031e-01
1.254666805267333984e+00
6.924855113029479980e-01
1.479747533798217773e+00
5.681237205862998962e-02
7.036467641592025757e-02
0.000000000000000000e+00
2.593602538108825684e-01
1.051721572875976562e-01
1.636115074157714844e+00
9.256243109703063965e-01
9.402330964803695679e-02
2.079905271530151367e+00
2.933725714683532715e-01
3.489967882633209229e-01
1.258711814880371094e-01
2.130721092224121094e+00
0.000000000000000000e+00
7.813319563865661621e-01
7.654151916503906250e-01
8.131269812583923340e-01
9.592984616756439209e-02
9.110353887081146240e-02
3.667390644550323486e-01
1.156501054763793945e+00
2.224452018737792969e+00
4.209333956241607666e-01
4.840207397937774658e-01
0.000000000000000000e+00
2.197654008865356445e+00
1.486219912767410278e-01
2.090606451034545898e+00
1.711633405648171902e-03
2.337846904993057251e-02
1.970826745033264160e+00
2.784895896911621094e-01
2.714070379734039307e-01
1.040041089057922363e+00
2.719781100749969482e-01
3.518728315830230713e-01
8.927905559539794922e-02
0.000000000000000000e+00
3.978023305535316467e-02
4.812956809997558594e+00
0.000000000000000000e+00
8.510972559452056885e-02
6.635637879371643066e-01
2.792632579803466797e-01
1.758594989776611328e+00
0.000000000000000000e+00
5.791512131690979004e-02
4.390771687030792236e-01
1.172649741172790527e+00
7.122563719749450684e-01
1.732656598091125488e+00
3.734283447265625000e-01
5.177073478698730469e+00
3.451154530048370361e-01
1.230673909187316895e+00
4.053354263305664062e-01
2.125478029251098633e+00
1.555235266685485840e+00
4.313687980175018311e-01
1.345867812633514404e-01
3.130558490753173828e+00
2.009294629096984863e-01
6.763900071382522583e-02
8.743662834167480469e-01
2.703618407249450684e-01
6.601489335298538208e-02
2.857792973518371582e-01
5.746919661760330200e-02
0.000000000000000000e+00
0.000000000000000000e+00
1.859484672546386719e+00
1.796417236328125000e+00
4.014326632022857666e-01
1.947906240820884705e-02
1.561514101922512054e-03
1.250216841697692871e+00
4.808623492717742920e-01
9.103820800781250000e+00
4.027992021292448044e-03
0.000000000000000000e+00
1.317863762378692627e-01
2.405380271375179291e-02
4.579814150929450989e-02
2.303078323602676392e-01
1.125738322734832764e-01
2.350287914276123047e+00
4.807867705821990967e-01
0.000000000000000000e+00
0.000000000000000000e+00
1.638967633247375488e+00
0.000000000000000000e+00
1.741151441819965839e-03
0.000000000000000000e+00
2.798123285174369812e-02
1.069751501083374023e+00
4.575677216053009033e-01
9.929588437080383301e-02
2.055804580450057983e-01
1.227890610694885254e+00
1.890939623117446899e-01
3.977544009685516357e-01
1.049881100654602051e+00
1.541145920753479004e+00
9.894539713859558105e-01
2.358570694923400879e-01
2.144706845283508301e-01
2.111573070287704468e-01
7.127189636230468750e-02
1.182140633463859558e-01
3.730360791087150574e-02
7.795045524835586548e-02
2.371665239334106445e+00
0.000000000000000000e+00
1.268397718667984009e-01
3.395965993404388428e-01
9.731171727180480957e-01
5.037163496017456055e-01
5.846343636512756348e-01
4.125557243824005127e-01
6.160338521003723145e-01
1.450486183166503906e+00
1.539494037628173828e+00
0.000000000000000000e+00
6.526324898004531860e-02
1.329208016395568848e+00
7.656659930944442749e-02
8.256515264511108398e-01
0.000000000000000000e+00
9.923259168863296509e-02
7.407146692276000977e-02
4.614691250026226044e-03
3.711701370775699615e-03
2.427929937839508057e-01
3.385631740093231201e-01
2.314893007278442383e+00
2.802737474441528320e+00
1.003242373466491699e+00
7.958520054817199707e-01
2.038624763488769531e+00
6.738019585609436035e-01
9.077879786491394043e-02
6.472396850585937500e-01
1.439809352159500122e-01
2.162193655967712402e-01
3.537669032812118530e-02
1.477660298347473145e+00
1.668127030134201050e-01
2.781883180141448975e-01
6.097905039787292480e-01
0.000000000000000000e+00
2.434310436248779297e+00
1.141509652137756348e+00
1.103306412696838379e-01
1.257445812225341797e-01
6.771168112754821777e-02
3.265386223793029785e-01
1.681919932365417480e+00
8.883295953273773193e-02
1.190109760500490665e-03
0.000000000000000000e+00
0.000000000000000000e+00
2.607906796038150787e-02
1.197879076004028320e+00
2.701178789138793945e-01
0.000000000000000000e+00
7.190208882093429565e-02
0.000000000000000000e+00
2.897976711392402649e-02
2.400891542434692383e+00
0.000000000000000000e+00
8.598432540893554688e-01
1.262736506760120392e-02
1.782119512557983398e+00
1.704531721770763397e-02
1.083598732948303223e+00
4.670476913452148438e-02
3.568103909492492676e-01
4.694055616855621338e-01
3.416558960452675819e-03
3.060858249664306641e-01
1.533638477325439453e+00
4.419060051441192627e-02
5.518225952982902527e-03
6.459553837776184082e-01
3.480608761310577393e-01
9.762355685234069824e-02
2.884637713432312012e-01
3.653724491596221924e-01
1.835906028747558594e+00
6.030934862792491913e-03
1.340278238058090210e-01
2.839964255690574646e-02
1.173380970954895020e+00
2.542215585708618164e+00
6.271721124649047852e-01
0.000000000000000000e+00
4.276506230235099792e-02
4.557004868984222412e-01
3.232442140579223633e-01
3.765996694564819336e-01
1.916324496269226074e+00
5.834516525268554688e+00
6.797745227813720703e-01
2.362748682498931885e-01
3.854058682918548584e-01
2.302900701761245728e-01
0.000000000000000000e+00
1.200627833604812622e-01
3.955040592700242996e-03
0.000000000000000000e+00
2.011085161939263344e-03
4.546291530132293701e-01
1.635515987873077393e-01
0.000000000000000000e+00
1.268435735255479813e-03
1.265239953994750977e+00
2.369504272937774658e-01
1.636205017566680908e-01
0.000000000000000000e+00
6.645204126834869385e-02
9.442439079284667969e-01
1.379508376121520996e-01
1.198094129562377930e+00
0.000000000000000000e+00
2.827073633670806885e-02
1.402493715286254883e-01
5.130197852849960327e-02
8.455550074577331543e-01
8.421999216079711914e-02
0.000000000000000000e+00
8.692433834075927734e-01
1.046976447105407715e+00
2.669704705476760864e-02
3.995762020349502563e-02
7.216498255729675293e-02
1.268311962485313416e-02
2.000918379053473473e-03
4.689600765705108643e-01
1.807628035545349121e+00
4.677494242787361145e-02
1.177558302879333496e+00
8.771044611930847168e-01
3.705122694373130798e-02
0.000000000000000000e+00
7.145044207572937012e-02
6.719935219734907150e-03
1.177613973617553711e+00
1.692437291145324707e+00
1.065021976828575134e-01
0.000000000000000000e+00
4.422127455472946167e-02
4.244864284992218018e-01
9.383041858673095703e-01
8.945200443267822266e-01
2.205333262681961060e-01
0.000000000000000000e+00
1.742493733763694763e-02
9.278724789619445801e-01
0.000000000000000000e+00
3.053885102272033691e-01
0.000000000000000000e+00
4.714573323726654053e-01
4.563526213169097900e-01
2.285304013639688492e-03
1.780599653720855713e-01
6.656039357185363770e-01
6.737623810768127441e-01
8.212957382202148438e-01
8.967389464378356934e-01
1.417979598045349121e+00
2.399368286132812500e+00
0.000000000000000000e+00
4.751668572425842285e-01
2.067248582839965820e+00
8.451000452041625977e-01
4.471731781959533691e-01
7.804784178733825684e-01
0.000000000000000000e+00
1.984574832022190094e-02
0.000000000000000000e+00
5.350730419158935547e-01
6.523001194000244141e-01
0.000000000000000000e+00
3.825719594955444336e+00
2.791388034820556641e+00
1.302414894104003906e+00
5.168376024812459946e-03
1.339749217033386230e+00
1.516002509742975235e-02
0.000000000000000000e+00
0.000000000000000000e+00
1.188578680157661438e-01
8.160929381847381592e-02
1.631957665085792542e-02
0.000000000000000000e+00
8.524058014154434204e-02
7.642789930105209351e-02
6.072785258293151855e-01
1.053392529487609863e+00
2.542397975921630859e-01
1.540095657110214233e-01
2.475103855133056641e+00
5.160598084330558777e-02
7.413937449455261230e-01
0.000000000000000000e+00
2.685736119747161865e-01
1.189731836318969727e+00
1.949847191572189331e-01
1.397188782691955566e+00
2.867222428321838379e-01
1.564226984977722168e+00
5.001186728477478027e-01
6.832849234342575073e-02
0.000000000000000000e+00
8.637650012969970703e-01
1.464706659317016602e+00
1.872232705354690552e-01
5.818639695644378662e-02
3.360994338989257812e+00
8.995703421533107758e-03
4.042020738124847412e-01
7.504607737064361572e-02
5.027556791901588440e-02
1.760981976985931396e-01
0.000000000000000000e+00
2.947123050689697266e+00
1.246509194374084473e+00
7.198498845100402832e-01
1.005620479583740234e+00
2.119708061218261719e+00
1.291692443192005157e-02
1.362407922744750977e+00
0.000000000000000000e+00
1.341633871197700500e-02
2.735713496804237366e-02
0.000000000000000000e+00
0.000000000000000000e+00
9.406018257141113281e-02
7.968038916587829590e-01
3.647159412503242493e-02
3.986605629324913025e-02
2.439023256301879883e-01
2.122217893600463867e+00
0.000000000000000000e+00
3.133288323879241943e-01
7.870696485042572021e-02
1.656034946441650391e+00
3.804828599095344543e-02
0.000000000000000000e+00
1.338964048773050308e-02
1.711339503526687622e-01
1.528666615486145020e+00
1.302267014980316162e-01
9.209959534928202629e-04
1.977198600769042969e+00
0.000000000000000000e+00
4.506458938121795654e-01
1.482939813286066055e-02
3.050942718982696533e-02
1.561570763587951660e-01
0.000000000000000000e+00
1.382804036140441895e+00
1.652294874191284180e+00
4.713719189167022705e-01
2.675650835037231445e+00
8.740722201764583588e-03
1.370034933090209961e+00
0.000000000000000000e+00
5.622943490743637085e-02
2.553685307502746582e-01
1.749043345451354980e+00
5.949352979660034180e-01
0.000000000000000000e+00
7.846415042877197266e-01
1.190522387623786926e-01
0.000000000000000000e+00
2.469692468643188477e+00
5.145621895790100098e-01
0.000000000000000000e+00
1.418732404708862305e-01
1.560258911922574043e-03
9.290505647659301758e-01
1.279055327177047729e-01
7.691965904086828232e-03
1.045644506812095642e-01
1.061073303222656250e+00
1.130293011665344238e+00
0.000000000000000000e+00
3.301697969436645508e-01
7.380568981170654297e-02
1.220520019531250000e+00
6.259191781282424927e-02
1.517523080110549927e-01
8.346707820892333984e-01
5.336312577128410339e-03
6.132435798645019531e-01
9.419178962707519531e-01
0.000000000000000000e+00
1.760123521089553833e-01
1.620026230812072754e+00
2.139992415904998779e-01
0.000000000000000000e+00
7.323245052248239517e-03
1.153776049613952637e+00
9.838456660509109497e-02
8.882815837860107422e-01
2.108329385519027710e-01
1.970952510833740234e+00
2.516815185546875000e+00
3.986285030841827393e-01
2.826706767082214355e-01
4.094608724117279053e-01
0.000000000000000000e+00
0.000000000000000000e+00
