6.362277865409851074e-01
0.000000000000000000e+00
7.071655988693237305e-02
2.987059354782104492e+00
1.988576799631118774e-01
1.462298780679702759e-01
6.010043621063232422e-01
2.557812452316284180e+00
5.933076858520507812e+00
1.298641681671142578e+00
3.056603372097015381e-01
1.863730549812316895e+00
1.882856525480747223e-02
4.815610945224761963e-01
2.758804559707641602e+00
3.496246635913848877e-01
9.962159395217895508e-01
2.541870594024658203e+00
1.296542763710021973e+00
1.333790860371664166e-04
9.419775009155273438e-01
0.000000000000000000e+00
8.064325898885726929e-03
2.023256778717041016e+00
4.876124113798141479e-02
0.000000000000000000e+00
1.100429520010948181e-01
2.249257802963256836e+00
3.491997346282005310e-02
0.000000000000000000e+00
0.000000000000000000e+00
0.000000000000000000e+00
4.477180540561676025e-01
0.000000000000000000e+00
8.464536815881729126e-02
3.937618255615234375e+00
3.679381310939788818e-01
2.069707363843917847e-01
2.995796799659729004e-01
3.155192136764526367e-01
2.719862163066864014e-01
7.355285882949829102e-01
4.256411194801330566e-01
2.947770595550537109e+00
1.897482722997665405e-01
1.029843330383300781e+00
3.377432823181152344e-01
8.741883635520935059e-01
2.599866688251495361e-01
1.708747029304504395e+00
2.163899660110473633e+00
0.000000000000000000e+00
1.660996079444885254e+00
1.534797018393874168e-03
2.045337200164794922e+00
6.261695176362991333e-02
9.524670243263244629e-02
2.142099589109420776e-01
1.739986896514892578e+00
8.404414057731628418e-01
1.430768519639968872e-01
4.004578664898872375e-02
2.035561390221118927e-02
1.179512739181518555e+00
1.564647078514099121e+00
9.672715663909912109e-01
0.000000000000000000e+00
2.795473635196685791e-01
7.479883432388305664e-01
8.726901412010192871e-01
0.000000000000000000e+00
1.332320924848318100e-02
2.553878128528594971e-01
9.249383211135864258e-02
3.090420365333557129e-01
1.906522154808044434e+00
2.115148818120360374e-03
5.256575942039489746e-01
2.222565747797489166e-02
1.181654572486877441e+00
1.209504604339599609e-01
3.574184477329254150e-01
2.313103914260864258e+00
1.964372023940086365e-02
2.628654479980468750e+00
0.000000000000000000e+00
2.019128322601318359e+00
3.417816013097763062e-02
5.481067895889282227e-01
0.000000000000000000e+00
1.114610489457845688e-02
5.146452784538269043e-02
0.000000000000000000e+00
0.000000000000000000e+00
4.599751830101013184e-01
2.896735072135925293e-01
1.194357037544250488e+00
5.695751905441284180e-01
0.000000000000000000e+00
0.000000000000000000e+00
0.000000000000000000e+00
3.623310029506683350e-01
8.120488375425338745e-03
9.047840237617492676e-01
9.054464101791381836e-01
1.915654093027114868e-01
1.897241473197937012e+00
2.509941458702087402e-01
4.332345426082611084e-01
4.352903738617897034e-02
1.739004135131835938e+00
0.000000000000000000e+00
7.142941355705261230e-01
7.317444086074829102e-01
6.347601413726806641e-01
1.164291873574256897e-01
0.000000000000000000e+00
2.436657808721065521e-02
1.189638897776603699e-01
2.851022720336914062e+00
3.840687870979309082e-01
7.794588059186935425e-02
5.849409848451614380e-03
1.754936337471008301e+00
1.390723437070846558e-01
1.832571506500244141e+00
0.000000000000000000e+00
2.530169673264026642e-03
2.212820291519165039e+00
2.422660589218139648e-01
1.726460307836532593e-01
1.012720704078674316e+00
5.630724504590034485e-02
6.826149672269821167e-02
3.194715380668640137e-01
0.000000000000000000e+00
9.588373452425003052e-02
5.657643795013427734e+00
0.000000000000000000e+00
2.702249288558959961e-01
5.362885594367980957e-01
1.803493648767471313e-01
1.962071180343627930e+00
0.000000000000000000e+00
4.000851139426231384e-02
6.755949258804321289e-01
1.154348015785217285e+00
9.875958561897277832e-01
1.097763776779174805e+00
8.038382232189178467e-02
5.865117073059082031e+00
2.440390586853027344e-01
8.304810523986816406e-01
4.162651002407073975e-01
2.413240909576416016e+00
1.470581650733947754e+00
8.728937059640884399e-02
6.756397336721420288e-02
3.090894937515258789e+00
5.372602492570877075e-03
1.419889479875564575e-01
1.486305713653564453e+00
1.025512576103210449e+00
3.983725607395172119e-01
5.528153106570243835e-02
7.558046281337738037e-02
0.000000000000000000e+00
0.000000000000000000e+00
1.606719613075256348e+00
2.558674097061157227e+00
4.444273114204406738e-01
0.000000000000000000e+00
0.000000000000000000e+00
1.379779577255249023e+00
3.937287256121635437e-02
9.338146209716796875e+00
0.000000000000000000e+00
9.292872622609138489e-03
1.326442230492830276e-02
9.501184523105621338e-02
2.497610449790954590e-02
1.234572827816009521e-01
0.000000000000000000e+00
1.616601347923278809e+00
3.370223045349121094e-01
0.000000000000000000e+00
9.684703312814235687e-03
1.325139284133911133e+00
0.000000000000000000e+00
1.715987361967563629e-02
0.000000000000000000e+00
0.000000000000000000e+00
9.931727647781372070e-01
5.377852320671081543e-01
1.144771575927734375e-01
1.429202128201723099e-02
1.125666022300720215e+00
2.152111828327178955e-01
8.377585560083389282e-02
1.599768161773681641e+00
1.677088856697082520e+00
6.871629953384399414e-01
5.328851938247680664e-01
2.924237549304962158e-01
1.277722604572772980e-02
1.324175763875246048e-02
1.390849500894546509e-01
1.693456918001174927e-01
0.000000000000000000e+00
2.487295627593994141e+00
1.045434828847646713e-02
1.964918524026870728e-02
2.294119894504547119e-01
3.692099153995513916e-01
1.118384480476379395e+00
7.720090746879577637e-01
2.273006737232208252e-01
3.305024802684783936e-01
1.424718260765075684e+00
1.438156723976135254e+00
0.000000000000000000e+00
2.642825432121753693e-02
8.631739020347595215e-01
0.000000000000000000e+00
4.737090170383453369e-01
0.000000000000000000e+00
1.070376411080360413e-01
1.298318505287170410e-01
0.000000000000000000e+00
0.000000000000000000e+00
3.315897583961486816e-01
2.467447370290756226e-01
1.310930490493774414e+00
2.871063709259033203e+00
5.407503843307495117e-01
9.309491515159606934e-01
2.053119421005249023e+00
5.750764012336730957e-01
4.595420788973569870e-03
9.295519590377807617e-01
1.302333921194076538e-01
2.553737759590148926e-01
0.000000000000000000e+00
1.875345587730407715e+00
4.002616107463836670e-01
2.462528198957443237e-01
7.767981290817260742e-01
5.614529363811016083e-03
1.782317161560058594e+00
1.743351817131042480e+00
4.772510379552841187e-02
1.289996057748794556e-01
7.844489067792892456e-02
1.613614112138748169e-01
9.643792510032653809e-01
1.330529153347015381e-02
0.000000000000000000e+00
0.000000000000000000e+00
0.000000000000000000e+00
4.777238704264163971e-03
1.182218551635742188e+00
2.117717415094375610e-01
8.417018502950668335e-02
1.232749689370393753e-02
0.000000000000000000e+00
8.256459608674049377e-03
2.959407567977905273e+00
0.000000000000000000e+00
9.797821640968322754e-01
0.000000000000000000e+00
1.367917656898498535e+00
5.570612382143735886e-03
1.210937976837158203e+00
5.017692968249320984e-02
2.192519456148147583e-01
1.700405776500701904e-01
0.000000000000000000e+00
4.235415533185005188e-02
1.415972948074340820e+00
0.000000000000000000e+00
0.000000000000000000e+00
7.827624082565307617e-01
1.865629553794860840e-01
8.336898870766162872e-03
2.455248087644577026e-01
3.394106924533843994e-01
2.025375604629516602e+00
3.738792845979332924e-03
2.746552824974060059e-01
0.000000000000000000e+00
1.444958448410034180e+00
2.074626445770263672e+00
2.671800255775451660e-01
0.000000000000000000e+00
4.054865799844264984e-03
3.411332666873931885e-01
6.809655576944351196e-02
3.262841403484344482e-01
1.695800781250000000e+00
5.491504669189453125e+00
7.697021365165710449e-01
3.166480958461761475e-01
1.536854170262813568e-02
1.242107376456260681e-01
0.000000000000000000e+00
5.925185512751340866e-03
0.000000000000000000e+00
0.000000000000000000e+00
9.630683809518814087e-03
1.144973412156105042e-01
4.735374450683593750e-01
0.000000000000000000e+00
6.214340403676033020e-02
1.334673762321472168e+00
1.666333079338073730e-01
9.766077995300292969e-02
0.000000000000000000e+00
5.948186293244361877e-02
8.226229548454284668e-01
1.323676705360412598e-01
1.347398996353149414e+00
0.000000000000000000e+00
6.564529612660408020e-03
1.516797393560409546e-01
7.026036083698272705e-02
9.240178465843200684e-01
2.025066129863262177e-02
0.000000000000000000e+00
1.071562290191650391e+00
5.296684503555297852e-01
0.000000000000000000e+00
7.677809149026870728e-02
0.000000000000000000e+00
0.000000000000000000e+00
0.000000000000000000e+00
4.014901816844940186e-01
1.645125627517700195e+00
3.075623884797096252e-02
9.219139814376831055e-01
7.311707735061645508e-01
8.108917623758316040e-03
0.000000000000000000e+00
1.982705667614936829e-02
4.419632628560066223e-02
9.315322637557983398e-01
1.258159518241882324e+00
1.746608875691890717e-02
7.771567907184362411e-03
0.000000000000000000e+00
5.060946941375732422e-01
6.986333727836608887e-01
1.697553277015686035e+00
5.840244889259338379e-02
9.340826421976089478e-03
1.441937685012817383e-02
1.029085516929626465e+00
0.000000000000000000e+00
3.094709813594818115e-01
0.000000000000000000e+00
2.657483518123626709e-01
2.527492344379425049e-01
5.409197881817817688e-02
1.744116544723510742e-01
3.920958638191223145e-01
1.087542057037353516e+00
1.120189666748046875e+00
5.629552006721496582e-01
1.145799398422241211e+00
2.088744163513183594e+00
0.000000000000000000e+00
5.421000123023986816e-01
1.523204803466796875e+00
5.768621563911437988e-01
3.588130772113800049e-01
5.497336983680725098e-01
0.000000000000000000e+00
1.371457707136869431e-02
0.000000000000000000e+00
3.928935229778289795e-01
4.279938340187072754e-01
2.858076803386211395e-02
3.536888837814331055e+00
3.356992483139038086e+00
1.049664258956909180e+00
0.000000000000000000e+00
6.711636781692504883e-01
2.229131199419498444e-02
0.000000000000000000e+00
0.000000000000000000e+00
5.021182447671890259e-02
1.430167108774185181e-01
0.000000000000000000e+00
0.000000000000000000e+00
3.188512027263641357e-01
4.097658768296241760e-02
1.233892291784286499e-01
1.560263514518737793e+00
1.555449664592742920e-01
1.755633205175399780e-02
1.669710397720336914e+00
1.359085086733102798e-02
1.389013886451721191e+00
0.000000000000000000e+00
3.126689195632934570e-01
9.115931987762451172e-01
3.711076080799102783e-01
1.351089000701904297e+00
3.734226524829864502e-01
1.819313526153564453e+00
1.480350494384765625e-01
2.348929941654205322e-01
0.000000000000000000e+00
6.549565196037292480e-01
1.103014707565307617e+00
2.162645906209945679e-01
0.000000000000000000e+00
3.086691141128540039e+00
3.068925999104976654e-02
1.836360543966293335e-01
3.319641109555959702e-03
1.927582621574401855e-01
7.807704061269760132e-02
0.000000000000000000e+00
2.599069595336914062e+00
1.166620016098022461e+00
1.248390823602676392e-01
4.816745817661285400e-01
2.002550363540649414e+00
0.000000000000000000e+00
8.183590173721313477e-01
0.000000000000000000e+00
1.402808167040348053e-02
0.000000000000000000e+00
0.000000000000000000e+00
7.423257920891046524e-03
6.321246922016143799e-02
1.840741485357284546e-01
0.000000000000000000e+00
0.000000000000000000e+00
2.114648222923278809e-01
2.045611381530761719e+00
0.000000000000000000e+00
1.077263876795768738e-01
5.867604166269302368e-02
1.420943617820739746e+00
9.458828717470169067e-02
0.000000000000000000e+00
0.000000000000000000e+00
4.602875113487243652e-01
2.016715288162231445e+00
6.013064980506896973e-01
0.000000000000000000e+00
1.799004793167114258e+00
0.000000000000000000e+00
5.596624016761779785e-01
4.969461821019649506e-03
6.331327557563781738e-02
2.744771726429462433e-02
0.000000000000000000e+00
7.847003936767578125e-01
1.190117001533508301e+00
2.793823480606079102e-01
2.106070995330810547e+00
7.886226288974285126e-03
1.328546643257141113e+00
0.000000000000000000e+00
3.546969592571258545e-02
2.143781632184982300e-01
8.595565557479858398e-01
5.795924067497253418e-01
0.000000000000000000e+00
2.172172218561172485e-01
4.022442921996116638e-02
1.632116436958312988e-01
2.218448877334594727e+00
2.378756850957870483e-01
1.731373555958271027e-02
3.666446805000305176e-01
2.924543991684913635e-02
9.962577819824218750e-01
2.976018562912940979e-02
0.000000000000000000e+00
6.286349892616271973e-02
9.548658728599548340e-01
1.714531064033508301e+00
0.000000000000000000e+00
4.704585075378417969e-01
5.212474148720502853e-03
1.281179308891296387e+00
1.044389754533767700e-01
4.613482356071472168e-01
9.117658734321594238e-01
0.000000000000000000e+00
7.440707683563232422e-01
3.618125915527343750e-01
1.230221167206764221e-01
2.136197313666343689e-02
1.013337254524230957e+00
1.072155907750129700e-01
0.000000000000000000e+00
8.567105978727340698e-02
2.345339536666870117e+00
0.000000000000000000e+00
1.473920464515686035e+00
5.284344553947448730e-01
1.451618552207946777e+00
2.947139739990234375e+00
9.053598046302795410e-01
3.618022426962852478e-03
6.654007434844970703e-01
0.000000000000000000e+00
6.664498709142208099e-03
