7.932435274124145508e-01
7.768901996314525604e-03
2.158810943365097046e-01
2.907768011093139648e+00
2.952227927744388580e-02
1.897575706243515015e-01
1.137018561363220215e+00
2.853921890258789062e+00
5.726716041564941406e+00
1.530273079872131348e+00
1.344654411077499390e-01
1.877166986465454102e+00
9.904757142066955566e-02
3.091563284397125244e-01
2.226168632507324219e+00
1.533972322940826416e-01
7.748827338218688965e-01
1.349892139434814453e+00
1.076716184616088867e+00
2.189456427004188299e-04
3.958344757556915283e-01
0.000000000000000000e+00
2.742743492126464844e-01
2.515013933181762695e+00
2.609532177448272705e-01
0.000000000000000000e+00
2.475410001352429390e-03
6.779043078422546387e-01
6.569045782089233398e-02
1.908328384160995483e-03
0.000000000000000000e+00
0.000000000000000000e+00
8.397751450538635254e-01
3.620614996179938316e-03
2.005430757999420166e-01
3.634572505950927734e+00
3.560551404953002930e-01
1.640065610408782959e-01
3.450463712215423584e-01
3.331871032714843750e-01
2.705172002315521240e-01
3.369024693965911865e-01
3.484252691268920898e-01
2.076784133911132812e+00
2.464426308870315552e-01
1.085199594497680664e+00
2.201676964759826660e-01
1.837898015975952148e+00
2.138246893882751465e-01
1.607606768608093262e+00
1.933107972145080566e+00
0.000000000000000000e+00
1.447082161903381348e+00
0.000000000000000000e+00
2.393541097640991211e+00
1.866469383239746094e-01
5.555064231157302856e-02
7.001053541898727417e-02
2.505243778228759766e+00
3.220312893390655518e-01
1.385088264942169189e-01
1.804512143135070801e-01
3.518374562263488770e-01
9.126555323600769043e-01
1.103148102760314941e+00
5.790476799011230469e-01
2.882113493978977203e-02
1.110163852572441101e-01
6.970812082290649414e-01
8.247012495994567871e-01
0.000000000000000000e+00
1.050397870130836964e-03
1.011229157447814941e-01
2.636323682963848114e-02
5.699099898338317871e-01
1.682520031929016113e+00
6.810341496020555496e-03
7.332239747047424316e-01
6.990922987461090088e-02
1.035520672798156738e+00
3.069901764392852783e-01
4.191214740276336670e-01
2.547732830047607422e+00
2.446352690458297729e-02
3.097225904464721680e+00
2.403793483972549438e-02
1.224907636642456055e+00
5.031353607773780823e-02
6.580913066864013672e-01
1.016552373766899109e-01
8.439548546448349953e-04
0.000000000000000000e+00
0.000000000000000000e+00
0.000000000000000000e+00
5.514711737632751465e-01
6.180766820907592773e-01
1.284890770912170410e+00
1.332318186759948730e+00
1.286772452294826508e-02
1.963991224765777588e-01
0.000000000000000000e+00
1.354617625474929810e-01
1.356231272220611572e-01
1.738767504692077637e+00
1.065121769905090332e+00
2.618252336978912354e-01
1.767455101013183594e+00
2.248705029487609863e-01
2.579648792743682861e-01
2.629722356796264648e-01
1.728770375251770020e+00
3.986079618334770203e-02
9.537849426269531250e-01
9.495611190795898438e-01
8.808246254920959473e-01
6.301917135715484619e-02
2.865515090525150299e-02
1.293302476406097412e-01
5.424746274948120117e-01
2.055904865264892578e+00
8.245945721864700317e-02
5.105263590812683105e-01
5.709176138043403625e-02
1.977365374565124512e+00
1.321437060832977295e-01
2.065278530120849609e+00
0.000000000000000000e+00
8.945925533771514893e-02
1.660750627517700195e+00
1.071534156799316406e-01
1.730247139930725098e-01
1.361786842346191406e+00
4.977066069841384888e-03
2.415517270565032959e-01
1.248539686203002930e-01
0.000000000000000000e+00
2.974148392677307129e-01
4.520155906677246094e+00
0.000000000000000000e+00
2.118140012025833130e-01
8.444084525108337402e-01
3.731748163700103760e-01
1.912059307098388672e+00
4.464268684387207031e-02
0.000000000000000000e+00
4.858926832675933838e-01
7.775518894195556641e-01
1.435319781303405762e+00
1.935592770576477051e+00
1.597317904233932495e-01
4.734206676483154297e+00
5.170788615942001343e-02
1.342446327209472656e+00
2.481472045183181763e-01
2.158941268920898438e+00
1.101395845413208008e+00
2.590279281139373779e-01
6.809937208890914917e-02
2.543505191802978516e+00
8.989716297946870327e-04
2.291726693511009216e-02
9.963153004646301270e-01
5.626335740089416504e-01
8.171677589416503906e-02
3.183443546295166016e-01
4.568067938089370728e-02
0.000000000000000000e+00
0.000000000000000000e+00
1.478105902671813965e+00
1.416569232940673828e+00
3.301311731338500977e-01
7.995932537596672773e-05
0.000000000000000000e+00
8.502609133720397949e-01
4.723612666130065918e-01
9.339706420898437500e+00
0.000000000000000000e+00
1.425347290933132172e-02
0.000000000000000000e+00
1.105851680040359497e-01
1.222525816410779953e-02
4.244862869381904602e-02
0.000000000000000000e+00
1.761002540588378906e+00
6.400582194328308105e-01
0.000000000000000000e+00
1.366888987831771374e-03
2.439864397048950195e+00
0.000000000000000000e+00
0.000000000000000000e+00
0.000000000000000000e+00
0.000000000000000000e+00
9.366895556449890137e-01
4.138685762882232666e-01
1.453725546598434448e-01
0.000000000000000000e+00
1.048754692077636719e+00
5.089140534400939941e-01
1.206514015793800354e-01
1.952139735221862793e+00
1.261472702026367188e+00
9.770877957344055176e-01
1.290903985500335693e-01
1.086140125989913940e-01
9.155124425888061523e-03
1.885191500186920166e-01
1.914098709821701050e-01
7.204575091600418091e-02
2.174603939056396484e-02
2.000756740570068359e+00
1.109836436808109283e-02
1.047988086938858032e-01
1.767564713954925537e-01
7.784458994865417480e-01
5.611123442649841309e-01
3.469273746013641357e-01
2.892702519893646240e-01
6.033847332000732422e-01
1.457922101020812988e+00
7.357984185218811035e-01
0.000000000000000000e+00
1.597600281238555908e-01
8.223445415496826172e-01
3.598419576883316040e-02
6.054777503013610840e-01
0.000000000000000000e+00
4.797084331512451172e-01
3.496918827295303345e-02
0.000000000000000000e+00
0.000000000000000000e+00
4.219389557838439941e-01
2.854795157909393311e-01
1.843140244483947754e+00
1.950887680053710938e+00
9.985591173171997070e-01
6.923672556877136230e-01
2.337688446044921875e+00
1.048989295959472656e+00
1.155863925814628601e-01
1.029973268508911133e+00
1.934951692819595337e-01
2.235877662897109985e-01
0.000000000000000000e+00
1.818293809890747070e+00
3.311359882354736328e-01
1.935278624296188354e-01
9.132375717163085938e-01
0.000000000000000000e+00
1.971340060234069824e+00
1.120743274688720703e+00
1.212869733572006226e-01
1.546086668968200684e-01
0.000000000000000000e+00
8.411712944507598877e-02
1.034989595413208008e+00
5.119475349783897400e-02
3.534883726388216019e-03
0.000000000000000000e+00
6.522524636238813400e-03
2.083592815324664116e-03
8.652194142341613770e-01
5.548119544982910156e-01
3.162435069680213928e-02
7.139568217098712921e-03
0.000000000000000000e+00
9.208295494318008423e-03
2.956837415695190430e+00
0.000000000000000000e+00
2.343523025512695312e+00
1.060793921351432800e-01
1.612812519073486328e+00
3.651162609457969666e-02
1.073654174804687500e+00
2.079746276140213013e-01
1.841173768043518066e-01
1.255232840776443481e-01
7.614560425281524658e-02
3.099360764026641846e-01
1.191575527191162109e+00
1.207436528056859970e-02
1.083569586626254022e-04
9.699589014053344727e-01
2.310700267553329468e-01
9.695516899228096008e-03
3.013681471347808838e-01
2.262410074472427368e-01
1.966930150985717773e+00
0.000000000000000000e+00
3.576598465442657471e-01
0.000000000000000000e+00
1.403322815895080566e+00
2.117324829101562500e+00
6.607303023338317871e-01
0.000000000000000000e+00
1.792549528181552887e-02
2.670884132385253906e-01
3.121598660945892334e-01
8.001832664012908936e-02
1.836296796798706055e+00
5.281573772430419922e+00
7.796941995620727539e-01
2.291983664035797119e-01
4.015336632728576660e-01
1.387308388948440552e-01
2.761678770184516907e-02
8.596580475568771362e-03
5.792313441634178162e-02
0.000000000000000000e+00
2.930477634072303772e-02
2.953922152519226074e-01
2.174914255738258362e-02
0.000000000000000000e+00
1.613804399967193604e-01
1.006087183952331543e+00
2.521322853863239288e-02
2.340814322233200073e-01
0.000000000000000000e+00
6.106888875365257263e-02
3.257312178611755371e-01
7.870029658079147339e-03
1.795547962188720703e+00
0.000000000000000000e+00
0.000000000000000000e+00
2.872436940670013428e-01
1.290320139378309250e-02
3.680870234966278076e-01
4.629427939653396606e-02
0.000000000000000000e+00
9.019610881805419922e-01
8.118991851806640625e-01
1.589029096066951752e-02
8.695691823959350586e-03
1.031526830047369003e-02
0.000000000000000000e+00
3.607863560318946838e-03
6.848852634429931641e-01
1.648887157440185547e+00
3.208264335989952087e-02
7.340158820152282715e-01
5.126965641975402832e-01
1.898736692965030670e-03
0.000000000000000000e+00
6.963233463466167450e-04
2.106329239904880524e-02
9.862422943115234375e-01
1.439785718917846680e+00
4.700139164924621582e-02
1.076023909263312817e-03
0.000000000000000000e+00
4.307959973812103271e-01
9.585741758346557617e-01
1.092347860336303711e+00
8.517808467149734497e-02
5.401724483817815781e-03
1.810109126381576061e-03
9.612084627151489258e-01
0.000000000000000000e+00
1.708871424198150635e-01
0.000000000000000000e+00
2.938764393329620361e-01
4.450840055942535400e-01
1.382522881031036377e-01
1.273949258029460907e-02
5.939332246780395508e-01
6.022884845733642578e-01
7.905024290084838867e-01
7.083349823951721191e-01
1.185964703559875488e+00
1.951021432876586914e+00
4.407441243529319763e-03
2.089463770389556885e-01
1.911152958869934082e+00
3.539138138294219971e-01
4.283288121223449707e-01
5.529047250747680664e-01
0.000000000000000000e+00
7.637093961238861084e-02
0.000000000000000000e+00
3.161109685897827148e-01
8.447906970977783203e-01
3.219764039386063814e-04
3.326652050018310547e+00
3.616135120391845703e+00
1.385564446449279785e+00
2.329569309949874878e-02
6.021998524665832520e-01
7.787958718836307526e-03
0.000000000000000000e+00
0.000000000000000000e+00
3.522388264536857605e-02
4.065629467368125916e-02
1.488883141428232193e-02
0.000000000000000000e+00
5.808006227016448975e-02
1.078936904668807983e-01
4.194967150688171387e-01
9.851310849189758301e-01
1.297791451215744019e-01
1.379433274269104004e-01
1.934623241424560547e+00
1.865505278110504150e-01
1.268924593925476074e+00
0.000000000000000000e+00
3.010192215442657471e-01
1.148694753646850586e+00
7.828097045421600342e-02
1.103161692619323730e+00
2.333194166421890259e-01
1.565189599990844727e+00
4.483394920825958252e-01
2.970124222338199615e-02
7.390834856778383255e-03
9.232965111732482910e-01
8.663083314895629883e-01
2.342828512191772461e-01
0.000000000000000000e+00
2.239434242248535156e+00
1.974473148584365845e-02
8.213867992162704468e-02
3.999989014118909836e-03
9.942482225596904755e-03
1.756817549467086792e-01
0.000000000000000000e+00
2.781956434249877930e+00
5.221686959266662598e-01
2.045544534921646118e-01
5.758203864097595215e-01
2.297157049179077148e+00
0.000000000000000000e+00
7.659246325492858887e-01
1.760269328951835632e-02
1.323832124471664429e-01
0.000000000000000000e+00
0.000000000000000000e+00
1.860095653682947159e-03
1.863910704851150513e-01
7.620372623205184937e-02
0.000000000000000000e+00
0.000000000000000000e+00
5.694088339805603027e-01
1.920272469520568848e+00
0.000000000000000000e+00
2.371176630258560181e-01
3.165552020072937012e-02
1.687089204788208008e+00
1.958427391946315765e-02
1.907758228480815887e-02
4.209665209054946899e-02
2.102579474449157715e-01
1.753931760787963867e+00
1.132694259285926819e-01
3.625845303758978844e-03
2.240276575088500977e+00
0.000000000000000000e+00
3.229477405548095703e-01
1.386857498437166214e-02
2.800363600254058838e-01
1.481148600578308105e-02
0.000000000000000000e+00
5.697079300880432129e-01
1.025204062461853027e+00
6.520119905471801758e-01
2.019379615783691406e+00
6.733238697052001953e-03
1.971273303031921387e+00
0.000000000000000000e+00
1.421180516481399536e-01
1.507780402898788452e-01
1.024816513061523438e+00
2.571645677089691162e-01
4.606122616678476334e-03
2.858280539512634277e-01
2.897801622748374939e-02
3.053166903555393219e-02
1.947510361671447754e+00
6.365401744842529297e-01
7.117987610399723053e-03
1.785171627998352051e-01
6.658250093460083008e-02
1.252768635749816895e+00
3.015167415142059326e-01
0.000000000000000000e+00
1.984048932790756226e-01
6.036304235458374023e-01
1.518904685974121094e+00
2.670984715223312378e-03
6.916552186012268066e-01
0.000000000000000000e+00
6.913208961486816406e-01
1.821415573358535767e-01
4.571632742881774902e-01
1.389117956161499023e+00
0.000000000000000000e+00
8.093863129615783691e-01
1.050503611564636230e+00
1.139126867055892944e-01
1.008954867720603943e-01
1.014468312263488770e+00
6.117211189121007919e-03
0.000000000000000000e+00
0.000000000000000000e+00
1.309865951538085938e+00
0.000000000000000000e+00
1.092136025428771973e+00
2.807389199733734131e-01
1.422119140625000000e+00
3.557268381118774414e+00
5.850378274917602539e-01
6.418870389461517334e-02
3.112418651580810547e-01
0.000000000000000000e+00
6.554455612786114216e-04
