1.656269580125808716e-01
0.000000000000000000e+00
2.215770771726965904e-03
2.358767509460449219e+00
4.950093626976013184e-01
5.028508901596069336e-01
4.520705640316009521e-01
2.951428651809692383e+00
6.798170089721679688e+00
1.527394771575927734e+00
3.104027360677719116e-02
1.641698956489562988e+00
1.675677597522735596e-01
9.642962813377380371e-01
2.738792419433593750e+00
1.121127009391784668e+00
8.898676633834838867e-01
2.414295673370361328e+00
1.036299586296081543e+00
2.494015991687774658e-01
1.109716892242431641e+00
9.754095971584320068e-02
4.766230657696723938e-02
2.655645608901977539e+00
2.226739823818206787e-01
0.000000000000000000e+00
1.308422684669494629e-01
2.283202171325683594e+00
5.809139013290405273e-01
2.984714508056640625e-02
0.000000000000000000e+00
0.000000000000000000e+00
1.573803424835205078e+00
3.041544258594512939e-01
3.367028832435607910e-01
2.884924411773681641e+00
3.094497025012969971e-01
1.067093573510646820e-02
2.174731642007827759e-01
2.467800825834274292e-01
1.996793448925018311e-01
6.861825287342071533e-02
2.817485332489013672e-01
3.724696397781372070e+00
1.336379349231719971e-01
8.669724464416503906e-01
4.048433899879455566e-01
7.493871450424194336e-01
8.681980893015861511e-03
1.788093090057373047e+00
2.972460985183715820e+00
0.000000000000000000e+00
1.546593189239501953e+00
0.000000000000000000e+00
1.387734413146972656e+00
2.671547234058380127e-01
8.763167262077331543e-01
7.126796245574951172e-02
1.313580513000488281e+00
5.458450913429260254e-01
3.286851346492767334e-01
3.642894923686981201e-01
3.783108666539192200e-02
1.036713600158691406e+00
1.281988382339477539e+00
7.142267823219299316e-01
8.860482485033571720e-04
3.225230574607849121e-01
4.098297357559204102e-01
6.241033077239990234e-01
2.100399462506175041e-03
2.122301310300827026e-01
4.958691298961639404e-01
4.665415585041046143e-01
1.155980229377746582e+00
8.910513520240783691e-01
1.498391386121511459e-03
1.034060597419738770e+00
7.225212454795837402e-01
1.026975989341735840e+00
0.000000000000000000e+00
7.208273410797119141e-01
2.323052883148193359e+00
4.196544587612152100e-01
1.666261315345764160e+00
2.544520236551761627e-02
1.806607604026794434e+00
4.260312393307685852e-02
7.114285826683044434e-01
8.496779948472976685e-02
1.252304017543792725e-01
3.260019719600677490e-01
0.000000000000000000e+00
0.000000000000000000e+00
8.450170755386352539e-01
7.501243054866790771e-02
6.398591399192810059e-01
6.681551337242126465e-01
7.023622095584869385e-02
0.000000000000000000e+00
6.120805628597736359e-04
1.654416322708129883e-01
3.519278392195701599e-02
5.503150224685668945e-01
1.166751861572265625e+00
3.805486485362052917e-02
1.402696847915649414e+00
2.326266914606094360e-01
5.952143669128417969e-01
6.082588061690330505e-02
1.309780359268188477e+00
1.017201878130435944e-02
5.562928915023803711e-01
6.831342577934265137e-01
2.462829351425170898e-01
4.024266079068183899e-02
2.023470103740692139e-01
9.038995206356048584e-02
4.933590590953826904e-01
1.889644503593444824e+00
1.472196102142333984e+00
1.737317442893981934e-01
3.817883320152759552e-03
1.370831966400146484e+00
8.378894925117492676e-01
4.325025677680969238e-01
0.000000000000000000e+00
3.938783407211303711e-01
1.875838756561279297e+00
5.708080157637596130e-02
2.887975424528121948e-02
1.582824140787124634e-01
1.221416667103767395e-01
2.490593865513801575e-02
7.999452203512191772e-02
5.750859156250953674e-03
8.041011542081832886e-02
5.132243633270263672e+00
0.000000000000000000e+00
7.257957011461257935e-02
1.720812171697616577e-02
5.801741480827331543e-01
1.153073072433471680e+00
0.000000000000000000e+00
7.230878472328186035e-01
5.189682245254516602e-01
9.886663556098937988e-01
4.376120269298553467e-01
8.448501825332641602e-01
2.858662009239196777e-01
5.411400318145751953e+00
4.010100066661834717e-01
1.368089616298675537e-01
3.178240954875946045e-01
1.717456221580505371e+00
8.691007494926452637e-01
5.214854478836059570e-01
2.598939239978790283e-01
2.122335910797119141e+00
2.380153387784957886e-01
1.976622268557548523e-02
1.124948620796203613e+00
4.449618160724639893e-01
2.790472507476806641e-01
5.595034733414649963e-02
1.019593700766563416e-01
7.745556998997926712e-03
0.000000000000000000e+00
6.768248081207275391e-01
1.988784790039062500e+00
1.795683056116104126e-01
5.167255401611328125e-01
0.000000000000000000e+00
8.472180366516113281e-01
6.254056002944707870e-03
6.416655540466308594e+00
0.000000000000000000e+00
2.008856972679495811e-03
6.986543536186218262e-02
8.166961371898651123e-03
0.000000000000000000e+00
1.071844846010208130e-01
5.918172001838684082e-01
3.138457536697387695e+00
3.310333788394927979e-01
1.026247963309288025e-01
1.644631624221801758e-01
5.310660004615783691e-01
0.000000000000000000e+00
3.856118395924568176e-02
0.000000000000000000e+00
4.417483229190111160e-03
7.210714221000671387e-01
7.869215607643127441e-01
3.206908106803894043e-01
5.466234683990478516e-01
2.596660554409027100e-01
1.801840364933013916e-01
1.737398058176040649e-01
8.726478815078735352e-01
1.691928744316101074e+00
3.243335187435150146e-01
4.706238210201263428e-01
1.036015748977661133e+00
2.478086054325103760e-01
0.000000000000000000e+00
4.977658689022064209e-01
9.386206418275833130e-02
2.090894617140293121e-02
1.592212080955505371e+00
5.242514610290527344e-02
1.097987815737724304e-01
6.090792417526245117e-01
6.649608612060546875e-01
1.298390984535217285e+00
5.460080504417419434e-01
4.521517753601074219e-01
1.013165786862373352e-01
1.505728840827941895e+00
1.891840934753417969e+00
1.042465195059776306e-01
1.041619628667831421e-01
4.300210177898406982e-01
5.012442171573638916e-02
2.532704770565032959e-01
0.000000000000000000e+00
1.478871554136276245e-01
1.988003402948379517e-02
3.026254661381244659e-02
0.000000000000000000e+00
2.867313921451568604e-01
2.978548705577850342e-01
2.255401134490966797e+00
1.369017601013183594e+00
6.537294983863830566e-01
9.342168569564819336e-01
1.943697333335876465e+00
4.498366713523864746e-01
0.000000000000000000e+00
5.072670578956604004e-01
1.404727250337600708e-01
1.539436876773834229e-01
4.690760970115661621e-01
2.501950025558471680e+00
1.060537815093994141e+00
7.687530666589736938e-02
5.418725013732910156e-01
0.000000000000000000e+00
1.721464514732360840e+00
1.262834429740905762e+00
5.749183297157287598e-01
3.568069338798522949e-01
7.816397398710250854e-02
1.152669310569763184e+00
1.061474084854125977e+00
4.646024852991104126e-02
1.378861665725708008e-01
0.000000000000000000e+00
4.098337516188621521e-02
1.300573162734508514e-02
7.448680400848388672e-01
5.746707320213317871e-03
5.552989616990089417e-02
8.048874884843826294e-02
0.000000000000000000e+00
9.008193388581275940e-03
2.118032932281494141e+00
0.000000000000000000e+00
0.000000000000000000e+00
0.000000000000000000e+00
1.141870737075805664e+00
8.525890856981277466e-02
6.840980648994445801e-01
1.937728971242904663e-01
1.358000487089157104e-01
5.843883156776428223e-01
1.111755743622779846e-01
6.194307804107666016e-01
1.335666894912719727e+00
1.411050707101821899e-01
4.221591949462890625e-01
1.736790388822555542e-01
2.950904369354248047e-01
2.439089417457580566e-01
4.103632569313049316e-01
1.281963825225830078e+00
8.718335628509521484e-01
3.820595564320683479e-03
1.971039175987243652e-01
5.582569632679224014e-03
1.110489845275878906e+00
1.314817786216735840e+00
2.745111882686614990e-01
1.966271102428436279e-01
9.232991933822631836e-02
4.468171596527099609e-01
1.714250147342681885e-01
3.596013188362121582e-01
1.738250732421875000e+00
5.667543888092041016e+00
4.034043848514556885e-01
5.899022892117500305e-02
2.155075669288635254e-01
1.286532580852508545e-01
2.450555562973022461e-03
5.545577779412269592e-02
2.274611964821815491e-03
0.000000000000000000e+00
1.003510318696498871e-02
4.078809618949890137e-01
1.099163413047790527e+00
0.000000000000000000e+00
1.289581228047609329e-02
1.026365280151367188e+00
2.373276352882385254e-01
5.991317629814147949e-01
0.000000000000000000e+00
3.847765922546386719e-01
1.154636621475219727e+00
1.555152088403701782e-01
1.288174033164978027e+00
0.000000000000000000e+00
3.390243649482727051e-02
1.775403320789337158e-01
1.326324492692947388e-01
4.197296202182769775e-01
3.339934051036834717e-01
0.000000000000000000e+00
7.491214871406555176e-01
7.412962317466735840e-01
0.000000000000000000e+00
0.000000000000000000e+00
1.706627458333969116e-01
1.739586442708969116e-01
1.085927411913871765e-01
1.938748955726623535e-01
1.635065317153930664e+00
3.602937608957290649e-02
8.625943958759307861e-02
7.737979888916015625e-01
1.307570636272430420e-01
4.399152530822902918e-04
2.912540435791015625e-01
1.714433357119560242e-02
7.386073470115661621e-01
6.125260591506958008e-01
2.501260340213775635e-01
3.325280919671058655e-02
7.676121592521667480e-01
6.852651834487915039e-01
1.870248317718505859e-01
8.259979486465454102e-01
4.250622093677520752e-01
2.979010343551635742e-02
1.694978773593902588e-02
1.065987348556518555e+00
0.000000000000000000e+00
3.064719140529632568e-01
0.000000000000000000e+00
1.090298295021057129e+00
1.829360574483871460e-01
2.422167919576168060e-02
5.641251802444458008e-01
3.077178299427032471e-01
7.708203792572021484e-01
1.036962628364562988e+00
6.502743959426879883e-01
7.311002612113952637e-01
1.556284666061401367e+00
0.000000000000000000e+00
5.406766533851623535e-01
1.302184700965881348e+00
6.570852398872375488e-01
6.849104911088943481e-02
2.235339432954788208e-01
0.000000000000000000e+00
9.375564008951187134e-02
1.428269594907760620e-02
3.893032371997833252e-01
6.697779893875122070e-01
2.203537710011005402e-02
2.619513750076293945e+00
1.901954174041748047e+00
7.066754996776580811e-02
1.067986711859703064e-02
1.122120261192321777e+00
4.211023915559053421e-03
0.000000000000000000e+00
0.000000000000000000e+00
2.650114297866821289e-01
2.489976286888122559e-01
3.064426034688949585e-02
3.003649413585662842e-03
2.313134670257568359e-01
2.215823857113718987e-03
2.438254207372665405e-01
2.528001785278320312e+00
6.779852323234081268e-03
0.000000000000000000e+00
9.800992608070373535e-01
6.175274848937988281e-01
1.175854802131652832e+00
0.000000000000000000e+00
1.515603363513946533e-01
8.915286064147949219e-01
4.724666848778724670e-02
5.374569296836853027e-01
1.219380050897598267e-01
1.074233651161193848e+00
2.640008330345153809e-01
4.568977355957031250e-01
0.000000000000000000e+00
9.364075660705566406e-01
9.316074252128601074e-01
9.165924042463302612e-02
5.509228631854057312e-02
3.886656999588012695e+00
1.692924797534942627e-01
2.726207077503204346e-01
1.331679224967956543e-01
7.657029628753662109e-01
4.732654988765716553e-01
0.000000000000000000e+00
3.128345966339111328e+00
1.123690247535705566e+00
7.593070864677429199e-01
1.247309088706970215e+00
9.068747162818908691e-01
0.000000000000000000e+00
1.832936406135559082e+00
5.830726772546768188e-02
2.960635907948017120e-02
7.942804694175720215e-02
0.000000000000000000e+00
2.684785053133964539e-03
5.091271996498107910e-01
9.316650629043579102e-01
0.000000000000000000e+00
5.383787304162979126e-02
3.576968908309936523e-01
1.526527881622314453e+00
0.000000000000000000e+00
1.736788451671600342e-01
5.952276587486267090e-01
1.208986878395080566e+00
1.308386176824569702e-01
0.000000000000000000e+00
0.000000000000000000e+00
3.558853268623352051e-01
5.905960798263549805e-01
9.577219486236572266e-01
2.341396510601043701e-01
1.797402501106262207e+00
1.968831941485404968e-02
1.089499354362487793e+00
7.785995602607727051e-01
1.501806313171982765e-03
8.405778557062149048e-02
0.000000000000000000e+00
2.303870201110839844e+00
1.371203303337097168e+00
2.426945418119430542e-01
2.699526309967041016e+00
2.557941973209381104e-01
1.010685801506042480e+00
0.000000000000000000e+00
4.357684403657913208e-02
2.169265151023864746e-01
1.053052306175231934e+00
8.966814875602722168e-01
0.000000000000000000e+00
7.855767607688903809e-01
4.085607528686523438e-01
9.549618512392044067e-02
2.756023168563842773e+00
4.727331995964050293e-01
3.309094533324241638e-02
5.986339449882507324e-01
0.000000000000000000e+00
5.218513011932373047e-01
8.533482551574707031e-01
0.000000000000000000e+00
2.743474580347537994e-02
1.065759658813476562e+00
3.589813411235809326e-01
8.054691553115844727e-02
2.056189179420471191e-01
1.729047670960426331e-02
1.404144525527954102e+00
8.380872011184692383e-02
2.004048377275466919e-01
4.044586420059204102e-02
1.508493442088365555e-02
3.367956578731536865e-01
9.768713116645812988e-01
2.413071133196353912e-02
1.941225081682205200e-01
1.733420252799987793e+00
1.582477241754531860e-02
0.000000000000000000e+00
2.077961564064025879e-01
2.343543291091918945e+00
3.766144216060638428e-01
4.681000411510467529e-01
8.491279482841491699e-01
1.410907268524169922e+00
1.449795007705688477e+00
9.074023962020874023e-01
2.932163327932357788e-02
7.807597517967224121e-01
0.000000000000000000e+00
0.000000000000000000e+00
