4.139654934406280518e-01
0.000000000000000000e+00
1.084921061992645264e-01
2.511779785156250000e+00
4.541861116886138916e-01
4.054185450077056885e-01
1.102345824241638184e+00
2.652994155883789062e+00
6.399499893188476562e+00
1.940375804901123047e+00
1.511429697275161743e-01
1.719412922859191895e+00
2.264752388000488281e-01
8.303338289260864258e-01
2.445225954055786133e+00
4.884057641029357910e-01
6.275866627693176270e-01
1.973221659660339355e+00
9.869105815887451172e-01
4.218101501464843750e-03
8.103099465370178223e-01
0.000000000000000000e+00
2.741140127182006836e-01
2.417342662811279297e+00
3.226498067378997803e-01
1.005446836352348328e-01
1.385532692074775696e-02
1.273244142532348633e+00
9.999851137399673462e-02
5.303279496729373932e-03
5.207220558077096939e-03
1.534230355173349380e-02
5.730819702148437500e-01
7.315995693206787109e-01
5.774462819099426270e-01
3.238954544067382812e+00
3.102169632911682129e-01
1.757237762212753296e-01
4.413532316684722900e-01
4.218655824661254883e-01
4.174921810626983643e-01
4.362764954566955566e-01
4.182196259498596191e-01
3.861546754837036133e+00
4.921152293682098389e-01
1.180731415748596191e+00
2.305283993482589722e-01
1.037533998489379883e+00
1.580397933721542358e-01
8.974154591560363770e-01
3.509831666946411133e+00
0.000000000000000000e+00
1.967148900032043457e+00
1.709526218473911285e-02
2.017660379409790039e+00
1.169131919741630554e-01
6.283435821533203125e-01
1.234658434987068176e-01
2.296527624130249023e+00
2.529863119125366211e-01
0.000000000000000000e+00
9.407587349414825439e-03
6.539972126483917236e-02
7.604050636291503906e-01
8.494392037391662598e-01
5.843326449394226074e-01
1.316435188055038452e-01
2.179731428623199463e-01
9.546136260032653809e-01
1.045047402381896973e+00
0.000000000000000000e+00
1.057572290301322937e-02
2.972899079322814941e-01
7.825852632522583008e-01
2.302519232034683228e-01
8.608815670013427734e-01
9.545109234750270844e-03
1.238631248474121094e+00
3.623664081096649170e-01
1.432436347007751465e+00
2.808509580790996552e-02
7.848121523857116699e-01
2.283447265625000000e+00
9.883613884449005127e-02
2.340231657028198242e+00
1.453222334384918213e-01
1.676488876342773438e+00
5.008971691131591797e-02
6.127459406852722168e-01
6.187092512845993042e-02
4.035998135805130005e-02
0.000000000000000000e+00
0.000000000000000000e+00
0.000000000000000000e+00
1.394803404808044434e+00
5.748687386512756348e-01
9.835329651832580566e-01
1.181448578834533691e+00
1.415717750787734985e-01
4.421404376626014709e-02
0.000000000000000000e+00
1.442688107490539551e-01
3.631118452176451683e-03
1.175926089286804199e+00
8.319149017333984375e-01
1.749098002910614014e-01
2.128998279571533203e+00
7.573799490928649902e-01
6.376315355300903320e-01
1.611836403608322144e-01
1.551768064498901367e+00
5.115015059709548950e-02
3.477981984615325928e-01
9.420337080955505371e-01
8.154731988906860352e-01
1.670421659946441650e-01
1.185893341898918152e-01
5.433390140533447266e-01
1.352572798728942871e+00
2.203056573867797852e+00
7.274836301803588867e-01
3.626887202262878418e-01
9.595327824354171753e-02
1.761970996856689453e+00
7.875623703002929688e-01
1.266484618186950684e+00
0.000000000000000000e+00
2.791816294193267822e-01
1.778967738151550293e+00
2.617415599524974823e-02
1.302128583192825317e-01
1.170416951179504395e+00
2.553576231002807617e-01
1.746371686458587646e-01
2.279080897569656372e-01
3.254511579871177673e-02
1.614634990692138672e-01
4.831929683685302734e+00
0.000000000000000000e+00
2.837626338005065918e-01
1.585362106561660767e-01
4.770777225494384766e-01
1.718656897544860840e+00
7.603305857628583908e-03
0.000000000000000000e+00
2.888526320457458496e-01
1.105805158615112305e+00
8.259344696998596191e-01
1.503174424171447754e+00
2.713029384613037109e-01
4.937663078308105469e+00
4.664378464221954346e-01
6.178655028343200684e-01
4.764710962772369385e-01
1.984488368034362793e+00
1.834174036979675293e+00
1.881009042263031006e-01
2.181661278009414673e-01
2.154137372970581055e+00
2.426042258739471436e-01
3.498198837041854858e-02
1.204664349555969238e+00
9.158692359924316406e-01
9.150747954845428467e-02
7.252535820007324219e-01
1.971393525600433350e-01
0.000000000000000000e+00
0.000000000000000000e+00
9.784478545188903809e-01
2.154573678970336914e+00
7.200201749801635742e-01
3.532682359218597412e-01
2.460458688437938690e-02
9.797898530960083008e-01
7.012972235679626465e-01
8.038369178771972656e+00
0.000000000000000000e+00
6.443701684474945068e-02
7.178723812103271484e-03
4.442339763045310974e-02
0.000000000000000000e+00
2.923651933670043945e-01
4.267019033432006836e-01
3.085284471511840820e+00
1.670707017183303833e-01
3.481291234493255615e-02
1.146654561161994934e-01
1.552458286285400391e+00
0.000000000000000000e+00
1.080847531557083130e-02
0.000000000000000000e+00
2.817477099597454071e-03
1.067495703697204590e+00
4.665139615535736084e-01
7.897825241088867188e-01
2.278320342302322388e-01
1.208586692810058594e+00
1.337356716394424438e-01
1.268304735422134399e-01
1.728291034698486328e+00
1.367308735847473145e+00
6.224827766418457031e-01
3.218123018741607666e-01
4.845268130302429199e-01
4.220185577869415283e-01
6.827203184366226196e-02
6.409916281700134277e-01
8.525001257658004761e-02
1.799661666154861450e-01
1.564987182617187500e+00
1.068065389990806580e-01
4.952567517757415771e-01
5.099172592163085938e-01
1.173328757286071777e+00
9.123142361640930176e-01
4.597973525524139404e-01
2.778466939926147461e-01
6.085734367370605469e-01
1.731530547142028809e+00
1.075272798538208008e+00
3.171173622831702232e-03
1.613009274005889893e-01
6.013899445533752441e-01
1.364824920892715454e-01
2.893539369106292725e-01
0.000000000000000000e+00
3.556050658226013184e-01
2.123008072376251221e-01
2.405469678342342377e-02
1.182659268379211426e-01
3.800793290138244629e-01
2.844166159629821777e-01
2.261122941970825195e+00
1.592543959617614746e+00
1.051078677177429199e+00
1.097640872001647949e+00
3.212391138076782227e+00
5.336701273918151855e-01
1.213215813040733337e-01
8.286192417144775391e-01
3.807534575462341309e-01
4.601949453353881836e-01
3.028953671455383301e-01
2.191133499145507812e+00
5.447769165039062500e-01
1.538492292165756226e-01
4.763514697551727295e-01
0.000000000000000000e+00
1.516939043998718262e+00
1.452364206314086914e+00
1.317602843046188354e-01
3.959653675556182861e-01
0.000000000000000000e+00
6.239172220230102539e-01
1.213550686836242676e+00
3.931601345539093018e-02
3.701132535934448242e-02
0.000000000000000000e+00
3.233089447021484375e-01
0.000000000000000000e+00
1.006877303123474121e+00
6.115714311599731445e-01
1.431213691830635071e-02
8.550017327070236206e-02
0.000000000000000000e+00
9.095631539821624756e-03
2.420241355895996094e+00
0.000000000000000000e+00
8.702573776245117188e-01
0.000000000000000000e+00
1.938559651374816895e+00
0.000000000000000000e+00
1.032340168952941895e+00
1.334209740161895752e-01
3.106199502944946289e-01
5.362636446952819824e-01
1.719071120023727417e-01
1.434435248374938965e+00
1.222045421600341797e+00
1.575137525796890259e-01
9.273988008499145508e-02
5.054992437362670898e-01
3.255800306797027588e-01
1.223189458250999451e-01
4.007152020931243896e-01
1.158599495887756348e+00
1.769848823547363281e+00
3.281008824706077576e-02
7.336288690567016602e-03
1.380371488630771637e-02
1.915919303894042969e+00
1.863709092140197754e+00
4.446623623371124268e-01
2.663804888725280762e-01
2.998324632644653320e-01
4.267658591270446777e-01
1.528438478708267212e-01
2.431906014680862427e-01
1.326583266258239746e+00
5.701154232025146484e+00
6.764385104179382324e-01
2.843540161848068237e-02
6.173459291458129883e-01
1.611702740192413330e-01
9.481804817914962769e-02
7.066780328750610352e-02
4.126337170600891113e-02
0.000000000000000000e+00
8.169361203908920288e-02
4.742286801338195801e-01
4.734613001346588135e-01
8.790678530931472778e-02
5.859921872615814209e-02
1.381972312927246094e+00
4.221369922161102295e-01
6.370143294334411621e-01
0.000000000000000000e+00
1.240763515233993530e-01
1.248144745826721191e+00
2.095662802457809448e-01
1.736591219902038574e+00
0.000000000000000000e+00
2.383064925670623779e-01
6.210340559482574463e-02
0.000000000000000000e+00
5.447226166725158691e-01
1.152694672346115112e-01
0.000000000000000000e+00
7.948550581932067871e-01
8.189840316772460938e-01
1.963416673243045807e-02
0.000000000000000000e+00
3.829899430274963379e-01
9.194497764110565186e-02
2.255998365581035614e-02
8.618891239166259766e-01
1.727802753448486328e+00
5.932911485433578491e-02
8.783159852027893066e-01
1.075381159782409668e+00
4.064491763710975647e-02
0.000000000000000000e+00
6.300054490566253662e-02
5.353006348013877869e-02
7.566581964492797852e-01
9.971565604209899902e-01
1.170219257473945618e-01
9.797779470682144165e-02
1.332145184278488159e-01
4.235641360282897949e-01
4.977517426013946533e-01
1.028828144073486328e+00
4.433870017528533936e-01
2.654423378407955170e-02
1.451196670532226562e-01
6.816078424453735352e-01
0.000000000000000000e+00
6.023574471473693848e-01
0.000000000000000000e+00
6.684244871139526367e-01
3.108127713203430176e-01
1.439289003610610962e-01
6.187652349472045898e-01
6.715983748435974121e-01
1.223005175590515137e+00
9.696613550186157227e-01
6.585693359375000000e-01
1.464329600334167480e+00
2.323798656463623047e+00
0.000000000000000000e+00
4.679610431194305420e-01
1.699414014816284180e+00
1.080298304557800293e+00
2.000644057989120483e-01
5.504931807518005371e-01
0.000000000000000000e+00
9.948530048131942749e-02
1.256864750757813454e-03
3.432690203189849854e-01
6.188771128654479980e-01
1.386433988809585571e-01
3.415536403656005859e+00
2.431002140045166016e+00
1.210015058517456055e+00
0.000000000000000000e+00
9.276153445243835449e-01
6.610253453254699707e-02
0.000000000000000000e+00
0.000000000000000000e+00
9.744790941476821899e-02
3.750465810298919678e-02
0.000000000000000000e+00
5.905691999942064285e-03
2.781867682933807373e-01
1.991147249937057495e-01
7.146928310394287109e-01
1.251255631446838379e+00
1.746412813663482666e-01
3.239586949348449707e-01
1.676265716552734375e+00
4.700915515422821045e-02
9.339584112167358398e-01
0.000000000000000000e+00
6.523081660270690918e-02
1.084128499031066895e+00
3.184213042259216309e-01
1.610276341438293457e+00
5.357319861650466919e-02
1.307585835456848145e+00
4.024633467197418213e-01
1.394608467817306519e-01
2.043060399591922760e-02
1.390584230422973633e+00
1.245782017707824707e+00
1.184437721967697144e-01
7.906993478536605835e-02
2.977733373641967773e+00
2.169954329729080200e-01
6.010203361511230469e-01
1.186285763978958130e-01
8.003660291433334351e-02
2.330137193202972412e-01
0.000000000000000000e+00
2.981381416320800781e+00
4.845905601978302002e-01
9.171359539031982422e-01
1.056210279464721680e+00
1.429145216941833496e+00
0.000000000000000000e+00
1.389095067977905273e+00
5.008632689714431763e-02
1.424062550067901611e-01
1.846160143613815308e-01
0.000000000000000000e+00
3.220302164554595947e-01
1.382544189691543579e-01
3.118067681789398193e-01
0.000000000000000000e+00
2.523777186870574951e-01
5.806097984313964844e-01
1.554783701896667480e+00
0.000000000000000000e+00
3.167596161365509033e-01
4.490263462066650391e-01
1.240190386772155762e+00
4.767550621181726456e-03
3.040773235261440277e-02
0.000000000000000000e+00
3.787752985954284668e-01
1.154460549354553223e+00
8.543066382408142090e-01
6.643817573785781860e-02
1.751190781593322754e+00
0.000000000000000000e+00
3.255011737346649170e-01
6.974826753139495850e-02
0.000000000000000000e+00
7.230101525783538818e-02
0.000000000000000000e+00
1.716257214546203613e+00
2.120533943176269531e+00
8.555310964584350586e-02
2.590741157531738281e+00
8.102087676525115967e-02
1.140029668807983398e+00
2.826911769807338715e-02
4.199186265468597412e-01
2.409155219793319702e-01
1.696521639823913574e+00
6.175315976142883301e-01
0.000000000000000000e+00
7.154775261878967285e-01
7.273560166358947754e-01
4.035938084125518799e-01
2.413477659225463867e+00
5.413427948951721191e-01
8.121634274721145630e-02
3.279642164707183838e-01
1.364661306142807007e-01
6.221379637718200684e-01
1.494046002626419067e-01
3.025139495730400085e-02
2.178817801177501678e-02
1.043380975723266602e+00
1.217642784118652344e+00
4.817038029432296753e-02
2.194110304117202759e-01
1.798584312200546265e-01
1.067269563674926758e+00
1.202970519661903381e-01
3.680941462516784668e-01
4.725790023803710938e-01
3.473442338872700930e-04
4.339394271373748779e-01
1.305701255798339844e+00
6.760991178452968597e-03
2.262977510690689087e-01
1.660093903541564941e+00
1.921610832214355469e-01
2.319329604506492615e-02
1.878650039434432983e-01
1.610948801040649414e+00
5.904549956321716309e-01
9.881604313850402832e-01
7.015864849090576172e-01
2.214423894882202148e+00
2.434364795684814453e+00
6.776789426803588867e-01
1.531270295381546021e-01
6.574900746345520020e-01
0.000000000000000000e+00
3.683933243155479431e-02
