4.677172899246215820e-01
0.000000000000000000e+00
1.976316720247268677e-01
2.543835878372192383e+00
1.287783235311508179e-01
1.230547651648521423e-01
6.343350410461425781e-01
3.884051799774169922e+00
5.799018383026123047e+00
1.333489894866943359e+00
6.998707354068756104e-02
1.397617816925048828e+00
5.386922508478164673e-02
3.275869786739349365e-01
2.137892961502075195e+00
3.339037895202636719e-01
5.429395437240600586e-01
1.960631847381591797e+00
9.216907620429992676e-01
0.000000000000000000e+00
3.223994672298431396e-01
0.000000000000000000e+00
2.239601314067840576e-01
2.850886106491088867e+00
5.776868388056755066e-02
1.074847765266895294e-02
2.730923146009445190e-02
9.378812909126281738e-01
6.618542224168777466e-02
4.596638679504394531e-02
0.000000000000000000e+00
0.000000000000000000e+00
8.989566564559936523e-01
7.018657401204109192e-03
2.457721391692757607e-03
2.876346826553344727e+00
3.098688721656799316e-01
3.618792593479156494e-01
1.921947002410888672e-01
1.712228208780288696e-01
2.094126939773559570e-01
3.052349686622619629e-01
5.546259880065917969e-01
2.518635272979736328e+00
2.813820540904998779e-01
1.031210899353027344e+00
4.008346423506736755e-02
9.901054501533508301e-01
5.852143466472625732e-02
1.646049618721008301e+00
1.915613889694213867e+00
0.000000000000000000e+00
1.536999702453613281e+00
1.199877937324345112e-03
1.994595289230346680e+00
2.212485969066619873e-01
2.571595609188079834e-01
3.917719423770904541e-02
2.734601736068725586e+00
6.565031409263610840e-01
6.250688433647155762e-02
9.929886460304260254e-02
2.742490768432617188e-01
7.739964723587036133e-01
1.255213618278503418e+00
1.020521163940429688e+00
1.211365964263677597e-02
6.542994081974029541e-02
4.270814955234527588e-01
9.005828499794006348e-01
0.000000000000000000e+00
1.617324911057949066e-02
4.752178788185119629e-01
6.742464751005172729e-02
5.136924386024475098e-01
1.624495744705200195e+00
0.000000000000000000e+00
9.649811387062072754e-01
8.336600661277770996e-02
5.924832224845886230e-01
5.168340355157852173e-02
9.623409509658813477e-01
2.093074560165405273e+00
2.136042155325412750e-02
2.417742729187011719e+00
5.858013406395912170e-02
1.532366633415222168e+00
8.409915119409561157e-02
7.596176266670227051e-01
6.453612446784973145e-02
8.457439951598644257e-03
6.431307410821318626e-04
0.000000000000000000e+00
0.000000000000000000e+00
5.969350934028625488e-01
2.555661201477050781e-01
1.020014524459838867e+00
1.318226695060729980e+00
0.000000000000000000e+00
6.298611313104629517e-02
0.000000000000000000e+00
1.203250586986541748e-01
1.120039634406566620e-02
1.625211000442504883e+00
1.306335091590881348e+00
2.794597744941711426e-01
1.854461312294006348e+00
1.793177425861358643e-01
8.163771033287048340e-02
4.162165150046348572e-02
1.232097625732421875e+00
0.000000000000000000e+00
9.488310217857360840e-01
8.505653738975524902e-01
5.863655805587768555e-01
1.679029501974582672e-02
6.378319114446640015e-02
6.599675863981246948e-02
2.609624862670898438e-01
2.186017751693725586e+00
3.405073583126068115e-01
8.606766164302825928e-02
5.110796168446540833e-02
2.206082105636596680e+00
3.054802417755126953e-01
1.347145557403564453e+00
0.000000000000000000e+00
1.179624646902084351e-01
1.934232592582702637e+00
4.429625347256660461e-02
3.181814774870872498e-02
8.956528902053833008e-01
1.516188867390155792e-02
6.476008892059326172e-02
6.649430096149444580e-02
0.000000000000000000e+00
2.982998788356781006e-01
4.789277076721191406e+00
0.000000000000000000e+00
2.252261638641357422e-01
3.444915711879730225e-01
1.174799166619777679e-02
1.737517595291137695e+00
0.000000000000000000e+00
4.539683461189270020e-02
7.539669871330261230e-01
6.814301609992980957e-01
1.397646784782409668e+00
1.354422450065612793e+00
3.833067715167999268e-01
4.277233600616455078e+00
7.705771923065185547e-02
9.443052411079406738e-01
1.167933195829391479e-01
1.970357537269592285e+00
7.354175448417663574e-01
5.566613078117370605e-01
6.855860352516174316e-02
2.377761840820312500e+00
1.492767781019210815e-02
1.067533493041992188e-01
1.088127136230468750e+00
3.906008899211883545e-01
1.600882411003112793e-01
2.468646503984928131e-02
4.828283563256263733e-02
0.000000000000000000e+00
0.000000000000000000e+00
1.095300078392028809e+00
1.511025667190551758e+00
1.318969577550888062e-01
0.000000000000000000e+00
0.000000000000000000e+00
8.731563091278076172e-01
3.799144625663757324e-01
8.305258750915527344e+00
0.000000000000000000e+00
1.163348555564880371e-01
0.000000000000000000e+00
8.809819072484970093e-02
1.520561426877975464e-01
8.945407345890998840e-03
1.637131348252296448e-02
2.068064212799072266e+00
3.600538522005081177e-02
0.000000000000000000e+00
8.415863267146050930e-04
1.171902060508728027e+00
0.000000000000000000e+00
1.106364652514457703e-02
0.000000000000000000e+00
0.000000000000000000e+00
1.118096709251403809e+00
4.372433423995971680e-01
6.131475092843174934e-04
4.114820063114166260e-01
9.546505212783813477e-01
2.374033033847808838e-01
2.475944757461547852e-01
1.048839092254638672e+00
1.366843223571777344e+00
1.083071112632751465e+00
1.073363721370697021e-01
3.030876517295837402e-01
1.122484542429447174e-02
3.445538505911827087e-02
2.533283531665802002e-01
1.740715093910694122e-02
1.020257640630006790e-02
2.229069709777832031e+00
1.213567331433296204e-02
2.104470320045948029e-02
2.591941058635711670e-01
4.221826195716857910e-01
4.560726881027221680e-01
6.935322880744934082e-01
2.947786450386047363e-01
5.425146222114562988e-01
1.289952635765075684e+00
9.347286224365234375e-01
0.000000000000000000e+00
2.362271696329116821e-01
1.277379274368286133e+00
2.065231278538703918e-02
7.248787283897399902e-01
0.000000000000000000e+00
5.230155587196350098e-01
1.603554747998714447e-02
0.000000000000000000e+00
0.000000000000000000e+00
3.338672816753387451e-01
2.885534465312957764e-01
1.976048350334167480e+00
2.292608022689819336e+00
1.137041687965393066e+00
5.510668158531188965e-01
2.275571823120117188e+00
1.016543149948120117e+00
5.055319983512163162e-03
7.146995663642883301e-01
3.695946931838989258e-01
1.867632567882537842e-01
0.000000000000000000e+00
1.955513119697570801e+00
2.608452141284942627e-01
8.459092676639556885e-02
1.004508733749389648e+00
0.000000000000000000e+00
2.029984712600708008e+00
7.447598576545715332e-01
2.895311713218688965e-01
2.014085352420806885e-01
1.154300849884748459e-02
4.919575992971658707e-03
1.279776573181152344e+00
3.775404766201972961e-02
2.265383955091238022e-03
0.000000000000000000e+00
0.000000000000000000e+00
7.670542597770690918e-02
9.217057228088378906e-01
1.549215149134397507e-02
8.837054669857025146e-02
9.748581214807927608e-04
0.000000000000000000e+00
1.918523944914340973e-02
2.323516368865966797e+00
0.000000000000000000e+00
1.563245892524719238e+00
0.000000000000000000e+00
9.548806548118591309e-01
1.570498645305633545e-01
1.050140619277954102e+00
9.578846395015716553e-02
1.006883159279823303e-01
2.196946442127227783e-01
6.988769769668579102e-02
9.138045459985733032e-02
1.056276321411132812e+00
0.000000000000000000e+00
0.000000000000000000e+00
1.185061573982238770e+00
1.608008295297622681e-01
2.771890908479690552e-02
6.631146371364593506e-02
2.603949606418609619e-01
1.613505482673645020e+00
0.000000000000000000e+00
5.984272956848144531e-01
0.000000000000000000e+00
1.099290609359741211e+00
1.602086901664733887e+00
6.594923734664916992e-01
0.000000000000000000e+00
2.754026278853416443e-02
1.504956781864166260e-01
2.660357952117919922e-01
6.773755699396133423e-02
1.567296504974365234e+00
4.837316989898681641e+00
7.392334938049316406e-01
4.069780111312866211e-01
9.170389920473098755e-02
7.508746534585952759e-02
1.717229932546615601e-02
0.000000000000000000e+00
0.000000000000000000e+00
0.000000000000000000e+00
1.484188251197338104e-02
1.142388731241226196e-01
1.129294782876968384e-01
1.549470797181129456e-02
3.371907165274024010e-03
8.763400912284851074e-01
3.870943095535039902e-03
2.918308079242706299e-01
0.000000000000000000e+00
7.183586061000823975e-02
4.009094834327697754e-01
0.000000000000000000e+00
1.870594263076782227e+00
0.000000000000000000e+00
0.000000000000000000e+00
1.838274598121643066e-01
7.064127922058105469e-02
6.667417287826538086e-01
2.449271827936172485e-01
0.000000000000000000e+00
7.169262766838073730e-01
3.587889373302459717e-01
2.340864622965455055e-03
0.000000000000000000e+00
3.520753234624862671e-02
0.000000000000000000e+00
0.000000000000000000e+00
5.679154396057128906e-01
2.090244770050048828e+00
9.328594431281089783e-03
5.599477291107177734e-01
1.904215812683105469e-01
0.000000000000000000e+00
0.000000000000000000e+00
2.491798624396324158e-02
4.972677677869796753e-02
7.240700721740722656e-01
7.833651900291442871e-01
4.383802786469459534e-02
0.000000000000000000e+00
0.000000000000000000e+00
1.912557631731033325e-01
6.186406016349792480e-01
1.229411005973815918e+00
7.214768975973129272e-02
4.953227937221527100e-02
5.010927841067314148e-02
8.220009207725524902e-01
0.000000000000000000e+00
5.131969973444938660e-02
0.000000000000000000e+00
1.510699242353439331e-01
6.967141032218933105e-01
2.283213194459676743e-03
6.612266297452151775e-04
3.211995959281921387e-01
5.793395638465881348e-01
7.529819607734680176e-01
6.515411734580993652e-01
1.074822664260864258e+00
2.198752164840698242e+00
4.447649791836738586e-02
2.562173008918762207e-01
1.415045380592346191e+00
3.702374994754791260e-01
3.515842258930206299e-01
2.871506512165069580e-01
0.000000000000000000e+00
6.561263650655746460e-02
0.000000000000000000e+00
3.381006121635437012e-01
9.417733550071716309e-01
3.523635864257812500e-02
3.309268236160278320e+00
3.178160905838012695e+00
6.579340696334838867e-01
0.000000000000000000e+00
7.862907648086547852e-01
1.046902406960725784e-02
0.000000000000000000e+00
0.000000000000000000e+00
3.023328818380832672e-02
7.127478718757629395e-02
1.257702242583036423e-02
0.000000000000000000e+00
1.720575266517698765e-03
9.121978282928466797e-02
2.910256087779998779e-01
1.265738368034362793e+00
1.776421964168548584e-01
1.436943840235471725e-02
9.817097783088684082e-01
1.046711876988410950e-01
1.159233570098876953e+00
0.000000000000000000e+00
2.754635214805603027e-01
1.323652148246765137e+00
8.742170035839080811e-02
1.039503931999206543e+00
2.787628769874572754e-01
1.775115251541137695e+00
2.879379391670227051e-01
6.506226211786270142e-02
0.000000000000000000e+00
8.380793929100036621e-01
1.198683261871337891e+00
3.098325133323669434e-01
7.379090040922164917e-02
2.155212163925170898e+00
1.809506677091121674e-02
2.466824203729629517e-01
3.015668690204620361e-02
1.147651486098766327e-02
1.425811648368835449e-01
0.000000000000000000e+00
3.073235273361206055e+00
6.863113641738891602e-01
1.960619539022445679e-01
8.601731657981872559e-01
1.636302351951599121e+00
3.069005906581878662e-03
8.113899827003479004e-01
2.828074502758681774e-04
1.573341935873031616e-01
2.652346389368176460e-03
0.000000000000000000e+00
3.073473693802952766e-03
2.096713520586490631e-02
2.093491256237030029e-01
0.000000000000000000e+00
0.000000000000000000e+00
3.482559621334075928e-01
1.694005250930786133e+00
0.000000000000000000e+00
2.871502339839935303e-01
9.577309712767601013e-03
1.339893341064453125e+00
3.156465291976928711e-02
0.000000000000000000e+00
1.299263257533311844e-02
3.313599228858947754e-01
1.332264423370361328e+00
3.180224299430847168e-01
0.000000000000000000e+00
1.910742640495300293e+00
0.000000000000000000e+00
4.808296561241149902e-01
2.692685928195714951e-03
8.123843371868133545e-02
1.022353619337081909e-01
0.000000000000000000e+00
8.100075721740722656e-01
1.766011118888854980e+00
4.961056411266326904e-01
2.044080972671508789e+00
0.000000000000000000e+00
1.498650670051574707e+00
0.000000000000000000e+00
1.348103163763880730e-03
1.024630591273307800e-01
9.140681028366088867e-01
2.641599178314208984e-01
0.000000000000000000e+00
3.998005986213684082e-01
1.454041451215744019e-01
1.111401338130235672e-02
2.009906768798828125e+00
3.136179447174072266e-01
6.758010946214199066e-03
2.683830559253692627e-01
5.370725691318511963e-02
5.406570434570312500e-01
2.134395688772201538e-01
0.000000000000000000e+00
1.067253574728965759e-01
8.685733079910278320e-01
1.514284014701843262e+00
2.976273372769355774e-02
4.993651211261749268e-01
2.606144174933433533e-02
8.555664420127868652e-01
1.879549026489257812e-01
1.367462426424026489e-01
1.048813819885253906e+00
0.000000000000000000e+00
7.025878429412841797e-01
8.809596300125122070e-01
5.254084616899490356e-02
6.041872128844261169e-02
6.908991336822509766e-01
1.131551433354616165e-02
4.764846712350845337e-02
4.130427911877632141e-02
2.129423141479492188e+00
0.000000000000000000e+00
1.058259844779968262e+00
1.661644279956817627e-01
1.667743682861328125e+00
2.993566036224365234e+00
7.909619212150573730e-01
7.695928961038589478e-02
4.945493042469024658e-01
0.000000000000000000e+00
0.000000000000000000e+00
