1.219163686037063599e-01
1.992597617208957672e-02
1.709758639335632324e-01
2.620303869247436523e+00
8.987245708703994751e-02
2.423385828733444214e-01
1.082514405250549316e+00
2.457094669342041016e+00
6.347003936767578125e+00
1.196539521217346191e+00
2.794079780578613281e-01
1.903549671173095703e+00
3.398690000176429749e-02
5.275709629058837891e-01
2.010363817214965820e+00
4.858657717704772949e-01
9.904606938362121582e-01
1.372373104095458984e+00
1.202706098556518555e+00
3.688875585794448853e-02
7.824214696884155273e-01
0.000000000000000000e+00
3.945613801479339600e-01
3.218569278717041016e+00
5.249980464577674866e-02
1.905974932014942169e-03
7.646438479423522949e-02
1.294864892959594727e+00
3.423829972743988037e-01
1.524759363383054733e-02
1.655476912856101990e-02
0.000000000000000000e+00
3.789915740489959717e-01
4.675714671611785889e-02
4.880208373069763184e-01
3.392536878585815430e+00
3.409139215946197510e-01
3.420048058032989502e-01
1.283287554979324341e-01
6.270169615745544434e-01
3.298274278640747070e-01
8.953386545181274414e-02
9.557659029960632324e-01
3.029396772384643555e+00
3.451969027519226074e-01
1.224780917167663574e+00
9.278936684131622314e-02
1.770528912544250488e+00
7.130821049213409424e-02
1.344331860542297363e+00
2.639958858489990234e+00
0.000000000000000000e+00
1.429030895233154297e+00
0.000000000000000000e+00
1.433789134025573730e+00
2.270683348178863525e-01
2.152352780103683472e-02
2.876219451427459717e-01
1.757987618446350098e+00
3.200804889202117920e-01
1.082671806216239929e-01
1.586083322763442993e-01
1.174674481153488159e-01
9.355936646461486816e-01
9.212285280227661133e-01
5.626608133316040039e-01
7.329074433073401451e-04
3.393532037734985352e-01
3.499556481838226318e-01
7.408560514450073242e-01
0.000000000000000000e+00
3.880080953240394592e-02
1.151218712329864502e-01
1.842624098062515259e-01
8.127780556678771973e-01
1.366891026496887207e+00
6.424480676651000977e-02
8.780800700187683105e-01
1.832826808094978333e-02
1.036272406578063965e+00
1.931495964527130127e-01
7.819929122924804688e-01
2.004446744918823242e+00
1.101371422410011292e-01
2.311046361923217773e+00
3.152018040418624878e-02
8.979240059852600098e-01
7.985129207372665405e-02
6.542976498603820801e-01
1.306149661540985107e-01
4.031247925013303757e-03
0.000000000000000000e+00
0.000000000000000000e+00
0.000000000000000000e+00
7.503080964088439941e-01
4.273481965065002441e-01
9.197062253952026367e-01
1.072936177253723145e+00
4.643745254725217819e-03
1.745169311761856079e-01
0.000000000000000000e+00
1.135227382183074951e-01
5.091653391718864441e-02
1.748424887657165527e+00
1.263001680374145508e+00
9.639050811529159546e-02
1.424692034721374512e+00
3.886383175849914551e-01
1.795694977045059204e-01
2.204793840646743774e-01
1.157861471176147461e+00
1.427557766437530518e-01
3.361419439315795898e-01
6.640914678573608398e-01
3.526771664619445801e-01
4.574492946267127991e-02
4.092491790652275085e-02
5.535305663943290710e-02
8.369246125221252441e-01
2.074198484420776367e+00
2.233467400074005127e-01
2.223432064056396484e-01
1.762383133172988892e-01
1.765961647033691406e+00
2.964572310447692871e-01
1.264099836349487305e+00
0.000000000000000000e+00
4.566524550318717957e-02
2.076067447662353516e+00
2.548947744071483612e-02
1.930661499500274658e-01
9.639509916305541992e-01
7.234238088130950928e-02
8.868211507797241211e-02
3.624093830585479736e-01
1.272672507911920547e-02
4.809851348400115967e-01
4.848551273345947266e+00
0.000000000000000000e+00
2.712961733341217041e-01
4.222702383995056152e-01
2.015144526958465576e-01
1.593271970748901367e+00
0.000000000000000000e+00
1.777163241058588028e-03
2.907984256744384766e-01
7.536827325820922852e-01
1.347983241081237793e+00
1.541587829589843750e+00
2.111326344311237335e-02
4.937447547912597656e+00
3.926954269409179688e-01
8.306958675384521484e-01
3.109620213508605957e-01
1.880419969558715820e+00
1.217571616172790527e+00
1.300393939018249512e-01
1.557841897010803223e-01
1.966356158256530762e+00
2.076187916100025177e-02
8.619826287031173706e-03
1.007763624191284180e+00
2.499726265668869019e-01
4.938096925616264343e-02
1.300159692764282227e-01
2.262346260249614716e-02
0.000000000000000000e+00
0.000000000000000000e+00
7.376823425292968750e-01
1.947833538055419922e+00
2.367983758449554443e-01
2.719298191368579865e-02
2.273138798773288727e-02
7.195197939872741699e-01
6.246569156646728516e-01
8.370198249816894531e+00
0.000000000000000000e+00
6.466369959525763988e-04
0.000000000000000000e+00
4.475075379014015198e-02
2.875144965946674347e-02
7.417985051870346069e-02
1.594783039763569832e-03
2.581843376159667969e+00
3.531032502651214600e-01
0.000000000000000000e+00
6.162223289720714092e-04
1.721036911010742188e+00
0.000000000000000000e+00
0.000000000000000000e+00
0.000000000000000000e+00
0.000000000000000000e+00
1.357812404632568359e+00
7.032476365566253662e-02
2.497245520353317261e-01
1.940862238407135010e-01
1.124587416648864746e+00
2.920306921005249023e-01
2.754617035388946533e-01
1.157433152198791504e+00
1.415719032287597656e+00
7.750704884529113770e-01
7.709385454654693604e-02
2.401731014251708984e-01
5.385838076472282410e-02
8.011266589164733887e-02
6.839473843574523926e-01
1.288985460996627808e-02
1.230261754244565964e-02
1.559650659561157227e+00
3.653306514024734497e-02
2.948181033134460449e-01
4.622260034084320068e-01
6.885995268821716309e-01
6.241334080696105957e-01
6.234372854232788086e-01
1.472264528274536133e-01
6.226361393928527832e-01
1.481499195098876953e+00
8.119576573371887207e-01
0.000000000000000000e+00
9.045182913541793823e-02
1.124994158744812012e+00
9.270354360342025757e-02
5.472978949546813965e-01
0.000000000000000000e+00
2.452460825443267822e-01
3.943629562854766846e-01
0.000000000000000000e+00
2.769694663584232330e-03
5.734537243843078613e-01
1.711596250534057617e-01
1.826895236968994141e+00
1.555740356445312500e+00
1.186623692512512207e+00
9.765899777412414551e-01
2.439478635787963867e+00
8.618053197860717773e-01
3.298268839716911316e-02
9.307515621185302734e-01
1.991179436445236206e-01
3.158980011940002441e-01
1.315391529351472855e-02
2.011177539825439453e+00
6.600313782691955566e-01
1.265497058629989624e-01
7.666603922843933105e-01
0.000000000000000000e+00
2.058484792709350586e+00
1.026989936828613281e+00
2.286013215780258179e-02
4.965335130691528320e-01
6.191053986549377441e-02
3.540217280387878418e-01
1.208554625511169434e+00
3.533259034156799316e-02
1.167760114185512066e-03
0.000000000000000000e+00
0.000000000000000000e+00
4.844177048653364182e-03
6.179842352867126465e-01
2.151841074228286743e-01
1.708042435348033905e-02
5.205359682440757751e-02
0.000000000000000000e+00
3.652644576504826546e-03
1.470152258872985840e+00
0.000000000000000000e+00
1.869001984596252441e+00
1.360107660293579102e-01
1.316911935806274414e+00
2.907003508880734444e-04
7.918971776962280273e-01
1.991245001554489136e-01
3.315993249416351318e-01
1.880320310592651367e-01
0.000000000000000000e+00
8.700517565011978149e-02
9.852000474929809570e-01
1.371270045638084412e-02
0.000000000000000000e+00
8.629419803619384766e-01
5.990033224225044250e-02
8.304345607757568359e-02
2.800914645195007324e-01
3.950694203376770020e-01
1.285315155982971191e+00
0.000000000000000000e+00
4.654143750667572021e-02
3.772198397200554609e-04
1.415258884429931641e+00
1.634864330291748047e+00
3.623544275760650635e-01
0.000000000000000000e+00
1.364302188158035278e-01
3.339118957519531250e-01
4.387921094894409180e-01
5.633914470672607422e-02
1.656289339065551758e+00
4.991805553436279297e+00
7.580990791320800781e-01
3.188580572605133057e-01
2.919115424156188965e-01
1.370296776294708252e-01
3.633441030979156494e-02
2.806897647678852081e-02
4.524309188127517700e-03
0.000000000000000000e+00
4.366911575198173523e-02
8.495769649744033813e-02
2.783361375331878662e-01
1.369120203889906406e-03
1.762715876102447510e-01
1.027273416519165039e+00
2.617114596068859100e-02
4.527085721492767334e-01
0.000000000000000000e+00
2.192917466163635254e-01
8.458734750747680664e-01
2.217602171003818512e-02
1.773461341857910156e+00
0.000000000000000000e+00
2.165824174880981445e-03
5.353445932269096375e-02
1.990884356200695038e-02
6.132229566574096680e-01
3.116448223590850830e-01
0.000000000000000000e+00
1.228557705879211426e+00
8.321437239646911621e-01
7.715609669685363770e-02
0.000000000000000000e+00
5.481400340795516968e-02
7.038374245166778564e-02
9.983561933040618896e-03
7.098885178565979004e-01
1.830734491348266602e+00
3.349009156227111816e-01
6.385172009468078613e-01
5.386609435081481934e-01
0.000000000000000000e+00
0.000000000000000000e+00
2.396338731050491333e-01
1.308983415365219116e-01
6.139364838600158691e-01
1.015523791313171387e+00
5.467798188328742981e-02
0.000000000000000000e+00
4.368651658296585083e-02
5.095576047897338867e-01
4.839580059051513672e-01
6.811170578002929688e-01
1.946408003568649292e-01
6.705186516046524048e-02
1.098651438951492310e-02
9.199712276458740234e-01
0.000000000000000000e+00
1.938893049955368042e-01
0.000000000000000000e+00
4.150848388671875000e-01
4.708287417888641357e-01
1.358752101659774780e-01
7.413501292467117310e-02
5.749695301055908203e-01
1.681647777557373047e+00
9.821121096611022949e-01
3.816538453102111816e-01
1.652516365051269531e+00
1.644476532936096191e+00
1.007795706391334534e-02
1.067900508642196655e-01
1.581408977508544922e+00
5.710973143577575684e-01
4.595113694667816162e-01
3.767837882041931152e-01
0.000000000000000000e+00
9.259710460901260376e-02
0.000000000000000000e+00
4.909735321998596191e-01
8.804306387901306152e-01
1.065256446599960327e-01
4.248857021331787109e+00
2.289527416229248047e+00
1.218982100486755371e+00
0.000000000000000000e+00
2.875866591930389404e-01
6.283053010702133179e-02
0.000000000000000000e+00
0.000000000000000000e+00
6.101804226636886597e-02
1.005457416176795959e-01
0.000000000000000000e+00
0.000000000000000000e+00
5.455802753567695618e-02
5.232257768511772156e-02
4.561480879783630371e-01
1.588818311691284180e+00
1.296048052608966827e-03
1.582024991512298584e-01
6.982312798500061035e-01
1.337310224771499634e-01
1.182806015014648438e+00
0.000000000000000000e+00
1.005344092845916748e-01
8.680664300918579102e-01
6.832124292850494385e-02
1.143417358398437500e+00
2.417045533657073975e-01
1.367015004158020020e+00
4.034217298030853271e-01
1.474856734275817871e-01
1.294881221838295460e-03
1.050483942031860352e+00
1.574858307838439941e+00
1.898236870765686035e-01
0.000000000000000000e+00
1.800397872924804688e+00
1.056368276476860046e-01
2.648412287235260010e-01
5.759252235293388367e-03
5.205688625574111938e-02
2.067948579788208008e-01
0.000000000000000000e+00
2.847408056259155273e+00
3.639163374900817871e-01
4.801834225654602051e-01
7.767937779426574707e-01
1.449665904045104980e+00
0.000000000000000000e+00
1.108146071434020996e+00
3.064631950110197067e-03
4.800362512469291687e-02
7.897284813225269318e-03
0.000000000000000000e+00
0.000000000000000000e+00
5.625544488430023193e-02
2.643590569496154785e-01
0.000000000000000000e+00
0.000000000000000000e+00
4.439665973186492920e-01
2.248812675476074219e+00
0.000000000000000000e+00
2.278259843587875366e-01
9.978672862052917480e-02
1.641923546791076660e+00
3.447973728179931641e-02
6.324732303619384766e-02
5.266390368342399597e-02
2.490582168102264404e-01
9.339239597320556641e-01
7.945795655250549316e-01
3.276887536048889160e-02
1.355527877807617188e+00
0.000000000000000000e+00
5.696841478347778320e-01
1.371227949857711792e-01
9.295066446065902710e-02
5.572693049907684326e-02
0.000000000000000000e+00
8.237861990928649902e-01
1.026146292686462402e+00
3.115224242210388184e-01
2.588387489318847656e+00
4.652322456240653992e-02
1.697070002555847168e+00
2.021514344960451126e-03
9.801249206066131592e-02
5.958255380392074585e-02
1.337823629379272461e+00
5.834880471229553223e-01
0.000000000000000000e+00
2.751434147357940674e-01
2.232624739408493042e-01
1.399161177687346935e-03
1.894047021865844727e+00
2.992866635322570801e-01
5.331403110176324844e-03
3.897725939750671387e-01
1.033380180597305298e-01
9.264381527900695801e-01
2.129918783903121948e-01
0.000000000000000000e+00
6.145045906305313110e-02
5.526278018951416016e-01
1.050152063369750977e+00
5.019013211131095886e-02
2.480527907609939575e-01
2.119858190417289734e-02
9.467902183532714844e-01
1.280707269906997681e-01
1.586042642593383789e-01
7.038475275039672852e-01
2.715192502364516258e-03
3.081046342849731445e-01
8.729000091552734375e-01
1.523383427411317825e-03
1.342448871582746506e-02
1.383904218673706055e+00
8.320525288581848145e-02
8.314386941492557526e-03
2.408841699361801147e-01
1.776429772377014160e+00
2.232258580625057220e-02
4.240705370903015137e-01
2.412374168634414673e-01
1.945493340492248535e+00
3.221973657608032227e+00
2.484336793422698975e-01
8.187653124332427979e-02
3.453805148601531982e-01
0.000000000000000000e+00
1.610885257832705975e-03
