1.983013153076171875e+00
0.000000000000000000e+00
7.175189852714538574e-01
1.475319385528564453e+00
2.687103450298309326e-01
2.640299797058105469e-01
3.223959207534790039e-01
4.743251800537109375e+00
4.228514194488525391e+00
3.206026554107666016e-01
1.714447699487209320e-02
1.223347663879394531e+00
2.755896747112274170e-01
2.654718756675720215e-01
1.776743531227111816e+00
6.137832254171371460e-02
3.990923762321472168e-01
3.243141651153564453e+00
3.498798310756683350e-01
2.413243986666202545e-03
7.937467694282531738e-01
6.616871803998947144e-02
0.000000000000000000e+00
1.693464756011962891e+00
3.565248250961303711e-01
2.917020022869110107e-02
6.247454788535833359e-03
1.649773955345153809e+00
1.220407616347074509e-02
0.000000000000000000e+00
5.328253842890262604e-03
0.000000000000000000e+00
7.410439252853393555e-01
3.804110735654830933e-02
0.000000000000000000e+00
1.768439888954162598e+00
3.811110556125640869e-01
1.922594010829925537e-01
1.045244932174682617e+00
2.041197568178176880e-01
4.949930682778358459e-02
8.459392786026000977e-01
1.608261018991470337e-01
8.765259981155395508e-01
4.044165909290313721e-01
4.018479585647583008e-01
5.539093017578125000e-01
7.114309072494506836e-02
1.831607818603515625e-01
1.476182579994201660e+00
1.002498269081115723e+00
0.000000000000000000e+00
4.462622702121734619e-01
0.000000000000000000e+00
2.262386560440063477e+00
2.845860458910465240e-02
1.302459716796875000e+00
1.111942064017057419e-02
1.624810338020324707e+00
1.168660521507263184e+00
5.471740961074829102e-01
1.192540302872657776e-01
8.299301862716674805e-01
4.701356887817382812e-01
1.292687892913818359e+00
1.652321577072143555e+00
0.000000000000000000e+00
1.306782364845275879e-01
1.724040694534778595e-02
8.631833791732788086e-01
0.000000000000000000e+00
0.000000000000000000e+00
4.656564593315124512e-01
1.316053569316864014e-01
4.670565724372863770e-01
1.129152536392211914e+00
3.148501366376876831e-02
7.078437805175781250e-01
6.339190993458032608e-03
6.086836010217666626e-02
2.095216140151023865e-02
3.105791807174682617e-01
1.850928187370300293e+00
3.699381276965141296e-02
9.644929170608520508e-01
8.284653536975383759e-03
9.776111841201782227e-01
4.174793064594268799e-01
6.290197372436523438e-01
3.142035333439707756e-03
0.000000000000000000e+00
1.427623331546783447e-01
8.330270648002624512e-03
0.000000000000000000e+00
4.957691729068756104e-01
1.337133347988128662e-02
1.101220488548278809e+00
2.409458458423614502e-01
2.017904305830597878e-03
1.602026983164250851e-03
0.000000000000000000e+00
6.423543691635131836e-01
3.094834387302398682e-01
9.800291061401367188e-01
9.699157476425170898e-01
2.760808467864990234e-01
4.381889998912811279e-01
1.404176279902458191e-02
2.203903198242187500e-01
1.517279893159866333e-01
1.017052769660949707e+00
0.000000000000000000e+00
1.725233554840087891e+00
6.123071908950805664e-01
3.557098507881164551e-01
6.820691376924514771e-02
8.433379977941513062e-02
0.000000000000000000e+00
7.713762111961841583e-03
3.189638614654541016e+00
7.833380103111267090e-01
5.525344237685203552e-02
0.000000000000000000e+00
1.454391598701477051e+00
3.349367678165435791e-01
1.695142030715942383e+00
0.000000000000000000e+00
1.492937002331018448e-02
1.933640122413635254e+00
2.128549478948116302e-02
0.000000000000000000e+00
5.103636384010314941e-01
1.503133494406938553e-02
1.412460356950759888e-01
2.942454814910888672e-02
0.000000000000000000e+00
3.527367115020751953e-01
4.006797790527343750e+00
0.000000000000000000e+00
3.352067470550537109e-01
1.042202234268188477e+00
5.348626375198364258e-01
1.376138210296630859e+00
0.000000000000000000e+00
2.284810096025466919e-01
1.718333005905151367e+00
4.023354649543762207e-01
1.756217122077941895e+00
0.000000000000000000e+00
1.148058295249938965e+00
3.307144403457641602e+00
2.736696787178516388e-02
1.606831550598144531e-01
3.822707533836364746e-01
1.681439399719238281e+00
5.372066497802734375e-01
1.698137819766998291e-01
0.000000000000000000e+00
2.452449798583984375e+00
0.000000000000000000e+00
2.316778749227523804e-01
1.372923851013183594e+00
1.946565270423889160e+00
3.357831835746765137e-01
8.253288269042968750e-02
9.124883264303207397e-02
0.000000000000000000e+00
0.000000000000000000e+00
1.235595107078552246e+00
1.506726026535034180e+00
1.279760152101516724e-01
0.000000000000000000e+00
0.000000000000000000e+00
5.600975155830383301e-01
6.532283872365951538e-02
5.602266311645507812e+00
0.000000000000000000e+00
0.000000000000000000e+00
1.910038664937019348e-02
2.404736587777733803e-03
1.912566870450973511e-01
1.642778515815734863e-01
2.851421535015106201e-01
1.100763082504272461e+00
4.048658907413482666e-01
0.000000000000000000e+00
9.050974622368812561e-03
2.541174292564392090e-01
0.000000000000000000e+00
2.452069893479347229e-02
0.000000000000000000e+00
2.635524272918701172e-01
1.388143181800842285e+00
1.616485357284545898e+00
3.051472303923219442e-04
6.071220636367797852e-01
3.905269503593444824e-01
2.424630820751190186e-01
4.265268146991729736e-01
9.240232110023498535e-01
1.131444573402404785e+00
5.075010657310485840e-01
7.602450251579284668e-01
1.834679991006851196e-01
3.028506413102149963e-02
0.000000000000000000e+00
0.000000000000000000e+00
6.850358098745346069e-03
3.191597526893019676e-03
3.254840373992919922e+00
7.754318648949265480e-04
1.023719161748886108e-01
2.605750691145658493e-03
1.544868350028991699e-01
8.332062959671020508e-01
5.435903668403625488e-01
2.703532874584197998e-01
4.719302654266357422e-01
3.357007801532745361e-01
1.252560853958129883e+00
6.996139883995056152e-02
5.153644084930419922e-01
3.643463850021362305e-01
1.301599144935607910e-01
2.857205867767333984e-01
0.000000000000000000e+00
1.548713594675064087e-01
5.298759341239929199e-01
0.000000000000000000e+00
0.000000000000000000e+00
7.841460108757019043e-01
1.078756675124168396e-01
3.883223533630371094e-01
2.469492673873901367e+00
5.879259705543518066e-01
2.844622731208801270e-01
1.303842186927795410e+00
8.044335246086120605e-01
0.000000000000000000e+00
4.124848544597625732e-01
6.656752526760101318e-02
1.319509148597717285e-01
2.041797898709774017e-02
2.044063568115234375e+00
3.952227830886840820e-01
6.491194665431976318e-02
4.755375385284423828e-01
5.944628268480300903e-03
1.784245848655700684e+00
1.037584066390991211e+00
3.046595156192779541e-01
1.208547055721282959e-01
2.010748684406280518e-01
3.941302374005317688e-02
1.406742632389068604e-01
6.573285460472106934e-01
0.000000000000000000e+00
7.953990250825881958e-02
2.721331715583801270e-01
2.300063073635101318e-01
1.946295052766799927e-01
0.000000000000000000e+00
3.606773614883422852e-01
4.893454024568200111e-04
0.000000000000000000e+00
5.989696364849805832e-03
2.063501358032226562e+00
1.859770528972148895e-02
3.547703921794891357e-01
0.000000000000000000e+00
2.845096588134765625e-01
2.667845785617828369e-01
7.213214039802551270e-01
1.558700203895568848e-01
9.769660234451293945e-02
1.853033751249313354e-01
4.516622424125671387e-01
1.750143617391586304e-01
1.451653957366943359e+00
0.000000000000000000e+00
4.258712753653526306e-03
7.202769517898559570e-01
8.190443622879683971e-04
0.000000000000000000e+00
6.817976944148540497e-03
9.656707197427749634e-02
6.838355660438537598e-01
0.000000000000000000e+00
9.794136285781860352e-01
0.000000000000000000e+00
4.004640579223632812e-01
1.037135243415832520e+00
3.033585250377655029e-01
6.734202802181243896e-02
0.000000000000000000e+00
2.738943323493003845e-02
2.876748740673065186e-01
1.536538451910018921e-01
1.110096216201782227e+00
4.560931205749511719e+00
9.561741948127746582e-01
6.230325996875762939e-02
0.000000000000000000e+00
2.437244653701782227e-01
1.956800930202007294e-03
0.000000000000000000e+00
2.347977133467793465e-03
0.000000000000000000e+00
9.481879882514476776e-03
0.000000000000000000e+00
1.822171509265899658e-01
1.081105843186378479e-01
0.000000000000000000e+00
7.903391122817993164e-01
7.834231480956077576e-03
7.161779701709747314e-02
8.644784800708293915e-03
3.010959550738334656e-02
9.816326946020126343e-02
0.000000000000000000e+00
6.002774238586425781e-01
0.000000000000000000e+00
0.000000000000000000e+00
3.972180485725402832e-01
8.690583705902099609e-01
1.403839230537414551e+00
4.668894708156585693e-01
0.000000000000000000e+00
4.932217299938201904e-01
1.674777418375015259e-01
0.000000000000000000e+00
0.000000000000000000e+00
0.000000000000000000e+00
0.000000000000000000e+00
6.280621979385614395e-03
1.294998079538345337e-01
2.235903739929199219e+00
1.374828978441655636e-03
3.602750003337860107e-01
5.115131139755249023e-01
0.000000000000000000e+00
0.000000000000000000e+00
2.331712841987609863e-01
4.616364091634750366e-02
1.524521470069885254e+00
1.037552833557128906e+00
2.505210600793361664e-02
0.000000000000000000e+00
0.000000000000000000e+00
1.557724028825759888e-01
1.134147047996520996e+00
1.535130977630615234e+00
0.000000000000000000e+00
0.000000000000000000e+00
2.482102364301681519e-01
1.619805097579956055e+00
4.650466516613960266e-02
3.622040450572967529e-01
0.000000000000000000e+00
2.116766273975372314e-01
6.844338178634643555e-01
3.141737356781959534e-02
2.246324717998504639e-01
1.631873548030853271e-01
4.612675905227661133e-01
1.112266421318054199e+00
1.313780426979064941e+00
6.294813752174377441e-01
1.738807797431945801e+00
1.237638443708419800e-01
9.524106383323669434e-01
1.724362969398498535e-01
2.011982910335063934e-02
3.829099610447883606e-02
3.387063443660736084e-01
0.000000000000000000e+00
3.264289349317550659e-02
1.044878289103507996e-01
1.990190148353576660e-01
1.268873065710067749e-01
0.000000000000000000e+00
1.050806879997253418e+00
2.562536001205444336e+00
2.196449339389801025e-01
6.360135078430175781e-01
5.420576333999633789e-01
0.000000000000000000e+00
0.000000000000000000e+00
0.000000000000000000e+00
2.783858478069305420e-01
4.763584434986114502e-01
1.997684538364410400e-01
0.000000000000000000e+00
2.222934812307357788e-01
2.570061087608337402e-01
1.654940471053123474e-02
5.479888319969177246e-01
1.086304709315299988e-01
4.316519014537334442e-03
1.709825396537780762e+00
2.836783826351165771e-01
1.392136216163635254e+00
0.000000000000000000e+00
3.916618525981903076e-01
1.399067163467407227e+00
2.877779006958007812e-01
5.337778925895690918e-01
1.766127794981002808e-01
9.969289898872375488e-01
7.939902716316282749e-04
4.612214267253875732e-01
7.971832901239395142e-02
3.152311742305755615e-01
3.385086655616760254e-01
5.791569948196411133e-01
6.766220554709434509e-03
1.671382784843444824e+00
1.039772629737854004e-01
7.442804574966430664e-01
6.974620372056961060e-02
9.357107430696487427e-02
8.979314565658569336e-02
1.317751826718449593e-03
3.316299438476562500e+00
1.189533114433288574e+00
8.919713646173477173e-02
1.691005229949951172e-01
7.503922581672668457e-01
4.560499638319015503e-02
4.382772147655487061e-01
4.135185107588768005e-02
1.548929661512374878e-01
0.000000000000000000e+00
0.000000000000000000e+00
5.001465789973735809e-03
1.748930096626281738e+00
0.000000000000000000e+00
0.000000000000000000e+00
4.866381175816059113e-03
3.532713651657104492e-02
1.436720371246337891e+00
3.844701498746871948e-02
9.970493614673614502e-02
5.252164006233215332e-01
7.956720590591430664e-01
1.279756799340248108e-02
0.000000000000000000e+00
2.958486378192901611e-01
3.360437452793121338e-01
1.106502532958984375e+00
3.536699116230010986e-01
1.721100183203816414e-03
1.539026975631713867e+00
2.002938650548458099e-02
6.749405264854431152e-01
0.000000000000000000e+00
9.053942561149597168e-02
1.200335249304771423e-01
2.126998454332351685e-01
1.412652134895324707e+00
1.407870531082153320e+00
4.716813862323760986e-01
1.131511688232421875e+00
9.827418252825737000e-03
9.987190961837768555e-01
3.553852904587984085e-03
1.223090887069702148e-01
6.222541928291320801e-01
2.761244177818298340e-01
3.448440432548522949e-01
3.893291354179382324e-01
7.750979065895080566e-01
9.845220483839511871e-03
0.000000000000000000e+00
1.006968140602111816e+00
4.669501483440399170e-01
8.740565180778503418e-02
5.382256507873535156e-01
2.657203935086727142e-02
1.972883194684982300e-01
1.948211342096328735e-01
0.000000000000000000e+00
8.175624161958694458e-02
1.475515484809875488e+00
1.403819203376770020e+00
0.000000000000000000e+00
1.468545794486999512e-01
8.279755711555480957e-02
9.669088721275329590e-01
7.520896792411804199e-01
2.802234888076782227e-01
1.097958326339721680e+00
9.827066212892532349e-03
8.546399474143981934e-01
3.224534392356872559e-01
0.000000000000000000e+00
8.914233744144439697e-02
3.714325428009033203e-01
2.580793797969818115e-01
7.614590693265199661e-03
1.163354329764842987e-02
2.679969072341918945e+00
0.000000000000000000e+00
6.515946388244628906e-01
6.332530756480991840e-04
4.481766223907470703e-01
2.214539051055908203e+00
1.510273814201354980e+00
1.535984128713607788e-02
1.633288741111755371e+00
2.426314167678356171e-03
0.000000000000000000e+00
