2.968819737434387207e-01
0.000000000000000000e+00
3.866320848464965820e-01
2.124791383743286133e+00
1.119419261813163757e-01
2.178919166326522827e-01
8.162746429443359375e-01
3.637411594390869141e+00
5.938255786895751953e+00
1.225496053695678711e+00
1.137726977467536926e-01
1.649186730384826660e+00
1.562064513564109802e-02
5.004051923751831055e-01
2.105006933212280273e+00
3.376353383064270020e-01
6.080414652824401855e-01
1.772097349166870117e+00
6.714753508567810059e-01
0.000000000000000000e+00
9.704522490501403809e-01
1.037505175918340683e-02
4.357709884643554688e-01
2.494100332260131836e+00
2.808142639696598053e-02
0.000000000000000000e+00
1.322896685451269150e-02
1.316567659378051758e+00
2.083284705877304077e-01
5.369422957301139832e-03
0.000000000000000000e+00
0.000000000000000000e+00
6.708791851997375488e-01
3.736408948898315430e-01
3.912058472633361816e-01
2.756322622299194336e+00
3.901072144508361816e-01
2.137977927923202515e-01
3.899013996124267578e-02
6.305987238883972168e-01
2.465789765119552612e-01
2.000549882650375366e-01
3.404653072357177734e-01
2.617325305938720703e+00
1.601034402847290039e-01
1.045877695083618164e+00
1.835063993930816650e-01
5.091274976730346680e-01
1.457390487194061279e-01
1.807548999786376953e+00
2.461059093475341797e+00
0.000000000000000000e+00
1.242835521697998047e+00
8.164740167558193207e-03
1.274704337120056152e+00
2.003767155110836029e-02
2.976664006710052490e-01
6.226669251918792725e-02
2.895277261734008789e+00
8.440249562263488770e-01
2.174585610628128052e-01
1.365733146667480469e-01
9.755650162696838379e-02
5.878121256828308105e-01
2.355604648590087891e+00
1.065351963043212891e+00
6.512468308210372925e-02
8.975439518690109253e-02
1.099631905555725098e+00
7.003838419914245605e-01
0.000000000000000000e+00
7.668416481465101242e-03
5.723249912261962891e-01
5.984844174236059189e-04
6.478328704833984375e-01
1.858278036117553711e+00
0.000000000000000000e+00
1.132083654403686523e+00
1.118366643786430359e-01
2.072903960943222046e-01
5.032088756561279297e-01
1.299324512481689453e+00
1.681862592697143555e+00
4.156316816806793213e-02
1.458403944969177246e+00
5.030996799468994141e-01
1.954087495803833008e+00
3.177403211593627930e-01
5.784512758255004883e-01
1.790099591016769409e-02
4.573052749037742615e-03
3.232180699706077576e-02
4.266288876533508301e-02
4.440320772118866444e-04
1.224239110946655273e+00
1.005576014518737793e+00
4.044032990932464600e-01
1.487363219261169434e+00
1.058883517980575562e-01
6.817868351936340332e-02
0.000000000000000000e+00
5.746577382087707520e-01
2.978759258985519409e-02
1.432465672492980957e+00
1.055307388305664062e+00
3.508683741092681885e-01
1.665497064590454102e+00
3.411535024642944336e-01
2.447941005229949951e-01
6.472310423851013184e-02
1.579433441162109375e+00
0.000000000000000000e+00
7.082287669181823730e-01
8.449555635452270508e-01
6.859316825866699219e-01
2.339626196771860123e-03
1.857542991638183594e-01
5.226345658302307129e-01
9.018262624740600586e-01
3.115198135375976562e+00
5.122955441474914551e-01
2.768019437789916992e-01
2.899829857051372528e-02
2.162582397460937500e+00
3.202805221080780029e-01
1.498712897300720215e+00
0.000000000000000000e+00
0.000000000000000000e+00
1.527129888534545898e+00
3.676265776157379150e-01
9.434430301189422607e-02
5.602132081985473633e-01
1.261544078588485718e-01
3.172715902328491211e-01
1.444080322980880737e-01
1.206611050292849541e-03
1.234036237001419067e-01
4.360575199127197266e+00
0.000000000000000000e+00
1.386979967355728149e-01
6.771712005138397217e-02
1.939497888088226318e-01
1.164329171180725098e+00
1.913772337138652802e-02
3.517690002918243408e-01
5.134704113006591797e-01
1.275718331336975098e+00
8.867884278297424316e-01
8.200139999389648438e-01
3.587091863155364990e-01
4.966342926025390625e+00
2.006324827671051025e-01
4.700761437416076660e-01
1.714591979980468750e-01
1.589493036270141602e+00
9.753879308700561523e-01
3.018935322761535645e-01
6.482556462287902832e-02
2.512919425964355469e+00
0.000000000000000000e+00
2.237568795680999756e-01
1.011246204376220703e+00
4.207583367824554443e-01
4.743362218141555786e-02
4.154246449470520020e-01
3.971168994903564453e-01
0.000000000000000000e+00
0.000000000000000000e+00
1.656818270683288574e+00
1.332791328430175781e+00
8.515572547912597656e-02
0.000000000000000000e+00
2.376448549330234528e-02
8.442989587783813477e-01
1.096273660659790039e+00
7.283437252044677734e+00
1.114468369632959366e-02
1.245022402144968510e-03
1.273615099489688873e-02
5.981688154861330986e-04
9.988169185817241669e-03
2.939724326133728027e-01
2.154609709978103638e-01
2.722052812576293945e+00
1.916206479072570801e-01
0.000000000000000000e+00
6.398560944944620132e-03
4.658294618129730225e-01
1.648061675950884819e-03
4.939573816955089569e-03
0.000000000000000000e+00
5.534715601243078709e-04
8.399646878242492676e-01
4.082369804382324219e-01
2.068689018487930298e-01
6.579201817512512207e-01
5.576580762863159180e-01
1.889431178569793701e-01
4.928267747163772583e-02
5.428128242492675781e-01
1.035680532455444336e+00
2.051509916782379150e-01
2.597217559814453125e-01
1.228862628340721130e-01
2.192322164773941040e-01
9.281441569328308105e-03
1.703322976827621460e-01
1.970204897224903107e-02
2.373069226741790771e-01
2.001192331314086914e+00
5.103369057178497314e-02
2.734279930591583252e-01
7.495542615652084351e-02
1.206278204917907715e+00
3.500394523143768311e-01
5.330699086189270020e-01
2.775152623653411865e-01
4.395118057727813721e-01
1.338977575302124023e+00
1.047813296318054199e+00
1.344557944685220718e-02
2.140420377254486084e-01
8.175211548805236816e-01
3.226600885391235352e-01
5.679352879524230957e-01
0.000000000000000000e+00
7.187567651271820068e-02
3.761737644672393799e-01
1.951487356564030051e-04
1.933359354734420776e-01
1.730529367923736572e-01
3.186863660812377930e-01
1.879960894584655762e+00
2.366983413696289062e+00
1.149181842803955078e+00
4.698491692543029785e-01
1.717588424682617188e+00
7.917487025260925293e-01
7.138744741678237915e-02
6.482093334197998047e-01
5.189276337623596191e-01
7.923945784568786621e-02
7.402904331684112549e-02
1.705969691276550293e+00
4.303763508796691895e-01
1.239060387015342712e-01
6.457674503326416016e-01
0.000000000000000000e+00
1.990409016609191895e+00
1.112785458564758301e+00
4.850480258464813232e-01
3.291380405426025391e-01
3.903239220380783081e-02
3.591377437114715576e-01
9.524583220481872559e-01
1.457502245903015137e-01
2.230636216700077057e-02
0.000000000000000000e+00
3.688687458634376526e-03
1.342653185129165649e-01
1.397319793701171875e+00
4.168939292430877686e-01
1.160432249307632446e-01
3.763423115015029907e-02
0.000000000000000000e+00
1.607907116413116455e-01
2.210799217224121094e+00
0.000000000000000000e+00
5.502744913101196289e-01
9.713365137577056885e-02
8.539735078811645508e-01
5.795493721961975098e-02
1.066189765930175781e+00
0.000000000000000000e+00
1.054528281092643738e-01
1.506397277116775513e-01
4.442516863346099854e-01
4.544100463390350342e-01
1.090538501739501953e+00
4.071512818336486816e-02
5.044575314968824387e-03
6.304962038993835449e-01
2.181640565395355225e-01
1.918085291981697083e-02
2.915458679199218750e-01
7.505819797515869141e-01
1.379842758178710938e+00
2.309015542268753052e-01
5.204184055328369141e-01
2.409106353297829628e-03
5.656835436820983887e-01
1.477759242057800293e+00
3.441942930221557617e-01
6.194427143782377243e-03
1.810443997383117676e-01
2.648967802524566650e-01
3.533704206347465515e-02
5.549914836883544922e-01
9.338780641555786133e-01
5.321726322174072266e+00
4.977949261665344238e-01
2.123572379350662231e-01
2.812867760658264160e-01
9.478257596492767334e-02
5.924090743064880371e-02
2.635755343362689018e-03
4.478223127080127597e-05
0.000000000000000000e+00
2.999484166502952576e-02
3.435271084308624268e-01
1.743201613426208496e-01
0.000000000000000000e+00
1.182153727859258652e-02
5.576343536376953125e-01
8.191752433776855469e-02
2.505280375480651855e-01
0.000000000000000000e+00
1.236901059746742249e-01
4.027907550334930420e-01
8.409323170781135559e-03
1.634933710098266602e+00
0.000000000000000000e+00
2.077962644398212433e-02
4.469888210296630859e-01
8.459679037332534790e-02
7.690292596817016602e-01
1.262117922306060791e-01
0.000000000000000000e+00
4.405127465724945068e-01
6.797984838485717773e-01
0.000000000000000000e+00
2.624607272446155548e-02
7.519797654822468758e-04
1.500318665057420731e-02
1.494721625931560993e-03
5.817017555236816406e-01
1.709579706192016602e+00
2.537594139575958252e-01
7.625697255134582520e-01
5.976026654243469238e-01
4.442070424556732178e-02
0.000000000000000000e+00
5.044569373130798340e-01
3.505671396851539612e-02
1.004748940467834473e+00
9.736468195915222168e-01
1.029452495276927948e-02
0.000000000000000000e+00
1.403537094593048096e-01
1.838867813348770142e-01
5.083999633789062500e-01
4.004652798175811768e-01
0.000000000000000000e+00
4.856681823730468750e-02
3.277472034096717834e-02
7.476724982261657715e-01
0.000000000000000000e+00
1.081593185663223267e-01
0.000000000000000000e+00
9.432652592658996582e-02
5.589570403099060059e-01
5.425121169537305832e-03
1.053404659032821655e-01
5.980966687202453613e-01
5.203993320465087891e-01
1.011443018913269043e+00
8.603467345237731934e-01
1.548935532569885254e+00
1.813103437423706055e+00
8.958421531133353710e-04
2.577623724937438965e-01
8.810071945190429688e-01
3.662604391574859619e-01
2.998112142086029053e-01
1.125283479690551758e+00
0.000000000000000000e+00
1.851454190909862518e-02
2.663160848896950483e-04
3.081187605857849121e-01
6.564868688583374023e-01
6.207175552845001221e-02
2.789291620254516602e+00
2.818495750427246094e+00
7.367521524429321289e-01
3.398035094141960144e-02
9.478261470794677734e-01
1.571667380630970001e-03
0.000000000000000000e+00
0.000000000000000000e+00
3.131439685821533203e-01
6.305557489395141602e-01
1.025126725435256958e-01
1.173025369644165039e-02
1.121496967971324921e-02
9.320994466543197632e-02
4.677098095417022705e-01
1.131705641746520996e+00
7.215332239866256714e-02
1.166695356369018555e-01
1.784287452697753906e+00
3.126109838485717773e-01
1.658247113227844238e-01
0.000000000000000000e+00
4.358566403388977051e-01
1.247337460517883301e+00
1.035692542791366577e-01
1.436317205429077148e+00
2.237793654203414917e-01
1.570619344711303711e+00
5.535048842430114746e-01
2.150617353618144989e-02
0.000000000000000000e+00
4.176558554172515869e-01
1.399006247520446777e+00
2.022952586412429810e-01
0.000000000000000000e+00
2.470790147781372070e+00
9.827888011932373047e-02
2.276465296745300293e-01
1.910970360040664673e-01
8.334946632385253906e-02
1.605375409126281738e-01
0.000000000000000000e+00
3.529682636260986328e+00
8.469280004501342773e-01
8.278207182884216309e-01
7.774631381034851074e-01
2.571655273437500000e+00
2.825948875397443771e-03
9.411996006965637207e-01
4.739405959844589233e-02
5.465139448642730713e-02
0.000000000000000000e+00
0.000000000000000000e+00
7.864242792129516602e-02
2.001008242368698120e-01
1.336951106786727905e-01
0.000000000000000000e+00
1.006599050015211105e-02
3.614768981933593750e-01
1.086130619049072266e+00
0.000000000000000000e+00
2.940504550933837891e-01
3.126171529293060303e-01
1.484905242919921875e+00
2.183227054774761200e-02
0.000000000000000000e+00
0.000000000000000000e+00
2.386694550514221191e-01
7.235515117645263672e-01
2.177470475435256958e-01
1.218625064939260483e-02
1.887294173240661621e+00
3.431933745741844177e-02
7.583463788032531738e-01
7.688183803111314774e-03
9.573761373758316040e-02
1.498429179191589355e-01
0.000000000000000000e+00
1.337621688842773438e+00
1.414826035499572754e+00
3.769959211349487305e-01
1.587903022766113281e+00
0.000000000000000000e+00
9.197520017623901367e-01
4.508990421891212463e-02
3.231820091605186462e-02
4.464004337787628174e-01
1.221483588218688965e+00
2.338709086179733276e-01
3.728955239057540894e-02
5.894107222557067871e-01
1.778410822153091431e-01
1.676505617797374725e-02
2.289692640304565430e+00
2.307247817516326904e-01
6.425122916698455811e-02
9.330186992883682251e-02
6.273332983255386353e-02
6.731875538825988770e-01
4.109252989292144775e-01
0.000000000000000000e+00
1.177047267556190491e-01
1.147351741790771484e+00
1.108805298805236816e+00
0.000000000000000000e+00
1.811558753252029419e-01
6.954006850719451904e-02
1.404229760169982910e+00
1.997737437486648560e-01
1.664351969957351685e-01
4.843671917915344238e-01
8.696711622178554535e-03
6.108541488647460938e-01
1.144645333290100098e+00
7.383892685174942017e-02
1.506847292184829712e-01
1.229319691658020020e+00
2.449780553579330444e-01
0.000000000000000000e+00
1.183637324720621109e-02
1.195532202720642090e+00
1.546106934547424316e-01
3.608067929744720459e-01
2.178958952426910400e-01
2.120229005813598633e+00
2.147108793258666992e+00
5.185685157775878906e-01
5.445997044444084167e-02
7.265686988830566406e-01
0.000000000000000000e+00
2.505163138266652822e-04
