3.498839437961578369e-01
0.000000000000000000e+00
2.436623908579349518e-02
2.152252197265625000e+00
1.784338802099227905e-01
5.236422419548034668e-01
8.488674163818359375e-01
3.584683656692504883e+00
6.504738807678222656e+00
1.583074688911437988e+00
8.263772726058959961e-02
1.964617490768432617e+00
1.377946734428405762e-01
7.140339016914367676e-01
2.687798023223876953e+00
1.400911509990692139e-01
6.568415164947509766e-01
2.330189228057861328e+00
5.201975107192993164e-01
0.000000000000000000e+00
1.195655226707458496e+00
0.000000000000000000e+00
1.681111156940460205e-01
2.372188806533813477e+00
9.533209353685379028e-02
2.458947896957397461e-02
1.026087552309036255e-01
1.828134298324584961e+00
3.279936611652374268e-01
4.706655070185661316e-02
4.492252133786678314e-03
0.000000000000000000e+00
7.519541978836059570e-01
5.648155882954597473e-02
1.525152027606964111e-01
3.054960250854492188e+00
3.068385422229766846e-01
3.836017474532127380e-02
2.416186183691024780e-01
5.838121175765991211e-01
5.271856114268302917e-02
5.256565809249877930e-01
1.702841371297836304e-01
3.413151979446411133e+00
2.696063816547393799e-01
7.599239349365234375e-01
3.284638822078704834e-01
9.262321591377258301e-01
1.176066789776086807e-02
1.983709454536437988e+00
3.094258546829223633e+00
0.000000000000000000e+00
1.725863337516784668e+00
0.000000000000000000e+00
1.078125000000000000e+00
2.181991636753082275e-01
3.420132100582122803e-01
1.285090297460556030e-01
2.053732633590698242e+00
4.312175810337066650e-01
1.788356155157089233e-01
1.813036501407623291e-01
6.526735424995422363e-02
6.940368413925170898e-01
1.319604635238647461e+00
9.002940654754638672e-01
0.000000000000000000e+00
2.896181046962738037e-01
3.317112624645233154e-01
8.294621706008911133e-01
0.000000000000000000e+00
1.672871969640254974e-02
2.631126642227172852e-01
2.384522408246994019e-01
3.764237165451049805e-01
1.407047629356384277e+00
0.000000000000000000e+00
8.807050585746765137e-01
5.349380895495414734e-03
8.011392951011657715e-01
3.541434928774833679e-02
7.875269651412963867e-01
1.938333272933959961e+00
5.745442584156990051e-02
2.624667406082153320e+00
1.338909715414047241e-01
1.757021784782409668e+00
7.599981129169464111e-02
6.683016419410705566e-01
2.387062087655067444e-02
5.775590240955352783e-02
4.410042613744735718e-02
9.330519242212176323e-04
0.000000000000000000e+00
7.159759402275085449e-01
2.342318296432495117e-01
7.231209874153137207e-01
1.434765458106994629e-01
1.087855622172355652e-01
5.768621340394020081e-03
0.000000000000000000e+00
1.637419015169143677e-01
3.841810673475265503e-02
1.187235355377197266e+00
1.485005378723144531e+00
8.869709819555282593e-02
1.362219333648681641e+00
5.095331668853759766e-01
4.985273480415344238e-01
8.689292520284652710e-02
1.866989612579345703e+00
0.000000000000000000e+00
4.747760891914367676e-01
5.652692914009094238e-01
7.049770355224609375e-01
6.615233421325683594e-02
7.416073232889175415e-02
8.276472985744476318e-02
2.131168544292449951e-01
3.389478445053100586e+00
6.721712350845336914e-01
2.276421785354614258e-01
0.000000000000000000e+00
1.960080742835998535e+00
2.613891959190368652e-01
1.182526588439941406e+00
0.000000000000000000e+00
5.047888681292533875e-02
2.329776525497436523e+00
1.334349364042282104e-01
0.000000000000000000e+00
9.404172897338867188e-01
9.495016187429428101e-02
0.000000000000000000e+00
9.162586182355880737e-02
0.000000000000000000e+00
1.046848744153976440e-01
5.629058837890625000e+00
0.000000000000000000e+00
1.896735578775405884e-01
3.770484030246734619e-01
2.269088178873062134e-01
1.352217316627502441e+00
1.352219190448522568e-02
2.450775802135467529e-01
4.889399707317352295e-01
1.025280237197875977e+00
6.956136226654052734e-01
8.401730656623840332e-01
1.627765148878097534e-01
5.627613067626953125e+00
1.944633424282073975e-01
3.581696748733520508e-01
4.036638736724853516e-01
1.674746990203857422e+00
1.835345029830932617e+00
2.592667639255523682e-01
2.486579269170761108e-01
2.766942262649536133e+00
2.240146696567535400e-01
5.689992010593414307e-02
1.460681796073913574e+00
7.912493944168090820e-01
2.703658863902091980e-02
3.465062677860260010e-01
1.349246203899383545e-01
0.000000000000000000e+00
0.000000000000000000e+00
1.618866562843322754e+00
2.088710784912109375e+00
1.380212008953094482e-01
2.636909112334251404e-02
2.308636903762817383e-02
1.212110280990600586e+00
2.965798974037170410e-01
8.374049186706542969e+00
0.000000000000000000e+00
0.000000000000000000e+00
1.204153895378112793e-01
2.342019788920879364e-02
1.454440411180257797e-02
2.129806950688362122e-02
3.827438876032829285e-02
2.177574634552001953e+00
2.979752719402313232e-01
0.000000000000000000e+00
2.203246019780635834e-02
8.950802087783813477e-01
0.000000000000000000e+00
1.773447357118129730e-02
0.000000000000000000e+00
1.983123645186424255e-02
1.358149647712707520e+00
5.105885267257690430e-01
2.472490072250366211e-01
2.603441774845123291e-01
9.024402499198913574e-01
2.275201827287673950e-01
4.454499781131744385e-01
8.096177577972412109e-01
1.141529321670532227e+00
3.951157331466674805e-01
4.180957973003387451e-01
4.510060846805572510e-01
1.276212036609649658e-01
4.066751524806022644e-02
1.926993578672409058e-01
5.418127402663230896e-02
4.529719799757003784e-02
2.084278345108032227e+00
3.559796512126922607e-02
4.416403919458389282e-02
4.402825832366943359e-01
6.813049316406250000e-01
8.118939995765686035e-01
8.012629151344299316e-01
2.556393444538116455e-01
5.599061250686645508e-01
1.416104912757873535e+00
1.045907974243164062e+00
0.000000000000000000e+00
2.607241868972778320e-01
8.330945372581481934e-01
1.598892956972122192e-01
2.249111086130142212e-01
0.000000000000000000e+00
6.582423299551010132e-02
2.178179621696472168e-01
0.000000000000000000e+00
1.980449445545673370e-02
3.280176222324371338e-01
7.209719717502593994e-02
1.160875439643859863e+00
2.530361890792846680e+00
9.637133479118347168e-01
6.840365529060363770e-01
2.303389787673950195e+00
8.300376534461975098e-01
6.526666693389415741e-04
9.130827188491821289e-01
1.758407056331634521e-01
1.646391004323959351e-01
5.004092678427696228e-02
2.565516471862792969e+00
6.636942625045776367e-01
4.063389897346496582e-01
9.104293584823608398e-01
0.000000000000000000e+00
2.100780010223388672e+00
1.485595941543579102e+00
5.637731403112411499e-02
2.133096754550933838e-01
7.643570657819509506e-03
3.301978409290313721e-01
9.605060219764709473e-01
8.114050142467021942e-03
0.000000000000000000e+00
0.000000000000000000e+00
0.000000000000000000e+00
4.317075386643409729e-02
9.586873054504394531e-01
1.388181000947952271e-01
2.237301319837570190e-02
1.441600359976291656e-02
0.000000000000000000e+00
1.102412212640047073e-02
2.046734571456909180e+00
0.000000000000000000e+00
2.212294340133666992e-01
4.462127387523651123e-02
1.161615729331970215e+00
0.000000000000000000e+00
6.995366811752319336e-01
9.316407376900315285e-04
2.726541459560394287e-01
4.314406812191009521e-01
8.507629856467247009e-03
5.232774019241333008e-01
1.534652113914489746e+00
2.760814735665917397e-03
1.970101892948150635e-01
4.970319569110870361e-01
9.136108309030532837e-02
2.660658955574035645e-01
1.954774558544158936e-01
3.415265679359436035e-01
1.471467256546020508e+00
0.000000000000000000e+00
3.752660751342773438e-01
0.000000000000000000e+00
1.792353749275207520e+00
1.574131369590759277e+00
4.101909697055816650e-01
1.331877410411834717e-01
4.187258891761302948e-03
3.092731237411499023e-01
3.018207550048828125e-01
2.296024411916732788e-01
1.571282505989074707e+00
5.826487064361572266e+00
4.655285179615020752e-01
1.733625382184982300e-01
1.577301025390625000e-01
7.588030397891998291e-02
0.000000000000000000e+00
2.167503908276557922e-02
0.000000000000000000e+00
0.000000000000000000e+00
0.000000000000000000e+00
7.560796290636062622e-02
3.291698992252349854e-01
0.000000000000000000e+00
0.000000000000000000e+00
1.117847442626953125e+00
2.093244791030883789e-01
8.328065276145935059e-02
0.000000000000000000e+00
1.301542818546295166e-01
7.418311834335327148e-01
4.264380410313606262e-02
1.391920685768127441e+00
0.000000000000000000e+00
0.000000000000000000e+00
2.928748130798339844e-01
1.101805735379457474e-02
4.191679060459136963e-01
1.095519736409187317e-01
0.000000000000000000e+00
1.169778108596801758e+00
7.804120182991027832e-01
0.000000000000000000e+00
0.000000000000000000e+00
1.922468282282352448e-02
0.000000000000000000e+00
0.000000000000000000e+00
2.701483368873596191e-01
1.667556285858154297e+00
8.394172787666320801e-02
7.020957469940185547e-01
9.350787997245788574e-01
9.410269558429718018e-03
8.058751700446009636e-04
1.714898347854614258e-01
1.680964045226573944e-02
9.419120550155639648e-01
1.033634543418884277e+00
1.286751329898834229e-01
0.000000000000000000e+00
6.582399457693099976e-02
7.414248585700988770e-01
7.054281830787658691e-01
1.522380232810974121e+00
1.410419493913650513e-01
0.000000000000000000e+00
8.955107629299163818e-02
9.448105096817016602e-01
0.000000000000000000e+00
1.463921219110488892e-01
0.000000000000000000e+00
1.156714409589767456e-01
3.190618157386779785e-01
2.252426929771900177e-02
2.336108684539794922e-01
2.043320536613464355e-01
6.859334111213684082e-01
1.485635876655578613e+00
1.108255147933959961e+00
1.128997564315795898e+00
2.232486963272094727e+00
0.000000000000000000e+00
3.901515007019042969e-01
1.185533404350280762e+00
8.366208672523498535e-01
9.481254965066909790e-02
8.212410807609558105e-01
9.705556556582450867e-03
3.416062891483306885e-02
4.888676572591066360e-03
3.858189284801483154e-01
7.670233249664306641e-01
2.931166207417845726e-03
3.277407884597778320e+00
2.800909996032714844e+00
6.959084868431091309e-01
0.000000000000000000e+00
1.066536545753479004e+00
9.554935619235038757e-03
0.000000000000000000e+00
0.000000000000000000e+00
1.293835975229740143e-02
2.864313721656799316e-01
4.658645484596490860e-03
0.000000000000000000e+00
1.546801477670669556e-01
1.989989578723907471e-01
6.507871747016906738e-01
1.061366677284240723e+00
1.124570816755294800e-01
1.229854952543973923e-02
1.478883624076843262e+00
1.217462588101625443e-02
6.452494859695434570e-01
0.000000000000000000e+00
2.932980656623840332e-01
1.362860798835754395e+00
1.663509458303451538e-01
8.324649333953857422e-01
2.777367532253265381e-01
1.089566946029663086e+00
3.135738074779510498e-01
2.631680071353912354e-01
4.335191624704748392e-04
6.614194512367248535e-01
1.232841491699218750e+00
3.584998846054077148e-01
6.452000699937343597e-03
3.601479530334472656e+00
2.365233935415744781e-02
1.963227540254592896e-01
4.323620721697807312e-02
9.134319424629211426e-02
1.179398521780967712e-01
0.000000000000000000e+00
3.321154832839965820e+00
9.636170268058776855e-01
8.281832337379455566e-01
1.069290041923522949e+00
2.201733350753784180e+00
0.000000000000000000e+00
1.030010104179382324e+00
1.171447103843092918e-03
5.973293632268905640e-02
0.000000000000000000e+00
0.000000000000000000e+00
3.844954818487167358e-02
6.063656881451606750e-02
1.960372328758239746e-01
0.000000000000000000e+00
3.676066920161247253e-02
2.013338953256607056e-01
1.492924094200134277e+00
0.000000000000000000e+00
2.045021057128906250e-01
2.472089231014251709e-01
1.149680614471435547e+00
2.998865395784378052e-02
0.000000000000000000e+00
2.402932848781347275e-03
1.855992674827575684e-01
1.160239100456237793e+00
5.345368981361389160e-01
4.003932699561119080e-03
1.396404623985290527e+00
0.000000000000000000e+00
9.118597507476806641e-01
1.245641484856605530e-01
2.810345292091369629e-01
8.484917879104614258e-02
0.000000000000000000e+00
1.202569842338562012e+00
1.811255931854248047e+00
1.826635003089904785e-01
2.502104997634887695e+00
1.092425435781478882e-01
1.015421152114868164e+00
2.611136808991432190e-02
1.552153378725051880e-01
3.184362947940826416e-01
9.406270980834960938e-01
4.600140154361724854e-01
0.000000000000000000e+00
7.078698277473449707e-01
1.709243953227996826e-01
3.122501075267791748e-02
1.893822193145751953e+00
1.875888258218765259e-01
8.017385005950927734e-02
9.282685816287994385e-02
1.694443263113498688e-02
4.738769829273223877e-01
3.139483034610748291e-01
0.000000000000000000e+00
0.000000000000000000e+00
1.260581374168395996e+00
1.040171861648559570e+00
3.885558806359767914e-03
3.287407159805297852e-01
2.518825419247150421e-02
1.440307617187500000e+00
1.881704926490783691e-01
1.946632750332355499e-02
3.328941464424133301e-01
0.000000000000000000e+00
5.205012559890747070e-01
1.027249693870544434e+00
7.105005532503128052e-02
7.180630415678024292e-02
1.310184240341186523e+00
1.009571477770805359e-01
7.200484629720449448e-03
7.141052186489105225e-02
2.333549737930297852e+00
2.111817896366119385e-01
7.349281907081604004e-01
3.828959763050079346e-01
1.829007267951965332e+00
2.435734033584594727e+00
3.608293533325195312e-01
0.000000000000000000e+00
8.770309090614318848e-01
0.000000000000000000e+00
0.000000000000000000e+00
