6.664441823959350586e-01
0.000000000000000000e+00
1.893218010663986206e-01
2.043110370635986328e+00
1.800843030214309692e-01
1.899713575839996338e-01
6.285112500190734863e-01
2.850990295410156250e+00
5.576247215270996094e+00
1.083034157752990723e+00
3.115402162075042725e-02
1.235378503799438477e+00
1.173563972115516663e-01
7.960563302040100098e-01
2.175929546356201172e+00
2.920098602771759033e-01
7.017210125923156738e-01
2.283463001251220703e+00
1.030144810676574707e+00
2.194376429542899132e-03
8.384743332862854004e-01
1.914517022669315338e-02
4.096797481179237366e-02
2.256577968597412109e+00
2.228903025388717651e-01
7.520467042922973633e-03
3.407901152968406677e-02
2.097377777099609375e+00
1.019064858555793762e-01
1.589317768812179565e-01
0.000000000000000000e+00
0.000000000000000000e+00
2.343977093696594238e-01
6.816841661930084229e-02
6.513179093599319458e-02
2.641846656799316406e+00
3.251238167285919189e-01
6.394853442907333374e-02
3.326405584812164307e-01
2.396037131547927856e-01
1.434470117092132568e-01
2.045446485280990601e-01
5.097829699516296387e-01
2.291603088378906250e+00
6.185385584831237793e-01
6.816132068634033203e-01
5.941541194915771484e-01
4.187014698982238770e-01
1.135692372918128967e-01
1.212537288665771484e+00
2.049897193908691406e+00
0.000000000000000000e+00
8.672553896903991699e-01
5.054764077067375183e-02
1.874465942382812500e+00
4.240896701812744141e-01
8.648923635482788086e-01
1.475609093904495239e-02
1.705492854118347168e+00
5.137459635734558105e-01
2.207778394222259521e-01
8.201445452868938446e-03
4.804297089576721191e-01
1.034993052482604980e+00
9.002035260200500488e-01
8.330619931221008301e-01
0.000000000000000000e+00
6.980300415307283401e-03
2.412766367197036743e-01
1.226718664169311523e+00
0.000000000000000000e+00
1.406556367874145508e-01
2.405100762844085693e-01
1.868773400783538818e-01
3.344751000404357910e-01
1.514307260513305664e+00
0.000000000000000000e+00
4.086329638957977295e-01
1.030839607119560242e-01
7.821609377861022949e-01
5.503805354237556458e-02
5.156137347221374512e-01
1.471507787704467773e+00
1.364458948373794556e-01
1.354369282722473145e+00
8.529996499419212341e-03
1.305488348007202148e+00
9.725332260131835938e-02
1.007830739021301270e+00
6.212861090898513794e-02
3.138115163892507553e-03
1.755708642303943634e-02
2.404595725238323212e-03
0.000000000000000000e+00
5.470131039619445801e-01
1.526869088411331177e-01
6.771534085273742676e-01
9.017038941383361816e-01
0.000000000000000000e+00
1.668953045736998320e-04
2.519266866147518158e-02
3.804460465908050537e-01
1.014042198657989502e-01
6.123658418655395508e-01
1.136521458625793457e+00
1.527330726385116577e-01
1.356647133827209473e+00
5.289834737777709961e-02
3.970990478992462158e-01
1.854653805494308472e-01
1.416048288345336914e+00
0.000000000000000000e+00
7.570488452911376953e-01
5.534607172012329102e-01
4.573116600513458252e-01
5.678040161728858948e-02
9.491419186815619469e-04
2.366263046860694885e-02
2.887645065784454346e-01
2.531259298324584961e+00
1.013918042182922363e+00
2.226697504520416260e-01
1.213329806923866272e-01
1.536945223808288574e+00
4.347771406173706055e-01
1.410061597824096680e+00
0.000000000000000000e+00
4.253002814948558807e-03
1.764287352561950684e+00
1.978065669536590576e-01
1.561807841062545776e-01
6.515960693359375000e-01
1.599589586257934570e-01
5.461083352565765381e-02
6.416078656911849976e-02
8.277826942503452301e-03
4.028831720352172852e-01
4.346122741699218750e+00
0.000000000000000000e+00
2.140197157859802246e-01
2.903526723384857178e-01
2.101040184497833252e-01
8.485605716705322266e-01
9.348087012767791748e-03
3.865730762481689453e-01
4.410062432289123535e-01
6.818647980690002441e-01
8.440055847167968750e-01
3.281862735748291016e-01
6.395208239555358887e-01
4.400985240936279297e+00
1.745557487010955811e-01
4.298597872257232666e-01
4.420396387577056885e-01
2.160694837570190430e+00
7.754085659980773926e-01
4.620408415794372559e-01
1.916396468877792358e-01
1.712624073028564453e+00
1.690398342907428741e-02
1.538894474506378174e-01
1.426825523376464844e+00
1.049196362495422363e+00
4.443064630031585693e-01
1.254460513591766357e-01
1.426301598548889160e-01
0.000000000000000000e+00
0.000000000000000000e+00
1.948696494102478027e+00
2.044751405715942383e+00
3.823248445987701416e-01
8.367717236978933215e-05
0.000000000000000000e+00
1.009184837341308594e+00
2.457847893238067627e-01
7.521531581878662109e+00
0.000000000000000000e+00
2.146264072507619858e-03
2.570465020835399628e-02
2.015358656644821167e-01
7.565122842788696289e-02
6.763868778944015503e-02
6.659339414909482002e-04
1.859080076217651367e+00
3.594661951065063477e-01
4.085117205977439880e-02
1.917196996510028839e-02
1.674532175064086914e+00
0.000000000000000000e+00
6.796012166887521744e-03
1.097039971500635147e-02
2.292282693088054657e-02
1.044951915740966797e+00
4.567944109439849854e-01
2.676647156476974487e-02
2.906929254531860352e-01
6.110044121742248535e-01
2.332086861133575439e-01
1.866289973258972168e-01
1.001920580863952637e+00
1.610791683197021484e+00
5.364649891853332520e-01
3.410481810569763184e-01
2.089481651782989502e-01
2.123690024018287659e-02
1.405371278524398804e-01
4.343497753143310547e-02
4.748198762536048889e-02
4.367942456156015396e-03
1.925213575363159180e+00
1.885119825601577759e-02
1.877995729446411133e-01
6.680697947740554810e-02
6.098539829254150391e-01
9.032824635505676270e-01
9.462531805038452148e-01
4.395449459552764893e-01
4.292409718036651611e-01
1.375477552413940430e+00
1.568662047386169434e+00
0.000000000000000000e+00
2.257335335016250610e-01
6.250357031822204590e-01
2.140804566442966461e-02
5.585157275199890137e-01
0.000000000000000000e+00
3.719094395637512207e-02
7.352708280086517334e-02
1.527365576475858688e-02
1.383665017783641815e-02
2.326134592294692993e-01
1.040569320321083069e-01
1.240252017974853516e+00
1.996538996696472168e+00
9.533171057701110840e-01
4.520052671432495117e-01
1.923093438148498535e+00
6.165370345115661621e-01
4.971755295991897583e-02
8.048050999641418457e-01
1.348834186792373657e-01
2.793043553829193115e-01
6.481894850730895996e-02
2.161169767379760742e+00
3.524164855480194092e-01
1.932272315025329590e-01
3.913341760635375977e-01
0.000000000000000000e+00
2.118823766708374023e+00
9.726020693778991699e-01
7.211439013481140137e-01
1.345196068286895752e-01
1.522287279367446899e-01
2.069084942340850830e-01
7.264609932899475098e-01
3.257871791720390320e-02
6.683006417006254196e-03
0.000000000000000000e+00
2.437707781791687012e-02
2.508346363902091980e-02
9.026890993118286133e-01
5.390207469463348389e-02
3.912076726555824280e-02
0.000000000000000000e+00
0.000000000000000000e+00
2.731372602283954620e-02
2.251836538314819336e+00
6.364427041262388229e-03
2.877762317657470703e-01
6.532652676105499268e-02
4.919444024562835693e-01
1.684304773807525635e-01
7.529608607292175293e-01
1.037530899047851562e-01
3.421972095966339111e-01
1.712029725313186646e-01
1.191469188779592514e-02
9.613793343305587769e-02
1.435100078582763672e+00
4.330021888017654419e-02
3.168762102723121643e-02
5.909403562545776367e-01
1.872615814208984375e-01
1.066552475094795227e-03
1.410127878189086914e-01
6.922308206558227539e-01
9.348298311233520508e-01
9.285295009613037109e-02
4.806847870349884033e-01
4.866219125688076019e-03
1.099890112876892090e+00
1.727739572525024414e+00
8.674532920122146606e-02
0.000000000000000000e+00
1.364967133849859238e-02
2.169514894485473633e-01
2.968707382678985596e-01
3.185239434242248535e-01
1.632717132568359375e+00
4.592262268066406250e+00
1.082152843475341797e+00
1.153763607144355774e-01
8.307988941669464111e-02
1.806017905473709106e-01
0.000000000000000000e+00
1.669290289282798767e-02
1.286141201853752136e-02
0.000000000000000000e+00
0.000000000000000000e+00
4.443040117621421814e-02
4.155095517635345459e-01
4.324548318982124329e-02
0.000000000000000000e+00
8.648440837860107422e-01
3.654964268207550049e-01
1.985163986682891846e-01
0.000000000000000000e+00
1.329092830419540405e-01
1.037964463233947754e+00
1.112889051437377930e-01
1.510714173316955566e+00
0.000000000000000000e+00
1.241932436823844910e-02
4.810360074043273926e-01
2.859161198139190674e-01
1.034069418907165527e+00
1.183753982186317444e-01
0.000000000000000000e+00
8.084593415260314941e-01
4.132180511951446533e-01
1.584495790302753448e-02
5.365657806396484375e-02
0.000000000000000000e+00
0.000000000000000000e+00
9.541723877191543579e-03
1.940337419509887695e-01
1.468743085861206055e+00
1.121502742171287537e-01
9.734923243522644043e-01
7.401049733161926270e-01
7.843518629670143127e-03
4.768202546983957291e-03
2.290354967117309570e-01
2.576026320457458496e-02
5.714234113693237305e-01
8.431586027145385742e-01
2.680395245552062988e-01
3.089350834488868713e-02
7.595394551753997803e-02
3.204439580440521240e-01
5.618675947189331055e-01
8.959182500839233398e-01
0.000000000000000000e+00
5.014250427484512329e-02
8.095466345548629761e-02
1.271344542503356934e+00
0.000000000000000000e+00
4.359434843063354492e-01
0.000000000000000000e+00
1.359401196241378784e-01
5.070379376411437988e-01
1.008180454373359680e-01
1.628436893224716187e-01
4.130801558494567871e-01
8.209323883056640625e-01
8.248541355133056641e-01
2.894837558269500732e-01
1.147440075874328613e+00
2.309460401535034180e+00
0.000000000000000000e+00
3.588737547397613525e-01
1.029103279113769531e+00
4.827515780925750732e-01
1.664618849754333496e-01
4.047116637229919434e-01
0.000000000000000000e+00
9.925970807671546936e-03
2.810777910053730011e-02
4.313896894454956055e-01
5.225952267646789551e-01
3.424331545829772949e-03
2.586546182632446289e+00
2.159832000732421875e+00
9.075967073440551758e-01
3.136554441880434752e-04
4.546556174755096436e-01
3.597513772547245026e-03
0.000000000000000000e+00
0.000000000000000000e+00
8.547583594918251038e-03
3.534654080867767334e-01
1.343479566276073456e-02
0.000000000000000000e+00
6.661216914653778076e-02
5.439771339297294617e-02
9.805279970169067383e-02
1.696317672729492188e+00
1.120425611734390259e-01
1.985290832817554474e-02
1.645009279251098633e+00
3.364647924900054932e-01
1.468928098678588867e+00
0.000000000000000000e+00
3.236945867538452148e-01
8.432940840721130371e-01
2.182931266725063324e-02
1.058399558067321777e+00
3.650565445423126221e-01
9.512843489646911621e-01
2.956656515598297119e-01
1.185538023710250854e-01
2.842603996396064758e-02
4.913715422153472900e-01
5.902584791183471680e-01
3.084323108196258545e-01
0.000000000000000000e+00
2.260492801666259766e+00
2.848250977694988251e-02
5.842384696006774902e-01
3.459377959370613098e-02
6.424674391746520996e-02
3.218957781791687012e-01
0.000000000000000000e+00
2.772090673446655273e+00
1.702100276947021484e+00
4.747109711170196533e-01
5.821311473846435547e-01
1.102797865867614746e+00
1.460477411746978760e-01
7.477197051048278809e-01
6.155884359031915665e-03
7.945884019136428833e-02
0.000000000000000000e+00
6.466106278821825981e-04
1.904524490237236023e-02
3.118127882480621338e-01
3.455814719200134277e-01
0.000000000000000000e+00
3.948762314394116402e-04
3.744959831237792969e-01
1.569200396537780762e+00
0.000000000000000000e+00
1.644834727048873901e-01
2.094417065382003784e-01
1.394055247306823730e+00
6.150484830141067505e-02
0.000000000000000000e+00
4.625302180647850037e-02
3.073074221611022949e-01
1.322698712348937988e+00
5.475658774375915527e-01
7.351164240390062332e-03
1.720121979713439941e+00
0.000000000000000000e+00
1.124035239219665527e+00
4.952585324645042419e-03
9.595412760972976685e-02
1.118783429265022278e-01
0.000000000000000000e+00
9.980215430259704590e-01
1.448674678802490234e+00
3.071075379848480225e-01
1.654089450836181641e+00
3.211444616317749023e-02
9.813662767410278320e-01
8.319383859634399414e-02
1.460365951061248779e-01
6.413167119026184082e-01
6.327751874923706055e-01
3.566632568836212158e-01
6.768584251403808594e-02
6.964961290359497070e-01
1.032491847872734070e-01
8.086539804935455322e-02
2.227771282196044922e+00
6.962560415267944336e-01
3.771481662988662720e-02
1.962079256772994995e-01
3.548842854797840118e-03
3.985939621925354004e-01
9.415964782238006592e-02
0.000000000000000000e+00
1.158265862613916397e-02
1.278783202171325684e+00
1.062445163726806641e+00
0.000000000000000000e+00
2.376866042613983154e-01
2.381705492734909058e-02
1.474316120147705078e+00
3.107456564903259277e-01
5.678318440914154053e-02
3.064166605472564697e-01
5.236635357141494751e-02
4.780829846858978271e-01
6.714788675308227539e-01
3.327700868248939514e-02
2.265287637710571289e-01
1.254384756088256836e+00
5.563362315297126770e-02
0.000000000000000000e+00
3.445518016815185547e-02
1.910435795783996582e+00
3.632283303886651993e-03
4.764776825904846191e-01
2.832094728946685791e-01
1.747820019721984863e+00
1.680564641952514648e+00
7.664218544960021973e-01
3.113419935107231140e-02
5.934553146362304688e-01
0.000000000000000000e+00
0.000000000000000000e+00
