7.926237583160400391e-01
0.000000000000000000e+00
2.860635519027709961e-01
2.009872198104858398e+00
4.032885134220123291e-01
4.282855391502380371e-01
8.831091523170471191e-01
3.455924987792968750e+00
5.850585937500000000e+00
1.418951511383056641e+00
3.231735154986381531e-02
1.603020429611206055e+00
2.674643695354461670e-01
8.202017545700073242e-01
2.299147367477416992e+00
2.380687445402145386e-01
5.912006497383117676e-01
2.625215530395507812e+00
8.717380166053771973e-01
0.000000000000000000e+00
9.995384812355041504e-01
1.972361467778682709e-02
3.244745777919888496e-03
1.721497654914855957e+00
1.796289086341857910e-01
0.000000000000000000e+00
3.358782529830932617e-01
1.819155454635620117e+00
5.235985666513442993e-02
0.000000000000000000e+00
0.000000000000000000e+00
0.000000000000000000e+00
1.726679503917694092e-01
2.720681130886077881e-01
6.814449280500411987e-02
2.838448524475097656e+00
4.376357197761535645e-01
2.950815297663211823e-02
4.739030897617340088e-01
2.932056188583374023e-01
3.422288894653320312e-01
4.555079340934753418e-01
5.464639067649841309e-01
2.957638978958129883e+00
2.741877436637878418e-01
8.743190765380859375e-01
2.569571137428283691e-01
6.879474520683288574e-01
2.053580135107040405e-01
1.329749226570129395e+00
2.384212732315063477e+00
0.000000000000000000e+00
1.564386725425720215e+00
2.798694651573896408e-03
1.410718321800231934e+00
2.841594517230987549e-01
4.263607561588287354e-01
1.808010339736938477e-01
1.187923431396484375e+00
4.539995789527893066e-01
8.219769597053527832e-02
2.535297907888889313e-02
3.865083754062652588e-01
1.115612268447875977e+00
1.281131386756896973e+00
7.249822616577148438e-01
0.000000000000000000e+00
2.977902293205261230e-01
4.689355492591857910e-01
7.282468676567077637e-01
0.000000000000000000e+00
3.779717907309532166e-02
2.992102205753326416e-01
3.228994607925415039e-01
3.299446105957031250e-01
1.466906428337097168e+00
2.250846289098262787e-02
7.973312139511108398e-01
2.953191697597503662e-01
6.811373829841613770e-01
4.338083416223526001e-02
6.979312300682067871e-01
1.833596229553222656e+00
6.651539355516433716e-02
2.362937927246093750e+00
3.748618811368942261e-02
1.826434373855590820e+00
8.588092774152755737e-02
5.423735976219177246e-01
1.071939319372177124e-01
0.000000000000000000e+00
6.774539500474929810e-02
6.050818483345210552e-04
0.000000000000000000e+00
1.016775846481323242e+00
1.950844079256057739e-01
9.429157376289367676e-01
4.474070072174072266e-01
9.812836349010467529e-02
1.130210608243942261e-02
1.913259737193584442e-02
5.665670633316040039e-01
1.965247392654418945e-01
3.566108047962188721e-01
8.247410058975219727e-01
4.000011384487152100e-01
1.676117539405822754e+00
6.998865604400634766e-01
9.379178881645202637e-01
7.733483612537384033e-02
1.334860920906066895e+00
0.000000000000000000e+00
7.596291899681091309e-01
1.171929478645324707e+00
3.531741201877593994e-01
1.255236472934484482e-02
0.000000000000000000e+00
1.372355073690414429e-01
2.920684516429901123e-01
3.258821725845336914e+00
9.921075105667114258e-01
2.408955246210098267e-01
8.572796359658241272e-03
1.655973076820373535e+00
8.785491585731506348e-01
8.276668787002563477e-01
0.000000000000000000e+00
2.643099129199981689e-01
1.937982916831970215e+00
1.219959259033203125e-01
0.000000000000000000e+00
1.076652765274047852e+00
2.009949088096618652e-01
2.018391937017440796e-01
1.639148741960525513e-01
0.000000000000000000e+00
6.024534106254577637e-01
5.065598487854003906e+00
0.000000000000000000e+00
4.482213854789733887e-01
4.504863023757934570e-01
2.203650176525115967e-01
1.329790711402893066e+00
4.676755145192146301e-02
1.979445070028305054e-01
8.668432831764221191e-01
6.934670805931091309e-01
8.283822536468505859e-01
3.816504180431365967e-01
2.955201566219329834e-01
5.362630844116210938e+00
8.635611087083816528e-02
4.393640458583831787e-01
5.444637537002563477e-01
2.162944555282592773e+00
8.986436128616333008e-01
1.338117122650146484e-01
1.627858728170394897e-01
2.330518484115600586e+00
1.148008182644844055e-01
5.943161621689796448e-02
1.691841602325439453e+00
1.259527564048767090e+00
1.723508536815643311e-01
6.214432716369628906e-01
1.608237028121948242e-01
8.262814953923225403e-03
0.000000000000000000e+00
1.360740303993225098e+00
2.593911886215209961e+00
7.182577252388000488e-01
3.248275816440582275e-02
4.561844747513532639e-03
8.772579431533813477e-01
2.508122622966766357e-01
8.401982307434082031e+00
0.000000000000000000e+00
0.000000000000000000e+00
1.038864180445671082e-01
8.234628289937973022e-02
8.014941588044166565e-03
4.605625942349433899e-02
2.326725572347640991e-01
1.917244434356689453e+00
4.518771171569824219e-01
0.000000000000000000e+00
1.869010156951844692e-03
1.609844088554382324e+00
3.782786428928375244e-03
7.929371297359466553e-02
3.326003206893801689e-03
5.833229050040245056e-02
1.096864819526672363e+00
4.074800014495849609e-01
1.734679043292999268e-01
2.535227239131927490e-01
5.706319212913513184e-01
2.858424484729766846e-01
1.619983911514282227e-01
1.385180234909057617e+00
1.618267416954040527e+00
2.019092738628387451e-01
1.098509073257446289e+00
3.419339358806610107e-01
7.846888154745101929e-02
1.154861971735954285e-02
5.343658477067947388e-02
1.731086708605289459e-02
1.575374603271484375e-01
2.218908786773681641e+00
4.518639296293258667e-02
1.138087138533592224e-01
2.851881384849548340e-01
6.348311901092529297e-01
7.097122073173522949e-01
9.029455184936523438e-01
4.118516147136688232e-01
3.639175593852996826e-01
1.179734587669372559e+00
1.637072682380676270e+00
3.817247226834297180e-02
4.838967025279998779e-01
4.118846058845520020e-01
0.000000000000000000e+00
2.985077202320098877e-01
0.000000000000000000e+00
8.991395682096481323e-02
1.476422604173421860e-02
1.722712040646001697e-04
6.359108723700046539e-03
3.639224171638488770e-01
1.379191726446151733e-01
7.889859676361083984e-01
2.064106941223144531e+00
5.547201633453369141e-01
9.508591890335083008e-01
2.362482786178588867e+00
7.424045205116271973e-01
1.371285470668226480e-04
8.326344490051269531e-01
8.419156074523925781e-02
1.129352226853370667e-01
2.234221696853637695e-01
2.497478246688842773e+00
5.168343782424926758e-01
2.994117327034473419e-02
2.846628725528717041e-01
3.272572532296180725e-03
1.370464205741882324e+00
1.914327263832092285e+00
4.090581089258193970e-02
7.952100783586502075e-02
1.051317080855369568e-01
6.470075845718383789e-01
9.670456647872924805e-01
1.654233187437057495e-01
0.000000000000000000e+00
0.000000000000000000e+00
7.134485058486461639e-04
9.001941978931427002e-02
7.445688843727111816e-01
5.445901155471801758e-01
2.045695669949054718e-02
1.232917699962854385e-02
0.000000000000000000e+00
0.000000000000000000e+00
2.339998483657836914e+00
1.001724507659673691e-02
4.109356999397277832e-01
0.000000000000000000e+00
1.087078571319580078e+00
1.059691072441637516e-03
8.282816410064697266e-01
2.084787487983703613e-01
4.962545037269592285e-01
1.023005321621894836e-01
1.027940586209297180e-02
4.594551324844360352e-01
7.044869065284729004e-01
7.255186885595321655e-02
6.139025092124938965e-02
3.516742587089538574e-01
4.832907021045684814e-02
1.840951442718505859e-01
3.352677524089813232e-01
6.342029571533203125e-01
1.210905671119689941e+00
0.000000000000000000e+00
2.740758359432220459e-01
0.000000000000000000e+00
1.694566011428833008e+00
2.158416986465454102e+00
9.486600756645202637e-02
0.000000000000000000e+00
6.557173561304807663e-03
2.729497551918029785e-01
1.143309995532035828e-01
5.169316530227661133e-01
1.786095380783081055e+00
5.308883666992187500e+00
7.301695346832275391e-01
7.983611524105072021e-02
9.714949876070022583e-02
1.318964958190917969e-01
2.673305198550224304e-02
2.542583970353007317e-03
6.021273322403430939e-03
0.000000000000000000e+00
2.119790995493531227e-03
6.783987581729888916e-02
4.816653728485107422e-01
1.279211342334747314e-01
0.000000000000000000e+00
1.101792097091674805e+00
1.564483791589736938e-01
4.603478610515594482e-01
9.056899696588516235e-03
1.728016883134841919e-01
1.215428829193115234e+00
2.956516742706298828e-01
1.210283041000366211e+00
0.000000000000000000e+00
1.332755666226148605e-02
5.212151408195495605e-01
2.023303881287574768e-02
7.596992850303649902e-01
3.648701310157775879e-02
0.000000000000000000e+00
7.764297723770141602e-01
5.896219611167907715e-01
0.000000000000000000e+00
0.000000000000000000e+00
6.157720088958740234e-02
2.000090330839157104e-01
2.046053297817707062e-02
3.612495362758636475e-01
1.800945281982421875e+00
4.241306707262992859e-02
6.225155591964721680e-01
7.522628903388977051e-01
4.479694645851850510e-03
2.531141508370637894e-03
8.359506726264953613e-02
4.358942434191703796e-02
8.372556567192077637e-01
9.337866306304931641e-01
1.221280917525291443e-01
1.031468901783227921e-02
9.496749192476272583e-02
5.121234655380249023e-01
7.142402529716491699e-01
1.420473217964172363e+00
3.345340788364410400e-01
9.070013463497161865e-02
8.950091898441314697e-02
8.417819142341613770e-01
0.000000000000000000e+00
1.923945248126983643e-01
0.000000000000000000e+00
2.947075963020324707e-01
1.550288051366806030e-01
3.708385229110717773e-01
7.094812989234924316e-01
2.151981592178344727e-01
1.015633106231689453e+00
9.574733972549438477e-01
7.376442551612854004e-01
9.418104290962219238e-01
1.942666769027709961e+00
0.000000000000000000e+00
6.339366436004638672e-01
1.480095624923706055e+00
1.849093884229660034e-01
1.169286593794822693e-01
2.453768402338027954e-01
0.000000000000000000e+00
2.870553545653820038e-02
2.842370048165321350e-02
5.373911857604980469e-01
6.293478608131408691e-01
0.000000000000000000e+00
2.949667453765869141e+00
2.924993991851806641e+00
7.980591058731079102e-01
7.464380003511905670e-03
8.486275672912597656e-01
4.972306545823812485e-03
0.000000000000000000e+00
0.000000000000000000e+00
1.220003142952919006e-02
7.550215721130371094e-02
5.901804566383361816e-02
0.000000000000000000e+00
1.426836103200912476e-01
1.712737977504730225e-01
3.163004815578460693e-01
1.055625915527343750e+00
7.935522496700286865e-02
9.030768275260925293e-02
1.469140529632568359e+00
3.400322794914245605e-02
1.066403865814208984e+00
1.735572703182697296e-02
1.720137298107147217e-01
9.549873471260070801e-01
5.675666332244873047e-01
8.435918092727661133e-01
2.394295632839202881e-01
1.202326059341430664e+00
1.701466292142868042e-01
1.092757955193519592e-01
5.900349933654069901e-03
6.495686769485473633e-01
8.732175230979919434e-01
2.669565677642822266e-01
5.665413662791252136e-02
2.808270692825317383e+00
3.960371762514114380e-02
1.853329688310623169e-01
7.145722955465316772e-02
8.388863503932952881e-02
9.713592380285263062e-02
2.555587701499462128e-02
2.346794128417968750e+00
1.180694818496704102e+00
5.225298404693603516e-01
9.160152673721313477e-01
1.704122662544250488e+00
1.181105058640241623e-02
1.353093385696411133e+00
2.199859358370304108e-03
2.355573028326034546e-01
0.000000000000000000e+00
0.000000000000000000e+00
7.026037201285362244e-04
4.144012629985809326e-01
1.851034462451934814e-01
5.105007812380790710e-02
9.043424576520919800e-02
3.472042679786682129e-01
1.250987648963928223e+00
0.000000000000000000e+00
1.715306192636489868e-01
3.553440272808074951e-01
1.229268074035644531e+00
1.198857799172401428e-01
0.000000000000000000e+00
6.340946257114410400e-02
4.811496138572692871e-01
1.555330038070678711e+00
6.985232234001159668e-01
2.343610301613807678e-02
1.633116126060485840e+00
2.092077163979411125e-03
2.938835024833679199e-01
2.130648680031299591e-02
1.473759859800338745e-01
1.929092705249786377e-01
0.000000000000000000e+00
1.014917016029357910e+00
1.682015180587768555e+00
2.364263832569122314e-01
1.699883460998535156e+00
1.850724406540393829e-02
1.206870913505554199e+00
0.000000000000000000e+00
1.641797423362731934e-01
4.380787312984466553e-01
1.249023199081420898e+00
8.793394565582275391e-01
3.210071474313735962e-02
2.993652820587158203e-01
3.076316118240356445e-01
0.000000000000000000e+00
1.980782747268676758e+00
1.307368576526641846e-01
2.887144312262535095e-02
3.058027625083923340e-01
4.451001808047294617e-02
5.232428312301635742e-01
2.161183953285217285e-01
8.002735674381256104e-02
1.932622119784355164e-02
1.372496962547302246e+00
9.128108024597167969e-01
1.835757284425199032e-03
2.382032573223114014e-01
1.976192742586135864e-02
1.343710422515869141e+00
2.162049859762191772e-01
3.327162861824035645e-01
6.188872456550598145e-01
1.696719042956829071e-02
6.864038705825805664e-01
6.705116629600524902e-01
1.822484657168388367e-02
1.555219590663909912e-01
1.446472167968750000e+00
4.485743865370750427e-02
1.363220158964395523e-02
2.305230498313903809e-01
2.053589820861816406e+00
1.822366118431091309e-01
7.973240017890930176e-01
5.891324281692504883e-01
1.722343921661376953e+00
2.148843526840209961e+00
1.098032593727111816e+00
2.368227951228618622e-02
9.238551855087280273e-01
0.000000000000000000e+00
2.008561417460441589e-02
