2.526627182960510254e-01
0.000000000000000000e+00
7.836613804101943970e-02
3.201202392578125000e+00
3.509438037872314453e-01
7.532024383544921875e-02
7.787480354309082031e-01
3.055842638015747070e+00
6.255428314208984375e+00
1.288784027099609375e+00
3.395458161830902100e-01
1.375227928161621094e+00
2.748440392315387726e-02
6.308574676513671875e-01
2.775967359542846680e+00
5.501431822776794434e-01
1.082594633102416992e+00
2.410325050354003906e+00
1.613240122795104980e+00
4.023718833923339844e-02
9.891182184219360352e-01
4.504554904997348785e-03
1.003742516040802002e-01
2.597703933715820312e+00
9.609622508287429810e-02
3.319954965263605118e-03
7.432559039443731308e-03
1.919716954231262207e+00
3.425073325634002686e-01
1.140767708420753479e-02
2.154597453773021698e-02
6.034040823578834534e-03
3.624286651611328125e-01
1.227022800594568253e-02
3.182457685470581055e-01
3.120077848434448242e+00
4.337919354438781738e-01
2.322003692388534546e-01
9.080892205238342285e-01
4.892035424709320068e-01
3.248501196503639221e-02
6.397778391838073730e-01
4.211605489253997803e-01
2.897317409515380859e+00
8.950008153915405273e-01
9.366119503974914551e-01
5.343201756477355957e-01
4.998229146003723145e-01
5.193202197551727295e-02
1.127416729927062988e+00
2.441427946090698242e+00
0.000000000000000000e+00
9.696968197822570801e-01
3.282661736011505127e-02
1.955463290214538574e+00
7.432304322719573975e-02
3.893159329891204834e-01
7.083148509263992310e-02
1.953392148017883301e+00
3.918457627296447754e-01
3.059355616569519043e-01
2.283381856977939606e-02
6.212015822529792786e-02
7.216672897338867188e-01
8.026281595230102539e-01
6.233403086662292480e-01
2.540167421102523804e-03
3.821918368339538574e-01
6.216434240341186523e-01
6.083132028579711914e-01
0.000000000000000000e+00
4.305145516991615295e-02
5.366675853729248047e-01
2.239267677068710327e-01
5.052403807640075684e-01
1.444049239158630371e+00
0.000000000000000000e+00
5.878631472587585449e-01
2.570440769195556641e-01
1.062996149063110352e+00
1.108473748899996281e-03
7.543454170227050781e-01
2.731517076492309570e+00
1.070281192660331726e-01
2.073699712753295898e+00
5.115451663732528687e-02
1.397434115409851074e+00
6.980635691434144974e-03
8.782183527946472168e-01
4.464252665638923645e-02
4.112580325454473495e-03
0.000000000000000000e+00
5.109544843435287476e-03
0.000000000000000000e+00
1.080942511558532715e+00
5.156233161687850952e-02
1.441059827804565430e+00
3.681901693344116211e-01
4.153742454946041107e-03
0.000000000000000000e+00
0.000000000000000000e+00
2.967606186866760254e-01
7.794514298439025879e-02
1.182896733283996582e+00
1.388688325881958008e+00
1.768874526023864746e-01
1.815499067306518555e+00
3.837846219539642334e-01
6.017759442329406738e-01
1.210955902934074402e-01
1.277365326881408691e+00
5.404779803939163685e-04
5.661431550979614258e-01
3.741376399993896484e-01
5.650931000709533691e-01
5.301348492503166199e-02
1.442812103778123856e-02
8.615622669458389282e-02
1.004398316144943237e-01
1.943509459495544434e+00
5.843666791915893555e-01
2.521376609802246094e-01
1.219658297486603260e-03
1.489217758178710938e+00
2.106196433305740356e-01
8.830050826072692871e-01
0.000000000000000000e+00
1.282728649675846100e-02
2.126466274261474609e+00
1.146463751792907715e-01
1.991577213630080223e-03
8.312211036682128906e-01
8.978874981403350830e-02
5.277788639068603516e-02
4.221430718898773193e-01
3.878061473369598389e-02
3.110986948013305664e-01
5.505328178405761719e+00
0.000000000000000000e+00
3.846526145935058594e-02
3.562787473201751709e-01
4.455055296421051025e-01
1.422607064247131348e+00
0.000000000000000000e+00
2.657372355461120605e-01
4.179503023624420166e-01
7.844566702842712402e-01
8.431028723716735840e-01
8.563658595085144043e-01
3.224129974842071533e-01
5.572456836700439453e+00
1.503590792417526245e-01
4.931336641311645508e-01
2.516518831253051758e-01
2.196386098861694336e+00
1.198691964149475098e+00
3.470115065574645996e-01
1.824909150600433350e-01
2.766905784606933594e+00
2.663518488407135010e-01
2.507226467132568359e-01
1.941864967346191406e+00
9.173361063003540039e-01
8.165337890386581421e-02
3.300944268703460693e-01
1.131493076682090759e-01
0.000000000000000000e+00
0.000000000000000000e+00
1.660171508789062500e+00
2.786735534667968750e+00
2.450461983680725098e-01
4.815240204334259033e-02
0.000000000000000000e+00
1.188567161560058594e+00
1.103283613920211792e-01
7.876065254211425781e+00
0.000000000000000000e+00
1.303866156376898289e-04
4.287380352616310120e-02
1.312781311571598053e-02
0.000000000000000000e+00
8.133175969123840332e-02
1.267040614038705826e-02
2.229380130767822266e+00
4.572693407535552979e-01
4.446550086140632629e-02
6.959965825080871582e-02
1.031342983245849609e+00
0.000000000000000000e+00
3.125727921724319458e-02
0.000000000000000000e+00
1.026523672044277191e-02
8.694605231285095215e-01
4.855119585990905762e-01
1.856619864702224731e-01
1.335676163434982300e-01
7.187143564224243164e-01
3.169530630111694336e-01
4.249697625637054443e-01
1.614397168159484863e+00
1.690961241722106934e+00
4.697176814079284668e-01
3.989917933940887451e-01
6.845740079879760742e-01
1.088223606348037720e-02
8.891074918210506439e-03
2.572731375694274902e-01
4.064498096704483032e-02
9.757509827613830566e-02
1.710735678672790527e+00
1.337300986051559448e-02
1.284817606210708618e-01
1.900306791067123413e-01
4.049707353115081787e-01
1.330168366432189941e+00
8.026611804962158203e-01
2.075633108615875244e-01
1.752420663833618164e-01
1.407574534416198730e+00
1.364635944366455078e+00
0.000000000000000000e+00
1.217730939388275146e-01
7.331231236457824707e-01
1.342123001813888550e-01
3.357226550579071045e-01
0.000000000000000000e+00
2.752326428890228271e-01
1.550378948450088501e-01
0.000000000000000000e+00
0.000000000000000000e+00
2.470894753932952881e-01
2.363810539245605469e-01
1.730185627937316895e+00
2.009576797485351562e+00
1.076463580131530762e+00
7.448154091835021973e-01
2.266016483306884766e+00
6.222702264785766602e-01
4.677047487348318100e-03
1.230412006378173828e+00
1.838913261890411377e-01
7.482907921075820923e-02
8.543161302804946899e-02
2.449558734893798828e+00
6.346538066864013672e-01
3.179273903369903564e-01
1.034012794494628906e+00
0.000000000000000000e+00
1.817963719367980957e+00
1.026093244552612305e+00
2.028031051158905029e-01
1.542513817548751831e-01
2.211075741797685623e-03
3.915221393108367920e-01
9.537602663040161133e-01
0.000000000000000000e+00
5.012900382280349731e-02
0.000000000000000000e+00
9.482223686063662171e-05
7.209072820842266083e-03
1.233370780944824219e+00
1.280281841754913330e-01
3.975846245884895325e-02
0.000000000000000000e+00
0.000000000000000000e+00
2.947192452847957611e-02
2.889876365661621094e+00
0.000000000000000000e+00
1.241488456726074219e-01
1.357434433884918690e-03
1.157141804695129395e+00
4.029614850878715515e-02
1.085155963897705078e+00
8.041647076606750488e-02
4.125379323959350586e-01
5.116965770721435547e-01
1.010922156274318695e-02
3.572233617305755615e-01
1.234030604362487793e+00
0.000000000000000000e+00
0.000000000000000000e+00
5.069766044616699219e-01
3.994457125663757324e-01
1.096119359135627747e-01
6.327098608016967773e-01
3.919147849082946777e-01
1.367594480514526367e+00
0.000000000000000000e+00
2.331034541130065918e-01
0.000000000000000000e+00
1.321607947349548340e+00
1.511816024780273438e+00
6.690328568220138550e-02
3.054133616387844086e-02
0.000000000000000000e+00
3.243871629238128662e-01
4.325082600116729736e-01
4.320160448551177979e-01
1.623124122619628906e+00
5.409592628479003906e+00
4.390635192394256592e-01
1.288792043924331665e-01
1.134645640850067139e-01
8.512128144502639771e-02
5.715278908610343933e-03
5.880377069115638733e-02
3.642892232164740562e-03
0.000000000000000000e+00
5.743775889277458191e-02
5.551462993025779724e-02
5.727387070655822754e-01
0.000000000000000000e+00
2.580862864851951599e-02
1.218874216079711914e+00
3.834836483001708984e-01
1.557214111089706421e-01
0.000000000000000000e+00
1.279199272394180298e-01
8.835136294364929199e-01
1.144706904888153076e-01
1.155634999275207520e+00
0.000000000000000000e+00
0.000000000000000000e+00
2.111857831478118896e-01
1.505716682004276663e-05
8.956398367881774902e-01
6.492313742637634277e-02
0.000000000000000000e+00
7.515238523483276367e-01
5.131658315658569336e-01
0.000000000000000000e+00
0.000000000000000000e+00
9.290099143981933594e-02
2.097721770405769348e-02
9.178603999316692352e-03
3.239548206329345703e-01
1.834500312805175781e+00
1.097334846854209900e-01
8.164796233177185059e-01
8.838092684745788574e-01
1.441411767154932022e-02
0.000000000000000000e+00
3.716590255498886108e-02
2.614280581474304199e-02
1.177141547203063965e+00
1.174540877342224121e+00
4.804728329181671143e-01
0.000000000000000000e+00
1.259633600711822510e-01
9.843544363975524902e-01
4.184150099754333496e-01
1.022319555282592773e+00
1.084591355174779892e-02
1.892802119255065918e-01
1.064057797193527222e-01
9.277700185775756836e-01
0.000000000000000000e+00
4.100938141345977783e-01
0.000000000000000000e+00
2.524945735931396484e-01
4.386410117149353027e-01
9.356424212455749512e-02
3.639328479766845703e-01
5.575417876243591309e-01
1.668665647506713867e+00
1.045438766479492188e+00
4.409192800521850586e-01
1.057313203811645508e+00
2.322468757629394531e+00
0.000000000000000000e+00
4.367182254791259766e-01
1.359641790390014648e+00
5.144119262695312500e-01
2.186129391193389893e-01
8.721309900283813477e-01
6.245168857276439667e-03
1.162932906299829483e-02
0.000000000000000000e+00
2.464922219514846802e-01
2.867149412631988525e-01
7.920261472463607788e-03
3.092952489852905273e+00
3.240196228027343750e+00
4.280457794666290283e-01
0.000000000000000000e+00
5.547202825546264648e-01
3.810657421126961708e-03
0.000000000000000000e+00
0.000000000000000000e+00
3.584524616599082947e-02
5.006437301635742188e-01
0.000000000000000000e+00
0.000000000000000000e+00
2.417607605457305908e-01
1.341055631637573242e-01
2.343191355466842651e-01
2.024630546569824219e+00
8.039294928312301636e-02
4.666855931282043457e-02
1.289041757583618164e+00
2.702434360980987549e-01
1.409410119056701660e+00
0.000000000000000000e+00
2.554136216640472412e-01
1.249155640602111816e+00
1.852340251207351685e-01
1.138228654861450195e+00
3.670519292354583740e-01
1.500670075416564941e+00
3.891019225120544434e-01
2.199441194534301758e-01
0.000000000000000000e+00
6.021888852119445801e-01
1.024276614189147949e+00
2.189679741859436035e-01
1.023687887936830521e-03
3.283541917800903320e+00
1.297729462385177612e-01
4.388961791992187500e-01
1.268128119409084320e-02
2.036483436822891235e-01
2.080618403851985931e-03
7.203168206615373492e-05
2.409156322479248047e+00
9.114784598350524902e-01
2.401755005121231079e-01
7.846133112907409668e-01
1.523615002632141113e+00
0.000000000000000000e+00
1.237720727920532227e+00
1.857934333384037018e-02
9.480281919240951538e-02
0.000000000000000000e+00
0.000000000000000000e+00
2.224164456129074097e-02
2.648464441299438477e-01
3.680769121274352074e-03
0.000000000000000000e+00
2.267465740442276001e-01
4.313158690929412842e-01
1.726749300956726074e+00
0.000000000000000000e+00
3.555758595466613770e-01
1.967813819646835327e-01
9.314548373222351074e-01
2.659925958141684532e-03
0.000000000000000000e+00
1.078181993216276169e-02
5.698249936103820801e-01
1.345437645912170410e+00
5.312188267707824707e-01
7.876861840486526489e-03
1.990178227424621582e+00
0.000000000000000000e+00
8.518237471580505371e-01
2.512984275817871094e-01
1.024864539504051208e-01
3.196816518902778625e-02
0.000000000000000000e+00
1.065682172775268555e+00
9.456500411033630371e-01
3.694967925548553467e-02
2.430927038192749023e+00
9.479213505983352661e-03
1.247805953025817871e+00
7.417450100183486938e-02
4.375715181231498718e-02
7.211912423372268677e-02
1.171327114105224609e+00
5.667551755905151367e-01
0.000000000000000000e+00
2.783783972263336182e-01
1.393909752368927002e-01
2.644367814064025879e-01
2.995594263076782227e+00
7.590197920799255371e-01
1.221857964992523193e-02
5.085006356239318848e-01
5.763509124517440796e-02
1.053495883941650391e+00
3.171350061893463135e-01
1.579921133816242218e-02
1.833291351795196533e-02
1.387869954109191895e+00
1.159330725669860840e+00
6.983471568673849106e-03
3.010687530040740967e-01
3.825530409812927246e-03
1.889493942260742188e+00
1.980400234460830688e-01
7.256793379783630371e-01
7.043080925941467285e-01
2.783639356493949890e-03
3.229531645774841309e-01
6.474413275718688965e-01
1.762233674526214600e-02
2.670902311801910400e-01
1.656450510025024414e+00
0.000000000000000000e+00
1.228628121316432953e-02
2.008382081985473633e-01
1.944486975669860840e+00
1.659540981054306030e-01
7.501221895217895508e-01
6.431458592414855957e-01
1.448907971382141113e+00
2.478908538818359375e+00
1.360120296478271484e+00
1.469196975231170654e-01
4.838923811912536621e-01
0.000000000000000000e+00
4.160987958312034607e-02
