1.088416054844856262e-01
0.000000000000000000e+00
6.927414238452911377e-02
2.384898900985717773e+00
8.102985024452209473e-01
2.755289971828460693e-01
1.081820845603942871e+00
2.045620679855346680e+00
6.775346755981445312e+00
1.664554119110107422e+00
6.762970238924026489e-02
1.626045942306518555e+00
2.497371844947338104e-02
7.218341231346130371e-01
2.566099882125854492e+00
3.915470540523529053e-01
1.129805564880371094e+00
2.709758996963500977e+00
1.390740036964416504e+00
1.904169172048568726e-01
1.396004796028137207e+00
0.000000000000000000e+00
1.266514062881469727e-01
2.863027811050415039e+00
2.844894826412200928e-01
2.527657663449645042e-03
1.559322625398635864e-01
2.151447057723999023e+00
3.365209996700286865e-01
7.799214124679565430e-02
4.319640994071960449e-02
1.826786436140537262e-02
4.142037630081176758e-01
2.298779934644699097e-01
5.356547236442565918e-01
3.406141042709350586e+00
2.793825864791870117e-01
4.465515539050102234e-02
4.498856961727142334e-01
2.372074872255325317e-01
1.748525649309158325e-01
2.269916832447052002e-01
4.994701743125915527e-01
3.697996616363525391e+00
7.154342532157897949e-01
1.303944945335388184e+00
2.929267287254333496e-01
1.025303125381469727e+00
2.194856107234954834e-01
1.102753162384033203e+00
2.409299612045288086e+00
0.000000000000000000e+00
1.794320821762084961e+00
1.124730557203292847e-01
1.584831237792968750e+00
2.506829202175140381e-01
6.952513456344604492e-01
2.467565238475799561e-01
1.119528055191040039e+00
2.445769011974334717e-01
1.134385615587234497e-01
7.323876023292541504e-02
1.203851476311683655e-01
9.622802734375000000e-01
5.105327963829040527e-01
2.802232503890991211e-01
4.895571619272232056e-03
3.004658520221710205e-01
6.147390604019165039e-01
3.585850894451141357e-01
0.000000000000000000e+00
1.598934829235076904e-01
3.789289891719818115e-01
6.441723108291625977e-01
1.013164997100830078e+00
1.371231675148010254e+00
0.000000000000000000e+00
1.210094451904296875e+00
1.680169701576232910e-01
1.332547187805175781e+00
0.000000000000000000e+00
9.207192659378051758e-01
2.492014408111572266e+00
1.370415538549423218e-01
2.151889562606811523e+00
3.277702257037162781e-02
1.409703731536865234e+00
3.682635724544525146e-02
8.433677554130554199e-01
4.782705381512641907e-02
6.278752535581588745e-02
0.000000000000000000e+00
0.000000000000000000e+00
0.000000000000000000e+00
7.804431319236755371e-01
1.612076908349990845e-01
1.243747949600219727e+00
8.218715786933898926e-01
1.423078961670398712e-02
1.396259572356939316e-02
0.000000000000000000e+00
9.222804754972457886e-02
9.640825539827346802e-02
5.011777877807617188e-01
1.121851086616516113e+00
1.388640105724334717e-01
1.622979283332824707e+00
3.140408694744110107e-01
4.405490159988403320e-01
6.869290769100189209e-02
1.692475557327270508e+00
1.880270801484584808e-02
1.066473484039306641e+00
6.541222929954528809e-01
8.979294896125793457e-01
3.654288873076438904e-02
9.383228607475757599e-03
4.116126336157321930e-03
6.680344939231872559e-01
2.000427484512329102e+00
5.823771357536315918e-01
3.050764501094818115e-01
0.000000000000000000e+00
1.308436512947082520e+00
6.899921298027038574e-01
9.119876623153686523e-01
0.000000000000000000e+00
2.088216990232467651e-01
2.263719558715820312e+00
2.101174322888255119e-04
0.000000000000000000e+00
8.714032769203186035e-01
1.470120698213577271e-01
1.040508225560188293e-01
2.782310843467712402e-01
3.740603849291801453e-02
1.904264688491821289e-01
5.237154960632324219e+00
0.000000000000000000e+00
3.171452507376670837e-02
4.631538689136505127e-01
4.538654983043670654e-01
1.353472113609313965e+00
2.872585784643888474e-03
2.957687973976135254e-01
3.283609151840209961e-01
8.025595545768737793e-01
8.492237329483032227e-01
1.526280999183654785e+00
7.155264168977737427e-02
5.762876033782958984e+00
1.686151474714279175e-01
7.331692576408386230e-01
3.858270347118377686e-01
2.441436767578125000e+00
1.201245784759521484e+00
1.308823823928833008e-01
1.260354518890380859e-01
2.110096454620361328e+00
1.962303966283798218e-01
1.105862706899642944e-01
1.696140050888061523e+00
7.138479351997375488e-01
1.849188655614852905e-01
4.801603853702545166e-01
4.682435840368270874e-02
0.000000000000000000e+00
0.000000000000000000e+00
1.314334273338317871e+00
2.733763456344604492e+00
5.676359534263610840e-01
1.419174522161483765e-01
0.000000000000000000e+00
7.426493167877197266e-01
1.489807516336441040e-01
7.853086948394775391e+00
0.000000000000000000e+00
3.793267905712127686e-02
6.058272346854209900e-02
1.981340907514095306e-02
0.000000000000000000e+00
1.597127504646778107e-02
1.641639769077301025e-01
2.768675565719604492e+00
2.462700903415679932e-01
0.000000000000000000e+00
2.022008597850799561e-01
1.843104243278503418e+00
0.000000000000000000e+00
2.628310583531856537e-02
0.000000000000000000e+00
6.805178709328174591e-04
5.105995535850524902e-01
2.919696867465972900e-01
4.599848389625549316e-01
3.523843288421630859e-01
9.624512791633605957e-01
2.192028909921646118e-01
2.244325876235961914e-01
1.079308152198791504e+00
1.257711291313171387e+00
3.796564042568206787e-01
3.246378898620605469e-01
7.741704583168029785e-01
1.404539942741394043e-01
0.000000000000000000e+00
1.995447427034378052e-01
2.836418151855468750e-02
7.775641977787017822e-02
1.636886358261108398e+00
2.429503202438354492e-02
1.173814535140991211e-01
6.834657192230224609e-01
7.953965663909912109e-01
1.053334951400756836e+00
5.592823028564453125e-01
3.704676777124404907e-02
5.575222894549369812e-02
1.607765316963195801e+00
1.801601767539978027e+00
0.000000000000000000e+00
1.333042532205581665e-01
6.777773499488830566e-01
1.226992253214120865e-02
2.346690744161605835e-01
0.000000000000000000e+00
1.032703518867492676e-01
1.065934002399444580e-01
0.000000000000000000e+00
1.747341826558113098e-02
2.932374775409698486e-01
9.794891625642776489e-02
2.063335895538330078e+00
1.599715352058410645e+00
5.527424812316894531e-01
7.542427182197570801e-01
2.521179199218750000e+00
3.840535879135131836e-01
1.823963481001555920e-03
9.190034270286560059e-01
8.135198056697845459e-02
2.959960103034973145e-01
2.667992003262042999e-02
2.598830223083496094e+00
8.406734466552734375e-01
2.120699137449264526e-01
5.915672183036804199e-01
0.000000000000000000e+00
1.618793964385986328e+00
8.737910389900207520e-01
8.266899734735488892e-02
2.466877996921539307e-01
4.036518558859825134e-02
5.192039012908935547e-01
1.290088176727294922e+00
0.000000000000000000e+00
1.919684745371341705e-02
0.000000000000000000e+00
0.000000000000000000e+00
9.650202840566635132e-02
1.052395343780517578e+00
5.366188660264015198e-02
4.939233185723423958e-04
6.549740210175514221e-03
0.000000000000000000e+00
0.000000000000000000e+00
2.464394330978393555e+00
0.000000000000000000e+00
3.182380795478820801e-01
0.000000000000000000e+00
1.293822169303894043e+00
0.000000000000000000e+00
1.125348091125488281e+00
1.486607491970062256e-01
1.377877593040466309e-01
5.749398469924926758e-01
5.025857593864202499e-03
5.857078433036804199e-01
9.968551993370056152e-01
1.619651168584823608e-02
0.000000000000000000e+00
1.930987089872360229e-01
1.234386488795280457e-01
1.324635744094848633e-02
5.314164161682128906e-01
5.755424499511718750e-01
1.584637999534606934e+00
0.000000000000000000e+00
4.943091794848442078e-02
0.000000000000000000e+00
1.975528597831726074e+00
2.334286451339721680e+00
1.822916120290756226e-01
0.000000000000000000e+00
1.896097213029861450e-01
2.826086580753326416e-01
5.432619452476501465e-01
1.717327237129211426e-01
1.833247542381286621e+00
5.688037872314453125e+00
5.439982414245605469e-01
9.281876683235168457e-02
1.299646794795989990e-01
3.884800374507904053e-01
2.363602258265018463e-02
1.377700362354516983e-02
3.636523708701133728e-02
0.000000000000000000e+00
0.000000000000000000e+00
3.982652425765991211e-01
6.252901554107666016e-01
0.000000000000000000e+00
2.264476940035820007e-02
1.323041915893554688e+00
9.692106395959854126e-02
3.844512999057769775e-01
0.000000000000000000e+00
1.231679916381835938e-01
6.545573472976684570e-01
2.222094833850860596e-01
1.282829999923706055e+00
0.000000000000000000e+00
2.112493216991424561e-01
6.543939560651779175e-02
8.339716494083404541e-02
6.066348552703857422e-01
8.181792497634887695e-02
0.000000000000000000e+00
1.218380689620971680e+00
8.348693847656250000e-01
0.000000000000000000e+00
0.000000000000000000e+00
9.317518770694732666e-02
0.000000000000000000e+00
4.019625484943389893e-02
2.731118500232696533e-01
1.650526404380798340e+00
7.351527456194162369e-03
9.904685020446777344e-01
1.397632479667663574e+00
4.988045617938041687e-02
3.780681872740387917e-03
1.395959556102752686e-01
4.827865865081548691e-03
7.846322059631347656e-01
6.000246405601501465e-01
2.898516654968261719e-01
7.538272067904472351e-03
3.554129600524902344e-01
8.781381249427795410e-01
2.813926935195922852e-01
1.101039886474609375e+00
2.384945154190063477e-01
1.521316915750503540e-01
1.324967890977859497e-01
9.243948459625244141e-01
0.000000000000000000e+00
8.424227684736251831e-02
0.000000000000000000e+00
1.461339294910430908e-01
1.267478102818131447e-03
6.697711348533630371e-02
4.246795773506164551e-01
9.598405361175537109e-01
1.411715745925903320e+00
5.972229838371276855e-01
4.595569670200347900e-01
1.228589653968811035e+00
1.559665441513061523e+00
0.000000000000000000e+00
4.040781855583190918e-01
1.299533009529113770e+00
5.927001833915710449e-01
2.692323327064514160e-01
8.359426259994506836e-01
0.000000000000000000e+00
2.072918713092803955e-01
0.000000000000000000e+00
2.159822732210159302e-01
9.403865933418273926e-01
4.355282522737979889e-03
2.961253881454467773e+00
2.313121318817138672e+00
8.534303903579711914e-01
6.061956519261002541e-04
6.283318400382995605e-01
0.000000000000000000e+00
0.000000000000000000e+00
0.000000000000000000e+00
4.542353563010692596e-03
4.851372912526130676e-02
0.000000000000000000e+00
0.000000000000000000e+00
1.367129534482955933e-01
2.909357100725173950e-02
1.461420208215713501e-01
2.096006393432617188e+00
1.874873787164688110e-02
0.000000000000000000e+00
1.279577970504760742e+00
3.085945546627044678e-01
1.617793798446655273e+00
0.000000000000000000e+00
1.241982877254486084e-01
8.011351227760314941e-01
1.388598680496215820e-01
9.263657331466674805e-01
5.891742110252380371e-01
1.517659425735473633e+00
4.578887820243835449e-01
2.578540146350860596e-01
1.252549514174461365e-02
4.698232412338256836e-01
1.176997184753417969e+00
1.122101955115795135e-02
0.000000000000000000e+00
3.570190429687500000e+00
0.000000000000000000e+00
5.471112132072448730e-01
3.595072776079177856e-02
8.460957556962966919e-02
3.735982179641723633e-01
0.000000000000000000e+00
2.734522581100463867e+00
1.248131275177001953e+00
5.466339588165283203e-01
7.924899458885192871e-01
1.670837998390197754e+00
0.000000000000000000e+00
1.537362217903137207e+00
9.440457820892333984e-02
7.876157760620117188e-03
1.666989549994468689e-02
0.000000000000000000e+00
3.409551829099655151e-02
2.083289176225662231e-01
4.944465756416320801e-01
0.000000000000000000e+00
1.424341797828674316e-01
5.471873879432678223e-01
1.743040442466735840e+00
0.000000000000000000e+00
3.683463931083679199e-01
2.752341330051422119e-01
1.078580617904663086e+00
0.000000000000000000e+00
0.000000000000000000e+00
6.187400966882705688e-02
2.638263106346130371e-01
1.675642371177673340e+00
5.329013466835021973e-01
3.152803331613540649e-02
1.549581408500671387e+00
0.000000000000000000e+00
9.845713376998901367e-01
3.926185965538024902e-01
1.674515455961227417e-01
1.904293298721313477e-01
0.000000000000000000e+00
9.889969825744628906e-01
8.999817967414855957e-01
1.721952706575393677e-01
3.260543823242187500e+00
1.378152985125780106e-02
1.432597517967224121e+00
0.000000000000000000e+00
7.596063613891601562e-02
3.126998990774154663e-02
1.578759908676147461e+00
6.594160795211791992e-01
0.000000000000000000e+00
4.248759150505065918e-01
3.043642044067382812e-01
1.480816155672073364e-01
2.950409173965454102e+00
1.010634422302246094e+00
9.549132734537124634e-02
3.708812594413757324e-01
3.504225984215736389e-02
9.547300934791564941e-01
4.960302114486694336e-01
3.599759365897625685e-04
4.481633752584457397e-02
8.804801702499389648e-01
6.448644399642944336e-01
1.332122180610895157e-02
5.021004676818847656e-01
2.808601222932338715e-02
1.260816931724548340e+00
2.006510738283395767e-03
2.627215683460235596e-01
2.586266100406646729e-01
0.000000000000000000e+00
2.941443324089050293e-01
7.122899889945983887e-01
0.000000000000000000e+00
5.076913237571716309e-01
1.505488157272338867e+00
9.206448495388031006e-02
0.000000000000000000e+00
5.818879604339599609e-02
2.334724187850952148e+00
1.398103684186935425e-01
9.039965867996215820e-01
3.793554902076721191e-01
1.685735702514648438e+00
1.991564989089965820e+00
6.285688281059265137e-01
6.601049005985260010e-02
3.637483119964599609e-01
0.000000000000000000e+00
7.432618644088506699e-03
