1.118765473365783691e-01
0.000000000000000000e+00
1.765056550502777100e-01
2.332786560058593750e+00
5.490525364875793457e-01
1.850224882364273071e-01
1.033751010894775391e+00
3.265610694885253906e+00
6.178483009338378906e+00
2.036741971969604492e+00
2.731598615646362305e-01
1.533964157104492188e+00
1.279665082693099976e-01
7.646945118904113770e-01
2.805616140365600586e+00
6.644755601882934570e-01
9.806158542633056641e-01
2.007969379425048828e+00
1.828953742980957031e+00
9.598751552402973175e-03
1.007991433143615723e+00
6.936906138435006142e-04
4.221441149711608887e-01
2.876971244812011719e+00
3.489699959754943848e-02
0.000000000000000000e+00
1.875860989093780518e-02
1.567983150482177734e+00
1.226174458861351013e-01
2.706219209358096123e-03
9.448984637856483459e-03
0.000000000000000000e+00
1.038003683090209961e+00
1.789612621068954468e-01
6.328461766242980957e-01
4.111443996429443359e+00
3.650680780410766602e-01
7.392346113920211792e-02
5.433799624443054199e-01
4.567348957061767578e-01
1.136789694428443909e-01
4.541410207748413086e-01
2.226976603269577026e-01
3.393581628799438477e+00
9.283437728881835938e-01
1.094402194023132324e+00
3.467597961425781250e-01
3.556425571441650391e-01
2.092057019472122192e-01
1.464262604713439941e+00
3.225852489471435547e+00
0.000000000000000000e+00
1.496663928031921387e+00
1.113521978259086609e-01
1.797053575515747070e+00
3.684145808219909668e-01
6.458132863044738770e-01
7.720821350812911987e-02
1.991314291954040527e+00
5.329303741455078125e-01
9.290473163127899170e-02
5.697216093540191650e-02
4.256764054298400879e-02
9.384137988090515137e-01
1.160546064376831055e+00
4.432480335235595703e-01
1.397906336933374405e-02
1.456058174371719360e-01
1.003599762916564941e+00
1.276526570320129395e+00
0.000000000000000000e+00
4.937234818935394287e-01
4.456036984920501709e-01
4.307432472705841064e-02
3.363440632820129395e-01
9.601521492004394531e-01
0.000000000000000000e+00
8.532679080963134766e-01
1.865759789943695068e-01
9.596733450889587402e-01
1.239625643938779831e-02
1.111221194267272949e+00
1.886072754859924316e+00
5.077872425317764282e-02
2.055958509445190430e+00
2.633938193321228027e-01
1.447257161140441895e+00
6.093808636069297791e-02
9.790770411491394043e-01
1.625838130712509155e-02
9.253784269094467163e-02
6.748549640178680420e-02
5.554702877998352051e-02
0.000000000000000000e+00
1.311514973640441895e+00
4.896124452352523804e-02
1.011678099632263184e+00
1.016535878181457520e+00
3.109652176499366760e-02
5.241789389401674271e-03
1.187737844884395599e-02
1.333992779254913330e-01
2.320547774434089661e-02
8.075463771820068359e-01
1.371025562286376953e+00
1.938954591751098633e-01
1.897256612777709961e+00
4.003523588180541992e-01
6.916235685348510742e-01
4.575036093592643738e-02
1.915461897850036621e+00
3.146110847592353821e-02
6.946896910667419434e-01
8.221240639686584473e-01
4.178041517734527588e-01
8.904219418764114380e-02
5.676652863621711731e-02
2.601806819438934326e-01
1.265087604522705078e+00
2.204199790954589844e+00
4.266295135021209717e-01
1.614543199539184570e-01
1.255692094564437866e-01
1.470946669578552246e+00
3.330128788948059082e-01
1.116843938827514648e+00
0.000000000000000000e+00
2.127590775489807129e-01
2.211847543716430664e+00
3.529082238674163818e-01
2.154652327299118042e-01
5.313446521759033203e-01
4.162103533744812012e-01
8.211620151996612549e-02
9.604765474796295166e-02
1.845878176391124725e-02
1.853759028017520905e-02
4.743566989898681641e+00
0.000000000000000000e+00
2.445575036108493805e-02
2.332636862993240356e-01
4.219114184379577637e-01
7.747423648834228516e-01
8.441834151744842529e-02
1.140880733728408813e-01
3.877986967563629150e-01
1.132236838340759277e+00
4.609841108322143555e-01
2.282673358917236328e+00
4.914689362049102783e-01
5.401394367218017578e+00
5.197572112083435059e-01
4.475773274898529053e-01
2.214741110801696777e-01
2.269237756729125977e+00
9.596706628799438477e-01
7.855396270751953125e-01
4.364841878414154053e-01
2.696372747421264648e+00
2.406210303306579590e-01
3.554676100611686707e-02
1.494355201721191406e+00
5.120990276336669922e-01
1.560003459453582764e-01
2.190330177545547485e-01
7.486645132303237915e-02
0.000000000000000000e+00
0.000000000000000000e+00
1.769757866859436035e+00
2.454534769058227539e+00
4.664972126483917236e-01
3.133608996868133545e-01
0.000000000000000000e+00
1.479417681694030762e+00
5.792291760444641113e-01
7.950549125671386719e+00
0.000000000000000000e+00
3.092432022094726562e-02
2.777203219011425972e-03
0.000000000000000000e+00
1.411189734935760498e-01
1.112213730812072754e-01
2.024437636137008667e-01
2.667087316513061523e+00
1.336857974529266357e-01
5.635761469602584839e-02
1.164112687110900879e-01
9.372483491897583008e-01
0.000000000000000000e+00
2.281843312084674835e-02
0.000000000000000000e+00
9.566686116158962250e-03
9.894797205924987793e-01
2.205024659633636475e-01
3.716609776020050049e-01
3.159053027629852295e-01
5.503496527671813965e-01
5.173487961292266846e-02
3.567354679107666016e-01
1.108870387077331543e+00
1.433270692825317383e+00
3.675163686275482178e-01
3.599595427513122559e-01
6.217281818389892578e-01
1.789989173412322998e-01
6.599027197808027267e-03
5.488516092300415039e-01
1.932267472147941589e-02
6.139437854290008545e-02
1.559115767478942871e+00
1.621705852448940277e-02
2.454001754522323608e-01
4.561210870742797852e-01
1.334930658340454102e+00
9.250074625015258789e-01
5.370746254920959473e-01
7.932255975902080536e-03
4.145512878894805908e-01
1.440426349639892578e+00
1.779605031013488770e+00
2.415441721677780151e-02
3.386306762695312500e-01
1.039175629615783691e+00
4.633295834064483643e-01
1.634448617696762085e-01
0.000000000000000000e+00
5.740115884691476822e-03
0.000000000000000000e+00
0.000000000000000000e+00
3.518490493297576904e-02
3.301244080066680908e-01
2.123245298862457275e-01
2.974011182785034180e+00
1.793166875839233398e+00
1.718770265579223633e+00
7.044053077697753906e-01
2.412574291229248047e+00
4.759751856327056885e-01
3.736857697367668152e-02
5.651581883430480957e-01
5.849447250366210938e-01
1.820680052042007446e-01
3.409366905689239502e-01
2.364206552505493164e+00
3.238436281681060791e-01
2.523803710937500000e-01
7.085496187210083008e-01
0.000000000000000000e+00
1.833725571632385254e+00
1.090991854667663574e+00
4.107135832309722900e-01
4.222970902919769287e-01
2.608577720820903778e-02
7.444376349449157715e-01
7.528890371322631836e-01
9.142291545867919922e-02
8.855388499796390533e-03
0.000000000000000000e+00
2.365300990641117096e-02
1.589758438058197498e-03
6.845088601112365723e-01
3.986846283078193665e-02
3.377056121826171875e-02
9.284489601850509644e-02
0.000000000000000000e+00
1.130553036928176880e-01
3.359139442443847656e+00
5.295742675662040710e-02
2.766410112380981445e-01
1.935352757573127747e-02
1.245087385177612305e+00
9.949940256774425507e-03
1.099888682365417480e+00
1.607271493412554264e-03
3.753822147846221924e-01
6.539646983146667480e-01
1.191287040710449219e-01
5.374049544334411621e-01
1.442806959152221680e+00
1.975159049034118652e-01
1.525560617446899414e-01
2.518931031227111816e-01
1.020304083824157715e+00
9.656377881765365601e-02
1.724214255809783936e-01
1.312499046325683594e+00
1.223946690559387207e+00
3.282192349433898926e-02
1.414943188428878784e-01
5.579971475526690483e-04
1.175689458847045898e+00
2.089614629745483398e+00
2.060412913560867310e-01
3.409922719001770020e-01
1.830685436725616455e-01
3.068836033344268799e-01
1.950064897537231445e-01
4.860578477382659912e-01
1.765631198883056641e+00
5.712281227111816406e+00
7.115663886070251465e-01
5.824034288525581360e-02
3.865887224674224854e-01
2.671323120594024658e-01
0.000000000000000000e+00
5.469232797622680664e-03
1.531384047120809555e-02
0.000000000000000000e+00
4.141310602426528931e-02
2.962589859962463379e-01
4.782330989837646484e-01
0.000000000000000000e+00
1.449708193540573120e-01
1.237794041633605957e+00
6.920370459556579590e-01
1.560411155223846436e-01
0.000000000000000000e+00
3.189818561077117920e-01
1.408322930335998535e+00
9.973180294036865234e-02
1.945483565330505371e+00
0.000000000000000000e+00
1.201622411608695984e-01
2.114465981721878052e-01
1.479369997978210449e-01
8.298554420471191406e-01
9.293649345636367798e-02
0.000000000000000000e+00
9.013065099716186523e-01
8.658975958824157715e-01
1.447720266878604889e-02
4.122460633516311646e-02
2.906847000122070312e-01
2.194883078336715698e-01
9.275013580918312073e-03
4.754911065101623535e-01
2.002787351608276367e+00
7.741943933069705963e-03
4.430915713310241699e-01
7.983074188232421875e-01
1.134185567498207092e-01
0.000000000000000000e+00
2.214559018611907959e-01
2.984323911368846893e-02
1.266734480857849121e+00
1.145157337188720703e+00
2.998896241188049316e-01
1.213360652327537537e-01
5.102774500846862793e-01
5.668392181396484375e-01
5.665661692619323730e-01
7.552463412284851074e-01
2.407651860266923904e-03
9.721753001213073730e-02
9.066376090049743652e-02
6.398282647132873535e-01
4.795455024577677250e-04
6.074416637420654297e-01
0.000000000000000000e+00
4.244327843189239502e-01
3.816948235034942627e-01
2.192720584571361542e-02
6.208600997924804688e-01
3.505834341049194336e-01
1.035031199455261230e+00
8.589745163917541504e-01
8.017656803131103516e-01
1.062392711639404297e+00
2.295008897781372070e+00
0.000000000000000000e+00
4.309870898723602295e-01
1.733673334121704102e+00
1.242971777915954590e+00
9.692952781915664673e-02
5.337384343147277832e-01
0.000000000000000000e+00
1.112473681569099426e-01
1.813520863652229309e-02
2.892785966396331787e-01
6.069109439849853516e-01
3.422490088269114494e-03
2.775062561035156250e+00
2.613282442092895508e+00
1.144752621650695801e+00
0.000000000000000000e+00
6.547693610191345215e-01
2.471098443493247032e-03
0.000000000000000000e+00
0.000000000000000000e+00
1.009809691458940506e-02
2.758114039897918701e-01
0.000000000000000000e+00
0.000000000000000000e+00
1.862601637840270996e-01
3.491582721471786499e-02
1.835371106863021851e-01
2.175800323486328125e+00
8.532756008207798004e-03
4.076416138559579849e-03
1.905474305152893066e+00
3.304266035556793213e-01
9.253950119018554688e-01
4.151809494942426682e-03
2.555123865604400635e-01
1.188658952713012695e+00
2.548285759985446930e-03
1.135786414146423340e+00
7.162335515022277832e-02
1.707361936569213867e+00
7.236710190773010254e-01
1.004112511873245239e-01
0.000000000000000000e+00
6.514712572097778320e-01
1.503096938133239746e+00
1.275646388530731201e-01
1.446254458278417587e-02
3.368313550949096680e+00
2.575857751071453094e-02
8.768545389175415039e-01
1.691257581114768982e-02
2.339257150888442993e-01
3.292690515518188477e-01
0.000000000000000000e+00
3.342760801315307617e+00
1.184998273849487305e+00
1.219565391540527344e+00
6.268104314804077148e-01
1.850582957267761230e+00
0.000000000000000000e+00
1.590608239173889160e+00
0.000000000000000000e+00
2.150514535605907440e-02
1.258097030222415924e-02
0.000000000000000000e+00
1.579826325178146362e-01
7.826359942555427551e-03
6.937873959541320801e-01
0.000000000000000000e+00
3.757174611091613770e-01
7.114441394805908203e-01
1.142346858978271484e+00
0.000000000000000000e+00
2.738709747791290283e-01
1.916369646787643433e-01
1.523302197456359863e+00
1.378497034311294556e-01
0.000000000000000000e+00
7.965804077684879303e-03
5.672364830970764160e-01
1.406128168106079102e+00
6.769829392433166504e-01
5.249104648828506470e-02
2.393952369689941406e+00
0.000000000000000000e+00
9.746317863464355469e-01
2.035028785467147827e-01
9.770969301462173462e-02
1.888607256114482880e-02
0.000000000000000000e+00
1.727538585662841797e+00
1.585607886314392090e+00
1.782348155975341797e-01
2.931133270263671875e+00
2.844871766865253448e-02
1.222534656524658203e+00
1.925605349242687225e-02
0.000000000000000000e+00
2.578259706497192383e-01
1.317469716072082520e+00
4.859474897384643555e-01
0.000000000000000000e+00
1.297006964683532715e+00
2.888697981834411621e-01
2.789526879787445068e-01
3.499175548553466797e+00
3.223223686218261719e-01
4.813307896256446838e-03
1.133839115500450134e-01
8.713106624782085419e-03
8.082131743431091309e-01
2.353655695915222168e-01
3.613800182938575745e-02
0.000000000000000000e+00
1.210969924926757812e+00
8.360655307769775391e-01
2.316618897020816803e-02
3.185717463493347168e-01
4.411578550934791565e-02
1.468002557754516602e+00
1.035293117165565491e-01
5.771715044975280762e-01
4.062959551811218262e-01
0.000000000000000000e+00
7.109088450670242310e-02
1.264021039009094238e+00
3.202724829316139221e-02
4.764377772808074951e-01
2.200726509094238281e+00
1.347583383321762085e-01
2.105858409777283669e-03
1.162713691592216492e-01
1.671886444091796875e+00
8.749905228614807129e-02
5.364941954612731934e-01
2.691824734210968018e-01
2.113765239715576172e+00
2.181838512420654297e+00
3.892058134078979492e-01
4.260083660483360291e-02
5.555261969566345215e-01
0.000000000000000000e+00
0.000000000000000000e+00
