7.191416025161743164e-01
0.000000000000000000e+00
9.934919327497482300e-02
2.321154117584228516e+00
5.580170750617980957e-01
3.771482110023498535e-01
5.411148071289062500e-01
3.797572851181030273e+00
5.544990062713623047e+00
7.466108202934265137e-01
2.452716231346130371e-02
1.619248151779174805e+00
3.206309080123901367e-01
8.961024880409240723e-01
2.547770500183105469e+00
2.364631742238998413e-01
8.285671472549438477e-01
2.249200344085693359e+00
1.188179254531860352e+00
1.485906075686216354e-02
1.102090835571289062e+00
2.733694016933441162e-02
2.400685101747512817e-02
2.304077625274658203e+00
3.313920497894287109e-01
0.000000000000000000e+00
1.833156943321228027e-01
2.116519927978515625e+00
3.586919307708740234e-01
4.157774150371551514e-02
8.363459259271621704e-03
0.000000000000000000e+00
1.120855093002319336e+00
8.636749349534511566e-03
2.702289074659347534e-02
3.072401285171508789e+00
4.303319454193115234e-01
1.603557467460632324e-01
4.482522904872894287e-01
2.584196627140045166e-01
1.150693073868751526e-01
4.187623560428619385e-01
2.891215384006500244e-01
2.507980823516845703e+00
2.633174061775207520e-01
6.093260645866394043e-01
2.872853577136993408e-01
8.693466782569885254e-01
4.184523969888687134e-02
1.698479652404785156e+00
2.164091825485229492e+00
0.000000000000000000e+00
1.094440937042236328e+00
7.251936942338943481e-03
1.806414008140563965e+00
2.208722978830337524e-01
9.825124740600585938e-01
5.875631794333457947e-02
1.514516711235046387e+00
6.018544435501098633e-01
3.020490109920501709e-01
2.592492699623107910e-01
2.082708328962326050e-01
8.922957181930541992e-01
1.493447542190551758e+00
1.053404092788696289e+00
9.383835131302475929e-04
2.311750054359436035e-01
4.557592272758483887e-01
7.559969425201416016e-01
0.000000000000000000e+00
2.121799066662788391e-02
5.425171852111816406e-01
2.143513411283493042e-01
4.835482537746429443e-01
1.432387948036193848e+00
1.241054106503725052e-02
1.360149025917053223e+00
6.894794851541519165e-02
4.474745988845825195e-01
1.051290258765220642e-01
4.403294026851654053e-01
1.695000648498535156e+00
2.221552133560180664e-01
2.158545970916748047e+00
4.305522516369819641e-02
1.161645770072937012e+00
1.311380267143249512e-01
7.611471414566040039e-01
1.512631541118025780e-03
3.576498851180076599e-02
3.570755943655967712e-02
0.000000000000000000e+00
0.000000000000000000e+00
2.668010592460632324e-01
1.118391528725624084e-01
9.024304747581481934e-01
4.461322724819183350e-01
0.000000000000000000e+00
3.220442915335297585e-03
0.000000000000000000e+00
1.386849135160446167e-01
6.646605581045150757e-02
9.093127846717834473e-01
1.052440524101257324e+00
1.209179088473320007e-01
1.268323659896850586e+00
2.603752911090850830e-01
2.478300482034683228e-01
5.752927809953689575e-02
1.134308457374572754e+00
0.000000000000000000e+00
1.442209362983703613e+00
1.091872811317443848e+00
8.886360526084899902e-01
6.229722499847412109e-02
1.630134135484695435e-01
0.000000000000000000e+00
9.155381470918655396e-02
2.772497653961181641e+00
1.392822027206420898e+00
4.453706145286560059e-01
2.189943939447402954e-02
1.880082368850708008e+00
3.144873082637786865e-01
1.283019661903381348e+00
0.000000000000000000e+00
1.279398202896118164e-01
2.553310632705688477e+00
2.066542208194732666e-01
0.000000000000000000e+00
6.742332577705383301e-01
3.058959245681762695e-01
6.099435687065124512e-02
2.315295860171318054e-02
0.000000000000000000e+00
4.342376887798309326e-01
4.540215015411376953e+00
0.000000000000000000e+00
2.155029922723770142e-01
4.920938611030578613e-01
5.084678530693054199e-01
1.013572931289672852e+00
0.000000000000000000e+00
7.416470646858215332e-01
1.130438446998596191e+00
7.990632057189941406e-01
1.275154113769531250e+00
4.217866361141204834e-01
5.925269722938537598e-01
5.396742820739746094e+00
3.685872256755828857e-01
2.289610058069229126e-01
3.011646568775177002e-01
2.206918239593505859e+00
1.081857919692993164e+00
3.236433565616607666e-01
7.994737476110458374e-02
2.363174915313720703e+00
5.668934807181358337e-02
1.691607236862182617e-01
1.141813158988952637e+00
8.991045355796813965e-01
2.799479365348815918e-01
7.922576367855072021e-02
8.020561188459396362e-02
0.000000000000000000e+00
0.000000000000000000e+00
1.037487983703613281e+00
3.050732612609863281e+00
3.546994924545288086e-01
1.061138417571783066e-02
0.000000000000000000e+00
9.603562355041503906e-01
4.682582989335060120e-02
7.338249683380126953e+00
2.710254490375518799e-02
0.000000000000000000e+00
2.259417437016963959e-03
0.000000000000000000e+00
6.719496846199035645e-02
3.732471168041229248e-02
5.058549810200929642e-03
1.967398166656494141e+00
2.782157957553863525e-01
0.000000000000000000e+00
1.315893325954675674e-02
6.548973321914672852e-01
0.000000000000000000e+00
1.346005219966173172e-02
0.000000000000000000e+00
1.404299982823431492e-03
9.912061095237731934e-01
8.211156129837036133e-01
2.257782034575939178e-02
4.681309461593627930e-01
7.107313871383666992e-01
2.610624730587005615e-01
2.302802652120590210e-01
7.831465005874633789e-01
1.918639421463012695e+00
7.641711831092834473e-01
4.774849414825439453e-01
2.593678236007690430e-01
3.379835747182369232e-03
3.888247534632682800e-02
1.465222537517547607e-01
3.516139835119247437e-02
1.275512948632240295e-02
2.459333419799804688e+00
1.038612681441009045e-03
8.105905354022979736e-02
3.773724734783172607e-01
5.976622104644775391e-01
9.921365380287170410e-01
8.814905881881713867e-01
4.016458988189697266e-01
5.021330714225769043e-01
1.590899109840393066e+00
1.153708100318908691e+00
1.254746168851852417e-01
7.051718980073928833e-02
6.749508976936340332e-01
6.983937323093414307e-02
7.151244878768920898e-01
0.000000000000000000e+00
1.403396278619766235e-01
2.120318412780761719e-01
1.692679524421691895e-02
0.000000000000000000e+00
5.110266208648681641e-01
1.119279339909553528e-01
1.160094738006591797e+00
2.557365417480468750e+00
8.252139091491699219e-01
6.224670410156250000e-01
2.081281661987304688e+00
7.744324207305908203e-01
8.459615521132946014e-03
4.586666226387023926e-01
1.471440941095352173e-01
9.581779688596725464e-02
5.470207333564758301e-02
2.504013538360595703e+00
4.673851430416107178e-01
1.796655058860778809e-01
5.144723653793334961e-01
0.000000000000000000e+00
1.733598589897155762e+00
1.564825534820556641e+00
1.319820731878280640e-01
1.638963669538497925e-01
2.225681394338607788e-02
1.592807173728942871e-01
1.109802365303039551e+00
2.061725035309791565e-02
1.659994246438145638e-03
0.000000000000000000e+00
3.293461864814162254e-03
1.600152254104614258e-01
7.755340337753295898e-01
1.446324586868286133e-01
5.112319812178611755e-02
0.000000000000000000e+00
0.000000000000000000e+00
4.786541312932968140e-02
3.003109693527221680e+00
9.372089058160781860e-03
4.694317579269409180e-01
5.680764093995094299e-03
8.051165342330932617e-01
2.564168907701969147e-02
1.061937451362609863e+00
4.165759682655334473e-02
2.360273748636245728e-01
3.651416599750518799e-01
1.222288534045219421e-01
2.638751268386840820e-01
1.739152550697326660e+00
0.000000000000000000e+00
0.000000000000000000e+00
5.725239515304565430e-01
3.245816528797149658e-01
4.632532596588134766e-03
1.903835982084274292e-01
2.736507952213287354e-01
1.181574225425720215e+00
0.000000000000000000e+00
8.445426821708679199e-01
0.000000000000000000e+00
9.059290885925292969e-01
1.546326994895935059e+00
2.748297154903411865e-01
7.833982817828655243e-04
9.462343528866767883e-03
2.186369895935058594e-01
5.493394732475280762e-01
1.393404752016067505e-01
1.657401561737060547e+00
5.038687229156494141e+00
1.045109868049621582e+00
3.263869583606719971e-01
3.319762181490659714e-03
3.765715956687927246e-01
3.652666509151458740e-02
0.000000000000000000e+00
2.548188343644142151e-02
0.000000000000000000e+00
0.000000000000000000e+00
0.000000000000000000e+00
4.236008226871490479e-01
1.309503018856048584e-01
0.000000000000000000e+00
1.077523112297058105e+00
1.196242347359657288e-01
1.619701981544494629e-01
0.000000000000000000e+00
9.513012319803237915e-02
7.279639840126037598e-01
8.326838165521621704e-02
1.056925892829895020e+00
0.000000000000000000e+00
8.088251203298568726e-02
2.155428230762481689e-01
2.116609215736389160e-01
6.875804066658020020e-01
2.780605554580688477e-01
0.000000000000000000e+00
1.183274149894714355e+00
4.418655335903167725e-01
2.942477818578481674e-03
0.000000000000000000e+00
6.628043949604034424e-02
2.622005762532353401e-03
0.000000000000000000e+00
3.182381093502044678e-01
1.417343735694885254e+00
9.464887902140617371e-03
9.693563580513000488e-01
3.766143023967742920e-01
4.755009431391954422e-04
0.000000000000000000e+00
3.571078181266784668e-01
1.651419699192047119e-02
7.867223024368286133e-01
1.102494716644287109e+00
2.103550285100936890e-01
7.796928402967751026e-04
1.643294095993041992e-01
3.530268669128417969e-01
6.754716038703918457e-01
1.704927325248718262e+00
1.097016185522079468e-01
0.000000000000000000e+00
3.930333256721496582e-01
1.085406422615051270e+00
0.000000000000000000e+00
4.960068464279174805e-01
0.000000000000000000e+00
2.324527353048324585e-01
3.461670279502868652e-01
5.641558021306991577e-02
5.455119162797927856e-02
2.242920845746994019e-01
4.784272611141204834e-01
9.830979704856872559e-01
4.960704743862152100e-01
8.352102041244506836e-01
2.428790092468261719e+00
0.000000000000000000e+00
6.429573297500610352e-01
1.062330245971679688e+00
2.483495920896530151e-01
1.600220948457717896e-01
6.391196250915527344e-01
0.000000000000000000e+00
1.474483311176300049e-01
2.399313822388648987e-02
5.508146882057189941e-01
6.768534183502197266e-01
5.318206734955310822e-03
2.537690639495849609e+00
2.419679641723632812e+00
3.489991724491119385e-01
1.267081946134567261e-01
9.136535525321960449e-01
0.000000000000000000e+00
0.000000000000000000e+00
0.000000000000000000e+00
4.465113207697868347e-02
5.888222455978393555e-01
1.886396482586860657e-02
0.000000000000000000e+00
2.784864231944084167e-02
7.587454468011856079e-02
1.957924515008926392e-01
1.707912206649780273e+00
2.100152671337127686e-01
5.144285038113594055e-02
1.784040808677673340e+00
6.864940524101257324e-01
1.061027526855468750e+00
0.000000000000000000e+00
1.001614555716514587e-01
1.258517384529113770e+00
1.574469357728958130e-01
6.711233854293823242e-01
2.847060859203338623e-01
1.363017201423645020e+00
7.657387852668762207e-02
2.425982207059860229e-01
0.000000000000000000e+00
5.717433094978332520e-01
5.547662973403930664e-01
3.368905484676361084e-01
1.602643728256225586e-02
2.791167020797729492e+00
1.126847118139266968e-01
3.891481459140777588e-01
1.091512665152549744e-02
1.394928544759750366e-01
3.093526363372802734e-01
0.000000000000000000e+00
3.475170373916625977e+00
1.442530751228332520e+00
6.335295438766479492e-01
7.887057065963745117e-01
1.513967514038085938e+00
0.000000000000000000e+00
9.512100219726562500e-01
5.234020948410034180e-02
8.290121704339981079e-02
0.000000000000000000e+00
0.000000000000000000e+00
3.309662686660885811e-03
7.181509137153625488e-01
1.676184386014938354e-01
0.000000000000000000e+00
0.000000000000000000e+00
4.621815383434295654e-01
1.881294965744018555e+00
0.000000000000000000e+00
1.966670453548431396e-01
3.116105794906616211e-01
1.402656674385070801e+00
1.044218987226486206e-02
0.000000000000000000e+00
0.000000000000000000e+00
5.846439599990844727e-01
1.320609450340270996e+00
5.965810418128967285e-01
1.965460367500782013e-02
1.871354460716247559e+00
1.051240041851997375e-02
5.312833786010742188e-01
2.429098449647426605e-02
3.258587121963500977e-01
1.240795850753784180e-01
0.000000000000000000e+00
1.647340416908264160e+00
1.534339427947998047e+00
2.363094538450241089e-01
2.015141963958740234e+00
0.000000000000000000e+00
1.364948034286499023e+00
1.360934926196932793e-03
5.293712764978408813e-02
2.101444453001022339e-01
7.494210600852966309e-01
8.457085490226745605e-01
4.079343378543853760e-02
2.983739078044891357e-01
6.398923695087432861e-02
4.118290543556213379e-02
2.067929983139038086e+00
3.912038803100585938e-01
6.312788277864456177e-02
4.348550736904144287e-01
1.941473037004470825e-02
7.722671627998352051e-01
1.745230257511138916e-01
3.678138554096221924e-02
5.977097526192665100e-02
1.725478291511535645e+00
9.863702058792114258e-01
0.000000000000000000e+00
3.492234647274017334e-01
2.435592934489250183e-03
1.587844371795654297e+00
5.616666078567504883e-01
2.629290223121643066e-01
4.488861858844757080e-01
0.000000000000000000e+00
5.263285040855407715e-01
8.438100218772888184e-01
3.168905526399612427e-02
1.988044679164886475e-01
1.037948727607727051e+00
2.292896211147308350e-01
0.000000000000000000e+00
9.182740002870559692e-02
3.346221923828125000e+00
1.496305805630981922e-03
9.049227237701416016e-01
2.840734720230102539e-01
1.286238551139831543e+00
2.312189102172851562e+00
1.292408823966979980e+00
1.093587186187505722e-02
9.013636112213134766e-01
1.257266383618116379e-02
0.000000000000000000e+00
