2.057433575391769409e-01
0.000000000000000000e+00
2.154818177223205566e-01
2.680279731750488281e+00
4.127367213368415833e-02
1.960684657096862793e-01
8.886119723320007324e-01
3.893168210983276367e+00
5.875539302825927734e+00
1.266908526420593262e+00
8.802869915962219238e-02
1.985367059707641602e+00
1.138723343610763550e-01
5.018228888511657715e-01
2.666192770004272461e+00
3.245936334133148193e-01
5.693951845169067383e-01
1.699383497238159180e+00
9.099923372268676758e-01
1.414384506642818451e-02
4.917508959770202637e-01
0.000000000000000000e+00
1.275484263896942139e-01
2.255789041519165039e+00
5.615936964750289917e-02
0.000000000000000000e+00
3.666030988097190857e-02
1.730062365531921387e+00
3.464444279670715332e-01
7.541812025010585785e-03
0.000000000000000000e+00
0.000000000000000000e+00
6.227034330368041992e-01
4.200761392712593079e-02
3.526681363582611084e-01
3.352314710617065430e+00
2.042122632265090942e-01
9.713442623615264893e-02
1.072031706571578979e-01
7.622821927070617676e-01
2.251335978507995605e-01
1.883887499570846558e-01
6.909129619598388672e-01
2.435030937194824219e+00
5.229148268699645996e-01
1.295782208442687988e+00
6.346192359924316406e-01
1.099141478538513184e+00
1.635559946298599243e-01
2.000241518020629883e+00
2.556854248046875000e+00
0.000000000000000000e+00
8.869690299034118652e-01
0.000000000000000000e+00
1.469895005226135254e+00
2.606825530529022217e-01
8.424109779298305511e-03
1.825008690357208252e-01
2.361211061477661133e+00
4.428157806396484375e-01
2.056893259286880493e-01
5.026964470744132996e-02
5.733783841133117676e-01
8.041479587554931641e-01
1.355853199958801270e+00
1.214704036712646484e+00
0.000000000000000000e+00
3.626710474491119385e-01
5.579566955566406250e-01
9.574081897735595703e-01
0.000000000000000000e+00
4.168069863226264715e-04
2.613960206508636475e-01
8.840692788362503052e-02
4.807066619396209717e-01
1.088604331016540527e+00
0.000000000000000000e+00
1.260684728622436523e+00
1.496345698833465576e-01
7.007067799568176270e-01
3.697590157389640808e-02
9.461164474487304688e-01
2.534095287322998047e+00
1.053030695766210556e-02
2.303614377975463867e+00
1.309967339038848877e-01
1.152822017669677734e+00
8.514142036437988281e-02
6.514939665794372559e-01
1.070727687329053879e-02
0.000000000000000000e+00
0.000000000000000000e+00
0.000000000000000000e+00
0.000000000000000000e+00
7.915132045745849609e-01
1.801257133483886719e-01
7.325325608253479004e-01
1.542563557624816895e+00
2.068730257451534271e-02
1.114116758108139038e-01
0.000000000000000000e+00
4.346400499343872070e-01
1.828610152006149292e-02
1.994742870330810547e+00
1.214365720748901367e+00
1.362349987030029297e-01
1.724561810493469238e+00
2.577239573001861572e-01
4.004939198493957520e-01
1.535062491893768311e-01
1.746679425239562988e+00
0.000000000000000000e+00
4.563994705677032471e-01
1.079238891601562500e+00
8.272539973258972168e-01
2.613333985209465027e-02
5.359859392046928406e-02
2.162784188985824585e-01
9.333974123001098633e-01
2.567883729934692383e+00
1.093631535768508911e-01
3.871136009693145752e-01
5.094620585441589355e-02
1.915728569030761719e+00
1.135579720139503479e-01
1.607607126235961914e+00
0.000000000000000000e+00
2.600101009011268616e-02
2.351043939590454102e+00
1.012167409062385559e-01
9.108361601829528809e-02
1.243008255958557129e+00
1.121334508061408997e-01
1.378992646932601929e-01
8.313620835542678833e-02
0.000000000000000000e+00
2.140758782625198364e-01
4.951123714447021484e+00
0.000000000000000000e+00
2.490330785512924194e-01
3.375922143459320068e-01
2.540175020694732666e-01
1.347331881523132324e+00
1.719883293844759464e-03
1.084142178297042847e-02
3.770445585250854492e-01
5.748118758201599121e-01
1.049110412597656250e+00
8.132775425910949707e-01
7.048419713973999023e-01
4.903770923614501953e+00
9.377846121788024902e-02
1.146756410598754883e+00
1.371736377477645874e-01
1.740603804588317871e+00
1.196443796157836914e+00
5.507333874702453613e-01
1.648972481489181519e-01
1.932509422302246094e+00
2.725284174084663391e-02
2.661513537168502808e-02
1.402943611145019531e+00
9.523265361785888672e-01
2.255650795996189117e-02
1.070259362459182739e-01
3.011284209787845612e-02
0.000000000000000000e+00
0.000000000000000000e+00
1.262557625770568848e+00
1.496575951576232910e+00
1.984104514122009277e-01
0.000000000000000000e+00
1.293438114225864410e-02
1.593649744987487793e+00
3.350556790828704834e-01
8.844036102294921875e+00
4.046124871820211411e-03
1.409313082695007324e-02
1.045776158571243286e-02
2.663250826299190521e-02
2.707064151763916016e-02
1.387480348348617554e-01
6.750930100679397583e-02
2.038270950317382812e+00
4.850869774818420410e-01
0.000000000000000000e+00
2.306309714913368225e-02
1.793136239051818848e+00
0.000000000000000000e+00
1.690357923507690430e-02
0.000000000000000000e+00
0.000000000000000000e+00
1.253219366073608398e+00
4.831421673297882080e-01
1.164508834481239319e-01
1.873204708099365234e-01
3.735770583152770996e-01
2.355983853340148926e-01
4.676147364079952240e-03
8.938097953796386719e-01
1.300664782524108887e+00
4.363248944282531738e-01
1.349865198135375977e-01
1.006281301379203796e-01
4.151141643524169922e-02
1.134593188762664795e-01
4.365698248147964478e-02
5.114635080099105835e-02
2.492644265294075012e-02
1.146182656288146973e+00
3.695625811815261841e-02
4.315203800797462463e-02
1.308536157011985779e-02
8.548395633697509766e-01
7.009557485580444336e-01
6.202567815780639648e-01
1.826652586460113525e-01
8.783652186393737793e-01
1.930003523826599121e+00
1.099486470222473145e+00
6.867790222167968750e-02
1.322047319263219833e-02
1.069652915000915527e+00
7.194945961236953735e-02
5.130966305732727051e-01
0.000000000000000000e+00
4.605607390403747559e-01
1.729220151901245117e-01
6.481476593762636185e-03
1.132270321249961853e-03
5.335735082626342773e-01
3.414906859397888184e-01
2.422705173492431641e+00
2.056643962860107422e+00
9.424236416816711426e-01
6.627268791198730469e-01
1.917502045631408691e+00
6.229262351989746094e-01
5.704311653971672058e-03
1.319373488426208496e+00
1.431596875190734863e-01
1.530332118272781372e-01
1.853870786726474762e-02
1.899819493293762207e+00
4.320029318332672119e-01
2.835445851087570190e-02
9.469377994537353516e-01
2.037595026195049286e-03
1.767000794410705566e+00
1.269255280494689941e+00
2.633984088897705078e-01
1.400137841701507568e-01
7.885765284299850464e-02
1.303841471672058105e-01
1.363219857215881348e+00
1.897052824497222900e-01
6.755492184311151505e-03
0.000000000000000000e+00
0.000000000000000000e+00
3.717565676197409630e-03
8.183594346046447754e-01
1.079780906438827515e-01
7.589372992515563965e-02
0.000000000000000000e+00
0.000000000000000000e+00
7.424238719977438450e-04
2.774638891220092773e+00
0.000000000000000000e+00
7.546964287757873535e-01
9.885205654427409172e-04
1.186321735382080078e+00
4.553245380520820618e-02
1.075715661048889160e+00
1.740158945322036743e-01
6.280755400657653809e-01
2.747420966625213623e-01
5.426098941825330257e-04
4.641849696636199951e-01
1.325395464897155762e+00
0.000000000000000000e+00
0.000000000000000000e+00
9.761922359466552734e-01
1.520926207304000854e-01
1.425072848796844482e-01
3.090882599353790283e-01
2.521321475505828857e-01
1.664038658142089844e+00
2.023270912468433380e-02
5.075746774673461914e-01
2.502009086310863495e-02
1.131107568740844727e+00
1.776754498481750488e+00
1.536324322223663330e-01
0.000000000000000000e+00
4.326011613011360168e-02
3.238129615783691406e-01
2.493810057640075684e-01
6.503592133522033691e-01
1.757363319396972656e+00
5.018981933593750000e+00
5.083300471305847168e-01
2.122057825326919556e-01
2.619536519050598145e-01
3.310379683971405029e-01
6.253698468208312988e-02
2.394700236618518829e-02
1.481646788306534290e-03
0.000000000000000000e+00
1.768298819661140442e-02
1.124676689505577087e-01
1.538741886615753174e-01
6.436119973659515381e-02
6.143146380782127380e-02
8.838778138160705566e-01
3.367581069469451904e-01
3.305666744709014893e-01
0.000000000000000000e+00
1.632145196199417114e-01
1.278831958770751953e+00
4.474509507417678833e-02
2.023311853408813477e+00
0.000000000000000000e+00
0.000000000000000000e+00
7.042814791202545166e-02
4.263627529144287109e-02
4.991142749786376953e-01
1.077609509229660034e-01
0.000000000000000000e+00
5.994197726249694824e-01
9.500470161437988281e-01
2.308261115103960037e-03
5.889261886477470398e-02
4.338127747178077698e-02
3.088631853461265564e-02
2.416348643600940704e-02
6.963936090469360352e-01
1.326746702194213867e+00
1.300023347139358521e-01
1.074849367141723633e+00
3.060882389545440674e-01
3.909266088157892227e-03
0.000000000000000000e+00
1.183721646666526794e-01
1.838504336774349213e-02
1.003661751747131348e+00
1.325432062149047852e+00
1.199718937277793884e-01
5.306524690240621567e-03
9.499890357255935669e-02
4.421347379684448242e-01
8.388298153877258301e-01
7.792205810546875000e-01
3.200125321745872498e-02
3.290035575628280640e-02
5.757290869951248169e-02
8.580185174942016602e-01
0.000000000000000000e+00
4.087830781936645508e-01
0.000000000000000000e+00
2.494873702526092529e-01
5.905241370201110840e-01
4.486583173274993896e-02
1.715048402547836304e-01
1.453227996826171875e-01
9.080341458320617676e-01
7.103953957557678223e-01
2.696671485900878906e-01
1.248944640159606934e+00
2.102448701858520508e+00
1.887025864562019706e-04
1.665393263101577759e-01
1.810006260871887207e+00
6.040747165679931641e-01
2.976105809211730957e-01
4.210408926010131836e-01
0.000000000000000000e+00
1.709580235183238983e-02
1.077823061496019363e-02
5.846428275108337402e-01
8.182049989700317383e-01
0.000000000000000000e+00
3.732228517532348633e+00
2.775901317596435547e+00
1.042977571487426758e+00
3.593261586502194405e-03
3.213961422443389893e-01
1.173340305685997009e-01
0.000000000000000000e+00
0.000000000000000000e+00
1.328553110361099243e-01
3.206846117973327637e-01
0.000000000000000000e+00
0.000000000000000000e+00
2.654537372291088104e-02
7.659190148115158081e-02
5.938225984573364258e-01
1.077149152755737305e+00
4.189728945493698120e-02
5.333007499575614929e-02
2.138701200485229492e+00
5.108276847749948502e-03
6.380933523178100586e-01
0.000000000000000000e+00
3.075896203517913818e-01
9.961709380149841309e-01
7.881464064121246338e-02
1.420583844184875488e+00
1.837373077869415283e-01
1.665145874023437500e+00
3.025084435939788818e-01
2.379608452320098877e-01
5.263384897261857986e-03
8.350522518157958984e-01
1.089600682258605957e+00
5.710831880569458008e-01
3.192378953099250793e-02
2.372623920440673828e+00
7.083927094936370850e-02
2.918606996536254883e-01
1.431207358837127686e-01
1.639981195330619812e-02
1.332351267337799072e-01
4.712170455604791641e-03
4.032017707824707031e+00
9.328712821006774902e-01
7.265582680702209473e-01
8.806603550910949707e-01
1.992002010345458984e+00
0.000000000000000000e+00
1.043069124221801758e+00
0.000000000000000000e+00
3.986387699842453003e-02
0.000000000000000000e+00
0.000000000000000000e+00
9.344382211565971375e-03
1.755811274051666260e-01
5.118601396679878235e-02
0.000000000000000000e+00
2.484979294240474701e-02
4.606536328792572021e-01
1.475798964500427246e+00
1.007887534797191620e-02
5.674944519996643066e-01
1.256569772958755493e-01
1.977283358573913574e+00
3.240781277418136597e-02
0.000000000000000000e+00
0.000000000000000000e+00
3.905192315578460693e-01
1.135496497154235840e+00
3.194245398044586182e-01
0.000000000000000000e+00
1.929341197013854980e+00
8.680797327542677522e-05
6.374952197074890137e-01
0.000000000000000000e+00
2.318330854177474976e-01
5.620912462472915649e-02
0.000000000000000000e+00
1.077376246452331543e+00
1.520517230033874512e+00
2.707595527172088623e-01
1.996317267417907715e+00
3.341083601117134094e-02
1.343573689460754395e+00
1.153106242418289185e-02
3.713505342602729797e-02
1.571711450815200806e-01
9.519728422164916992e-01
4.189180433750152588e-01
2.576646162196993828e-03
4.629994034767150879e-01
6.642878651618957520e-01
1.359310895204544067e-01
2.325062990188598633e+00
3.669784665107727051e-01
6.466720253229141235e-02
5.494334697723388672e-01
3.579077124595642090e-02
1.121179938316345215e+00
1.129781752824783325e-01
0.000000000000000000e+00
1.604673266410827637e-01
1.309743165969848633e+00
1.163152098655700684e+00
0.000000000000000000e+00
3.156764805316925049e-01
5.641150288283824921e-03
1.175652503967285156e+00
2.659028172492980957e-01
3.539398908615112305e-01
6.897570490837097168e-01
1.594050973653793335e-02
6.863014101982116699e-01
1.316634297370910645e+00
2.175217727199196815e-03
1.420219093561172485e-01
1.220698952674865723e+00
0.000000000000000000e+00
0.000000000000000000e+00
8.659359067678451538e-02
1.469046592712402344e+00
0.000000000000000000e+00
4.309867918491363525e-01
3.356150388717651367e-01
2.096318244934082031e+00
2.953755617141723633e+00
6.344571113586425781e-01
1.685824841260910034e-01
2.996441423892974854e-01
0.000000000000000000e+00
6.203472614288330078e-03
