4.312520325183868408e-01
0.000000000000000000e+00
3.152717277407646179e-02
2.941961526870727539e+00
3.300815522670745850e-01
1.328246146440505981e-01
1.083654999732971191e+00
3.267675876617431641e+00
6.626704692840576172e+00
1.743453979492187500e+00
2.271860390901565552e-01
2.004450798034667969e+00
2.165524810552597046e-01
6.324006319046020508e-01
2.538896799087524414e+00
5.930053591728210449e-01
7.161784172058105469e-01
2.162315130233764648e+00
1.053170084953308105e+00
3.226942382752895355e-03
8.217189908027648926e-01
0.000000000000000000e+00
9.776322543621063232e-02
2.781442403793334961e+00
7.033237814903259277e-02
1.140476483851671219e-02
1.643664017319679260e-02
1.964173674583435059e+00
1.897272914648056030e-01
1.925555639900267124e-03
0.000000000000000000e+00
0.000000000000000000e+00
3.065451681613922119e-01
2.605267800390720367e-02
2.835947573184967041e-01
3.170994520187377930e+00
2.353632748126983643e-01
5.872099101543426514e-02
1.535929590463638306e-01
3.242601156234741211e-01
8.830169588327407837e-02
4.899052083492279053e-01
3.721559345722198486e-01
2.663390159606933594e+00
3.334611058235168457e-01
9.738059043884277344e-01
9.944847226142883301e-02
9.285350441932678223e-01
4.686560332775115967e-01
1.656414031982421875e+00
2.684724092483520508e+00
0.000000000000000000e+00
1.736869454383850098e+00
4.629918374121189117e-03
1.878144621849060059e+00
1.018888130784034729e-01
5.163097381591796875e-01
5.903048440814018250e-02
1.902175664901733398e+00
4.754969179630279541e-01
4.047225788235664368e-02
8.731855452060699463e-02
3.395132347941398621e-02
1.283844709396362305e+00
1.395759105682373047e+00
9.973279833793640137e-01
1.372950058430433273e-02
2.525058090686798096e-01
5.865302681922912598e-01
7.731209993362426758e-01
0.000000000000000000e+00
1.668816357851028442e-01
5.390442609786987305e-01
5.640212818980216980e-02
4.818378984928131104e-01
1.666365861892700195e+00
0.000000000000000000e+00
8.345322608947753906e-01
8.187031000852584839e-02
1.069738268852233887e+00
3.464292734861373901e-02
1.030937433242797852e+00
2.562483072280883789e+00
4.069571197032928467e-02
2.575145244598388672e+00
7.072598487138748169e-02
2.198522806167602539e+00
1.020489558577537537e-01
8.905597329139709473e-01
1.785142347216606140e-02
7.816553697921335697e-04
2.763903234153985977e-03
0.000000000000000000e+00
0.000000000000000000e+00
1.000252127647399902e+00
2.523040771484375000e-01
8.464887142181396484e-01
7.875201106071472168e-01
0.000000000000000000e+00
9.668573737144470215e-03
0.000000000000000000e+00
2.412462830543518066e-01
1.191984266042709351e-01
9.333631396293640137e-01
1.353023886680603027e+00
1.338441520929336548e-01
1.928883671760559082e+00
3.505147993564605713e-01
2.954919934272766113e-01
1.807806044816970825e-01
1.857904076576232910e+00
0.000000000000000000e+00
6.721560955047607422e-01
5.717583894729614258e-01
8.418346643447875977e-01
2.003077231347560883e-02
1.960581913590431213e-02
5.992076173424720764e-02
5.431951880455017090e-01
2.721977233886718750e+00
4.102347195148468018e-01
1.240475624799728394e-01
1.113929785788059235e-02
1.551770091056823730e+00
2.119278758764266968e-01
9.992610812187194824e-01
0.000000000000000000e+00
2.701191231608390808e-02
1.880525827407836914e+00
2.620714008808135986e-01
1.986287534236907959e-03
1.084983706474304199e+00
2.152701318264007568e-01
1.978649385273456573e-02
3.987871482968330383e-02
0.000000000000000000e+00
8.509153127670288086e-02
4.954741001129150391e+00
0.000000000000000000e+00
1.011774167418479919e-01
3.361177146434783936e-01
4.780640006065368652e-01
1.551074504852294922e+00
0.000000000000000000e+00
2.176688462495803833e-01
5.894765257835388184e-01
8.081124424934387207e-01
5.092324018478393555e-01
1.542253136634826660e+00
2.188776582479476929e-01
5.219182014465332031e+00
1.827111840248107910e-01
8.152325749397277832e-01
1.703901886940002441e-01
2.021904706954956055e+00
1.161549568176269531e+00
2.774987220764160156e-01
2.159907668828964233e-02
3.291459560394287109e+00
8.259842172265052795e-03
1.137188971042633057e-01
1.562580585479736328e+00
5.601890087127685547e-01
5.962493270635604858e-02
1.405014842748641968e-01
2.458837181329727173e-01
0.000000000000000000e+00
0.000000000000000000e+00
1.241775751113891602e+00
2.304596662521362305e+00
4.213545918464660645e-01
2.421637251973152161e-02
0.000000000000000000e+00
1.101906061172485352e+00
1.593962907791137695e-01
8.267791748046875000e+00
2.311992924660444260e-03
3.246622905135154724e-02
1.007901281118392944e-01
4.528831690549850464e-03
1.195273827761411667e-02
4.070870950818061829e-02
1.470516342669725418e-02
2.110514402389526367e+00
4.387755095958709717e-01
0.000000000000000000e+00
1.761121489107608795e-02
7.582805156707763672e-01
0.000000000000000000e+00
6.616362929344177246e-02
0.000000000000000000e+00
1.861991919577121735e-02
7.472499012947082520e-01
7.443023324012756348e-01
3.575642704963684082e-01
2.014595270156860352e-01
9.819369316101074219e-01
2.221738398075103760e-01
1.664966046810150146e-01
1.293901205062866211e+00
1.511632442474365234e+00
5.055766701698303223e-01
1.493818461894989014e-01
5.829240083694458008e-01
1.702801138162612915e-02
0.000000000000000000e+00
2.431136518716812134e-01
3.723347932100296021e-02
2.799286507070064545e-02
2.146233558654785156e+00
4.703302402049303055e-03
1.963902413845062256e-01
1.865033507347106934e-01
6.781673431396484375e-01
8.358912467956542969e-01
6.629474759101867676e-01
7.927241176366806030e-02
2.888899743556976318e-01
1.552910089492797852e+00
1.202739477157592773e+00
1.872538961470127106e-02
6.029806286096572876e-02
7.355608940124511719e-01
3.332051634788513184e-02
5.716133117675781250e-01
0.000000000000000000e+00
5.669144541025161743e-02
9.660130739212036133e-02
0.000000000000000000e+00
0.000000000000000000e+00
5.338822007179260254e-01
2.977458573877811432e-02
1.898623108863830566e+00
2.325265645980834961e+00
6.892617344856262207e-01
4.761976301670074463e-01
2.457818984985351562e+00
7.913051247596740723e-01
6.343873217701911926e-03
4.613097310066223145e-01
2.634874284267425537e-01
1.326310336589813232e-01
7.687472272664308548e-03
1.860116004943847656e+00
5.742080807685852051e-01
1.642958968877792358e-01
6.966428160667419434e-01
0.000000000000000000e+00
2.338787794113159180e+00
1.481910824775695801e+00
5.551045760512351990e-02
9.019874781370162964e-02
1.104849111288785934e-02
5.634998083114624023e-01
1.317382216453552246e+00
0.000000000000000000e+00
0.000000000000000000e+00
0.000000000000000000e+00
1.552954688668251038e-02
6.438420154154300690e-03
1.087902545928955078e+00
1.672056764364242554e-01
6.041256245225667953e-03
0.000000000000000000e+00
8.481857366859912872e-04
0.000000000000000000e+00
3.060312032699584961e+00
5.614464171230792999e-03
1.310429573059082031e-01
1.216632220894098282e-02
1.304638385772705078e+00
6.243616226129233837e-04
1.175975561141967773e+00
4.433190450072288513e-03
4.229851961135864258e-01
4.354525506496429443e-01
6.858712527900934219e-03
2.015576362609863281e-01
1.287767887115478516e+00
1.636663265526294708e-02
0.000000000000000000e+00
6.669113039970397949e-01
3.931522667407989502e-01
7.533527910709381104e-02
4.261569380760192871e-01
6.247924566268920898e-01
1.756368637084960938e+00
8.363391272723674774e-03
2.960585057735443115e-01
0.000000000000000000e+00
9.501298069953918457e-01
1.917410492897033691e+00
3.356935977935791016e-01
6.104064173996448517e-03
0.000000000000000000e+00
2.541266083717346191e-01
1.675021797418594360e-01
4.571745991706848145e-01
1.602160930633544922e+00
5.958443641662597656e+00
5.831533670425415039e-01
2.653523087501525879e-01
1.238070521503686905e-02
3.685524165630340576e-01
7.280527148395776749e-03
1.583876670338213444e-03
1.138371601700782776e-02
0.000000000000000000e+00
4.836150631308555603e-02
1.384132057428359985e-01
4.008856713771820068e-01
0.000000000000000000e+00
0.000000000000000000e+00
1.055929183959960938e+00
2.430821657180786133e-01
2.346868813037872314e-01
0.000000000000000000e+00
1.315090507268905640e-01
1.267421722412109375e+00
1.137947440147399902e-01
1.047258973121643066e+00
0.000000000000000000e+00
3.238766454160213470e-03
1.367691159248352051e-01
6.022692471742630005e-02
7.376475334167480469e-01
9.340907447040081024e-03
0.000000000000000000e+00
9.262364506721496582e-01
9.979473352432250977e-01
3.372499719262123108e-02
0.000000000000000000e+00
6.232032179832458496e-02
7.281685248017311096e-03
1.488604932092130184e-03
3.451001644134521484e-01
2.028380393981933594e+00
1.681287735700607300e-01
1.002272963523864746e+00
1.049416303634643555e+00
1.463574636727571487e-02
0.000000000000000000e+00
1.633848994970321655e-01
2.032189443707466125e-02
1.189888000488281250e+00
1.019252061843872070e+00
1.797620952129364014e-01
1.029210258275270462e-02
1.153819561004638672e-01
3.392509222030639648e-01
4.589827954769134521e-01
1.075610995292663574e+00
1.196370720863342285e-01
6.952593475580215454e-02
6.912594288587570190e-02
9.244861602783203125e-01
0.000000000000000000e+00
3.778347671031951904e-01
0.000000000000000000e+00
3.378684222698211670e-01
4.069730043411254883e-01
0.000000000000000000e+00
3.241247236728668213e-01
2.490089088678359985e-01
7.778021693229675293e-01
1.173981428146362305e+00
6.526002287864685059e-01
1.184147953987121582e+00
2.003496170043945312e+00
0.000000000000000000e+00
4.520323574542999268e-01
1.378790736198425293e+00
5.305380225181579590e-01
3.570836782455444336e-01
5.715336799621582031e-01
0.000000000000000000e+00
1.124315857887268066e-01
0.000000000000000000e+00
1.767238974571228027e-01
9.087947607040405273e-01
6.662549916654825211e-03
3.274854421615600586e+00
3.159733295440673828e+00
7.630729675292968750e-01
0.000000000000000000e+00
7.776848673820495605e-01
1.188482996076345444e-02
0.000000000000000000e+00
0.000000000000000000e+00
4.947664216160774231e-02
3.561838567256927490e-01
0.000000000000000000e+00
0.000000000000000000e+00
2.634310908615589142e-02
4.796807467937469482e-02
2.082610130310058594e-01
1.747510552406311035e+00
2.378807403147220612e-02
7.636225968599319458e-02
1.759774565696716309e+00
1.449484825134277344e-01
8.098906278610229492e-01
0.000000000000000000e+00
5.313794612884521484e-01
1.149671673774719238e+00
2.340953350067138672e-01
1.431109905242919922e+00
3.029579520225524902e-01
1.600551962852478027e+00
5.555639266967773438e-01
8.104527741670608521e-02
0.000000000000000000e+00
5.903869867324829102e-01
1.243659973144531250e+00
1.042358428239822388e-01
0.000000000000000000e+00
3.319551944732666016e+00
0.000000000000000000e+00
2.471333593130111694e-01
5.569509416818618774e-02
7.121434807777404785e-02
2.018146514892578125e-01
0.000000000000000000e+00
3.236116409301757812e+00
9.077326655387878418e-01
7.130549550056457520e-01
6.366355419158935547e-01
1.991524219512939453e+00
1.700680935755372047e-03
1.311344504356384277e+00
7.210827432572841644e-03
5.223621428012847900e-02
0.000000000000000000e+00
0.000000000000000000e+00
1.128012500703334808e-02
1.482773455791175365e-03
2.152447104454040527e-01
0.000000000000000000e+00
3.968146443367004395e-02
4.362863302230834961e-01
1.687159657478332520e+00
0.000000000000000000e+00
2.613387405872344971e-01
5.918357521295547485e-02
1.294011592864990234e+00
3.120193723589181900e-03
0.000000000000000000e+00
0.000000000000000000e+00
3.524710536003112793e-01
1.257863283157348633e+00
6.397435665130615234e-01
9.527153335511684418e-03
2.206310510635375977e+00
0.000000000000000000e+00
4.940432906150817871e-01
1.432543806731700897e-02
7.611125707626342773e-03
2.990749850869178772e-02
0.000000000000000000e+00
1.443609714508056641e+00
1.262717366218566895e+00
2.199969291687011719e-01
2.174131631851196289e+00
0.000000000000000000e+00
1.416368603706359863e+00
0.000000000000000000e+00
2.167887613177299500e-02
3.338859975337982178e-01
1.094194293022155762e+00
4.341784119606018066e-01
0.000000000000000000e+00
6.746796965599060059e-01
1.976257860660552979e-01
3.713246807456016541e-02
2.568234205245971680e+00
4.697475731372833252e-01
3.339364484418183565e-04
3.216601610183715820e-01
4.820592328906059265e-02
9.785085916519165039e-01
1.737968623638153076e-01
0.000000000000000000e+00
1.148954406380653381e-02
1.333959102630615234e+00
1.127687811851501465e+00
0.000000000000000000e+00
7.361487150192260742e-01
1.968930847942829132e-02
1.446832418441772461e+00
1.444439589977264404e-01
2.777123749256134033e-01
6.016813516616821289e-01
0.000000000000000000e+00
3.784619569778442383e-01
6.429301500320434570e-01
9.713564068078994751e-03
1.531843394041061401e-01
1.596978902816772461e+00
3.951902035623788834e-03
1.326562743633985519e-02
1.281438171863555908e-01
1.844129562377929688e+00
7.777965068817138672e-02
8.612061738967895508e-01
1.851150393486022949e-01
1.838314414024353027e+00
2.471241235733032227e+00
7.344043254852294922e-01
4.611808806657791138e-02
7.224513888359069824e-01
0.000000000000000000e+00
4.735823720693588257e-03
