1.270488977432250977e+00
0.000000000000000000e+00
4.868246614933013916e-01
2.756155729293823242e+00
4.548515379428863525e-01
2.972834110260009766e-01
3.135337829589843750e-01
3.424633979797363281e+00
4.579132080078125000e+00
1.115952968597412109e+00
5.978150293231010437e-02
1.700160861015319824e+00
6.854694485664367676e-01
3.834337294101715088e-01
3.036542654037475586e+00
2.001498192548751831e-01
5.484072566032409668e-01
2.642485618591308594e+00
8.293595314025878906e-01
4.642364103347063065e-03
3.631334006786346436e-01
0.000000000000000000e+00
0.000000000000000000e+00
3.401661634445190430e+00
1.534768380224704742e-02
0.000000000000000000e+00
0.000000000000000000e+00
1.716380834579467773e+00
2.827597856521606445e-01
8.868181146681308746e-03
2.971247769892215729e-03
0.000000000000000000e+00
8.529251813888549805e-01
3.646547906100749969e-03
8.336213976144790649e-02
3.081037282943725586e+00
3.845123648643493652e-01
2.290527671575546265e-01
5.544334053993225098e-01
9.466336667537689209e-02
4.695216119289398193e-01
7.998146414756774902e-01
3.529024124145507812e-01
1.853201389312744141e+00
4.535657763481140137e-01
4.532164633274078369e-01
3.040490746498107910e-01
9.491513967514038086e-01
4.372580051422119141e-01
1.223736882209777832e+00
2.188038110733032227e+00
0.000000000000000000e+00
1.168488025665283203e+00
0.000000000000000000e+00
2.101985692977905273e+00
5.194522142410278320e-01
7.353482842445373535e-01
2.221767753362655640e-01
2.133347988128662109e+00
8.279046416282653809e-01
8.329371809959411621e-01
8.833590894937515259e-02
2.742247879505157471e-01
8.844308257102966309e-01
1.049965023994445801e+00
1.152333736419677734e+00
1.588266692124307156e-03
2.457203269004821777e-01
3.189744651317596436e-01
1.515014052391052246e+00
0.000000000000000000e+00
2.867206372320652008e-02
5.911621451377868652e-01
2.093965560197830200e-02
6.658563017845153809e-01
1.742388486862182617e+00
0.000000000000000000e+00
6.137087941169738770e-01
3.736269101500511169e-02
1.205615282058715820e+00
1.541710197925567627e-01
7.398132085800170898e-01
2.552711248397827148e+00
3.082311451435089111e-01
2.228604555130004883e+00
4.217087104916572571e-02
1.597853183746337891e+00
1.805727779865264893e-01
8.369830250740051270e-01
6.068466976284980774e-02
3.663752973079681396e-02
1.725073754787445068e-01
6.775885075330734253e-02
0.000000000000000000e+00
4.886730313301086426e-01
8.909772038459777832e-01
1.039781093597412109e+00
9.293701052665710449e-01
1.023308094590902328e-02
0.000000000000000000e+00
5.583131685853004456e-03
7.501801103353500366e-02
2.472054958343505859e-01
1.575108051300048828e+00
1.545288205146789551e+00
1.960520446300506592e-01
1.462726116180419922e+00
3.480474352836608887e-01
7.056880593299865723e-01
1.422971338033676147e-01
1.910134077072143555e+00
0.000000000000000000e+00
1.124631524085998535e+00
9.103225469589233398e-01
7.053459286689758301e-01
1.000621765851974487e-01
3.295223414897918701e-01
0.000000000000000000e+00
3.228990435600280762e-01
2.686451673507690430e+00
6.754207015037536621e-01
1.700773984193801880e-01
4.102445207536220551e-03
1.009800434112548828e+00
4.621360003948211670e-01
1.605557203292846680e+00
0.000000000000000000e+00
2.414728552103042603e-01
1.849850654602050781e+00
2.244019806385040283e-01
1.134990751743316650e-01
3.237801790237426758e-01
2.116675078868865967e-01
7.754693925380706787e-02
1.914723776280879974e-02
6.247884128242731094e-03
7.520254850387573242e-01
4.486148834228515625e+00
0.000000000000000000e+00
2.923845350742340088e-01
8.144879937171936035e-01
9.053398370742797852e-01
1.868703842163085938e+00
1.217325702309608459e-01
2.413136959075927734e-01
1.141467928886413574e+00
6.254275441169738770e-01
9.614824652671813965e-01
8.521868586540222168e-01
3.207210600376129150e-01
5.045957088470458984e+00
5.210844799876213074e-02
3.743453919887542725e-01
2.808483541011810303e-01
1.844642400741577148e+00
5.436512827873229980e-01
4.038359522819519043e-01
1.805943846702575684e-01
2.469237089157104492e+00
0.000000000000000000e+00
2.852298021316528320e-01
9.017237424850463867e-01
1.546590089797973633e+00
1.006322503089904785e-01
4.072065055370330811e-01
3.409050405025482178e-02
0.000000000000000000e+00
0.000000000000000000e+00
1.195710062980651855e+00
2.223748683929443359e+00
2.124196439981460571e-01
1.693922840058803558e-02
5.839582066982984543e-03
9.548228979110717773e-01
1.438459008932113647e-01
7.999970436096191406e+00
0.000000000000000000e+00
0.000000000000000000e+00
8.900746703147888184e-02
4.686785396188497543e-03
6.729261949658393860e-03
1.720659434795379639e-03
1.063478589057922363e-01
1.564536809921264648e+00
7.235454320907592773e-01
0.000000000000000000e+00
2.253762446343898773e-02
1.008556962013244629e+00
0.000000000000000000e+00
7.033761125057935715e-03
0.000000000000000000e+00
2.106671407818794250e-02
1.850208163261413574e+00
7.239332795143127441e-01
1.165398657321929932e-01
1.379069089889526367e-01
7.058627009391784668e-01
3.932056725025177002e-01
2.914168536663055420e-01
1.314915060997009277e+00
1.355028271675109863e+00
1.213308572769165039e+00
1.924977898597717285e-01
3.800404667854309082e-01
0.000000000000000000e+00
0.000000000000000000e+00
9.239117056131362915e-02
7.248601317405700684e-02
0.000000000000000000e+00
2.704869031906127930e+00
6.035211496055126190e-03
2.389564737677574158e-02
1.118906140327453613e-01
7.580361366271972656e-01
1.331319093704223633e+00
7.450564503669738770e-01
1.430413126945495605e-01
4.365873038768768311e-01
9.303146600723266602e-01
1.973787903785705566e+00
1.010829955339431763e-01
2.562083005905151367e-01
3.975014388561248779e-01
2.606146037578582764e-03
4.291070103645324707e-01
0.000000000000000000e+00
1.453837603330612183e-01
2.313699126243591309e-01
0.000000000000000000e+00
0.000000000000000000e+00
5.686305165290832520e-01
5.506644025444984436e-02
1.957552552223205566e+00
1.792396545410156250e+00
9.878474473953247070e-01
4.236352145671844482e-01
1.900969624519348145e+00
5.699757337570190430e-01
5.780077725648880005e-02
7.593762874603271484e-01
3.649661242961883545e-01
3.498079776763916016e-01
2.009067535400390625e-01
1.852294206619262695e+00
7.588273286819458008e-01
4.450791515409946442e-03
6.388127803802490234e-01
5.600555799901485443e-03
2.642313480377197266e+00
9.795743227005004883e-01
1.057370007038116455e-01
3.251411616802215576e-01
6.258483976125717163e-02
2.642888426780700684e-01
7.041568160057067871e-01
5.622265115380287170e-02
1.387615036219358444e-02
0.000000000000000000e+00
4.324371460825204849e-03
1.062351912260055542e-01
3.274482786655426025e-01
1.022786200046539307e-01
0.000000000000000000e+00
1.484578195959329605e-02
2.402545511722564697e-02
0.000000000000000000e+00
2.414203643798828125e+00
0.000000000000000000e+00
1.715114116668701172e-01
2.194713102653622627e-03
8.479486703872680664e-01
1.554261445999145508e-01
1.176395773887634277e+00
5.942372605204582214e-02
6.548727750778198242e-01
3.847661614418029785e-01
1.970622390508651733e-01
1.536043435335159302e-01
1.341885447502136230e+00
8.696889877319335938e-02
0.000000000000000000e+00
4.636167287826538086e-01
6.482348442077636719e-01
1.028432790189981461e-02
1.059402003884315491e-01
3.176276385784149170e-01
1.547506451606750488e+00
1.261492492631077766e-03
9.513316154479980469e-01
0.000000000000000000e+00
1.255983352661132812e+00
1.639532446861267090e+00
6.003724336624145508e-01
2.612124383449554443e-02
2.541582845151424408e-02
9.265215694904327393e-02
5.114907026290893555e-01
8.672580868005752563e-02
1.364566445350646973e+00
5.168933391571044922e+00
8.839953541755676270e-01
1.551691144704818726e-01
9.635318815708160400e-02
7.963971793651580811e-02
0.000000000000000000e+00
0.000000000000000000e+00
0.000000000000000000e+00
0.000000000000000000e+00
1.585189136676490307e-03
6.700552254915237427e-02
3.715346455574035645e-01
6.811371445655822754e-02
0.000000000000000000e+00
9.185692667961120605e-01
2.106257379055023193e-01
3.220074176788330078e-01
0.000000000000000000e+00
3.703320398926734924e-02
6.778400540351867676e-01
3.968097269535064697e-02
1.011210083961486816e+00
0.000000000000000000e+00
4.713839385658502579e-03
2.837885916233062744e-01
2.641427218914031982e-01
1.130390405654907227e+00
3.478005826473236084e-01
0.000000000000000000e+00
8.038250207901000977e-01
4.630233943462371826e-01
3.335513873025774956e-03
7.339768577367067337e-03
0.000000000000000000e+00
1.318505704402923584e-01
0.000000000000000000e+00
2.917457222938537598e-01
1.556881785392761230e+00
1.263300478458404541e-01
7.189554572105407715e-01
5.250871777534484863e-01
0.000000000000000000e+00
0.000000000000000000e+00
3.282073140144348145e-02
1.158415246754884720e-02
1.504220247268676758e+00
9.957944154739379883e-01
2.487616837024688721e-01
2.559900749474763870e-04
2.242806926369667053e-02
2.759621143341064453e-01
9.400209784507751465e-01
9.746552109718322754e-01
9.746006131172180176e-02
2.923614811152219772e-04
2.074083238840103149e-01
1.065929293632507324e+00
0.000000000000000000e+00
4.507213830947875977e-01
0.000000000000000000e+00
2.068827897310256958e-01
6.199139356613159180e-01
1.257704347372055054e-01
4.873667359352111816e-01
2.037108391523361206e-01
6.340785622596740723e-01
3.660728633403778076e-01
9.888874292373657227e-01
7.024942636489868164e-01
2.514841318130493164e+00
1.164559740573167801e-03
2.853259146213531494e-01
7.725256681442260742e-01
1.693730801343917847e-01
3.039386272430419922e-01
1.169029250741004944e-01
0.000000000000000000e+00
2.022293582558631897e-02
4.452320933341979980e-02
1.991526335477828979e-01
3.840596377849578857e-01
6.143376976251602173e-02
3.108413934707641602e+00
2.545495510101318359e+00
6.288939118385314941e-01
7.872284203767776489e-02
6.926199197769165039e-01
0.000000000000000000e+00
0.000000000000000000e+00
0.000000000000000000e+00
2.236402481794357300e-01
2.024450004100799561e-01
2.607510983943939209e-01
0.000000000000000000e+00
2.050051689147949219e-01
1.211277619004249573e-01
1.015549451112747192e-01
1.436469554901123047e+00
1.886000335216522217e-01
0.000000000000000000e+00
1.678968787193298340e+00
1.675386726856231689e-01
1.565875887870788574e+00
0.000000000000000000e+00
1.666475534439086914e-01
1.621112585067749023e+00
1.781003624200820923e-01
6.399054527282714844e-01
3.294126093387603760e-01
1.188563704490661621e+00
1.217131987214088440e-01
1.235951781272888184e-01
5.736777558922767639e-02
4.655308127403259277e-01
6.714069247245788574e-01
4.363866150379180908e-01
7.611170411109924316e-02
1.972386837005615234e+00
2.297013625502586365e-02
4.595002830028533936e-01
3.991631790995597839e-03
2.879875004291534424e-01
3.034018278121948242e-01
0.000000000000000000e+00
3.409605503082275391e+00
1.311631917953491211e+00
1.545427832752466202e-02
3.223252594470977783e-01
1.849267721176147461e+00
2.075253287330269814e-03
1.085043072700500488e+00
3.576771914958953857e-02
4.559673368930816650e-02
4.859555512666702271e-02
0.000000000000000000e+00
3.043745830655097961e-02
1.218768507242202759e-01
2.021818161010742188e-01
2.173113822937011719e-01
1.980506815016269684e-03
2.816664576530456543e-01
1.525839924812316895e+00
0.000000000000000000e+00
8.206965029239654541e-02
7.189039140939712524e-02
1.474797725677490234e+00
9.156714077107608318e-04
0.000000000000000000e+00
1.196186756715178490e-03
3.613304495811462402e-01
1.671380639076232910e+00
5.490082502365112305e-01
2.756489084276836365e-05
1.787152886390686035e+00
8.579165441915392876e-04
6.567550301551818848e-01
1.032107044011354446e-03
2.255188077688217163e-01
1.579236052930355072e-02
2.057021716609597206e-03
1.560778975486755371e+00
1.516501903533935547e+00
5.419577956199645996e-01
2.319300174713134766e+00
6.508183479309082031e-02
1.028339147567749023e+00
0.000000000000000000e+00
1.903226412832736969e-02
6.904022693634033203e-01
9.051341414451599121e-01
4.111068844795227051e-01
4.471507295966148376e-02
9.100654721260070801e-01
1.540887821465730667e-02
1.809887029230594635e-02
2.171491384506225586e+00
6.253002285957336426e-01
1.464261412620544434e-01
2.063068449497222900e-01
3.413472697138786316e-02
4.000547826290130615e-01
2.378166317939758301e-01
0.000000000000000000e+00
3.103044927120208740e-01
1.521021008491516113e+00
1.217973589897155762e+00
3.394894674420356750e-02
3.938780426979064941e-01
0.000000000000000000e+00
1.100201606750488281e+00
3.392967581748962402e-01
1.292066723108291626e-01
8.255054354667663574e-01
2.911390364170074463e-02
8.701592087745666504e-01
8.444949984550476074e-01
1.892974972724914551e-01
2.053211778402328491e-01
7.845125794410705566e-01
2.200427949428558350e-01
0.000000000000000000e+00
3.568771481513977051e-02
2.336855173110961914e+00
0.000000000000000000e+00
1.240529417991638184e+00
2.578355371952056885e-02
7.402758002281188965e-01
2.750015258789062500e+00
1.539846420288085938e+00
5.177817121148109436e-02
9.955411553382873535e-01
2.058965712785720825e-02
0.000000000000000000e+00
