4.858053326606750488e-01
6.105060223489999771e-03
3.217643201351165771e-01
2.478823184967041016e+00
7.659499347209930420e-02
1.343829631805419922e-01
3.638955354690551758e-01
3.990843057632446289e+00
5.102573394775390625e+00
7.925592660903930664e-01
1.064339727163314819e-01
1.931009531021118164e+00
2.359893172979354858e-01
3.746574819087982178e-01
2.376261711120605469e+00
5.243908762931823730e-01
9.789137244224548340e-01
1.409333467483520508e+00
1.044124603271484375e+00
0.000000000000000000e+00
9.992431402206420898e-01
3.284431993961334229e-03
5.027858540415763855e-02
3.547867774963378906e+00
1.428882479667663574e-01
1.941743539646267891e-03
0.000000000000000000e+00
1.374464988708496094e+00
1.704925000667572021e-01
4.896428436040878296e-03
0.000000000000000000e+00
4.142202436923980713e-03
7.408364415168762207e-01
1.161290239542722702e-02
9.959199279546737671e-02
2.522798061370849609e+00
3.668029606342315674e-01
8.756567239761352539e-01
3.072688281536102295e-01
3.885908126831054688e-01
2.121960371732711792e-01
4.291159212589263916e-01
4.919048547744750977e-01
2.300321817398071289e+00
1.834376528859138489e-02
5.907517671585083008e-01
3.665380552411079407e-02
6.771009564399719238e-01
2.990137226879596710e-02
9.919606447219848633e-01
1.954265594482421875e+00
0.000000000000000000e+00
1.023493051528930664e+00
3.554644063115119934e-03
1.772528529167175293e+00
4.241138398647308350e-01
5.667573809623718262e-01
9.466184419579803944e-04
2.432778120040893555e+00
4.189116656780242920e-01
4.745801687240600586e-01
1.320717185735702515e-01
4.219580590724945068e-01
4.127440452575683594e-01
1.170719385147094727e+00
1.114786624908447266e+00
0.000000000000000000e+00
5.634370818734169006e-02
1.612850576639175415e-01
1.278954505920410156e+00
0.000000000000000000e+00
0.000000000000000000e+00
1.574305295944213867e-01
2.518167160451412201e-02
2.981011569499969482e-01
1.904945611953735352e+00
0.000000000000000000e+00
4.556524753570556641e-01
0.000000000000000000e+00
4.469969570636749268e-01
3.666557669639587402e-01
9.809112548828125000e-01
1.784866929054260254e+00
2.644926011562347412e-01
1.966901779174804688e+00
1.209762245416641235e-01
1.258285999298095703e+00
3.081523180007934570e-01
9.525579214096069336e-01
1.695856079459190369e-02
0.000000000000000000e+00
1.693514175713062286e-03
0.000000000000000000e+00
0.000000000000000000e+00
5.632947087287902832e-01
6.784450411796569824e-01
7.272990942001342773e-01
1.064552545547485352e+00
0.000000000000000000e+00
3.952715173363685608e-02
0.000000000000000000e+00
1.967339776456356049e-02
7.300636917352676392e-02
1.546691060066223145e+00
1.932305574417114258e+00
1.881074607372283936e-01
1.404115557670593262e+00
4.074495658278465271e-02
2.804677784442901611e-01
1.599303334951400757e-01
1.382451295852661133e+00
0.000000000000000000e+00
9.551254510879516602e-01
7.516845464706420898e-01
6.269712448120117188e-01
6.620846688747406006e-02
4.001636505126953125e-01
0.000000000000000000e+00
3.738985657691955566e-01
2.933974742889404297e+00
7.036539316177368164e-01
7.227954268455505371e-02
7.695010304450988770e-02
1.892997860908508301e+00
3.609165549278259277e-01
1.494714140892028809e+00
0.000000000000000000e+00
2.866911590099334717e-01
2.159655094146728516e+00
1.102593466639518738e-01
2.908783033490180969e-02
4.830486476421356201e-01
1.912090927362442017e-02
1.401325762271881104e-01
3.284621983766555786e-02
0.000000000000000000e+00
2.796592414379119873e-01
4.416267871856689453e+00
0.000000000000000000e+00
2.370114177465438843e-01
4.327935874462127686e-01
1.719414293766021729e-01
1.168237805366516113e+00
4.246416687965393066e-02
5.821544304490089417e-02
8.847564458847045898e-01
9.635772705078125000e-01
1.251593708992004395e+00
3.355468511581420898e-01
1.678277254104614258e-01
4.522707462310791016e+00
9.974571876227855682e-03
3.424887359142303467e-01
4.246999621391296387e-01
1.209607839584350586e+00
8.134672045707702637e-01
2.605119943618774414e-01
4.412499815225601196e-02
2.627425193786621094e+00
0.000000000000000000e+00
3.306114375591278076e-01
6.898767948150634766e-01
6.057540774345397949e-01
3.250141739845275879e-01
2.181985527276992798e-01
1.005246788263320923e-01
0.000000000000000000e+00
0.000000000000000000e+00
1.625551819801330566e+00
1.351164221763610840e+00
2.741167880594730377e-02
0.000000000000000000e+00
1.822958118282258511e-03
9.360324740409851074e-01
5.644430518150329590e-01
7.056695938110351562e+00
2.643425017595291138e-02
0.000000000000000000e+00
0.000000000000000000e+00
4.100599512457847595e-02
8.322550356388092041e-02
0.000000000000000000e+00
0.000000000000000000e+00
2.565125703811645508e+00
2.476759701967239380e-01
0.000000000000000000e+00
0.000000000000000000e+00
4.605091512203216553e-01
5.628158338367938995e-03
7.902170182205736637e-04
0.000000000000000000e+00
2.357499115169048309e-02
1.573256015777587891e+00
5.060672163963317871e-01
1.746405810117721558e-01
3.649420738220214844e-01
8.319743275642395020e-01
4.441357851028442383e-01
1.594319045543670654e-01
5.854697823524475098e-01
1.190185308456420898e+00
8.296890258789062500e-01
1.070923581719398499e-01
8.239365369081497192e-02
3.272894769906997681e-02
5.025974661111831665e-02
5.665500760078430176e-01
3.958988934755325317e-02
4.181219730526208878e-03
2.448532581329345703e+00
0.000000000000000000e+00
9.643071144819259644e-02
1.434282958507537842e-01
7.150648236274719238e-01
7.479482293128967285e-01
7.962034940719604492e-01
1.724002510309219360e-01
7.003390789031982422e-01
1.407157063484191895e+00
8.384044170379638672e-01
4.990892857313156128e-02
8.126563578844070435e-02
1.080371141433715820e+00
1.277582496404647827e-01
6.459882855415344238e-01
0.000000000000000000e+00
2.116330116987228394e-01
4.048259556293487549e-01
0.000000000000000000e+00
6.776323076337575912e-03
1.062814146280288696e-01
1.523577868938446045e-01
1.751750707626342773e+00
1.936424970626831055e+00
8.541827797889709473e-01
7.487735152244567871e-01
1.945647239685058594e+00
1.000109910964965820e+00
5.052881781011819839e-03
6.415604352951049805e-01
1.586496382951736450e-01
2.002283371984958649e-02
1.924200654029846191e-01
1.439249157905578613e+00
9.531059265136718750e-01
3.444581478834152222e-02
9.091945290565490723e-01
2.148767001926898956e-03
3.165574550628662109e+00
5.908578038215637207e-01
6.939847469329833984e-01
5.946516394615173340e-01
2.024457603693008423e-02
1.263265460729598999e-01
9.296984672546386719e-01
2.031287550926208496e-02
1.068861410021781921e-02
0.000000000000000000e+00
4.761336371302604675e-03
3.666002154350280762e-01
7.900929450988769531e-01
6.988073885440826416e-02
3.535708179697394371e-03
4.180300980806350708e-02
0.000000000000000000e+00
1.803891174495220184e-02
2.116978406906127930e+00
0.000000000000000000e+00
1.180623650550842285e+00
3.072123825550079346e-01
7.051327824592590332e-01
5.009920150041580200e-02
1.209438085556030273e+00
1.047072187066078186e-02
1.669000834226608276e-01
2.128629684448242188e-01
3.033915534615516663e-02
4.125073552131652832e-02
1.513707637786865234e+00
4.260283336043357849e-02
0.000000000000000000e+00
6.530622839927673340e-01
4.956581890583038330e-01
2.276198007166385651e-02
1.264396607875823975e-01
4.897284209728240967e-01
1.184551477432250977e+00
5.013722553849220276e-02
4.358263015747070312e-01
0.000000000000000000e+00
9.798961281776428223e-01
1.073818087577819824e+00
9.422462582588195801e-01
0.000000000000000000e+00
1.992506980895996094e-01
2.011953294277191162e-01
4.333744347095489502e-01
6.269872933626174927e-02
8.074007630348205566e-01
4.308228492736816406e+00
9.376735687255859375e-01
2.632432878017425537e-01
2.531387805938720703e-01
8.551207929849624634e-02
1.184535119682550430e-02
0.000000000000000000e+00
2.314979908987879753e-03
0.000000000000000000e+00
0.000000000000000000e+00
3.765594959259033203e-02
1.055581197142601013e-01
1.214313879609107971e-01
1.453998126089572906e-02
5.145530700683593750e-01
1.184110715985298157e-02
2.596482634544372559e-01
0.000000000000000000e+00
2.904186956584453583e-02
1.141030788421630859e-01
0.000000000000000000e+00
1.232897877693176270e+00
0.000000000000000000e+00
0.000000000000000000e+00
3.887397050857543945e-01
1.544038057327270508e-01
3.127338588237762451e-01
2.595978081226348877e-01
0.000000000000000000e+00
9.186896085739135742e-01
2.364649474620819092e-01
0.000000000000000000e+00
0.000000000000000000e+00
0.000000000000000000e+00
7.066698372364044189e-02
0.000000000000000000e+00
4.563595950603485107e-01
1.870389580726623535e+00
3.454698622226715088e-01
7.778316140174865723e-01
5.021190047264099121e-01
0.000000000000000000e+00
0.000000000000000000e+00
1.567536145448684692e-01
4.837602004408836365e-02
1.157060742378234863e+00
6.332919597625732422e-01
9.052760899066925049e-03
0.000000000000000000e+00
1.951339282095432281e-02
3.603107631206512451e-01
2.656631171703338623e-01
6.546038985252380371e-01
6.411267071962356567e-02
0.000000000000000000e+00
1.088189184665679932e-01
7.106571197509765625e-01
0.000000000000000000e+00
8.613795787096023560e-02
0.000000000000000000e+00
5.568994209170341492e-03
1.347252368927001953e+00
4.517291672527790070e-03
1.971979439258575439e-01
2.790239155292510986e-01
4.911363422870635986e-01
8.159508705139160156e-01
6.598327159881591797e-01
9.680075049400329590e-01
2.220143079757690430e+00
0.000000000000000000e+00
7.188186049461364746e-02
5.505211353302001953e-01
1.574023067951202393e-01
2.628964483737945557e-01
4.779275357723236084e-01
0.000000000000000000e+00
4.671861231327056885e-02
3.891978645697236061e-03
1.479752361774444580e-01
6.330614089965820312e-01
2.674987018108367920e-01
2.769306421279907227e+00
2.288086414337158203e+00
6.081482768058776855e-01
4.690585657954216003e-02
8.303187489509582520e-01
0.000000000000000000e+00
3.354185726493597031e-03
0.000000000000000000e+00
4.782056435942649841e-03
4.733314514160156250e-01
3.294127434492111206e-02
0.000000000000000000e+00
4.179498553276062012e-02
1.738338768482208252e-01
1.744486093521118164e-01
1.311802387237548828e+00
2.073497772216796875e-01
7.016585441306233406e-04
7.826311588287353516e-01
1.280838400125503540e-01
6.734230518341064453e-01
0.000000000000000000e+00
3.045822083950042725e-01
1.670653343200683594e+00
6.255068629980087280e-02
1.066470980644226074e+00
2.689456939697265625e-01
1.346040010452270508e+00
1.818706691265106201e-01
1.797875016927719116e-01
2.011191286146640778e-02
1.823241114616394043e-01
1.401670336723327637e+00
5.817803144454956055e-01
9.381381422281265259e-02
1.494255304336547852e+00
8.028937876224517822e-02
2.449946254491806030e-01
1.199780404567718506e-02
9.557673335075378418e-02
5.069265961647033691e-01
4.605234600603580475e-03
3.442366600036621094e+00
8.578276038169860840e-01
1.218005791306495667e-01
8.043076992034912109e-01
1.960921287536621094e+00
1.118304580450057983e-01
7.564039230346679688e-01
4.684507381170988083e-03
2.310699075460433960e-01
0.000000000000000000e+00
0.000000000000000000e+00
0.000000000000000000e+00
2.275533974170684814e-01
0.000000000000000000e+00
6.629978306591510773e-03
7.718360982835292816e-03
5.458483695983886719e-01
1.747548103332519531e+00
0.000000000000000000e+00
1.425032783299684525e-02
4.676620289683341980e-02
1.199979901313781738e+00
3.781623020768165588e-02
2.218841016292572021e-02
1.918944157660007477e-02
1.574541181325912476e-01
1.153934955596923828e+00
3.683572709560394287e-01
2.407641410827636719e-01
1.294229507446289062e+00
0.000000000000000000e+00
3.237521052360534668e-01
1.635242253541946411e-02
4.275079071521759033e-01
5.666656419634819031e-02
0.000000000000000000e+00
1.542787194252014160e+00
1.091452717781066895e+00
6.583558320999145508e-01
1.671168804168701172e+00
5.548263341188430786e-02
1.391866326332092285e+00
1.683197356760501862e-02
6.457286328077316284e-02
7.001082897186279297e-01
7.599672675132751465e-01
1.503057628870010376e-01
3.752939403057098389e-02
4.733238220214843750e-01
8.255762979388237000e-03
6.311976164579391479e-02
1.926625132560729980e+00
7.178635150194168091e-02
2.138727111741900444e-03
1.050660610198974609e-01
0.000000000000000000e+00
2.391143739223480225e-01
1.759813278913497925e-01
0.000000000000000000e+00
1.076789945363998413e-01
1.088870763778686523e+00
7.602657079696655273e-01
0.000000000000000000e+00
4.517296254634857178e-01
0.000000000000000000e+00
8.556896448135375977e-01
2.131290435791015625e-01
0.000000000000000000e+00
8.984687924385070801e-01
1.630268804728984833e-02
5.197955965995788574e-01
8.804919123649597168e-01
4.596441611647605896e-02
1.339944452047348022e-01
4.458503723144531250e-01
3.320737779140472412e-01
0.000000000000000000e+00
5.818847939372062683e-02
1.941019415855407715e+00
3.618491441011428833e-02
9.122960567474365234e-01
1.847553551197052002e-01
1.371918678283691406e+00
2.443063735961914062e+00
1.540299773216247559e+00
1.083577871322631836e-01
7.858230471611022949e-01
0.000000000000000000e+00
1.257430529221892357e-03
