8.242473602294921875e-01
2.516102511435747147e-03
1.483583301305770874e-01
2.338361501693725586e+00
8.333604037761688232e-02
2.985488474369049072e-01
7.252118587493896484e-01
3.104903697967529297e+00
6.456260681152343750e+00
9.865738153457641602e-01
9.330857545137405396e-02
1.388192653656005859e+00
1.218816563487052917e-01
3.357760608196258545e-01
1.763649463653564453e+00
1.237330585718154907e-01
5.730532407760620117e-01
1.653775691986083984e+00
6.114528179168701172e-01
0.000000000000000000e+00
8.019543886184692383e-01
2.809896366670727730e-03
2.342560589313507080e-01
2.507145643234252930e+00
1.962118037045001984e-02
0.000000000000000000e+00
0.000000000000000000e+00
7.618764638900756836e-01
1.249848380684852600e-01
3.872003406286239624e-02
0.000000000000000000e+00
2.416840987280011177e-03
5.933783650398254395e-01
6.593400985002517700e-02
1.731517986627295613e-04
3.402217864990234375e+00
4.794970154762268066e-01
5.247141420841217041e-02
2.785407304763793945e-01
2.909033894538879395e-01
3.431496918201446533e-01
3.171281516551971436e-01
5.083262324333190918e-01
1.809644103050231934e+00
5.668855905532836914e-01
1.055276155471801758e+00
4.041573703289031982e-01
1.060486555099487305e+00
2.499206066131591797e-01
1.892670154571533203e+00
2.565619468688964844e+00
0.000000000000000000e+00
1.310134649276733398e+00
7.901780772954225540e-04
2.103117704391479492e+00
2.325828224420547485e-01
2.178805023431777954e-01
4.202362895011901855e-02
2.367442131042480469e+00
9.545286893844604492e-01
2.722267508506774902e-01
1.186797469854354858e-01
7.777959108352661133e-02
9.372835755348205566e-01
1.342966675758361816e+00
3.980275690555572510e-01
0.000000000000000000e+00
1.241701319813728333e-01
4.513311982154846191e-01
8.299192190170288086e-01
0.000000000000000000e+00
6.701357197016477585e-04
4.829738736152648926e-01
6.109072268009185791e-02
3.754411041736602783e-01
1.662232398986816406e+00
1.656975783407688141e-02
3.869129717350006104e-01
7.753238081932067871e-03
8.852714896202087402e-01
3.264829814434051514e-01
8.243619799613952637e-01
1.791061997413635254e+00
4.268659651279449463e-02
2.410677433013916016e+00
7.923696935176849365e-02
2.004547834396362305e+00
8.543109893798828125e-02
6.502057313919067383e-01
2.483530901372432709e-03
2.085047075524926186e-03
2.487976104021072388e-01
0.000000000000000000e+00
0.000000000000000000e+00
8.750900030136108398e-01
5.466643571853637695e-01
1.113945722579956055e+00
1.206705451011657715e+00
1.661905203945934772e-03
3.971855714917182922e-02
0.000000000000000000e+00
2.087446302175521851e-01
1.170343235135078430e-01
5.238319635391235352e-01
1.314038872718811035e+00
3.054180741310119629e-01
1.891748070716857910e+00
2.773823142051696777e-01
7.148381471633911133e-01
3.468930348753929138e-02
1.317534923553466797e+00
1.947158249095082283e-03
9.138500094413757324e-01
1.063934922218322754e+00
7.138717174530029297e-01
4.649661481380462646e-02
2.939008874818682671e-03
1.103648170828819275e-01
5.930168032646179199e-01
2.648177623748779297e+00
1.650557816028594971e-01
1.158002912998199463e-01
4.677764698863029480e-02
1.753732442855834961e+00
3.368790149688720703e-01
1.912680029869079590e+00
0.000000000000000000e+00
3.891535475850105286e-02
1.740021944046020508e+00
1.500578969717025757e-02
1.680967211723327637e-01
7.190151214599609375e-01
4.493120685219764709e-02
1.120550632476806641e-01
8.516412973403930664e-02
0.000000000000000000e+00
1.378547102212905884e-01
5.054863452911376953e+00
0.000000000000000000e+00
5.484819412231445312e-01
1.231592372059822083e-01
2.966180145740509033e-01
1.363373756408691406e+00
1.243832521140575409e-02
8.548460155725479126e-02
9.185367226600646973e-01
9.587219357490539551e-01
1.067032575607299805e+00
1.221998214721679688e+00
2.479863762855529785e-01
4.297105312347412109e+00
1.986640989780426025e-01
1.076170682907104492e+00
3.534637391567230225e-01
1.835377573966979980e+00
9.842499494552612305e-01
2.254573404788970947e-01
4.434152506291866302e-03
2.240895986557006836e+00
0.000000000000000000e+00
1.661787740886211395e-02
1.491391777992248535e+00
5.170761346817016602e-01
2.037497162818908691e-01
2.417794615030288696e-01
1.256917268037796021e-01
0.000000000000000000e+00
0.000000000000000000e+00
1.580090522766113281e+00
1.270263433456420898e+00
1.955912411212921143e-01
2.701314538717269897e-02
7.473814766854047775e-03
8.751232028007507324e-01
5.574697256088256836e-01
8.503357887268066406e+00
0.000000000000000000e+00
0.000000000000000000e+00
1.856168359518051147e-02
5.739641375839710236e-03
4.404027387499809265e-02
2.303428947925567627e-01
1.061431597918272018e-02
1.310060858726501465e+00
6.448824405670166016e-01
0.000000000000000000e+00
1.541045843623578548e-03
1.468846678733825684e+00
0.000000000000000000e+00
4.409335926175117493e-02
0.000000000000000000e+00
4.493017867207527161e-02
1.495211482048034668e+00
3.498577177524566650e-01
7.925407961010932922e-03
4.767118394374847412e-01
1.030432581901550293e+00
1.841257810592651367e-01
2.770490646362304688e-01
1.228440523147583008e+00
1.256253004074096680e+00
7.180755138397216797e-01
3.199895918369293213e-01
1.426817774772644043e-01
5.124882236123085022e-02
6.174735259264707565e-03
8.705523610115051270e-02
1.438257377594709396e-02
8.804343640804290771e-02
2.033946514129638672e+00
0.000000000000000000e+00
3.495504334568977356e-02
2.761729359626770020e-01
1.092051267623901367e+00
6.121783852577209473e-01
4.927776753902435303e-01
1.874708980321884155e-01
3.814169764518737793e-01
1.398557305335998535e+00
1.243715763092041016e+00
0.000000000000000000e+00
1.192694306373596191e-01
6.116499304771423340e-01
1.156259998679161072e-01
6.684169769287109375e-01
0.000000000000000000e+00
9.458000957965850830e-02
2.192873060703277588e-01
0.000000000000000000e+00
0.000000000000000000e+00
3.086591064929962158e-01
2.568379044532775879e-01
1.806903123855590820e+00
2.146149873733520508e+00
6.947823762893676758e-01
7.770915031433105469e-01
2.067293643951416016e+00
7.414632439613342285e-01
5.358948558568954468e-02
1.082908630371093750e+00
2.422452569007873535e-01
1.167463734745979309e-01
0.000000000000000000e+00
1.459402561187744141e+00
4.361671507358551025e-01
4.013521596789360046e-02
5.076864361763000488e-01
0.000000000000000000e+00
1.747379660606384277e+00
1.334388852119445801e+00
4.386501759290695190e-02
1.889196485280990601e-01
1.705585233867168427e-02
3.659893572330474854e-01
1.019468903541564941e+00
3.650257363915443420e-02
3.397617954760789871e-03
0.000000000000000000e+00
0.000000000000000000e+00
3.373592719435691833e-02
4.929300844669342041e-01
6.392628699541091919e-02
1.269752383232116699e-01
5.497675156220793724e-04
0.000000000000000000e+00
0.000000000000000000e+00
2.217684984207153320e+00
4.007224924862384796e-03
1.493981003761291504e+00
4.812425374984741211e-02
1.402897715568542480e+00
3.783353418111801147e-02
9.130331277847290039e-01
5.233418196439743042e-02
8.928185701370239258e-02
1.786655783653259277e-01
4.829149693250656128e-02
3.340389132499694824e-01
1.003319501876831055e+00
8.748601190745830536e-03
4.410986322909593582e-03
8.051581978797912598e-01
1.335956603288650513e-01
2.853245474398136139e-03
6.919194757938385010e-02
3.919760882854461670e-01
1.452545404434204102e+00
0.000000000000000000e+00
2.774976491928100586e-01
0.000000000000000000e+00
1.528128147125244141e+00
1.689134836196899414e+00
5.605123639106750488e-01
0.000000000000000000e+00
1.636861264705657959e-01
9.669774770736694336e-02
1.788707822561264038e-01
1.346263140439987183e-01
1.977678656578063965e+00
4.445496082305908203e+00
1.310941696166992188e+00
4.891611933708190918e-01
2.516746520996093750e-01
4.825513958930969238e-01
0.000000000000000000e+00
2.141418633982539177e-03
5.930706858634948730e-03
0.000000000000000000e+00
0.000000000000000000e+00
2.771305739879608154e-01
3.775230646133422852e-01
0.000000000000000000e+00
2.730988664552569389e-03
8.525303006172180176e-01
3.886850923299789429e-02
1.047753691673278809e-01
0.000000000000000000e+00
4.841874167323112488e-02
7.342188358306884766e-01
4.003024473786354065e-02
1.716835260391235352e+00
0.000000000000000000e+00
0.000000000000000000e+00
6.313021183013916016e-01
1.692478954792022705e-01
8.624954819679260254e-01
4.432608932256698608e-02
0.000000000000000000e+00
6.982234716415405273e-01
5.427145361900329590e-01
6.096169352531433105e-03
0.000000000000000000e+00
0.000000000000000000e+00
0.000000000000000000e+00
0.000000000000000000e+00
5.046026110649108887e-01
1.869800567626953125e+00
7.798025757074356079e-02
2.629246413707733154e-01
2.398879528045654297e-01
0.000000000000000000e+00
0.000000000000000000e+00
1.685480922460556030e-01
1.322538219392299652e-02
8.061218261718750000e-01
9.609994292259216309e-01
6.447057425975799561e-02
0.000000000000000000e+00
3.780193999409675598e-02
4.953892529010772705e-01
5.740224123001098633e-01
9.458522796630859375e-01
0.000000000000000000e+00
0.000000000000000000e+00
6.344044115394353867e-03
9.656305909156799316e-01
0.000000000000000000e+00
3.304538130760192871e-01
0.000000000000000000e+00
1.569145768880844116e-01
4.344584345817565918e-01
3.171957656741142273e-02
2.471962384879589081e-02
2.234998196363449097e-01
5.679707527160644531e-01
1.503720045089721680e+00
3.553477525711059570e-01
6.452803015708923340e-01
1.628706455230712891e+00
0.000000000000000000e+00
2.032712399959564209e-01
1.060565948486328125e+00
3.050244748592376709e-01
2.685003876686096191e-01
4.458735585212707520e-01
0.000000000000000000e+00
3.497945889830589294e-02
0.000000000000000000e+00
4.407356083393096924e-01
6.844730377197265625e-01
0.000000000000000000e+00
3.190422058105468750e+00
3.373962402343750000e+00
1.330955028533935547e+00
0.000000000000000000e+00
7.951750159263610840e-01
4.793248604983091354e-03
0.000000000000000000e+00
0.000000000000000000e+00
8.157372474670410156e-02
9.180054813623428345e-02
6.780854612588882446e-02
0.000000000000000000e+00
1.136266812682151794e-02
1.060314625501632690e-01
2.072843909263610840e-01
1.170688867568969727e+00
9.089872241020202637e-02
6.128414720296859741e-02
1.343477487564086914e+00
2.596684172749519348e-02
1.144757151603698730e+00
0.000000000000000000e+00
4.037237912416458130e-02
1.152257800102233887e+00
6.539151817560195923e-02
9.079816341400146484e-01
1.923004090785980225e-01
1.209947466850280762e+00
1.999912261962890625e-01
1.687470674514770508e-01
3.578253090381622314e-04
1.203242540359497070e+00
7.462843060493469238e-01
7.722850143909454346e-02
0.000000000000000000e+00
2.035943031311035156e+00
4.803689080290496349e-04
1.462158858776092529e-01
8.405338972806930542e-02
1.063117831945419312e-01
3.335574269294738770e-01
0.000000000000000000e+00
2.794926166534423828e+00
9.859075546264648438e-01
3.249242901802062988e-01
2.763110995292663574e-01
1.282786011695861816e+00
0.000000000000000000e+00
1.290248513221740723e+00
0.000000000000000000e+00
1.201573684811592102e-01
5.112301092594861984e-03
0.000000000000000000e+00
0.000000000000000000e+00
2.970769815146923065e-02
3.389867246150970459e-01
0.000000000000000000e+00
0.000000000000000000e+00
4.821029007434844971e-01
1.643962383270263672e+00
1.941943913698196411e-02
2.452720403671264648e-01
2.099664956331253052e-01
1.251605749130249023e+00
0.000000000000000000e+00
0.000000000000000000e+00
1.451671216636896133e-02
1.716344803571701050e-01
1.575244069099426270e+00
5.689187645912170410e-01
0.000000000000000000e+00
1.724239587783813477e+00
3.829355700872838497e-04
5.596626996994018555e-01
1.582804019562900066e-03
2.148175835609436035e-01
4.055162146687507629e-02
0.000000000000000000e+00
7.326592803001403809e-01
1.404625058174133301e+00
4.904963076114654541e-01
1.957057714462280273e+00
0.000000000000000000e+00
1.240046262741088867e+00
0.000000000000000000e+00
1.745887994766235352e-01
1.260278373956680298e-01
1.165444612503051758e+00
7.242540717124938965e-01
0.000000000000000000e+00
4.350025653839111328e-01
5.125975981354713440e-02
0.000000000000000000e+00
1.679389476776123047e+00
5.280636548995971680e-01
8.514752238988876343e-02
2.917561233043670654e-01
2.802261849865317345e-03
6.498759984970092773e-01
1.736430376768112183e-01
0.000000000000000000e+00
1.316875964403152466e-01
7.557994723320007324e-01
1.542341232299804688e+00
4.674590658396482468e-03
4.144217073917388916e-01
2.779804356396198273e-02
9.594978094100952148e-01
5.071141123771667480e-01
2.322197258472442627e-01
7.547810673713684082e-01
0.000000000000000000e+00
6.429437994956970215e-01
9.142515063285827637e-01
1.691213622689247131e-02
2.269139587879180908e-01
1.003020405769348145e+00
1.023505697958171368e-03
7.777933962643146515e-03
0.000000000000000000e+00
2.218279123306274414e+00
0.000000000000000000e+00
6.952768564224243164e-01
3.247849047183990479e-01
1.546311378479003906e+00
2.555210351943969727e+00
3.536635339260101318e-01
3.693544119596481323e-02
7.671602964401245117e-01
0.000000000000000000e+00
0.000000000000000000e+00
