4.783842563629150391e-01
0.000000000000000000e+00
1.600518226623535156e-01
2.761486768722534180e+00
6.440176814794540405e-02
1.820115000009536743e-01
5.840348005294799805e-01
3.101285934448242188e+00
6.279649257659912109e+00
1.264556407928466797e+00
1.080534011125564575e-01
1.754910826683044434e+00
2.165850810706615448e-02
5.834499001502990723e-01
1.574299573898315430e+00
1.795587688684463501e-01
8.065022826194763184e-01
1.697414636611938477e+00
6.581301689147949219e-01
0.000000000000000000e+00
7.077823281288146973e-01
0.000000000000000000e+00
1.159067973494529724e-01
1.585634112358093262e+00
6.461966037750244141e-02
1.181978499516844749e-03
2.706069312989711761e-02
9.785779118537902832e-01
4.506703838706016541e-02
1.026960927993059158e-02
0.000000000000000000e+00
0.000000000000000000e+00
4.507757723331451416e-01
5.582008510828018188e-02
1.519555151462554932e-01
3.111220359802246094e+00
5.139821171760559082e-01
1.009368970990180969e-01
2.180457115173339844e-01
4.814862608909606934e-01
5.980840325355529785e-01
6.265989542007446289e-01
4.360988438129425049e-01
2.395573854446411133e+00
3.331246674060821533e-01
1.052919507026672363e+00
2.997481822967529297e-01
1.335063099861145020e+00
2.340643256902694702e-01
1.982473850250244141e+00
1.981332182884216309e+00
0.000000000000000000e+00
1.382912874221801758e+00
0.000000000000000000e+00
1.713356256484985352e+00
2.524829283356666565e-02
1.739144921302795410e-01
1.111886426806449890e-01
2.379318714141845703e+00
5.601512789726257324e-01
6.856714189052581787e-02
1.632093489170074463e-01
1.934903115034103394e-02
7.703115940093994141e-01
1.592506051063537598e+00
4.502268731594085693e-01
0.000000000000000000e+00
2.140023112297058105e-01
6.812912821769714355e-01
4.984355866909027100e-01
0.000000000000000000e+00
5.891384556889533997e-03
4.879403412342071533e-01
3.708570301532745361e-01
5.550540089607238770e-01
1.684150457382202148e+00
8.058416657149791718e-03
7.093275785446166992e-01
7.038625329732894897e-02
6.124008893966674805e-01
1.235751882195472717e-01
9.828931093215942383e-01
2.615905761718750000e+00
2.262190915644168854e-02
1.949481248855590820e+00
1.631007492542266846e-01
1.560898423194885254e+00
1.571552604436874390e-01
5.545948147773742676e-01
1.022983416914939880e-01
0.000000000000000000e+00
4.152474459260702133e-03
0.000000000000000000e+00
0.000000000000000000e+00
1.099992990493774414e+00
4.881322383880615234e-01
9.993284940719604492e-01
1.124366521835327148e+00
4.158041253685951233e-02
1.081537753343582153e-01
0.000000000000000000e+00
2.350298017263412476e-01
8.257918059825897217e-02
1.294320940971374512e+00
6.904146671295166016e-01
4.843569993972778320e-01
2.076733112335205078e+00
3.342177271842956543e-01
5.013172030448913574e-01
9.757172316312789917e-02
1.310956239700317383e+00
0.000000000000000000e+00
5.705582499504089355e-01
8.177725672721862793e-01
9.249664545059204102e-01
8.209778368473052979e-02
9.805183857679367065e-02
4.356109499931335449e-01
5.543813705444335938e-01
2.714010953903198242e+00
3.377709090709686279e-01
2.100593745708465576e-01
2.810700098052620888e-03
2.112040042877197266e+00
3.840739428997039795e-01
1.477662324905395508e+00
0.000000000000000000e+00
1.749877482652664185e-01
1.430042147636413574e+00
6.091510504484176636e-02
8.614508807659149170e-02
1.102360129356384277e+00
2.517601102590560913e-02
1.710195690393447876e-01
2.798023819923400879e-01
1.062153140082955360e-03
2.055848985910415649e-01
4.986238956451416016e+00
0.000000000000000000e+00
1.728835552930831909e-01
2.886647880077362061e-01
2.234213240444660187e-02
1.616980671882629395e+00
2.035821601748466492e-02
4.930105526000261307e-03
3.193502128124237061e-01
8.457297086715698242e-01
1.486301302909851074e+00
6.405887603759765625e-01
2.437611967325210571e-01
4.598732471466064453e+00
9.182676672935485840e-02
1.269268870353698730e+00
3.232052922248840332e-01
1.861075282096862793e+00
1.298347115516662598e+00
3.204327225685119629e-01
6.812796741724014282e-02
2.166128396987915039e+00
4.384265467524528503e-02
5.127386003732681274e-02
1.318243861198425293e+00
7.409980297088623047e-01
2.852308005094528198e-02
2.735531628131866455e-01
7.050224393606185913e-02
0.000000000000000000e+00
0.000000000000000000e+00
1.647524118423461914e+00
1.646983861923217773e+00
1.659810096025466919e-01
6.487335544079542160e-03
8.067362755537033081e-02
1.255339503288269043e+00
5.312344431877136230e-01
8.230965614318847656e+00
0.000000000000000000e+00
3.415629640221595764e-02
2.925587631762027740e-02
2.283945796079933643e-04
5.969813838601112366e-02
2.402402907609939575e-01
1.433264464139938354e-03
2.014349222183227539e+00
2.616219520568847656e-01
1.197993289679288864e-02
3.613912267610430717e-03
1.766294836997985840e+00
0.000000000000000000e+00
2.973482012748718262e-01
0.000000000000000000e+00
1.370944082736968994e-01
1.342604994773864746e+00
6.106415390968322754e-01
2.181025147438049316e-01
2.900089025497436523e-01
7.965050339698791504e-01
3.281836211681365967e-01
4.335217773914337158e-01
9.080860018730163574e-01
1.303583264350891113e+00
3.697587251663208008e-01
1.750356853008270264e-01
6.829096376895904541e-02
1.182515248656272888e-01
0.000000000000000000e+00
2.939029932022094727e-01
5.139379762113094330e-03
2.546208724379539490e-02
1.848628759384155273e+00
5.093879066407680511e-03
7.241385430097579956e-02
2.359696626663208008e-01
8.327393531799316406e-01
6.758341789245605469e-01
7.502657175064086914e-01
1.504957824945449829e-01
2.693770825862884521e-01
1.075619459152221680e+00
1.600317120552062988e+00
2.261552435811609030e-04
1.287802010774612427e-01
8.668754696846008301e-01
2.353697642683982849e-02
1.072557687759399414e+00
0.000000000000000000e+00
2.246136367321014404e-01
5.916773080825805664e-01
2.086114604026079178e-03
2.326732268556952477e-03
3.188086748123168945e-01
1.161374226212501526e-01
1.649231553077697754e+00
2.357934474945068359e+00
9.338492155075073242e-01
9.342795014381408691e-01
2.109345197677612305e+00
6.915683746337890625e-01
8.920879662036895752e-02
5.383486151695251465e-01
3.648507893085479736e-01
1.028093397617340088e-01
0.000000000000000000e+00
2.284429311752319336e+00
2.904953658580780029e-01
6.017873436212539673e-02
7.063264250755310059e-01
0.000000000000000000e+00
1.576331257820129395e+00
1.295892000198364258e+00
1.010424569249153137e-01
1.496866941452026367e-01
3.460416570305824280e-02
7.778564691543579102e-01
1.716944456100463867e+00
1.326914727687835693e-01
0.000000000000000000e+00
0.000000000000000000e+00
1.001622062176465988e-02
2.213951945304870605e-02
1.379477620124816895e+00
1.269367635250091553e-01
1.416356563568115234e-01
2.110120840370655060e-03
0.000000000000000000e+00
8.448111824691295624e-03
2.086665630340576172e+00
0.000000000000000000e+00
1.336869478225708008e+00
0.000000000000000000e+00
1.206336617469787598e+00
3.719179332256317139e-02
7.829002737998962402e-01
9.084547311067581177e-02
2.205955535173416138e-01
1.120235621929168701e-01
3.132932353764772415e-03
5.479552745819091797e-01
1.131431102752685547e+00
0.000000000000000000e+00
0.000000000000000000e+00
1.141594052314758301e+00
3.649566695094108582e-02
2.539934404194355011e-02
1.390022486448287964e-01
4.371752738952636719e-01
1.956530928611755371e+00
0.000000000000000000e+00
2.460632026195526123e-01
6.253880262374877930e-02
1.626529574394226074e+00
2.070448875427246094e+00
2.258388847112655640e-01
0.000000000000000000e+00
4.011607728898525238e-03
4.328523576259613037e-01
1.750467866659164429e-01
4.148643612861633301e-01
1.474559545516967773e+00
4.723176956176757812e+00
8.270090818405151367e-01
6.683414578437805176e-01
2.241040021181106567e-01
4.151743650436401367e-01
1.799050602130591869e-03
9.305019676685333252e-02
1.130393589846789837e-03
0.000000000000000000e+00
8.221324533224105835e-03
2.451327741146087646e-01
2.647014856338500977e-01
2.489860728383064270e-02
0.000000000000000000e+00
1.198845028877258301e+00
2.034207284450531006e-01
2.330509871244430542e-01
0.000000000000000000e+00
4.282898828387260437e-02
6.361202001571655273e-01
5.231835320591926575e-02
1.513931512832641602e+00
0.000000000000000000e+00
9.333945065736770630e-02
2.966356873512268066e-01
9.023660421371459961e-02
9.709043502807617188e-01
4.359427094459533691e-02
0.000000000000000000e+00
1.950891166925430298e-01
6.041878461837768555e-01
0.000000000000000000e+00
0.000000000000000000e+00
7.808596361428499222e-03
0.000000000000000000e+00
1.858818158507347107e-02
3.714288175106048584e-01
1.467084288597106934e+00
1.374696344137191772e-01
7.612786293029785156e-01
2.264315038919448853e-01
0.000000000000000000e+00
0.000000000000000000e+00
2.487767487764358521e-01
4.900776315480470657e-03
3.023621737957000732e-01
1.011828422546386719e+00
0.000000000000000000e+00
0.000000000000000000e+00
7.553466409444808960e-02
4.932898581027984619e-01
9.340708255767822266e-01
1.073836684226989746e+00
4.958158358931541443e-02
2.802732028067111969e-02
3.694978728890419006e-02
9.743851423263549805e-01
0.000000000000000000e+00
1.845581680536270142e-01
0.000000000000000000e+00
3.928265273571014404e-01
4.929364025592803955e-01
2.707670209929347038e-04
1.465129405260086060e-01
4.945643246173858643e-01
8.581739664077758789e-01
1.386979103088378906e+00
4.903782010078430176e-01
1.523487806320190430e+00
1.613086938858032227e+00
0.000000000000000000e+00
3.463300466537475586e-01
1.500781297683715820e+00
2.381875514984130859e-01
2.486402541399002075e-01
5.715402364730834961e-01
0.000000000000000000e+00
8.033408224582672119e-02
0.000000000000000000e+00
2.872658967971801758e-01
7.840792536735534668e-01
1.828617900609970093e-01
3.338433980941772461e+00
3.379590749740600586e+00
9.414683580398559570e-01
0.000000000000000000e+00
5.699410438537597656e-01
5.532657727599143982e-03
0.000000000000000000e+00
0.000000000000000000e+00
4.582431167364120483e-02
2.702329456806182861e-01
0.000000000000000000e+00
0.000000000000000000e+00
6.650330126285552979e-02
1.126720160245895386e-01
4.416321218013763428e-01
1.045621871948242188e+00
8.533544093370437622e-02
1.025860011577606201e-01
1.506250023841857910e+00
0.000000000000000000e+00
9.093593358993530273e-01
0.000000000000000000e+00
2.906495630741119385e-01
1.263135433197021484e+00
1.889195889234542847e-01
1.634007215499877930e+00
1.149455234408378601e-01
1.621148467063903809e+00
1.043176427483558655e-01
4.308184385299682617e-01
0.000000000000000000e+00
1.149662494659423828e+00
1.186599731445312500e+00
1.582668423652648926e-01
5.035771173425018787e-04
2.913070917129516602e+00
3.546923771500587463e-02
2.315849065780639648e-01
1.951097548007965088e-01
5.320223048329353333e-02
3.553161397576332092e-02
0.000000000000000000e+00
2.339632511138916016e+00
7.714991569519042969e-01
3.132272958755493164e-01
9.925844669342041016e-01
1.075990796089172363e+00
2.694035414606332779e-03
1.380873799324035645e+00
1.520673185586929321e-02
1.173040568828582764e-01
3.614389151334762573e-02
0.000000000000000000e+00
2.561927959322929382e-02
9.428498148918151855e-02
7.355777174234390259e-02
1.074960827827453613e-02
5.934988614171743393e-03
3.688927888870239258e-01
1.593654394149780273e+00
0.000000000000000000e+00
4.927676618099212646e-01
3.116593062877655029e-01
1.446176409721374512e+00
9.963033720850944519e-03
0.000000000000000000e+00
5.950012709945440292e-03
3.480409681797027588e-01
1.198917865753173828e+00
3.807502686977386475e-01
1.222547516226768494e-02
1.664098262786865234e+00
1.488847774453461170e-03
7.725644111633300781e-01
1.843945938162505627e-03
1.205336898565292358e-01
4.696203768253326416e-02
0.000000000000000000e+00
3.962729573249816895e-01
1.133409619331359863e+00
4.072410762310028076e-01
1.744434833526611328e+00
3.684943541884422302e-03
1.428723096847534180e+00
0.000000000000000000e+00
8.930739760398864746e-02
1.837971247732639313e-02
1.717535972595214844e+00
2.867655158042907715e-01
0.000000000000000000e+00
3.141139149665832520e-01
2.148812115192413330e-01
8.119525387883186340e-03
1.744300842285156250e+00
5.200946331024169922e-01
4.254560172557830811e-02
4.764215350151062012e-01
4.180240631103515625e-02
1.082296848297119141e+00
8.351530879735946655e-02
0.000000000000000000e+00
3.338733613491058350e-01
9.615092873573303223e-01
1.854250550270080566e+00
0.000000000000000000e+00
4.408893585205078125e-01
2.127683907747268677e-02
1.385800242424011230e+00
1.755603849887847900e-01
3.770310878753662109e-01
9.447840452194213867e-01
9.926400147378444672e-03
6.769883036613464355e-01
1.023170113563537598e+00
2.224368974566459656e-02
2.004844099283218384e-01
1.427971482276916504e+00
2.961185872554779053e-01
0.000000000000000000e+00
0.000000000000000000e+00
2.253207206726074219e+00
5.201806873083114624e-02
8.300693035125732422e-01
3.051297068595886230e-01
1.793375253677368164e+00
2.882099628448486328e+00
1.139482140541076660e+00
8.616553992033004761e-02
4.483019709587097168e-01
0.000000000000000000e+00
9.699817746877670288e-03
