1.818778514862060547e+00
0.000000000000000000e+00
2.732158005237579346e-01
1.993955731391906738e+00
2.111243605613708496e-01
4.372543990612030029e-01
4.710905849933624268e-01
3.547969102859497070e+00
5.073822975158691406e+00
1.153608441352844238e+00
1.184464320540428162e-01
1.841429710388183594e+00
3.059411942958831787e-01
4.724387228488922119e-01
2.581668138504028320e+00
2.153471484780311584e-02
2.104493081569671631e-01
2.109507560729980469e+00
7.304389476776123047e-01
0.000000000000000000e+00
8.040759563446044922e-01
8.593111298978328705e-03
4.961798712611198425e-02
3.104026317596435547e+00
1.170555800199508667e-01
0.000000000000000000e+00
9.311892092227935791e-02
1.896733641624450684e+00
8.928310126066207886e-02
0.000000000000000000e+00
0.000000000000000000e+00
0.000000000000000000e+00
1.039087176322937012e+00
4.616572987288236618e-03
1.281740237027406693e-02
3.236301660537719727e+00
3.003661930561065674e-01
1.886152178049087524e-01
2.780025303363800049e-01
6.811658293008804321e-02
1.825958490371704102e-01
3.726409375667572021e-01
4.826256036758422852e-01
2.087524890899658203e+00
1.607439070940017700e-01
5.613939166069030762e-01
3.530812636017799377e-02
1.584651827812194824e+00
3.901656568050384521e-01
1.261346817016601562e+00
1.311042189598083496e+00
0.000000000000000000e+00
1.693975567817687988e+00
0.000000000000000000e+00
1.788857102394104004e+00
2.690610289573669434e-01
2.639748752117156982e-01
8.632144331932067871e-02
2.009379386901855469e+00
7.353954315185546875e-01
2.915162444114685059e-01
1.254015713930130005e-01
2.347674369812011719e-01
8.894676566123962402e-01
1.376284718513488770e+00
1.422543048858642578e+00
0.000000000000000000e+00
1.051101237535476685e-01
6.419929116964340210e-02
7.117551565170288086e-01
0.000000000000000000e+00
7.519614696502685547e-02
5.336148142814636230e-01
0.000000000000000000e+00
6.352084279060363770e-01
2.308038473129272461e+00
2.022384433075785637e-03
6.518625617027282715e-01
6.782557070255279541e-02
5.797581672668457031e-01
2.589072287082672119e-01
4.936968982219696045e-01
2.106760263442993164e+00
1.168119236826896667e-01
2.813342571258544922e+00
0.000000000000000000e+00
1.378101706504821777e+00
2.193453721702098846e-02
6.039717197418212891e-01
1.387168765068054199e-01
9.112623333930969238e-02
3.944149613380432129e-02
0.000000000000000000e+00
0.000000000000000000e+00
2.164922058582305908e-01
8.437860012054443359e-01
8.757444620132446289e-01
6.369304656982421875e-01
0.000000000000000000e+00
0.000000000000000000e+00
0.000000000000000000e+00
1.684938073158264160e-01
2.019273787736892700e-01
1.342021107673645020e+00
1.295450568199157715e+00
6.059524789452552795e-02
1.474563717842102051e+00
2.774813771247863770e-01
4.665001630783081055e-01
9.833953529596328735e-02
1.305442571640014648e+00
0.000000000000000000e+00
1.606748223304748535e+00
1.499942302703857422e+00
7.711873650550842285e-01
2.728756750002503395e-03
1.545585226267576218e-03
0.000000000000000000e+00
1.931195855140686035e-01
3.060321092605590820e+00
7.813520431518554688e-01
2.739165425300598145e-01
1.411876380443572998e-01
1.798160552978515625e+00
6.131665706634521484e-01
1.642016291618347168e+00
0.000000000000000000e+00
3.040328621864318848e-01
1.875962018966674805e+00
2.210237532854080200e-01
0.000000000000000000e+00
4.194903373718261719e-01
4.562635440379381180e-03
5.262016132473945618e-02
3.691812232136726379e-02
0.000000000000000000e+00
7.265417575836181641e-01
4.618453502655029297e+00
0.000000000000000000e+00
5.332521796226501465e-01
2.903337478637695312e-01
3.434010148048400879e-01
1.702091097831726074e+00
1.284596882760524750e-02
1.209733113646507263e-01
1.721846818923950195e+00
5.099319219589233398e-01
1.030840158462524414e+00
8.435647487640380859e-01
3.855518996715545654e-01
4.744559288024902344e+00
1.282639354467391968e-01
2.122153341770172119e-01
3.302121758460998535e-01
1.864240288734436035e+00
2.863145172595977783e-01
3.580449819564819336e-01
7.020654529333114624e-02
1.902500391006469727e+00
0.000000000000000000e+00
4.789341613650321960e-02
1.118986606597900391e+00
1.106352448463439941e+00
2.608751654624938965e-01
3.953104615211486816e-01
6.452929973602294922e-02
0.000000000000000000e+00
0.000000000000000000e+00
1.383142590522766113e+00
2.479089260101318359e+00
1.058203056454658508e-01
0.000000000000000000e+00
0.000000000000000000e+00
7.096453905105590820e-01
1.816818118095397949e-01
8.243857383728027344e+00
0.000000000000000000e+00
0.000000000000000000e+00
1.866168715059757233e-02
3.031491674482822418e-02
1.401086058467626572e-02
4.016062710434198380e-03
0.000000000000000000e+00
1.508308887481689453e+00
6.195859313011169434e-01
0.000000000000000000e+00
0.000000000000000000e+00
1.280023097991943359e+00
0.000000000000000000e+00
0.000000000000000000e+00
0.000000000000000000e+00
1.243745256215333939e-02
1.561769127845764160e+00
6.547793745994567871e-01
0.000000000000000000e+00
3.728597462177276611e-01
1.114492297172546387e+00
4.528301954269409180e-01
3.200366199016571045e-01
9.502027034759521484e-01
1.618007898330688477e+00
1.069844007492065430e+00
3.106588125228881836e-01
2.828871309757232666e-01
9.558950550854206085e-04
3.706137463450431824e-02
1.789574883878231049e-02
8.613730221986770630e-02
1.764324307441711426e-02
2.645154714584350586e+00
1.371967513114213943e-02
3.015395998954772949e-02
1.716365069150924683e-01
2.510086297988891602e-01
4.981662034988403320e-01
1.144026279449462891e+00
3.176788389682769775e-01
7.766826748847961426e-01
8.615994453430175781e-01
1.225069403648376465e+00
8.037088066339492798e-02
2.114509791135787964e-01
7.684935331344604492e-01
1.468605175614356995e-02
4.995827078819274902e-01
0.000000000000000000e+00
1.259357482194900513e-01
7.963526062667369843e-03
0.000000000000000000e+00
1.682326430454850197e-03
4.202990233898162842e-01
1.982115022838115692e-02
7.991270422935485840e-01
2.647204875946044922e+00
6.581554412841796875e-01
1.091113209724426270e+00
1.669198632240295410e+00
1.040963888168334961e+00
0.000000000000000000e+00
5.561305880546569824e-01
0.000000000000000000e+00
1.697239130735397339e-01
3.474336266517639160e-01
1.965529322624206543e+00
2.829636931419372559e-01
1.147328689694404602e-01
3.334534764289855957e-01
1.215314399451017380e-02
2.631383419036865234e+00
1.111430525779724121e+00
9.352280944585800171e-02
7.711111009120941162e-02
2.983876131474971771e-02
1.760957092046737671e-01
3.820631802082061768e-01
1.069049164652824402e-02
5.807547830045223236e-03
0.000000000000000000e+00
7.958341389894485474e-03
4.294878616929054260e-02
6.806923151016235352e-01
4.721494317054748535e-01
0.000000000000000000e+00
0.000000000000000000e+00
0.000000000000000000e+00
0.000000000000000000e+00
2.047769308090209961e+00
1.473824959248304367e-02
7.745237350463867188e-01
5.208221822977066040e-02
6.683570742607116699e-01
3.501008078455924988e-02
8.687108755111694336e-01
6.521882861852645874e-02
6.276232004165649414e-01
4.770420026034116745e-03
0.000000000000000000e+00
3.850025823339819908e-04
1.184472799301147461e+00
1.812866888940334320e-03
0.000000000000000000e+00
4.602996706962585449e-01
3.627464771270751953e-01
1.031871959567070007e-01
4.350902512669563293e-02
1.020814627408981323e-01
1.478413820266723633e+00
0.000000000000000000e+00
6.018417477607727051e-01
0.000000000000000000e+00
1.042172670364379883e+00
1.723434448242187500e+00
8.857910633087158203e-01
0.000000000000000000e+00
0.000000000000000000e+00
7.089626044034957886e-02
2.682090699672698975e-01
7.798963040113449097e-02
1.598008394241333008e+00
5.220483303070068359e+00
1.189446806907653809e+00
7.382251024246215820e-01
2.785066887736320496e-02
2.056669145822525024e-01
9.337157011032104492e-03
0.000000000000000000e+00
0.000000000000000000e+00
0.000000000000000000e+00
1.751856761984527111e-03
4.147835541516542435e-03
4.196444898843765259e-02
1.574258208274841309e-01
0.000000000000000000e+00
6.635653376579284668e-01
1.627277582883834839e-02
6.636330485343933105e-02
0.000000000000000000e+00
4.863932728767395020e-02
4.016646444797515869e-01
7.548131048679351807e-02
1.071311116218566895e+00
0.000000000000000000e+00
1.834942400455474854e-02
7.265360355377197266e-01
3.689486086368560791e-01
7.632360458374023438e-01
2.606880068778991699e-01
0.000000000000000000e+00
1.011906385421752930e+00
5.693874359130859375e-01
6.068151909857988358e-03
5.479733645915985107e-02
2.839780645444989204e-04
3.315076977014541626e-02
0.000000000000000000e+00
1.844204515218734741e-01
1.801057100296020508e+00
4.111838713288307190e-02
9.289433956146240234e-01
4.642516076564788818e-01
0.000000000000000000e+00
0.000000000000000000e+00
5.947251990437507629e-02
1.697551272809505463e-02
1.103633880615234375e+00
8.794253468513488770e-01
6.052727624773979187e-02
0.000000000000000000e+00
0.000000000000000000e+00
2.159856408834457397e-01
9.407845735549926758e-01
1.499039888381958008e+00
1.340511590242385864e-01
1.662087813019752502e-02
2.038819193840026855e-01
7.224383950233459473e-01
0.000000000000000000e+00
2.942884862422943115e-01
0.000000000000000000e+00
6.996762007474899292e-02
8.140122890472412109e-01
6.538914144039154053e-02
2.057393826544284821e-02
2.330991327762603760e-01
4.203673303127288818e-01
9.821451902389526367e-01
5.018308162689208984e-01
1.094952106475830078e+00
2.459626674652099609e+00
1.098340004682540894e-02
2.123345285654067993e-01
6.953779458999633789e-01
3.192320093512535095e-02
5.864834189414978027e-01
9.947402030229568481e-02
0.000000000000000000e+00
8.581945300102233887e-02
4.131204262375831604e-02
5.378553271293640137e-01
7.439918518066406250e-01
0.000000000000000000e+00
3.068656921386718750e+00
3.035740375518798828e+00
4.697157442569732666e-01
2.602284774184226990e-02
7.433601021766662598e-01
0.000000000000000000e+00
0.000000000000000000e+00
0.000000000000000000e+00
7.278106361627578735e-02
2.455112636089324951e-01
7.696881890296936035e-02
0.000000000000000000e+00
3.529135603457689285e-03
1.412556469440460205e-01
2.756004929542541504e-01
1.187975525856018066e+00
6.446415930986404419e-02
0.000000000000000000e+00
1.301948785781860352e+00
1.230737715959548950e-01
7.037390470504760742e-01
3.923848737031221390e-03
2.667598426342010498e-01
1.443152904510498047e+00
2.947542667388916016e-01
5.687335133552551270e-01
4.855597317218780518e-01
1.234592676162719727e+00
1.090277731418609619e-01
1.184412837028503418e-01
6.673992425203323364e-02
2.110884040594100952e-01
5.868906378746032715e-01
5.989818572998046875e-01
4.343479871749877930e-03
1.636999011039733887e+00
0.000000000000000000e+00
9.959148615598678589e-02
2.385105192661285400e-02
1.944539099931716919e-01
4.125972092151641846e-01
0.000000000000000000e+00
3.385224580764770508e+00
8.882663249969482422e-01
1.132340505719184875e-01
5.009913444519042969e-01
2.133229494094848633e+00
0.000000000000000000e+00
8.270742297172546387e-01
0.000000000000000000e+00
3.724450767040252686e-01
0.000000000000000000e+00
0.000000000000000000e+00
0.000000000000000000e+00
2.291941344738006592e-01
2.032519578933715820e-01
1.568468809127807617e-01
1.053376006893813610e-03
4.949226509779691696e-03
2.142400026321411133e+00
0.000000000000000000e+00
1.718414365313947201e-03
1.268500238656997681e-01
1.432306051254272461e+00
1.192097067832946777e-01
0.000000000000000000e+00
2.483115792274475098e-01
1.917516738176345825e-01
1.574960470199584961e+00
2.827466130256652832e-01
3.301219549030065536e-03
1.498609662055969238e+00
8.541748975403606892e-04
3.577343523502349854e-01
0.000000000000000000e+00
6.096545234322547913e-02
7.539152354001998901e-02
6.718623638153076172e-02
9.975266456604003906e-01
1.205646395683288574e+00
7.304688692092895508e-01
1.463991761207580566e+00
7.684165239334106445e-02
1.357467412948608398e+00
2.438770420849323273e-02
5.217508878558874130e-03
8.501178622245788574e-01
4.462242126464843750e-01
8.491139411926269531e-01
4.105775058269500732e-02
3.382178246974945068e-01
7.772038131952285767e-02
1.305491756647825241e-02
1.320757150650024414e+00
2.601492032408714294e-02
9.755111299455165863e-03
2.904535531997680664e-01
6.775739137083292007e-03
2.623828053474426270e-01
3.698191940784454346e-01
7.821396575309336185e-04
2.177327722311019897e-01
7.798482179641723633e-01
1.395480036735534668e+00
2.425999939441680908e-02
4.350015223026275635e-01
0.000000000000000000e+00
1.000908374786376953e+00
1.367789208889007568e-01
1.630796045064926147e-01
6.907594203948974609e-01
0.000000000000000000e+00
1.103182792663574219e+00
5.213906168937683105e-01
5.258005484938621521e-02
9.199571609497070312e-02
4.703135192394256592e-01
1.399592608213424683e-01
8.183569461107254028e-02
1.275677978992462158e-01
2.380892753601074219e+00
0.000000000000000000e+00
1.342712521553039551e+00
1.148060038685798645e-01
1.109415173530578613e+00
3.253245115280151367e+00
1.009909152984619141e+00
9.808960556983947754e-02
8.595075011253356934e-01
0.000000000000000000e+00
0.000000000000000000e+00
