6.671344041824340820e-01
0.000000000000000000e+00
1.435039490461349487e-01
2.501564979553222656e+00
3.147674500942230225e-01
2.047722786664962769e-01
5.818488597869873047e-01
3.328070640563964844e+00
5.888538360595703125e+00
9.518643617630004883e-01
9.753403067588806152e-02
1.448927521705627441e+00
2.236725836992263794e-01
3.269157409667968750e-01
2.290716648101806641e+00
1.597507745027542114e-01
6.938843131065368652e-01
2.052093982696533203e+00
8.464573025703430176e-01
3.912237286567687988e-02
1.097764611244201660e+00
1.290774717926979065e-02
7.144743949174880981e-02
1.785103917121887207e+00
9.251888096332550049e-02
7.656504213809967041e-02
0.000000000000000000e+00
1.067142963409423828e+00
1.554212868213653564e-01
0.000000000000000000e+00
7.823701947927474976e-02
0.000000000000000000e+00
3.683797419071197510e-01
1.850768225267529488e-03
0.000000000000000000e+00
3.057962894439697266e+00
6.125372052192687988e-01
3.282964974641799927e-02
9.666050076484680176e-01
5.676648616790771484e-01
1.563460826873779297e-01
5.663020610809326172e-01
4.592279493808746338e-01
2.036825656890869141e+00
5.207394957542419434e-01
9.278061389923095703e-01
5.667703747749328613e-01
7.684249877929687500e-01
1.839522123336791992e-01
1.736816406250000000e+00
1.767497897148132324e+00
0.000000000000000000e+00
9.547491073608398438e-01
8.440912934020161629e-04
2.582582712173461914e+00
9.732501208782196045e-02
5.119720101356506348e-01
2.943246662616729736e-01
1.696474432945251465e+00
6.752942800521850586e-01
3.560599386692047119e-01
1.924228221178054810e-01
3.965153396129608154e-01
1.169704198837280273e+00
1.065329551696777344e+00
5.514366030693054199e-01
0.000000000000000000e+00
3.850156664848327637e-01
4.404997527599334717e-01
1.098440527915954590e+00
0.000000000000000000e+00
2.223849482834339142e-02
4.482153058052062988e-01
1.194083094596862793e-01
2.949756979942321777e-01
1.161709070205688477e+00
4.082351922988891602e-03
7.082574367523193359e-01
2.434317395091056824e-02
6.591270565986633301e-01
1.066925525665283203e-01
1.086006045341491699e+00
2.138583898544311523e+00
5.629738792777061462e-02
2.029605865478515625e+00
7.824907451868057251e-02
1.348627924919128418e+00
1.622383892536163330e-01
7.822998166084289551e-01
8.865074487403035164e-04
2.823709324002265930e-02
7.461261004209518433e-02
0.000000000000000000e+00
0.000000000000000000e+00
1.412765741348266602e+00
2.541117370128631592e-01
1.521777987480163574e+00
7.191892266273498535e-01
0.000000000000000000e+00
6.165355443954467773e-02
0.000000000000000000e+00
8.674634993076324463e-02
8.372867107391357422e-02
8.580048084259033203e-01
9.480258822441101074e-01
6.028423309326171875e-01
1.738452911376953125e+00
1.320420503616333008e-01
5.716689825057983398e-01
3.358015790581703186e-02
1.518894672393798828e+00
0.000000000000000000e+00
1.012085556983947754e+00
9.680023193359375000e-01
7.468870878219604492e-01
4.941969644278287888e-03
6.364078074693679810e-02
5.906494800001382828e-03
2.520991265773773193e-01
3.068920135498046875e+00
4.724920988082885742e-01
9.581705927848815918e-02
1.759003102779388428e-02
1.706957221031188965e+00
2.333449274301528931e-01
1.790137410163879395e+00
0.000000000000000000e+00
9.786819107830524445e-03
2.019295692443847656e+00
1.748746782541275024e-01
1.410023719072341919e-01
8.985300660133361816e-01
4.584837332367897034e-02
3.149843215942382812e-02
3.208245337009429932e-02
0.000000000000000000e+00
2.730934619903564453e-01
4.621728897094726562e+00
0.000000000000000000e+00
8.843377977609634399e-02
3.897364735603332520e-01
4.680752158164978027e-01
1.152679920196533203e+00
3.990286961197853088e-02
3.335658907890319824e-01
5.249105691909790039e-01
1.108155965805053711e+00
1.654711604118347168e+00
5.582216978073120117e-01
3.606556653976440430e-01
4.187166213989257812e+00
1.443749964237213135e-01
1.055371284484863281e+00
3.193274140357971191e-01
2.084537267684936523e+00
1.370851874351501465e+00
1.525805443525314331e-01
1.172296851873397827e-01
2.715800046920776367e+00
1.220972184091806412e-02
2.005458250641822815e-02
1.455901741981506348e+00
1.402349948883056641e+00
6.239104643464088440e-02
4.177655875682830811e-01
1.295445412397384644e-01
0.000000000000000000e+00
0.000000000000000000e+00
1.382930636405944824e+00
1.924006104469299316e+00
2.554759681224822998e-01
1.091217529028654099e-02
0.000000000000000000e+00
1.049893379211425781e+00
3.173441290855407715e-01
8.292628288269042969e+00
0.000000000000000000e+00
1.322546042501926422e-02
0.000000000000000000e+00
9.480973705649375916e-03
1.611284464597702026e-01
2.308869361877441406e-02
8.772986941039562225e-03
1.278535604476928711e+00
3.881250321865081787e-01
0.000000000000000000e+00
2.116079628467559814e-02
1.507347583770751953e+00
0.000000000000000000e+00
2.269745171070098877e-01
0.000000000000000000e+00
1.911112070083618164e-01
1.523503541946411133e+00
5.886927843093872070e-01
5.634700879454612732e-02
3.104087114334106445e-01
9.250673651695251465e-01
1.804273873567581177e-01
4.407248795032501221e-01
1.304762959480285645e+00
1.730879426002502441e+00
6.647260785102844238e-01
3.793577253818511963e-01
2.398595958948135376e-01
1.941462233662605286e-02
6.243741605430841446e-03
5.103596672415733337e-02
2.446295729896519333e-05
4.312495887279510498e-02
2.125244617462158203e+00
0.000000000000000000e+00
1.617666482925415039e-01
1.043636947870254517e-01
5.654752850532531738e-01
1.090542316436767578e+00
6.960790157318115234e-01
3.198830783367156982e-01
5.898630619049072266e-01
1.405746936798095703e+00
1.988768219947814941e+00
6.988454144448041916e-03
1.408231556415557861e-01
7.245653867721557617e-01
6.603795289993286133e-02
5.849922299385070801e-01
0.000000000000000000e+00
2.240446656942367554e-01
3.267810940742492676e-01
0.000000000000000000e+00
0.000000000000000000e+00
5.830553770065307617e-01
9.447716176509857178e-02
1.623621225357055664e+00
2.233856201171875000e+00
8.803508281707763672e-01
8.073543310165405273e-01
2.063629150390625000e+00
9.061009883880615234e-01
7.041851431131362915e-02
7.492330074310302734e-01
4.654192626476287842e-01
3.150960803031921387e-01
0.000000000000000000e+00
2.140310525894165039e+00
2.664635181427001953e-01
2.003383636474609375e-01
6.115834116935729980e-01
2.582430839538574219e-02
1.135735750198364258e+00
1.484137892723083496e+00
5.738608911633491516e-02
5.247761681675910950e-02
1.187829151749610901e-01
2.836142852902412415e-02
9.030063748359680176e-01
8.636542409658432007e-02
9.868437191471457481e-04
0.000000000000000000e+00
0.000000000000000000e+00
1.189150731079280376e-03
4.261930584907531738e-01
1.147442460060119629e-01
5.037178993225097656e-01
0.000000000000000000e+00
0.000000000000000000e+00
1.210027337074279785e-01
2.766256570816040039e+00
6.856115214759483933e-05
1.756773352622985840e+00
7.510443776845932007e-02
7.638387680053710938e-01
1.964670978486537933e-02
8.246405124664306641e-01
2.565904892981052399e-02
1.846292018890380859e-01
3.910724818706512451e-01
5.847075954079627991e-02
6.173066049814224243e-02
1.606887340545654297e+00
0.000000000000000000e+00
0.000000000000000000e+00
9.266276359558105469e-01
1.459345668554306030e-01
0.000000000000000000e+00
1.209718436002731323e-01
2.310444116592407227e-01
1.372966647148132324e+00
0.000000000000000000e+00
4.484843015670776367e-01
6.292360834777355194e-03
1.173700809478759766e+00
2.200022459030151367e+00
4.161000549793243408e-01
0.000000000000000000e+00
1.255964022129774094e-02
3.652563095092773438e-01
2.236787378787994385e-01
7.170210778713226318e-02
2.029113769531250000e+00
4.560504913330078125e+00
1.391439914703369141e+00
4.005888700485229492e-01
1.359958294779062271e-02
5.780994296073913574e-01
2.836880832910537720e-02
1.078441552817821503e-02
2.585146576166152954e-02
0.000000000000000000e+00
7.718199398368597031e-03
5.856810137629508972e-03
5.257878080010414124e-02
1.242822967469692230e-02
0.000000000000000000e+00
1.142252087593078613e+00
2.649268805980682373e-01
9.647729247808456421e-02
0.000000000000000000e+00
6.762152910232543945e-02
7.568194270133972168e-01
4.064228013157844543e-02
1.553520441055297852e+00
0.000000000000000000e+00
0.000000000000000000e+00
5.270193219184875488e-01
2.554115951061248779e-01
9.374309778213500977e-01
1.350569911301136017e-02
0.000000000000000000e+00
5.320531725883483887e-01
6.405715942382812500e-01
8.175373077392578125e-04
4.608614370226860046e-02
0.000000000000000000e+00
0.000000000000000000e+00
0.000000000000000000e+00
3.810701966285705566e-01
1.751556634902954102e+00
1.474873423576354980e-01
4.884685575962066650e-01
4.042107760906219482e-01
0.000000000000000000e+00
0.000000000000000000e+00
2.436221092939376831e-01
7.273004204034805298e-02
7.429912090301513672e-01
1.245455026626586914e+00
1.055384427309036255e-01
2.632542978972196579e-03
1.091433167457580566e-01
3.558929860591888428e-01
9.782487154006958008e-01
1.428271532058715820e+00
0.000000000000000000e+00
0.000000000000000000e+00
2.137401849031448364e-01
1.286762237548828125e+00
0.000000000000000000e+00
5.427380800247192383e-01
0.000000000000000000e+00
2.037751227617263794e-01
2.400349229574203491e-01
1.044371537864208221e-02
4.494056850671768188e-02
3.652786612510681152e-01
1.137676596641540527e+00
1.203345894813537598e+00
6.277070045471191406e-01
6.182999610900878906e-01
2.064567565917968750e+00
0.000000000000000000e+00
2.642219364643096924e-01
1.232786536216735840e+00
4.493176937103271484e-01
8.869127184152603149e-02
6.055201292037963867e-01
8.093094453215599060e-03
1.969485543668270111e-02
5.073138978332281113e-03
6.218460202217102051e-01
4.198469817638397217e-01
0.000000000000000000e+00
2.532094717025756836e+00
3.393596649169921875e+00
1.253255009651184082e+00
0.000000000000000000e+00
5.975440740585327148e-01
5.925533827394247055e-03
0.000000000000000000e+00
0.000000000000000000e+00
8.408867567777633667e-02
4.643845856189727783e-01
0.000000000000000000e+00
0.000000000000000000e+00
3.470740318298339844e-01
3.892488777637481689e-02
2.569054067134857178e-01
1.070019006729125977e+00
2.990100383758544922e-01
9.169564396142959595e-02
1.888594865798950195e+00
3.263955563306808472e-02
1.211122870445251465e+00
0.000000000000000000e+00
1.223489493131637573e-01
1.540832042694091797e+00
1.395174413919448853e-01
1.002778530120849609e+00
1.815321296453475952e-01
1.591820836067199707e+00
1.496364176273345947e-01
4.388954043388366699e-01
0.000000000000000000e+00
8.016018867492675781e-01
6.792949438095092773e-01
3.856780827045440674e-01
5.115791689604520798e-03
2.816638231277465820e+00
0.000000000000000000e+00
3.872134387493133545e-01
3.502331301569938660e-02
5.846985615789890289e-03
8.493310213088989258e-02
0.000000000000000000e+00
3.005076169967651367e+00
1.055033445358276367e+00
3.378576934337615967e-01
3.766394853591918945e-01
1.049342751502990723e+00
0.000000000000000000e+00
1.204294800758361816e+00
0.000000000000000000e+00
5.210654437541961670e-02
0.000000000000000000e+00
0.000000000000000000e+00
2.956729196012020111e-02
2.202713787555694580e-01
6.985232979059219360e-02
0.000000000000000000e+00
8.006340265274047852e-02
7.439024448394775391e-01
1.982771277427673340e+00
1.415097434073686600e-02
2.789265215396881104e-01
2.141063809394836426e-01
1.461433649063110352e+00
1.957372575998306274e-01
0.000000000000000000e+00
1.665827631950378418e-02
4.758889377117156982e-01
1.466638684272766113e+00
6.354433298110961914e-01
0.000000000000000000e+00
1.997752189636230469e+00
0.000000000000000000e+00
7.772341966629028320e-01
0.000000000000000000e+00
2.614478170871734619e-01
3.095358237624168396e-02
3.306560963392257690e-02
1.352066159248352051e+00
7.794754505157470703e-01
2.644620537757873535e-01
1.990567684173583984e+00
5.863883066922426224e-03
1.357079744338989258e+00
1.013532355427742004e-01
0.000000000000000000e+00
1.915032118558883667e-01
7.844203710556030273e-01
2.392455637454986572e-01
0.000000000000000000e+00
3.316863179206848145e-01
1.164259389042854309e-01
3.257831558585166931e-02
1.415865778923034668e+00
7.769267559051513672e-01
1.049267202615737915e-01
3.605492115020751953e-01
3.474021703004837036e-02
1.096037983894348145e+00
2.106552757322788239e-02
0.000000000000000000e+00
2.304098010063171387e-02
1.531883716583251953e+00
1.895808458328247070e+00
0.000000000000000000e+00
3.543884456157684326e-01
0.000000000000000000e+00
6.697067022323608398e-01
7.211901545524597168e-01
2.800398468971252441e-01
1.221285581588745117e+00
0.000000000000000000e+00
8.664861917495727539e-01
1.061921834945678711e+00
8.736351132392883301e-02
3.775092065334320068e-01
9.403209686279296875e-01
1.535614021122455597e-02
9.559146128594875336e-03
2.146611921489238739e-02
2.701260805130004883e+00
0.000000000000000000e+00
3.608453571796417236e-01
1.005371063947677612e-01
1.322702527046203613e+00
3.085793018341064453e+00
8.517602086067199707e-01
1.275168359279632568e-01
1.085324645042419434e+00
0.000000000000000000e+00
0.000000000000000000e+00
