1.183499097824096680e+00
0.000000000000000000e+00
3.019080460071563721e-01
2.324789524078369141e+00
6.134526431560516357e-02
1.074061691761016846e-01
6.127688288688659668e-01
3.189354896545410156e+00
5.809935569763183594e+00
7.163280248641967773e-01
1.024002432823181152e-01
1.422227501869201660e+00
2.953361570835113525e-01
2.995285391807556152e-01
2.248420476913452148e+00
7.565169036388397217e-02
6.538187861442565918e-01
2.314000606536865234e+00
1.226651906967163086e+00
8.687187219038605690e-04
7.891663312911987305e-01
0.000000000000000000e+00
2.515792101621627808e-02
2.457794666290283203e+00
2.558999359607696533e-01
0.000000000000000000e+00
1.328489836305379868e-02
1.388938307762145996e+00
9.850648231804370880e-03
6.035636644810438156e-03
4.741193726658821106e-03
0.000000000000000000e+00
6.772539615631103516e-01
0.000000000000000000e+00
4.706351831555366516e-02
3.111030340194702148e+00
2.843498587608337402e-01
2.316869795322418213e-01
9.620161056518554688e-01
1.733493059873580933e-01
2.882155478000640869e-01
5.159889459609985352e-01
2.704648375511169434e-01
2.024539470672607422e+00
5.873590707778930664e-01
8.977117538452148438e-01
1.406480669975280762e-01
8.975014686584472656e-01
3.215313553810119629e-01
9.776349067687988281e-01
1.360676050186157227e+00
0.000000000000000000e+00
1.093544006347656250e+00
0.000000000000000000e+00
2.272048950195312500e+00
1.101532485336065292e-03
2.741319239139556885e-01
3.427071869373321533e-02
2.004522085189819336e+00
1.043962121009826660e+00
1.203463003039360046e-01
1.022057905793190002e-01
7.616689801216125488e-02
7.486671805381774902e-01
1.149060487747192383e+00
8.042259812355041504e-01
0.000000000000000000e+00
6.867271661758422852e-02
2.368451654911041260e-01
5.768275856971740723e-01
0.000000000000000000e+00
2.272471487522125244e-01
9.279479831457138062e-02
8.418259769678115845e-02
2.928384840488433838e-01
1.662943005561828613e+00
7.381769362837076187e-03
2.917294204235076904e-01
1.353039126843214035e-02
1.188647866249084473e+00
2.120135277509689331e-01
2.885687053203582764e-01
2.120586156845092773e+00
2.262276411056518555e-02
2.419214010238647461e+00
0.000000000000000000e+00
1.065307736396789551e+00
6.779721379280090332e-02
5.289211273193359375e-01
2.037991210818290710e-02
0.000000000000000000e+00
6.170255690813064575e-02
0.000000000000000000e+00
0.000000000000000000e+00
5.132377147674560547e-01
5.823193192481994629e-01
1.293831467628479004e+00
5.363857746124267578e-01
0.000000000000000000e+00
6.270118802785873413e-02
6.759380339644849300e-04
2.747038304805755615e-01
3.837036788463592529e-01
7.618124485015869141e-01
1.016607165336608887e+00
3.017866909503936768e-01
1.392895102500915527e+00
1.259836405515670776e-01
2.134991884231567383e-01
6.176297739148139954e-02
1.361571431159973145e+00
0.000000000000000000e+00
1.406831860542297363e+00
7.840015292167663574e-01
5.919883847236633301e-01
2.265114635229110718e-01
0.000000000000000000e+00
0.000000000000000000e+00
1.119610890746116638e-01
2.283427953720092773e+00
4.478986859321594238e-01
1.294974237680435181e-01
0.000000000000000000e+00
1.340509176254272461e+00
1.388092786073684692e-01
2.041935682296752930e+00
0.000000000000000000e+00
2.378969948040321469e-04
1.733351349830627441e+00
3.332919180393218994e-01
8.226306736469268799e-02
7.936597466468811035e-01
8.474276214838027954e-02
2.155094444751739502e-01
2.965638786554336548e-02
0.000000000000000000e+00
1.756664514541625977e-01
4.128115653991699219e+00
0.000000000000000000e+00
2.772881686687469482e-01
9.976782202720642090e-01
1.494044214487075806e-01
1.817561507225036621e+00
3.132763877511024475e-02
1.142413541674613953e-01
1.226291418075561523e+00
6.210038661956787109e-01
1.049435615539550781e+00
1.200089931488037109e+00
2.855370342731475830e-01
5.115624904632568359e+00
1.686203181743621826e-01
4.386111497879028320e-01
4.174318909645080566e-01
1.872211813926696777e+00
6.504687666893005371e-01
5.457298085093498230e-02
0.000000000000000000e+00
2.623637199401855469e+00
1.447804505005478859e-03
2.361811697483062744e-01
1.251042366027832031e+00
1.420243501663208008e+00
3.319059014320373535e-01
9.090792387723922729e-02
1.664921343326568604e-01
0.000000000000000000e+00
0.000000000000000000e+00
1.369786024093627930e+00
2.139258861541748047e+00
3.340273499488830566e-01
2.494359388947486877e-03
0.000000000000000000e+00
1.057133078575134277e+00
3.203980028629302979e-01
7.973278045654296875e+00
0.000000000000000000e+00
0.000000000000000000e+00
8.594774641096591949e-03
6.610841024667024612e-03
5.428108200430870056e-02
1.178727112710475922e-02
0.000000000000000000e+00
1.210221409797668457e+00
6.025235652923583984e-01
0.000000000000000000e+00
1.757987076416611671e-03
1.330319404602050781e+00
0.000000000000000000e+00
0.000000000000000000e+00
0.000000000000000000e+00
4.711514338850975037e-04
1.049865603446960449e+00
4.413928091526031494e-01
4.514406248927116394e-02
2.107407301664352417e-01
1.270329713821411133e+00
5.484113097190856934e-01
4.219925999641418457e-01
1.447117328643798828e+00
1.513077378273010254e+00
6.877875924110412598e-01
3.436311185359954834e-01
1.134172603487968445e-01
3.099645022302865982e-03
2.004222199320793152e-02
1.261539310216903687e-01
2.584688737988471985e-02
2.707065828144550323e-02
2.711047172546386719e+00
6.371733034029603004e-04
4.441539943218231201e-02
8.093924075365066528e-02
4.675119519233703613e-01
9.545149803161621094e-01
8.280720710754394531e-01
5.647999420762062073e-02
4.190562665462493896e-01
1.449893236160278320e+00
1.153985142707824707e+00
2.909523621201515198e-02
3.400114476680755615e-01
5.621655583381652832e-01
4.937995970249176025e-02
3.477847278118133545e-01
0.000000000000000000e+00
8.357927948236465454e-02
7.642806321382522583e-02
0.000000000000000000e+00
0.000000000000000000e+00
3.780942261219024658e-01
1.797605156898498535e-01
1.110742092132568359e+00
2.338030815124511719e+00
3.932937979698181152e-01
9.284520149230957031e-01
1.973594188690185547e+00
1.008215069770812988e+00
5.928900837898254395e-02
3.652250766754150391e-01
9.565966576337814331e-02
2.012488991022109985e-01
3.107542172074317932e-03
1.944712400436401367e+00
1.984826028347015381e-01
4.785863161087036133e-01
4.441068172454833984e-01
0.000000000000000000e+00
2.309942722320556641e+00
1.262230157852172852e+00
7.119584828615188599e-03
1.424052864313125610e-01
3.796081058681011200e-03
3.874787688255310059e-02
3.953547477722167969e-01
2.228915840387344360e-01
3.442152217030525208e-02
2.161478623747825623e-04
0.000000000000000000e+00
2.761865407228469849e-02
7.725132107734680176e-01
6.128536071628332138e-03
5.159254372119903564e-02
0.000000000000000000e+00
0.000000000000000000e+00
2.827109955251216888e-02
2.900610685348510742e+00
0.000000000000000000e+00
1.129779458045959473e+00
3.558237105607986450e-02
7.786372900009155273e-01
5.453154444694519043e-02
9.415575861930847168e-01
7.488160394132137299e-03
4.025000929832458496e-01
3.290660679340362549e-01
9.515313431620597839e-03
0.000000000000000000e+00
1.075056552886962891e+00
0.000000000000000000e+00
0.000000000000000000e+00
6.701096892356872559e-01
4.133414030075073242e-01
5.587991699576377869e-02
1.560382395982742310e-01
2.247584611177444458e-01
1.380478978157043457e+00
0.000000000000000000e+00
2.507729530334472656e-01
0.000000000000000000e+00
1.097970128059387207e+00
1.902552962303161621e+00
5.855582952499389648e-01
0.000000000000000000e+00
0.000000000000000000e+00
7.197186350822448730e-02
2.992430925369262695e-01
1.475298702716827393e-01
1.374102950096130371e+00
4.686294078826904297e+00
1.682778954505920410e+00
6.479557156562805176e-01
0.000000000000000000e+00
2.053846269845962524e-01
3.422793000936508179e-02
5.250595510005950928e-03
2.309332601726055145e-02
0.000000000000000000e+00
1.706439885310828686e-03
3.598251380026340485e-03
4.946987703442573547e-02
1.134611852467060089e-02
0.000000000000000000e+00
1.011900544166564941e+00
9.250940382480621338e-02
4.391992092132568359e-02
1.773111708462238312e-02
7.189249992370605469e-02
3.133604228496551514e-01
2.451614011079072952e-03
1.209492921829223633e+00
0.000000000000000000e+00
0.000000000000000000e+00
5.001955628395080566e-01
2.926851809024810791e-01
8.199825286865234375e-01
9.726156294345855713e-02
0.000000000000000000e+00
9.696103334426879883e-01
5.127417445182800293e-01
0.000000000000000000e+00
1.071779336780309677e-02
0.000000000000000000e+00
0.000000000000000000e+00
0.000000000000000000e+00
2.831377387046813965e-01
1.624572515487670898e+00
1.092960778623819351e-02
5.068546533584594727e-01
7.748542428016662598e-01
0.000000000000000000e+00
0.000000000000000000e+00
3.224719688296318054e-02
2.518817037343978882e-02
7.822723388671875000e-01
1.054095029830932617e+00
5.279165226966142654e-03
4.112385679036378860e-03
0.000000000000000000e+00
2.029070556163787842e-01
1.064233779907226562e+00
1.536499738693237305e+00
0.000000000000000000e+00
5.472402554005384445e-04
5.011282861232757568e-02
1.222280979156494141e+00
0.000000000000000000e+00
3.486813306808471680e-01
0.000000000000000000e+00
1.352186948060989380e-01
5.671234130859375000e-01
6.366965174674987793e-02
0.000000000000000000e+00
4.005752801895141602e-01
8.761948943138122559e-01
1.283415675163269043e+00
9.097086787223815918e-01
9.871404170989990234e-01
2.422363281250000000e+00
0.000000000000000000e+00
3.280637264251708984e-01
8.501855134963989258e-01
6.552239507436752319e-02
6.134421825408935547e-01
3.255969882011413574e-01
0.000000000000000000e+00
6.624995172023773193e-02
0.000000000000000000e+00
2.095835842192173004e-02
4.133971035480499268e-01
0.000000000000000000e+00
2.884305238723754883e+00
3.065823554992675781e+00
7.786908745765686035e-01
2.695579826831817627e-02
2.093236446380615234e-01
5.258877202868461609e-02
0.000000000000000000e+00
0.000000000000000000e+00
0.000000000000000000e+00
1.160170361399650574e-01
6.301628053188323975e-02
0.000000000000000000e+00
2.575771212577819824e-01
1.603865921497344971e-01
3.125003352761268616e-02
1.597370386123657227e+00
6.240675225853919983e-02
1.421227958053350449e-02
1.343958497047424316e+00
5.549845471978187561e-02
1.173730015754699707e+00
0.000000000000000000e+00
3.089689910411834717e-01
1.505956768989562988e+00
8.364754915237426758e-02
8.282792568206787109e-01
1.662822067737579346e-01
1.165398836135864258e+00
7.601752877235412598e-02
1.356252133846282959e-01
0.000000000000000000e+00
4.784447252750396729e-01
7.683823704719543457e-01
3.427012562751770020e-01
0.000000000000000000e+00
2.238722562789916992e+00
1.041815578937530518e-01
8.126369863748550415e-02
1.216083299368619919e-02
1.547369058243930340e-03
1.725977510213851929e-01
1.457068487070500851e-03
2.820151090621948242e+00
9.178220629692077637e-01
8.702833950519561768e-02
4.078092575073242188e-01
1.491820335388183594e+00
3.033481072634458542e-03
8.198079466819763184e-01
3.688690252602100372e-03
1.420698910951614380e-01
0.000000000000000000e+00
0.000000000000000000e+00
1.527415704913437366e-03
1.225197315216064453e-01
5.467082932591438293e-02
2.556156599894165993e-03
0.000000000000000000e+00
1.812951117753982544e-01
1.771571993827819824e+00
0.000000000000000000e+00
1.219865493476390839e-02
7.599656283855438232e-02
1.406761288642883301e+00
6.337117403745651245e-02
4.428834654390811920e-03
7.299800962209701538e-02
3.216161727905273438e-01
1.967858433723449707e+00
2.947218418121337891e-01
0.000000000000000000e+00
2.279763221740722656e+00
1.104904618114233017e-02
6.203507781028747559e-01
0.000000000000000000e+00
2.592051923274993896e-01
5.054603144526481628e-02
4.944569896906614304e-03
1.092496991157531738e+00
1.111820101737976074e+00
5.534303784370422363e-01
1.914963006973266602e+00
3.930230159312486649e-03
1.539793968200683594e+00
3.217470645904541016e-02
5.134849343448877335e-03
2.149917185306549072e-01
5.329651832580566406e-01
5.709283351898193359e-01
4.019889049232006073e-03
1.066158264875411987e-01
9.570211172103881836e-03
6.966935098171234131e-02
1.705032110214233398e+00
5.184621810913085938e-01
1.870391331613063812e-02
3.922905325889587402e-01
2.451775409281253815e-02
1.057403445243835449e+00
1.280305087566375732e-01
0.000000000000000000e+00
1.078197658061981201e-01
7.822436094284057617e-01
1.681797266006469727e+00
0.000000000000000000e+00
1.049662470817565918e+00
0.000000000000000000e+00
9.772632122039794922e-01
3.454858362674713135e-01
4.275965690612792969e-01
1.011067628860473633e+00
2.531955577433109283e-02
6.814045906066894531e-01
5.215509533882141113e-01
6.833904236555099487e-02
2.095590829849243164e-01
6.172391176223754883e-01
5.341746285557746887e-02
1.900312607176601887e-03
3.252208232879638672e-02
2.155501365661621094e+00
0.000000000000000000e+00
1.105996608734130859e+00
5.188464000821113586e-02
1.119074702262878418e+00
2.841778516769409180e+00
1.218011379241943359e+00
3.203401342034339905e-02
7.955711483955383301e-01
0.000000000000000000e+00
0.000000000000000000e+00
