6.464604735374450684e-01
0.000000000000000000e+00
6.694703102111816406e-01
1.744759917259216309e+00
2.140622138977050781e-01
5.830045044422149658e-02
6.309317350387573242e-01
3.636060476303100586e+00
5.175924777984619141e+00
4.447169303894042969e-01
7.691262662410736084e-02
1.267976760864257812e+00
1.833683252334594727e-01
1.044979169964790344e-01
1.828437566757202148e+00
1.943064294755458832e-02
4.261242449283599854e-01
2.466525793075561523e+00
5.966838002204895020e-01
3.477610647678375244e-02
7.063640356063842773e-01
0.000000000000000000e+00
1.663171499967575073e-02
1.427080750465393066e+00
2.300038784742355347e-01
1.089636585675179958e-03
0.000000000000000000e+00
1.471591234207153320e+00
1.490939129143953323e-02
0.000000000000000000e+00
2.396186999976634979e-02
0.000000000000000000e+00
4.303406178951263428e-01
0.000000000000000000e+00
4.404968582093715668e-03
2.483226776123046875e+00
3.867391645908355713e-01
2.521138787269592285e-01
9.360243678092956543e-01
1.866279095411300659e-01
2.464422285556793213e-01
9.008896350860595703e-01
1.630829721689224243e-01
1.544117808341979980e+00
5.132989883422851562e-01
6.716359257698059082e-01
2.905962765216827393e-01
2.649892866611480713e-01
6.322252750396728516e-02
1.256419301033020020e+00
9.180966615676879883e-01
0.000000000000000000e+00
5.653743743896484375e-01
1.568160764873027802e-02
2.712458372116088867e+00
3.845267463475465775e-03
7.168685793876647949e-01
2.389783561229705811e-01
1.831941723823547363e+00
7.911337614059448242e-01
2.032743543386459351e-01
1.807124018669128418e-01
3.739639222621917725e-01
5.633893013000488281e-01
1.141031026840209961e+00
6.032453775405883789e-01
0.000000000000000000e+00
1.997555345296859741e-01
2.371098995208740234e-01
6.688400506973266602e-01
0.000000000000000000e+00
1.131799165159463882e-02
2.676803469657897949e-01
7.709009945392608643e-02
2.782619297504425049e-01
1.225068330764770508e+00
0.000000000000000000e+00
8.854329586029052734e-01
5.814198032021522522e-02
1.957696378231048584e-01
3.081501927226781845e-03
7.117944955825805664e-01
2.432780027389526367e+00
1.889075711369514465e-02
1.537937402725219727e+00
2.060866355895996094e-02
1.085778832435607910e+00
3.479889333248138428e-01
7.594878077507019043e-01
1.234516152180731297e-03
1.657897979021072388e-02
4.876425862312316895e-02
0.000000000000000000e+00
0.000000000000000000e+00
6.595067977905273438e-01
1.775589883327484131e-01
1.458009362220764160e+00
8.096789717674255371e-01
0.000000000000000000e+00
1.542080572107806802e-04
3.806867450475692749e-02
2.173272818326950073e-01
1.391731351613998413e-01
1.015639662742614746e+00
9.852322936058044434e-01
4.519057571887969971e-01
1.130575299263000488e+00
6.500235199928283691e-02
2.594272792339324951e-01
7.149741798639297485e-02
1.443516016006469727e+00
0.000000000000000000e+00
1.178943634033203125e+00
6.641405820846557617e-01
4.805744588375091553e-01
2.144674770534038544e-02
1.868352876044809818e-03
1.787142595276236534e-03
1.499221753329038620e-02
2.937595129013061523e+00
3.698413074016571045e-01
8.662948012351989746e-02
0.000000000000000000e+00
1.806380271911621094e+00
4.169081449508666992e-01
1.698015093803405762e+00
0.000000000000000000e+00
0.000000000000000000e+00
1.910386085510253906e+00
9.747140854597091675e-02
0.000000000000000000e+00
6.316904425621032715e-01
2.477328665554523468e-02
6.346395611763000488e-02
7.248588651418685913e-02
5.110699683427810669e-03
3.395878374576568604e-01
4.264941692352294922e+00
0.000000000000000000e+00
2.330795526504516602e-01
3.208849728107452393e-01
6.874111294746398926e-01
1.624862194061279297e+00
0.000000000000000000e+00
7.192983478307723999e-02
1.139486193656921387e+00
3.447333276271820068e-01
1.867262482643127441e+00
9.388573467731475830e-02
7.817069888114929199e-01
4.571358680725097656e+00
1.527106948196887970e-02
3.488525450229644775e-01
5.537094473838806152e-01
1.780852556228637695e+00
7.782003879547119141e-01
1.561053749173879623e-02
6.888062926009297371e-04
1.989730477333068848e+00
1.127898227423429489e-02
1.497021019458770752e-01
1.343165516853332520e+00
1.773252367973327637e+00
2.211399823427200317e-01
6.948675215244293213e-02
0.000000000000000000e+00
0.000000000000000000e+00
0.000000000000000000e+00
1.025835633277893066e+00
2.135692834854125977e+00
1.262106597423553467e-01
0.000000000000000000e+00
0.000000000000000000e+00
6.226956844329833984e-01
1.215109154582023621e-01
6.989120483398437500e+00
0.000000000000000000e+00
2.529851906001567841e-02
5.012754723429679871e-02
2.692685835063457489e-02
1.655950695276260376e-01
0.000000000000000000e+00
0.000000000000000000e+00
9.914610385894775391e-01
2.387997508049011230e-01
0.000000000000000000e+00
0.000000000000000000e+00
7.362378239631652832e-01
0.000000000000000000e+00
3.381205350160598755e-02
0.000000000000000000e+00
9.434509277343750000e-02
9.648014307022094727e-01
7.563080191612243652e-01
0.000000000000000000e+00
2.843991518020629883e-01
8.348282575607299805e-01
3.005196154117584229e-01
5.018705129623413086e-01
1.471417427062988281e+00
1.493789911270141602e+00
5.313630104064941406e-01
1.487718224525451660e-01
3.167387545108795166e-01
0.000000000000000000e+00
2.895096875727176666e-02
0.000000000000000000e+00
7.331206928938627243e-03
1.077810488641262054e-02
2.065988302230834961e+00
7.625103928148746490e-03
2.358546666800975800e-02
1.057493872940540314e-02
2.367531657218933105e-01
7.406075596809387207e-01
4.752457141876220703e-01
1.356494277715682983e-01
5.202423334121704102e-01
9.888215065002441406e-01
1.229667067527770996e+00
1.131620444357395172e-02
7.990461587905883789e-02
2.235302776098251343e-01
3.639307618141174316e-02
4.259957671165466309e-01
0.000000000000000000e+00
2.222284376621246338e-01
4.350599944591522217e-01
0.000000000000000000e+00
0.000000000000000000e+00
3.138245940208435059e-01
1.381036788225173950e-01
8.766223788261413574e-01
2.205519676208496094e+00
6.331373453140258789e-01
5.848402380943298340e-01
1.487796068191528320e+00
6.882734894752502441e-01
1.427037920802831650e-02
6.322832107543945312e-01
3.598744869232177734e-01
2.867473959922790527e-01
0.000000000000000000e+00
2.384975433349609375e+00
2.229434698820114136e-01
9.127597510814666748e-02
3.567035496234893799e-01
1.307891448959708214e-03
1.670755505561828613e+00
9.730625152587890625e-01
1.573700308799743652e-01
1.049323659390211105e-02
4.862111434340476990e-02
2.622404508292675018e-02
3.238846063613891602e-01
1.680798381567001343e-01
2.045991364866495132e-03
7.002421468496322632e-02
0.000000000000000000e+00
4.256492480635643005e-02
2.838982641696929932e-01
4.894603043794631958e-02
1.663599014282226562e-01
0.000000000000000000e+00
0.000000000000000000e+00
0.000000000000000000e+00
2.445316553115844727e+00
0.000000000000000000e+00
1.228955745697021484e+00
0.000000000000000000e+00
4.549224972724914551e-01
9.032860398292541504e-02
9.530564546585083008e-01
7.030676119029521942e-03
4.488614201545715332e-02
2.081110030412673950e-01
1.777977049350738525e-01
5.030742287635803223e-02
1.026501893997192383e+00
0.000000000000000000e+00
0.000000000000000000e+00
1.045175552368164062e+00
9.949622303247451782e-02
2.094314992427825928e-02
3.224851191043853760e-02
2.112022936344146729e-01
8.621373176574707031e-01
0.000000000000000000e+00
7.558546662330627441e-01
0.000000000000000000e+00
8.628530502319335938e-01
1.344235420227050781e+00
2.408507764339447021e-01
0.000000000000000000e+00
5.254632793366909027e-03
1.305145472288131714e-01
2.849728465080261230e-01
3.905107453465461731e-02
1.366773247718811035e+00
4.337370395660400391e+00
1.498283386230468750e+00
1.200624555349349976e-01
0.000000000000000000e+00
1.626166850328445435e-01
0.000000000000000000e+00
1.213014591485261917e-03
4.037574678659439087e-02
0.000000000000000000e+00
3.274898231029510498e-02
8.929156465455889702e-04
2.352604456245899200e-02
1.063361018896102905e-01
0.000000000000000000e+00
8.167987465858459473e-01
4.234047606587409973e-02
4.635917395353317261e-02
2.596534788608551025e-02
5.670000612735748291e-02
1.450431048870086670e-01
1.546076382510364056e-03
1.324867367744445801e+00
0.000000000000000000e+00
6.607010960578918457e-03
4.390081167221069336e-01
4.816607236862182617e-01
1.264287829399108887e+00
9.375426173210144043e-02
0.000000000000000000e+00
4.916707277297973633e-01
1.792017221450805664e-01
0.000000000000000000e+00
0.000000000000000000e+00
9.846071712672710419e-03
0.000000000000000000e+00
1.380125526338815689e-02
3.736977875232696533e-01
1.927808165550231934e+00
7.659319043159484863e-02
4.791984856128692627e-01
6.078670024871826172e-01
7.652805186808109283e-03
0.000000000000000000e+00
9.236095845699310303e-02
8.664172887802124023e-02
9.289278388023376465e-01
8.545450568199157715e-01
0.000000000000000000e+00
1.468994771130383015e-03
0.000000000000000000e+00
3.313566744327545166e-01
6.113962531089782715e-01
1.905771374702453613e+00
1.901271194219589233e-02
0.000000000000000000e+00
1.397887170314788818e-01
1.284053444862365723e+00
0.000000000000000000e+00
2.088184356689453125e-01
0.000000000000000000e+00
3.498497232794761658e-02
5.121555328369140625e-01
4.972195252776145935e-03
3.247143002226948738e-03
1.912549883127212524e-01
1.440894842147827148e+00
8.902717232704162598e-01
3.201239705085754395e-01
9.373919367790222168e-01
1.562258839607238770e+00
8.162559941411018372e-03
3.870046138763427734e-01
6.433985829353332520e-01
1.247281059622764587e-01
1.694341599941253662e-01
4.517534971237182617e-01
5.223032087087631226e-03
9.743366390466690063e-03
3.859969601035118103e-02
1.862415224313735962e-01
1.961551159620285034e-01
0.000000000000000000e+00
1.978811860084533691e+00
2.960863113403320312e+00
2.701334059238433838e-01
2.105410397052764893e-01
5.247051119804382324e-01
0.000000000000000000e+00
0.000000000000000000e+00
0.000000000000000000e+00
1.000735312700271606e-01
3.018131256103515625e-01
3.964162431657314301e-03
0.000000000000000000e+00
1.772442758083343506e-01
2.602573335170745850e-01
6.239096820354461670e-02
1.116246223449707031e+00
2.519670128822326660e-01
3.605566173791885376e-02
1.671109795570373535e+00
1.718983352184295654e-01
1.016089558601379395e+00
0.000000000000000000e+00
1.854120790958404541e-01
1.266076326370239258e+00
2.818883657455444336e-01
6.926006078720092773e-01
3.672543764114379883e-01
1.515304565429687500e+00
3.645125031471252441e-02
9.796210378408432007e-02
7.938169874250888824e-04
3.956091701984405518e-01
3.212887048721313477e-01
2.774796485900878906e-01
0.000000000000000000e+00
2.188160419464111328e+00
3.919582068920135498e-02
2.565273046493530273e-01
0.000000000000000000e+00
0.000000000000000000e+00
2.682352904230356216e-03
0.000000000000000000e+00
2.877619981765747070e+00
5.255951881408691406e-01
3.181356191635131836e-01
3.568866550922393799e-01
4.895971119403839111e-01
2.263719961047172546e-02
5.867602825164794922e-01
2.647084556519985199e-02
3.635694086551666260e-01
0.000000000000000000e+00
0.000000000000000000e+00
1.504581188783049583e-03
6.795167326927185059e-01
2.191273728385567665e-03
0.000000000000000000e+00
3.335152193903923035e-02
7.431872934103012085e-02
1.650232076644897461e+00
0.000000000000000000e+00
1.946133002638816833e-02
3.129009902477264404e-01
9.926514625549316406e-01
1.048529893159866333e-02
0.000000000000000000e+00
5.983999744057655334e-02
3.547941744327545166e-01
1.455976843833923340e+00
4.132739901542663574e-01
0.000000000000000000e+00
1.723320245742797852e+00
8.402952551841735840e-02
9.430478215217590332e-01
0.000000000000000000e+00
4.107742756605148315e-02
1.599617451429367065e-01
2.209489606320858002e-02
8.683730959892272949e-01
9.200829863548278809e-01
1.871202588081359863e-01
1.166329145431518555e+00
0.000000000000000000e+00
1.105026364326477051e+00
1.344339251518249512e-01
6.731116678565740585e-03
6.219866499304771423e-02
3.090220987796783447e-01
1.842491030693054199e-01
1.166015937924385071e-01
3.922960758209228516e-01
7.044037338346242905e-03
0.000000000000000000e+00
1.385519504547119141e+00
7.115305662155151367e-01
0.000000000000000000e+00
2.814498841762542725e-01
5.443657934665679932e-02
5.649141669273376465e-01
2.884494960308074951e-01
0.000000000000000000e+00
5.985016748309135437e-02
1.338233113288879395e+00
1.693517088890075684e+00
0.000000000000000000e+00
2.604865729808807373e-01
1.993787474930286407e-02
9.208682179450988770e-01
5.195895433425903320e-01
3.691684603691101074e-01
1.066068649291992188e+00
8.501801639795303345e-03
7.515745759010314941e-01
5.250677466392517090e-01
0.000000000000000000e+00
2.381191402673721313e-01
5.459172725677490234e-01
1.586893051862716675e-01
2.402485907077789307e-02
6.233797874301671982e-03
2.796185493469238281e+00
0.000000000000000000e+00
1.038099408149719238e+00
9.393477812409400940e-03
9.946361780166625977e-01
3.295402288436889648e+00
1.251749634742736816e+00
9.304845333099365234e-02
1.377972483634948730e+00
0.000000000000000000e+00
1.528792176395654678e-02
