4.723222553730010986e-01
7.691864855587482452e-03
4.580169022083282471e-01
2.574043273925781250e+00
1.883727014064788818e-01
9.933730214834213257e-02
1.958983093500137329e-01
1.766164898872375488e+00
6.178092956542968750e+00
2.944638431072235107e-01
1.693475991487503052e-01
9.715058803558349609e-01
2.220770716667175293e-02
9.363890290260314941e-01
1.718219280242919922e+00
9.017288684844970703e-01
5.122025609016418457e-01
1.111160159111022949e+00
4.349220097064971924e-01
1.637786179780960083e-01
7.283279895782470703e-01
3.083093278110027313e-02
3.139215111732482910e-01
2.466779470443725586e+00
8.082652091979980469e-02
0.000000000000000000e+00
0.000000000000000000e+00
1.897624850273132324e+00
2.088922113180160522e-01
1.395296212285757065e-02
4.977744445204734802e-02
2.673524022102355957e-01
2.138172276318073273e-02
1.002103924751281738e+00
3.364594876766204834e-01
1.052169322967529297e+00
1.836437880992889404e-01
6.284990906715393066e-01
5.048437714576721191e-01
2.843772768974304199e-01
2.028127014636993408e-01
7.829301804304122925e-02
1.468509554862976074e+00
2.731533765792846680e+00
1.278240919113159180e+00
1.285997271537780762e+00
2.432646751403808594e-01
5.043402314186096191e-01
0.000000000000000000e+00
6.828659772872924805e-01
2.321938514709472656e+00
4.058204591274261475e-03
9.356894493103027344e-01
6.521197408437728882e-02
1.108981847763061523e+00
3.035902678966522217e-01
3.719200789928436279e-01
0.000000000000000000e+00
2.984497308731079102e+00
8.704583346843719482e-02
4.452987108379602432e-03
1.233472861349582672e-02
4.429766535758972168e-01
6.531800031661987305e-01
1.001367688179016113e+00
4.821628034114837646e-01
3.333306312561035156e-02
6.827415823936462402e-01
7.624286413192749023e-01
8.773900270462036133e-01
0.000000000000000000e+00
4.230688791722059250e-03
9.646561741828918457e-02
8.676662445068359375e-01
7.021294832229614258e-01
1.367653012275695801e+00
9.106960892677307129e-02
1.934024542570114136e-01
6.081293225288391113e-01
7.164569497108459473e-01
2.055918276309967041e-01
4.119401574134826660e-01
2.620817184448242188e+00
7.798732258379459381e-03
6.153882145881652832e-01
2.177239060401916504e-01
1.530863165855407715e+00
4.831202328205108643e-01
1.155802726745605469e+00
3.429445251822471619e-02
2.400581166148185730e-02
1.592970490455627441e-01
5.442056804895401001e-02
0.000000000000000000e+00
1.422632098197937012e+00
1.710367798805236816e-01
6.627326607704162598e-01
1.197003245353698730e+00
1.097536906599998474e-01
1.257139295339584351e-01
0.000000000000000000e+00
3.057336211204528809e-01
8.234223350882530212e-04
1.572114825248718262e+00
1.738073468208312988e+00
1.006101444363594055e-01
8.953288793563842773e-01
6.108837127685546875e-01
8.685695379972457886e-02
1.715460419654846191e-01
1.409667968750000000e+00
2.534210868179798126e-02
1.193556487560272217e-01
1.664349436759948730e-01
4.169471859931945801e-01
2.027446478605270386e-01
5.998052190989255905e-03
6.264619231224060059e-01
2.711310088634490967e-01
1.663811206817626953e+00
2.953847408294677734e+00
4.291921257972717285e-01
2.671466954052448273e-02
1.434767603874206543e+00
1.110564231872558594e+00
3.156698644161224365e-01
1.581947086378931999e-03
1.791995465755462646e-01
1.040240168571472168e+00
3.145291656255722046e-02
1.959438920021057129e-01
9.793043732643127441e-01
4.227300584316253662e-01
5.208232998847961426e-02
3.431526422500610352e-01
8.072111755609512329e-02
6.230409741401672363e-01
4.104776859283447266e+00
0.000000000000000000e+00
3.407266736030578613e-02
1.662513799965381622e-02
5.516107007861137390e-02
1.364189863204956055e+00
5.902476608753204346e-02
9.577216953039169312e-02
3.341662585735321045e-01
8.218079805374145508e-01
9.313625097274780273e-01
8.255874514579772949e-01
3.434850573539733887e-01
3.755078554153442383e+00
2.124378234148025513e-01
6.352963298559188843e-02
3.957383334636688232e-01
1.384797215461730957e+00
5.632146000862121582e-01
1.845789253711700439e-01
2.019141465425491333e-01
1.316771864891052246e+00
5.004900693893432617e-01
1.317961513996124268e-01
9.289308190345764160e-01
1.939035952091217041e-01
2.822721190750598907e-02
2.273430526256561279e-01
5.750078558921813965e-01
0.000000000000000000e+00
0.000000000000000000e+00
5.094863772392272949e-01
1.440889477729797363e+00
2.254296094179153442e-01
7.308120727539062500e-01
4.083692654967308044e-02
1.131464317440986633e-01
6.215144991874694824e-01
5.675432205200195312e+00
5.476999562233686447e-03
7.584804669022560120e-03
1.488064974546432495e-01
6.264677643775939941e-02
9.317339281551539898e-04
1.532024592161178589e-01
3.923429548740386963e-02
3.002323865890502930e+00
3.832253441214561462e-02
4.498502239584922791e-02
1.233779117465019226e-01
9.252324104309082031e-01
3.043915145099163055e-03
2.710451483726501465e-01
1.953447982668876648e-02
1.747020781040191650e-01
1.199378848075866699e+00
7.412248849868774414e-01
3.352399766445159912e-01
5.422000288963317871e-01
8.058398365974426270e-01
1.221383139491081238e-01
2.003882229328155518e-01
6.973612308502197266e-01
1.198497772216796875e+00
2.668434679508209229e-01
1.908843368291854858e-01
7.703514695167541504e-01
1.437383051961660385e-02
2.507601864635944366e-02
1.241834878921508789e+00
3.074173117056488991e-03
3.947199881076812744e-01
7.762028574943542480e-01
3.095228374004364014e-01
6.012848019599914551e-01
2.748700380325317383e-01
4.466197788715362549e-01
9.974420070648193359e-01
5.457433462142944336e-01
2.694168686866760254e-01
5.553760528564453125e-01
1.779685258865356445e+00
5.553168058395385742e-01
1.505122706294059753e-02
4.432429075241088867e-01
3.508257567882537842e-01
2.085487544536590576e-01
6.771816015243530273e-01
0.000000000000000000e+00
3.042056858539581299e-01
2.239403575658798218e-01
5.419838125817477703e-04
4.840567708015441895e-02
1.518346816301345825e-01
5.030722618103027344e-01
1.255213379859924316e+00
8.078086972236633301e-01
7.988364100456237793e-01
4.357621669769287109e-01
2.043995618820190430e+00
4.953645765781402588e-01
1.689025014638900757e-02
1.033950209617614746e+00
1.745678186416625977e-01
1.616492494940757751e-02
3.242663741111755371e-01
2.723403453826904297e+00
9.868358373641967773e-01
1.246871724724769592e-01
5.988233685493469238e-01
0.000000000000000000e+00
1.683516025543212891e+00
6.265192478895187378e-02
9.057126045227050781e-01
3.858940005302429199e-01
4.807645455002784729e-02
8.100054860115051270e-01
5.195527076721191406e-01
1.259924918413162231e-01
8.067566901445388794e-02
0.000000000000000000e+00
1.238358542323112488e-01
1.113882102072238922e-02
1.663256287574768066e+00
3.696409761905670166e-01
1.262469440698623657e-01
1.012144908308982849e-01
0.000000000000000000e+00
4.659902155399322510e-01
4.124714136123657227e-01
8.892253786325454712e-02
1.297250986099243164e-01
1.255798190832138062e-01
9.066320657730102539e-01
4.237562790513038635e-02
4.159341752529144287e-01
1.487028151750564575e-01
1.509742140769958496e-01
7.131748199462890625e-01
7.999595999717712402e-01
9.339688420295715332e-01
3.306329548358917236e-01
2.191843390464782715e-01
4.747969657182693481e-02
7.213073372840881348e-01
1.639657318592071533e-01
4.852055758237838745e-02
3.014654517173767090e-01
7.810944318771362305e-01
2.065311670303344727e-01
4.517764970660209656e-02
1.223643645644187927e-01
8.947737514972686768e-02
1.302127242088317871e+00
6.891123056411743164e-01
1.404011398553848267e-01
8.188734203577041626e-02
2.195692956447601318e-01
8.796310983598232269e-03
3.274662196636199951e-01
5.807525515556335449e-01
7.493463754653930664e-01
3.707828283309936523e+00
1.473001599311828613e+00
3.329339325428009033e-01
4.657140374183654785e-01
0.000000000000000000e+00
2.394466474652290344e-02
3.666785359382629395e-02
1.047081053256988525e-01
1.687613781541585922e-03
6.962845474481582642e-02
4.840264618396759033e-01
4.801632463932037354e-01
1.120923459529876709e-01
2.044532895088195801e-01
3.566759824752807617e-01
2.304689735174179077e-01
5.690391063690185547e-01
0.000000000000000000e+00
4.557230472564697266e-01
9.847848862409591675e-02
5.163750424981117249e-02
1.423940539360046387e+00
0.000000000000000000e+00
8.516736328601837158e-03
4.238939881324768066e-01
0.000000000000000000e+00
4.273521304130554199e-01
3.723183274269104004e-02
0.000000000000000000e+00
7.697457671165466309e-01
2.552327513694763184e-01
1.275746035389602184e-03
0.000000000000000000e+00
7.015895843505859375e-02
8.200706541538238525e-02
3.723652660846710205e-02
7.978349924087524414e-01
1.335336208343505859e+00
7.115420699119567871e-01
9.323894381523132324e-01
4.878609180450439453e-01
2.251016721129417419e-02
7.865587249398231506e-03
3.062297999858856201e-01
8.003323525190353394e-02
2.530535161495208740e-01
5.746618509292602539e-01
6.884793937206268311e-02
3.919818252325057983e-02
2.808273434638977051e-01
6.185129880905151367e-01
2.022906579077243805e-02
4.214538037776947021e-01
1.258714199066162109e-01
3.756342921406030655e-03
2.113542705774307251e-02
1.111697316169738770e+00
0.000000000000000000e+00
3.881526887416839600e-01
7.514977455139160156e-02
1.070478782057762146e-01
1.386070847511291504e+00
1.779125072062015533e-02
1.116339325904846191e+00
4.526718854904174805e-01
2.025940418243408203e+00
5.343825221061706543e-01
2.493804544210433960e-01
1.629252195358276367e+00
1.677355647087097168e+00
5.555628798902034760e-03
3.501634299755096436e-01
6.928515434265136719e-01
4.240120053291320801e-01
7.210948467254638672e-01
9.435614347457885742e-01
2.376346103847026825e-02
7.978489995002746582e-02
9.269082546234130859e-02
1.234151050448417664e-01
4.838986694812774658e-01
3.102435171604156494e-01
2.760042190551757812e+00
1.301158547401428223e+00
9.830973148345947266e-01
1.343487203121185303e-02
1.099443808197975159e-01
2.014090120792388916e-02
0.000000000000000000e+00
0.000000000000000000e+00
6.532984972000122070e-02
4.268055260181427002e-01
0.000000000000000000e+00
1.493521966040134430e-02
1.325113475322723389e-01
3.977626860141754150e-01
2.884103655815124512e-01
1.548155426979064941e+00
3.273634612560272217e-02
5.901284143328666687e-02
7.464154362678527832e-01
1.415099054574966431e-01
6.544057130813598633e-01
0.000000000000000000e+00
4.589395225048065186e-01
9.412870407104492188e-01
1.663233637809753418e-01
1.601745009422302246e+00
1.636673808097839355e-01
1.278753757476806641e+00
9.129939228296279907e-02
1.803843528032302856e-01
3.020791150629520416e-02
1.745764017105102539e-01
1.604881286621093750e+00
2.469473183155059814e-01
2.450181543827056885e-01
1.481609702110290527e+00
6.363537907600402832e-01
6.408097594976425171e-02
3.736442923545837402e-01
5.884960666298866272e-02
2.129222638905048370e-02
0.000000000000000000e+00
2.139764785766601562e+00
6.333982944488525391e-01
5.228087902069091797e-01
8.838055729866027832e-01
7.853365540504455566e-01
2.737618684768676758e-01
5.476621389389038086e-01
1.730101406574249268e-01
1.682958938181400299e-02
5.768607556819915771e-02
4.892471805214881897e-02
0.000000000000000000e+00
1.699764579534530640e-01
3.777146637439727783e-01
0.000000000000000000e+00
0.000000000000000000e+00
2.806138992309570312e-01
1.586524486541748047e+00
0.000000000000000000e+00
9.464904665946960449e-02
5.791643857955932617e-01
6.116703748703002930e-01
4.360562935471534729e-02
7.329749315977096558e-02
2.372946403920650482e-02
3.784547746181488037e-01
4.711200594902038574e-01
4.104171991348266602e-01
9.694463610649108887e-01
1.238428831100463867e+00
9.259066544473171234e-03
1.223101973533630371e+00
1.393821686506271362e-01
1.353804022073745728e-02
1.707568578422069550e-02
0.000000000000000000e+00
2.074544668197631836e+00
1.556209802627563477e+00
8.796527981758117676e-02
1.542059421539306641e+00
0.000000000000000000e+00
8.314554691314697266e-01
3.940283358097076416e-01
4.853240847587585449e-01
7.045553922653198242e-01
8.769376277923583984e-01
4.940247237682342529e-01
2.776440232992172241e-03
6.878295540809631348e-01
1.145763546228408813e-01
6.426563262939453125e-01
3.010220766067504883e+00
4.793286621570587158e-01
5.059619247913360596e-02
4.484849870204925537e-01
2.611901760101318359e-01
4.845611751079559326e-01
2.564473748207092285e-01
3.203136101365089417e-02
7.548584789037704468e-02
1.055293917655944824e+00
8.049584031105041504e-01
8.752346038818359375e-02
2.456710487604141235e-02
6.396514177322387695e-02
1.409294724464416504e+00
5.525988340377807617e-01
5.241201072931289673e-02
3.884465619921684265e-02
0.000000000000000000e+00
1.119194030761718750e-01
8.212049603462219238e-01
2.157022943720221519e-03
0.000000000000000000e+00
2.645879507064819336e+00
1.815560162067413330e-01
6.723735947161912918e-03
1.815797984600067139e-01
5.487664341926574707e-01
4.285287559032440186e-01
9.690356254577636719e-02
2.810987830162048340e-01
1.723377585411071777e+00
1.757889747619628906e+00
8.490375280380249023e-01
8.903945237398147583e-02
8.829984068870544434e-01
0.000000000000000000e+00
2.433370612561702728e-02
