4.228490591049194336e-02
0.000000000000000000e+00
2.361662238836288452e-01
2.545491695404052734e+00
3.046076595783233643e-01
2.457365095615386963e-01
1.207230806350708008e+00
2.780940294265747070e+00
6.070919036865234375e+00
1.860834479331970215e+00
1.075484082102775574e-01
1.572875380516052246e+00
3.242548555135726929e-02
1.671208143234252930e+00
2.438663959503173828e+00
1.225665330886840820e+00
6.895585060119628906e-01
1.769442796707153320e+00
1.220668554306030273e+00
6.782031804323196411e-02
1.327650189399719238e+00
3.693686448968946934e-04
4.481696486473083496e-01
3.002147912979125977e+00
1.214167624711990356e-01
0.000000000000000000e+00
4.175782576203346252e-02
1.383213520050048828e+00
3.436179161071777344e-01
1.926608532667160034e-01
2.975984476506710052e-03
5.099284276366233826e-02
5.187389254570007324e-01
5.992344617843627930e-01
4.700859785079956055e-01
2.462310791015625000e+00
4.940519928932189941e-01
3.058823347091674805e-01
1.689226776361465454e-01
7.661428451538085938e-01
2.461588233709335327e-01
2.363970503211021423e-02
1.016009449958801270e+00
4.310806274414062500e+00
3.883573114871978760e-01
1.733764290809631348e+00
1.161517798900604248e-01
1.030667781829833984e+00
1.235001999884843826e-02
1.428622484207153320e+00
3.452802419662475586e+00
0.000000000000000000e+00
1.314447164535522461e+00
1.904908753931522369e-02
1.157940983772277832e+00
7.028989195823669434e-01
3.007582724094390869e-01
2.123003825545310974e-02
2.498741149902343750e+00
9.043080359697341919e-02
1.643390953540802002e-01
1.111622005701065063e-01
4.443472251296043396e-02
4.899331927299499512e-01
1.150846362113952637e+00
3.785276412963867188e-01
2.414999008178710938e-01
5.692316889762878418e-01
5.684889554977416992e-01
1.289649128913879395e+00
0.000000000000000000e+00
0.000000000000000000e+00
5.083252191543579102e-01
8.506271243095397949e-01
5.814870595932006836e-01
1.238164782524108887e+00
0.000000000000000000e+00
1.223621368408203125e+00
2.393838167190551758e-01
6.528569459915161133e-01
3.311671316623687744e-02
1.209624648094177246e+00
2.685929775238037109e+00
1.622728258371353149e-01
1.705192685127258301e+00
1.146443784236907959e-01
7.908310890197753906e-01
1.695111580193042755e-02
1.348605394363403320e+00
7.331761717796325684e-02
0.000000000000000000e+00
3.724505379796028137e-02
0.000000000000000000e+00
0.000000000000000000e+00
9.343414306640625000e-01
2.367762327194213867e-01
3.927661180496215820e-01
1.253128528594970703e+00
2.450169622898101807e-01
1.115782652050256729e-02
0.000000000000000000e+00
3.227767050266265869e-01
0.000000000000000000e+00
1.578366160392761230e+00
1.423135280609130859e+00
8.177585899829864502e-02
1.599199533462524414e+00
5.963608026504516602e-01
5.469796061515808105e-01
7.806602865457534790e-02
1.665089845657348633e+00
2.301166392862796783e-02
2.750192284584045410e-01
1.036536991596221924e-01
4.977845549583435059e-01
1.128215435892343521e-02
7.138452678918838501e-02
3.764669001102447510e-01
2.051447868347167969e+00
2.299727916717529297e+00
6.865971684455871582e-01
6.459205150604248047e-01
2.215656824409961700e-02
1.902010679244995117e+00
9.750204086303710938e-01
8.312225341796875000e-01
0.000000000000000000e+00
5.645777583122253418e-01
2.057771205902099609e+00
1.265315264463424683e-01
1.573262512683868408e-01
1.029866456985473633e+00
4.641085863113403320e-01
3.946010023355484009e-02
6.508424133062362671e-02
4.839121364057064056e-03
2.512157559394836426e-01
5.457758426666259766e+00
0.000000000000000000e+00
1.671998016536235809e-02
5.398795753717422485e-02
1.405230760574340820e-01
1.092305898666381836e+00
3.202792955562472343e-03
9.411130100488662720e-02
4.662144929170608521e-02
5.123439431190490723e-01
4.965191185474395752e-01
1.208321332931518555e+00
1.589328199625015259e-01
4.985879421234130859e+00
1.514897942543029785e-01
5.838373303413391113e-01
5.193586349487304688e-01
1.889558076858520508e+00
1.171962976455688477e+00
6.075509190559387207e-01
4.509032666683197021e-01
1.988283395767211914e+00
1.287799477577209473e-01
8.812434040009975433e-03
1.312599658966064453e+00
1.517404019832611084e-01
0.000000000000000000e+00
4.773094654083251953e-01
2.536582350730895996e-01
8.241427130997180939e-04
0.000000000000000000e+00
8.651956915855407715e-01
1.624089717864990234e+00
4.676968157291412354e-01
3.687197864055633545e-01
3.397339209914207458e-02
9.930804967880249023e-01
8.196454644203186035e-01
7.638315677642822266e+00
1.097321510314941406e-02
0.000000000000000000e+00
4.700624849647283554e-03
6.065577641129493713e-02
0.000000000000000000e+00
2.703108489513397217e-01
2.842710316181182861e-01
3.508895397186279297e+00
1.925623714923858643e-01
0.000000000000000000e+00
9.550330042839050293e-02
9.670299291610717773e-01
0.000000000000000000e+00
1.437896303832530975e-02
0.000000000000000000e+00
0.000000000000000000e+00
1.168597340583801270e+00
2.586778402328491211e-01
2.275922298431396484e-01
3.888500034809112549e-01
4.531181454658508301e-01
2.048562467098236084e-01
1.137264072895050049e-01
1.156276702880859375e+00
9.064726233482360840e-01
2.483420222997665405e-01
9.572652727365493774e-02
9.873716831207275391e-01
4.957958757877349854e-01
0.000000000000000000e+00
5.468224883079528809e-01
3.677999973297119141e-02
7.418220639228820801e-01
7.320787906646728516e-01
6.466303020715713501e-02
3.971945345401763916e-01
5.180826187133789062e-01
1.394378304481506348e+00
7.426061034202575684e-01
3.326454758644104004e-01
2.799921631813049316e-01
6.642267704010009766e-01
1.785783648490905762e+00
7.026706337928771973e-01
0.000000000000000000e+00
7.325617223978042603e-02
6.368689537048339844e-01
6.185581907629966736e-02
6.307090520858764648e-01
0.000000000000000000e+00
8.210342377424240112e-02
4.994486570358276367e-01
0.000000000000000000e+00
4.859617352485656738e-02
3.436499536037445068e-01
5.133368372917175293e-01
2.721319675445556641e+00
1.393169283866882324e+00
9.808781743049621582e-01
7.795987725257873535e-01
2.058854103088378906e+00
4.058535397052764893e-01
0.000000000000000000e+00
1.362790584564208984e+00
3.482134342193603516e-01
5.164873600006103516e-02
2.010220587253570557e-01
2.898544549942016602e+00
9.356868863105773926e-01
5.046174675226211548e-02
4.680645763874053955e-01
2.768266387283802032e-02
2.067950963973999023e+00
7.042297124862670898e-01
6.128408312797546387e-01
4.346225857734680176e-01
3.091059159487485886e-03
1.486993193626403809e+00
1.496260285377502441e+00
2.703352831304073334e-02
0.000000000000000000e+00
0.000000000000000000e+00
1.832837760448455811e-01
1.939811557531356812e-02
1.060832381248474121e+00
8.302551507949829102e-02
9.128152392804622650e-03
8.410371840000152588e-02
0.000000000000000000e+00
9.686953574419021606e-02
1.475280761718750000e+00
7.794642820954322815e-03
0.000000000000000000e+00
1.143696829676628113e-01
1.333030700683593750e+00
8.222167380154132843e-03
9.539192318916320801e-01
1.813841015100479126e-01
2.694912552833557129e-01
2.372630536556243896e-01
1.654972881078720093e-01
6.545822620391845703e-01
1.100693941116333008e+00
5.581610277295112610e-02
9.668801724910736084e-02
3.608025908470153809e-01
3.522015735507011414e-02
1.836316734552383423e-01
5.836099982261657715e-01
1.218709707260131836e+00
9.931865930557250977e-01
6.869117170572280884e-02
9.227061271667480469e-02
1.659927703440189362e-02
1.162197113037109375e+00
1.489032626152038574e+00
6.306145191192626953e-01
8.768167463131248951e-04
4.119449853897094727e-01
3.198064267635345459e-01
2.082445472478866577e-01
2.572437524795532227e-01
9.525088667869567871e-01
5.603811264038085938e+00
5.559890270233154297e-01
2.446176260709762573e-01
5.939573049545288086e-01
9.169311076402664185e-02
4.067555442452430725e-02
1.189259625971317291e-02
1.440481748431921005e-02
0.000000000000000000e+00
1.132872886955738068e-02
5.298203229904174805e-01
6.129939556121826172e-01
0.000000000000000000e+00
1.315484493970870972e-01
7.421132922172546387e-01
1.317183822393417358e-01
1.044517993927001953e+00
0.000000000000000000e+00
2.108121365308761597e-01
1.269879937171936035e+00
1.422485560178756714e-01
1.738211631774902344e+00
0.000000000000000000e+00
2.128220535814762115e-02
6.161411479115486145e-02
0.000000000000000000e+00
1.801612973213195801e-01
2.017509639263153076e-01
0.000000000000000000e+00
7.082191109657287598e-01
4.145498275756835938e-01
7.559317164123058319e-03
0.000000000000000000e+00
2.484658658504486084e-01
5.787526257336139679e-03
1.222627330571413040e-02
5.888454914093017578e-01
1.857005953788757324e+00
3.774359524250030518e-01
8.529731631278991699e-01
4.942494630813598633e-01
3.454176336526870728e-02
8.631983771920204163e-03
1.736588329076766968e-01
4.552392661571502686e-02
5.781474709510803223e-01
6.017609834671020508e-01
3.822346776723861694e-02
1.261656824499368668e-02
2.340481430292129517e-01
8.617829084396362305e-01
7.483215630054473877e-02
6.579133272171020508e-01
1.025081276893615723e-01
0.000000000000000000e+00
0.000000000000000000e+00
1.153532862663269043e+00
0.000000000000000000e+00
3.655381798744201660e-01
0.000000000000000000e+00
2.683792412281036377e-01
7.914144992828369141e-01
7.838921621441841125e-03
6.975240707397460938e-01
4.289140403270721436e-01
1.822291135787963867e+00
8.884130120277404785e-01
3.238457143306732178e-01
1.513861298561096191e+00
1.700469017028808594e+00
0.000000000000000000e+00
2.564641535282135010e-01
1.761871099472045898e+00
9.657729864120483398e-01
3.001148700714111328e-01
7.934474349021911621e-01
0.000000000000000000e+00
8.178875595331192017e-02
0.000000000000000000e+00
5.653092265129089355e-01
1.113366127014160156e+00
1.731013059616088867e-01
3.016357898712158203e+00
2.007573843002319336e+00
1.218591809272766113e+00
0.000000000000000000e+00
9.196071624755859375e-01
1.349716819822788239e-02
0.000000000000000000e+00
0.000000000000000000e+00
7.356156129390001297e-03
1.217272803187370300e-01
9.556300006806850433e-03
0.000000000000000000e+00
2.465013042092323303e-02
3.863039240241050720e-02
3.279815018177032471e-01
2.105794668197631836e+00
1.286112144589424133e-02
6.803505867719650269e-02
1.312702059745788574e+00
9.439308196306228638e-03
6.399172544479370117e-01
0.000000000000000000e+00
2.308044731616973877e-01
1.315006971359252930e+00
9.840413928031921387e-03
1.212726593017578125e+00
1.673416346311569214e-01
1.505552887916564941e+00
5.115969777107238770e-01
3.485607206821441650e-01
0.000000000000000000e+00
8.393405079841613770e-01
1.784299969673156738e+00
1.124346479773521423e-01
3.359467908740043640e-02
2.752352237701416016e+00
1.873963177204132080e-01
4.888550043106079102e-01
4.790250957012176514e-02
4.422972723841667175e-02
2.024240046739578247e-01
0.000000000000000000e+00
3.188210010528564453e+00
4.979919791221618652e-01
1.308032870292663574e+00
1.060467958450317383e+00
1.468623995780944824e+00
0.000000000000000000e+00
1.620174765586853027e+00
6.345556583255529404e-03
5.756556242704391479e-02
3.624157607555389404e-02
0.000000000000000000e+00
0.000000000000000000e+00
1.403018385171890259e-01
1.217416226863861084e-01
0.000000000000000000e+00
5.834091827273368835e-02
3.747159838676452637e-01
1.440474510192871094e+00
1.844124984927475452e-03
3.587724566459655762e-01
1.651108413934707642e-01
1.223762989044189453e+00
2.887124195694923401e-03
2.703754790127277374e-02
0.000000000000000000e+00
1.518727540969848633e-01
6.528638005256652832e-01
3.429931700229644775e-01
1.986695080995559692e-01
1.119802594184875488e+00
6.146009545773267746e-03
1.092897772789001465e+00
8.776643872261047363e-02
2.385706827044487000e-02
1.148010864853858948e-01
0.000000000000000000e+00
1.685748338699340820e+00
1.327255368232727051e+00
3.016685694456100464e-02
2.972100734710693359e+00
0.000000000000000000e+00
1.179070949554443359e+00
5.839662160724401474e-03
2.016367167234420776e-01
1.925940960645675659e-01
1.484116196632385254e+00
3.122949302196502686e-01
0.000000000000000000e+00
6.677305102348327637e-01
4.960775375366210938e-01
1.475158184766769409e-01
3.045822620391845703e+00
5.148431062698364258e-01
5.142607726156711578e-03
2.893113493919372559e-01
9.062630124390125275e-03
7.710342407226562500e-01
1.058393344283103943e-01
0.000000000000000000e+00
1.405636593699455261e-02
1.057532191276550293e+00
5.646065473556518555e-01
1.440314296633005142e-02
2.043655067682266235e-01
8.960632234811782837e-02
1.522807359695434570e+00
1.324521005153656006e-01
2.218949049711227417e-01
6.575478240847587585e-03
2.983891963958740234e-02
1.014096215367317200e-01
1.098643541336059570e+00
0.000000000000000000e+00
8.972460031509399414e-02
1.873819231986999512e+00
9.023870527744293213e-02
0.000000000000000000e+00
1.661769449710845947e-01
1.899951338768005371e+00
2.082379311323165894e-01
1.914576143026351929e-01
3.775714337825775146e-01
2.330658674240112305e+00
2.241835117340087891e+00
2.929880619049072266e-01
2.444705516099929810e-01
1.287308633327484131e-01
0.000000000000000000e+00
4.647490102797746658e-03
