0.000000000000000000e+00
1.082808885257691145e-04
4.181726276874542236e-01
3.292579412460327148e+00
2.286950647830963135e-01
2.355741560459136963e-01
1.300165295600891113e+00
2.462137460708618164e+00
6.759436607360839844e+00
1.724018454551696777e+00
2.011856883764266968e-01
1.976447582244873047e+00
1.793113723397254944e-02
7.352398037910461426e-01
2.294363498687744141e+00
1.351114988327026367e+00
5.322619676589965820e-01
2.637531459331512451e-01
3.491103053092956543e-01
2.405359596014022827e-01
8.550969362258911133e-01
7.734179496765136719e-02
1.088021993637084961e+00
3.003838300704956055e+00
2.008189260959625244e-02
0.000000000000000000e+00
0.000000000000000000e+00
1.104556798934936523e+00
2.561098635196685791e-01
2.693828940391540527e-01
1.648775115609169006e-02
1.920540630817413330e-01
3.309621512889862061e-01
1.116747140884399414e+00
5.950605869293212891e-01
3.312291622161865234e+00
4.152106642723083496e-01
3.593186140060424805e-01
5.691568553447723389e-02
6.432989835739135742e-01
4.527045488357543945e-01
4.561796039342880249e-02
1.042634367942810059e+00
3.401126623153686523e+00
1.078209400177001953e+00
1.682268381118774414e+00
3.016095757484436035e-01
5.928793549537658691e-01
2.484353631734848022e-02
1.256563544273376465e+00
3.512501001358032227e+00
0.000000000000000000e+00
1.387003302574157715e+00
1.934557110071182251e-01
1.274827003479003906e+00
5.317591428756713867e-01
4.145681262016296387e-01
6.458570063114166260e-02
3.285140991210937500e+00
3.691854327917098999e-02
9.216395020484924316e-02
7.975386083126068115e-02
2.454771250486373901e-01
2.917423546314239502e-01
1.235789656639099121e+00
3.349355459213256836e-01
4.568386077880859375e-01
5.226254463195800781e-01
1.139901638031005859e+00
1.442799925804138184e+00
0.000000000000000000e+00
0.000000000000000000e+00
2.605042457580566406e-01
4.355528652667999268e-01
2.884892523288726807e-01
9.185405969619750977e-01
5.853588227182626724e-03
1.009296894073486328e+00
1.150911450386047363e-01
7.704678773880004883e-01
1.194949224591255188e-01
1.769608139991760254e+00
2.474742650985717773e+00
5.243616551160812378e-02
1.228653788566589355e+00
4.982332289218902588e-01
1.080595970153808594e+00
1.892654597759246826e-01
9.065496921539306641e-01
2.105645835399627686e-01
0.000000000000000000e+00
1.557700987905263901e-02
2.731848740950226784e-03
2.341077663004398346e-02
2.342581510543823242e+00
3.819589316844940186e-01
4.644259512424468994e-01
1.704835176467895508e+00
1.276476532220840454e-01
2.182542383670806885e-01
4.197299713268876076e-04
2.209464460611343384e-01
0.000000000000000000e+00
2.366364479064941406e+00
1.132154583930969238e+00
7.542662322521209717e-02
1.871194720268249512e+00
5.920587778091430664e-01
4.651891589164733887e-01
3.206268846988677979e-01
1.745180964469909668e+00
6.169203668832778931e-02
2.105614989995956421e-01
4.071885347366333008e-01
6.619267463684082031e-01
1.107658259570598602e-02
8.370599150657653809e-02
6.729986071586608887e-01
1.917356371879577637e+00
1.699224352836608887e+00
1.276443004608154297e+00
7.653671503067016602e-01
9.219236671924591064e-02
2.232443571090698242e+00
1.065011143684387207e+00
8.306353688240051270e-01
5.233609583228826523e-03
3.747609555721282959e-01
1.567687511444091797e+00
3.252243995666503906e-02
7.115934491157531738e-01
6.888626217842102051e-01
7.381780147552490234e-01
2.030771225690841675e-01
1.254907250404357910e-01
2.006683871150016785e-02
4.671701490879058838e-01
4.840280532836914062e+00
0.000000000000000000e+00
6.238222122192382812e-03
8.622474223375320435e-02
3.304767906665802002e-01
1.361604213714599609e+00
3.124344535171985626e-02
5.334867164492607117e-03
1.093108206987380981e-02
1.162551283836364746e+00
1.049321413040161133e+00
2.120159864425659180e+00
3.645521998405456543e-01
4.386638164520263672e+00
2.703700065612792969e-01
1.238137960433959961e+00
2.189806103706359863e-01
1.269533514976501465e+00
1.630319952964782715e+00
8.260611295700073242e-01
1.039629220962524414e+00
1.939741730690002441e+00
7.285556793212890625e-01
6.484041363000869751e-02
8.444895744323730469e-01
2.275793701410293579e-01
0.000000000000000000e+00
3.853108882904052734e-01
4.029539227485656738e-01
2.712101675570011139e-03
0.000000000000000000e+00
1.131473660469055176e+00
1.680016517639160156e+00
2.163500487804412842e-01
3.002489507198333740e-01
3.418614342808723450e-02
1.106813430786132812e+00
1.310685873031616211e+00
7.775172710418701172e+00
1.152106598019599915e-01
3.337582107633352280e-03
0.000000000000000000e+00
2.528804540634155273e-01
1.032511070370674133e-01
3.060970306396484375e-01
2.609197199344635010e-01
3.850552320480346680e+00
5.873033776879310608e-02
7.421293854713439941e-02
8.804829418659210205e-02
9.428287148475646973e-01
0.000000000000000000e+00
1.762853711843490601e-01
0.000000000000000000e+00
3.294733911752700806e-02
1.178454518318176270e+00
2.437226921319961548e-01
5.844797492027282715e-01
6.672853827476501465e-01
8.803108930587768555e-01
3.325721621513366699e-01
3.448275327682495117e-01
7.608981728553771973e-01
1.287458658218383789e+00
1.190789267420768738e-01
5.005153268575668335e-02
4.479878842830657959e-01
5.410470366477966309e-01
9.027928113937377930e-03
7.147616744041442871e-01
0.000000000000000000e+00
1.443956971168518066e+00
6.911424994468688965e-01
1.008785218000411987e-01
7.881104946136474609e-01
3.747912347316741943e-01
1.152225971221923828e+00
6.138294935226440430e-01
2.519570887088775635e-01
1.197011470794677734e-01
8.755782842636108398e-01
1.840752363204956055e+00
9.935106635093688965e-01
0.000000000000000000e+00
4.435222223401069641e-02
1.085286617279052734e+00
3.830940127372741699e-01
8.685517311096191406e-01
0.000000000000000000e+00
4.307702779769897461e-01
4.817200005054473877e-01
2.425118535757064819e-02
1.308554857969284058e-01
1.420474201440811157e-01
5.888789892196655273e-01
2.553614616394042969e+00
1.025476574897766113e+00
2.024791717529296875e+00
3.819799423217773438e-01
2.372299671173095703e+00
5.014706850051879883e-01
6.658335775136947632e-02
1.431107163429260254e+00
6.919091343879699707e-01
3.052791394293308258e-02
1.794330477714538574e-01
2.918676614761352539e+00
3.694806396961212158e-01
5.745649337768554688e-01
3.481649160385131836e-01
0.000000000000000000e+00
1.821184992790222168e+00
4.280454516410827637e-01
7.874235510826110840e-01
3.245249390602111816e-01
6.863730400800704956e-02
1.238115906715393066e+00
1.967072248458862305e+00
3.281141072511672974e-02
1.584590598940849304e-02
0.000000000000000000e+00
6.570493429899215698e-02
6.982766557484865189e-03
1.182226896286010742e+00
4.017958343029022217e-01
3.606804460287094116e-02
3.633354976773262024e-02
0.000000000000000000e+00
2.679111361503601074e-01
6.244341731071472168e-01
2.114569069817662239e-03
1.499094069004058838e-01
1.895090341567993164e-01
1.602307558059692383e+00
4.278879147022962570e-03
6.824110150337219238e-01
4.990226030349731445e-01
2.564112246036529541e-01
7.254089713096618652e-01
2.999903857707977295e-01
6.245348453521728516e-01
9.336708784103393555e-01
2.381625771522521973e-01
2.880470454692840576e-01
7.573774456977844238e-01
7.557742297649383545e-02
8.176384866237640381e-02
4.003419578075408936e-01
8.503784537315368652e-01
1.049031734466552734e+00
1.698365062475204468e-01
2.373608499765396118e-01
1.660414934158325195e-01
1.028734564781188965e+00
1.506733775138854980e+00
4.032472074031829834e-01
2.654262483119964600e-01
6.032230257987976074e-01
3.959931135177612305e-01
1.976935863494873047e-01
6.023548841476440430e-01
1.706130743026733398e+00
5.624899387359619141e+00
3.442693054676055908e-01
9.237124323844909668e-01
9.915224909782409668e-01
5.864634877070784569e-04
2.024548314511775970e-02
1.244511455297470093e-01
1.123623028397560120e-01
0.000000000000000000e+00
8.618298172950744629e-02
5.213021636009216309e-01
4.097792506217956543e-01
0.000000000000000000e+00
4.819282591342926025e-01
1.480164766311645508e+00
4.704556167125701904e-01
6.950491666793823242e-01
0.000000000000000000e+00
2.456778883934020996e-01
7.007179856300354004e-01
8.341921120882034302e-02
2.400378465652465820e+00
0.000000000000000000e+00
5.330849066376686096e-02
3.805008530616760254e-01
0.000000000000000000e+00
3.847066462039947510e-01
1.163773089647293091e-01
0.000000000000000000e+00
7.046459317207336426e-01
7.039634585380554199e-01
0.000000000000000000e+00
0.000000000000000000e+00
4.570149779319763184e-01
1.126420199871063232e-01
9.538043290376663208e-03
8.414111733436584473e-01
1.486002564430236816e+00
3.423805832862854004e-01
8.400452136993408203e-01
6.202908754348754883e-01
1.373787373304367065e-01
1.092720218002796173e-02
2.514233887195587158e-01
4.712262377142906189e-02
3.739754855632781982e-01
1.241317033767700195e+00
2.081599086523056030e-02
1.182008758187294006e-01
4.360555112361907959e-01
7.511493563652038574e-01
2.513866312801837921e-02
6.223582029342651367e-01
1.004435587674379349e-02
2.581910695880651474e-03
0.000000000000000000e+00
1.081822872161865234e+00
0.000000000000000000e+00
6.163510084152221680e-01
4.338567377999424934e-04
2.370881736278533936e-01
1.199023127555847168e+00
0.000000000000000000e+00
1.112122178077697754e+00
9.100127816200256348e-01
2.044111490249633789e+00
7.675740718841552734e-01
4.735236465930938721e-01
2.365065813064575195e+00
2.161663055419921875e+00
1.641352573642507195e-04
1.167794540524482727e-01
2.141938686370849609e+00
1.494473934173583984e+00
3.771221637725830078e-01
1.874932050704956055e+00
3.756711957976222038e-03
2.695643007755279541e-01
0.000000000000000000e+00
5.941888093948364258e-01
9.555064439773559570e-01
0.000000000000000000e+00
3.758055925369262695e+00
2.399355411529541016e+00
1.563453435897827148e+00
0.000000000000000000e+00
5.021427273750305176e-01
1.050970554351806641e-01
7.650965359061956406e-03
0.000000000000000000e+00
1.384308375418186188e-02
3.367314934730529785e-01
0.000000000000000000e+00
0.000000000000000000e+00
2.542360126972198486e-01
1.491758823394775391e-01
9.445490241050720215e-01
1.914247155189514160e+00
9.569732099771499634e-02
4.783921837806701660e-01
1.712103366851806641e+00
0.000000000000000000e+00
4.416098296642303467e-01
0.000000000000000000e+00
1.883012503385543823e-01
1.276882410049438477e+00
1.912424415349960327e-01
1.781069517135620117e+00
1.106518208980560303e-01
1.888884544372558594e+00
7.207542657852172852e-01
3.186365365982055664e-01
3.832739964127540588e-02
8.579796552658081055e-01
2.104267120361328125e+00
1.710187941789627075e-01
3.457081913948059082e-01
2.707701921463012695e+00
1.313996613025665283e-01
2.972772121429443359e-01
6.651573181152343750e-01
0.000000000000000000e+00
1.861109137535095215e-01
0.000000000000000000e+00
2.874160766601562500e+00
7.951416373252868652e-01
1.755632996559143066e+00
1.628228306770324707e+00
7.402735948562622070e-01
1.193932816386222839e-02
1.087184309959411621e+00
1.839674115180969238e-01
1.245332881808280945e-01
1.337074637413024902e-01
3.159189131110906601e-03
5.185759626328945160e-03
0.000000000000000000e+00
5.493218302726745605e-01
0.000000000000000000e+00
3.023376166820526123e-01
6.505500078201293945e-01
1.300405740737915039e+00
3.732292912900447845e-03
6.633660197257995605e-01
1.797154843807220459e-01
1.286065101623535156e+00
1.040531843900680542e-01
3.213671222329139709e-02
0.000000000000000000e+00
2.032402157783508301e-01
4.984684288501739502e-01
1.024485453963279724e-01
4.262091219425201416e-01
1.285183668136596680e+00
1.095225103199481964e-02
1.084206819534301758e+00
1.529603898525238037e-01
0.000000000000000000e+00
1.684735268354415894e-01
0.000000000000000000e+00
1.535715699195861816e+00
1.432175755500793457e+00
9.926667064428329468e-02
2.879347801208496094e+00
0.000000000000000000e+00
1.138379573822021484e+00
4.700651168823242188e-01
2.049905359745025635e-01
2.168947309255599976e-01
1.376592159271240234e+00
6.187072992324829102e-01
0.000000000000000000e+00
6.351923942565917969e-01
5.098410248756408691e-01
2.607891559600830078e-01
2.702463626861572266e+00
1.357148438692092896e-01
0.000000000000000000e+00
2.996191680431365967e-01
6.551381945610046387e-02
8.368539214134216309e-01
5.098221451044082642e-02
0.000000000000000000e+00
1.132325679063796997e-01
1.392195343971252441e+00
8.668397068977355957e-01
1.506954431533813477e-01
1.853167414665222168e-01
1.394144594669342041e-01
8.107387423515319824e-01
1.255031824111938477e-01
1.912075579166412354e-01
3.810946643352508545e-01
7.501844316720962524e-02
2.451467141509056091e-02
1.083604097366333008e+00
0.000000000000000000e+00
5.331279635429382324e-01
2.151198625564575195e+00
1.916257590055465698e-01
9.936967398971319199e-05
1.004417762160301208e-01
8.511721491813659668e-01
4.003046751022338867e-01
8.681230992078781128e-02
1.829632073640823364e-01
2.430504798889160156e+00
2.286265373229980469e+00
3.038288652896881104e-01
6.280325055122375488e-01
3.466594517230987549e-01
0.000000000000000000e+00
0.000000000000000000e+00
