3.355635702610015869e-01
0.000000000000000000e+00
2.804343402385711670e-01
2.447673559188842773e+00
7.803663015365600586e-01
2.453738152980804443e-01
8.749445676803588867e-01
2.288242578506469727e+00
6.188376903533935547e+00
2.521090507507324219e+00
8.208767510950565338e-03
2.143205642700195312e+00
2.603376843035221100e-02
8.461524844169616699e-01
2.995512723922729492e+00
6.541810035705566406e-01
1.033642053604125977e+00
1.564312934875488281e+00
1.058799386024475098e+00
4.344171583652496338e-01
1.729969739913940430e+00
2.451256848871707916e-03
7.773987203836441040e-02
2.317764997482299805e+00
4.405096173286437988e-01
5.454834178090095520e-02
4.795587062835693359e-02
2.184003591537475586e+00
7.105239629745483398e-01
1.141053624451160431e-02
1.972608081996440887e-02
3.974311519414186478e-03
8.037325143814086914e-01
1.198436021804809570e+00
7.840181589126586914e-01
3.619888782501220703e+00
2.373473644256591797e-01
7.342583965510129929e-03
5.883036851882934570e-01
2.781584858894348145e-01
7.982773780822753906e-01
9.549604654312133789e-01
9.047061204910278320e-02
3.649004220962524414e+00
4.253273010253906250e-01
2.009776115417480469e+00
5.129097700119018555e-01
6.488128304481506348e-01
5.111857652664184570e-01
1.680947899818420410e+00
3.480941295623779297e+00
0.000000000000000000e+00
1.438623309135437012e+00
6.069387793540954590e-01
1.317787766456604004e+00
3.518796265125274658e-01
1.084750890731811523e+00
7.225293517112731934e-01
1.524635314941406250e+00
4.557265341281890869e-01
4.941141232848167419e-02
4.005450606346130371e-01
2.002476006746292114e-01
9.439116120338439941e-01
1.335100412368774414e+00
3.165430203080177307e-02
1.239116769284009933e-02
6.595247387886047363e-01
1.276438593864440918e+00
2.808482944965362549e-01
7.989429868757724762e-03
1.827220432460308075e-02
3.574384152889251709e-01
9.986670017242431641e-01
2.820298075675964355e-01
1.413254380226135254e+00
0.000000000000000000e+00
1.644069671630859375e+00
1.275921821594238281e+00
1.549805760383605957e+00
0.000000000000000000e+00
1.253727912902832031e+00
2.143904685974121094e+00
1.596456766128540039e-01
2.316059827804565430e+00
6.069169193506240845e-02
1.753989934921264648e+00
8.335310034453868866e-03
8.046206235885620117e-01
1.554133184254169464e-02
1.391221489757299423e-02
2.235532402992248535e-01
0.000000000000000000e+00
7.414589170366525650e-03
1.310788750648498535e+00
6.395862102508544922e-01
1.660172462463378906e+00
6.746720671653747559e-01
4.395708143711090088e-01
0.000000000000000000e+00
7.634268701076507568e-02
4.103068262338638306e-02
0.000000000000000000e+00
7.401721477508544922e-01
9.208578467369079590e-01
1.355322748422622681e-01
2.063728809356689453e+00
1.252776026725769043e+00
1.519214391708374023e+00
9.460119158029556274e-02
1.475060939788818359e+00
7.486793212592601776e-03
6.238650083541870117e-01
7.306651473045349121e-01
7.721812129020690918e-01
1.766788363456726074e-01
2.180288285017013550e-01
4.001068174839019775e-01
1.511059165000915527e+00
2.688962936401367188e+00
8.680973052978515625e-01
1.021777272224426270e+00
1.329311635345220566e-04
1.923439741134643555e+00
1.522536635398864746e+00
9.257998466491699219e-01
0.000000000000000000e+00
2.069629132747650146e-01
1.913287162780761719e+00
3.943345695734024048e-02
3.732067719101905823e-02
1.195552468299865723e+00
7.881346344947814941e-01
1.375005096197128296e-01
3.389180302619934082e-01
1.395333260297775269e-01
1.130314469337463379e-01
5.809660434722900391e+00
0.000000000000000000e+00
7.500663050450384617e-04
2.263614833354949951e-01
9.955066442489624023e-01
9.064713120460510254e-01
1.429363787174224854e-01
2.836927771568298340e-01
6.049096584320068359e-02
1.023774504661560059e+00
8.342926502227783203e-01
1.130851149559020996e+00
1.716589927673339844e-02
5.963351249694824219e+00
5.383294448256492615e-02
8.457074761390686035e-01
8.274140357971191406e-01
2.837949752807617188e+00
1.927692890167236328e+00
6.240784525871276855e-01
6.483103036880493164e-01
2.841255664825439453e+00
4.424217343330383301e-01
0.000000000000000000e+00
1.573198556900024414e+00
1.063436746597290039e+00
1.252862252295017242e-02
1.809309601783752441e+00
5.047985315322875977e-01
0.000000000000000000e+00
0.000000000000000000e+00
1.766528964042663574e+00
2.639947652816772461e+00
6.478409767150878906e-01
6.788704395294189453e-01
1.207412555813789368e-01
9.874793887138366699e-01
1.167767286300659180e+00
7.927821636199951172e+00
4.622386395931243896e-02
1.498246788978576660e-01
2.069970667362213135e-01
4.729311764240264893e-01
4.318910185247659683e-03
4.204904139041900635e-01
8.781589269638061523e-01
3.044118165969848633e+00
1.906837522983551025e-01
2.621355699375271797e-03
5.364824533462524414e-01
1.655169367790222168e+00
0.000000000000000000e+00
5.623888969421386719e-02
0.000000000000000000e+00
8.377207070589065552e-02
5.363346338272094727e-01
3.823364078998565674e-01
1.134675383567810059e+00
7.489740848541259766e-01
3.574319481849670410e-01
5.459030866622924805e-01
1.543659716844558716e-01
1.762758493423461914e+00
1.638361215591430664e+00
1.672736406326293945e-01
4.721872806549072266e-01
8.604640364646911621e-01
1.184712767601013184e+00
5.502784997224807739e-02
1.821661740541458130e-01
8.399315178394317627e-02
1.297356128692626953e+00
1.488575220108032227e+00
8.265028893947601318e-02
3.090673685073852539e-01
9.006389379501342773e-01
2.265657424926757812e+00
1.170506954193115234e+00
6.694219112396240234e-01
1.045817136764526367e-01
7.494699209928512573e-02
1.882564902305603027e+00
2.129589557647705078e+00
1.511650681495666504e-01
1.942621194757521152e-03
5.180245637893676758e-01
1.264939606189727783e-01
2.072687894105911255e-01
0.000000000000000000e+00
4.403238743543624878e-02
1.100894138216972351e-01
0.000000000000000000e+00
6.600453518331050873e-03
3.629222214221954346e-01
2.886099219322204590e-01
2.791127920150756836e+00
1.819138765335083008e+00
1.045069575309753418e+00
1.324443459510803223e+00
2.621592283248901367e+00
1.746812760829925537e-01
2.621957063674926758e-01
2.191774606704711914e+00
8.166946172714233398e-01
1.608280986547470093e-01
7.726766914129257202e-02
2.465829372406005859e+00
9.632397890090942383e-01
1.705234646797180176e-01
4.666409194469451904e-01
0.000000000000000000e+00
9.442175626754760742e-01
1.233314990997314453e+00
3.573316633701324463e-01
3.019168078899383545e-01
1.824013143777847290e-02
2.610774040222167969e+00
2.046798467636108398e+00
0.000000000000000000e+00
9.711092337965965271e-03
2.661035954952239990e-02
3.915998339653015137e-01
9.223462641239166260e-02
1.321110606193542480e+00
6.105899214744567871e-01
9.345953911542892456e-02
0.000000000000000000e+00
2.720097836572676897e-04
5.737624317407608032e-02
2.293318510055541992e+00
0.000000000000000000e+00
2.549150586128234863e-01
1.495640026405453682e-03
2.116300344467163086e+00
0.000000000000000000e+00
1.349609017372131348e+00
1.911048889160156250e-01
6.042397022247314453e-02
3.246272802352905273e-01
6.143026351928710938e-01
1.543777704238891602e+00
6.137860417366027832e-01
2.475853264331817627e-01
4.939877986907958984e-01
2.003470361232757568e-01
1.306505203247070312e-01
5.166437625885009766e-01
1.651746332645416260e-01
2.582556962966918945e+00
1.946267843246459961e+00
6.679283827543258667e-02
4.514184221625328064e-02
6.582107394933700562e-02
2.595739841461181641e+00
2.481833219528198242e+00
1.106382682919502258e-01
2.954024672508239746e-01
7.374711036682128906e-01
3.887821137905120850e-01
6.321037411689758301e-01
1.362100839614868164e-01
2.045406103134155273e+00
5.576159477233886719e+00
3.686464130878448486e-01
4.816776514053344727e-01
6.946508288383483887e-01
8.005452156066894531e-01
3.110828623175621033e-02
2.394438683986663818e-01
5.038902908563613892e-02
0.000000000000000000e+00
5.144729465246200562e-02
6.159517765045166016e-01
6.608995795249938965e-01
1.330891158431768417e-02
5.948007106781005859e-02
1.713024139404296875e+00
5.706475973129272461e-01
4.302572011947631836e-01
0.000000000000000000e+00
7.113929837942123413e-02
1.401925921440124512e+00
2.871139645576477051e-01
1.990502476692199707e+00
0.000000000000000000e+00
4.369418025016784668e-01
1.782926172018051147e-01
0.000000000000000000e+00
1.265828728675842285e+00
1.024702750146389008e-02
0.000000000000000000e+00
6.920573711395263672e-01
8.507961034774780273e-01
5.959231406450271606e-02
0.000000000000000000e+00
9.044705629348754883e-01
5.753212571144104004e-01
3.149226307868957520e-01
5.352296233177185059e-01
1.561466693878173828e+00
8.394980430603027344e-02
7.619748711585998535e-01
1.384782433509826660e+00
4.677661359310150146e-01
5.720194056630134583e-02
9.115074276924133301e-01
4.519855603575706482e-02
7.867541313171386719e-01
7.261995673179626465e-01
9.463168680667877197e-03
1.618221253156661987e-01
8.689023852348327637e-01
7.501305937767028809e-01
1.483671814203262329e-01
1.467411518096923828e+00
4.879509508609771729e-01
6.006930023431777954e-02
6.163939461112022400e-02
9.333539009094238281e-01
0.000000000000000000e+00
3.191248476505279541e-01
0.000000000000000000e+00
9.850800037384033203e-01
3.033744543790817261e-02
3.860720619559288025e-02
1.226964712142944336e+00
1.295347571372985840e+00
2.465628623962402344e+00
1.229012966156005859e+00
8.259816169738769531e-01
1.345503211021423340e+00
2.135034561157226562e+00
0.000000000000000000e+00
5.353555679321289062e-01
2.693124532699584961e+00
9.096508026123046875e-01
1.143013983964920044e-01
1.307037949562072754e+00
2.082111779600381851e-03
2.444424852728843689e-02
5.586495157331228256e-03
8.334650099277496338e-02
5.621141791343688965e-01
5.132414400577545166e-02
2.798250198364257812e+00
2.244546413421630859e+00
1.331243991851806641e+00
0.000000000000000000e+00
5.223926305770874023e-01
1.796818077564239502e-01
0.000000000000000000e+00
0.000000000000000000e+00
9.887537956237792969e-01
1.012883558869361877e-01
9.302715957164764404e-02
0.000000000000000000e+00
6.059735417366027832e-01
0.000000000000000000e+00
4.959492981433868408e-01
1.860116362571716309e+00
8.140853047370910645e-02
1.478379219770431519e-01
2.107236623764038086e+00
1.373457014560699463e-01
1.541207551956176758e+00
0.000000000000000000e+00
3.974779844284057617e-01
5.640938878059387207e-01
3.230236768722534180e-01
1.529490351676940918e+00
3.576378226280212402e-01
1.640137672424316406e+00
6.527370214462280273e-01
2.284508943557739258e-01
0.000000000000000000e+00
5.295768380165100098e-01
2.028786659240722656e+00
4.716649185866117477e-03
6.068643927574157715e-02
5.020964622497558594e+00
1.184060722589492798e-01
1.563197851181030273e+00
2.629767358303070068e-01
1.013079285621643066e-01
4.645154476165771484e-01
0.000000000000000000e+00
2.780164957046508789e+00
1.503017902374267578e+00
8.336855769157409668e-01
7.764908075332641602e-01
1.757103443145751953e+00
0.000000000000000000e+00
2.983956813812255859e+00
1.948259584605693817e-02
2.464890182018280029e-01
2.102599591016769409e-01
4.875804856419563293e-02
4.813708662986755371e-01
9.110909700393676758e-02
4.821349978446960449e-01
0.000000000000000000e+00
7.527120709419250488e-01
7.792800664901733398e-01
1.455756068229675293e+00
1.593996956944465637e-02
6.110221743583679199e-01
8.842480778694152832e-01
1.320267915725708008e+00
6.646793801337480545e-03
1.463808584958314896e-03
0.000000000000000000e+00
2.023866921663284302e-01
1.515460729598999023e+00
8.614001274108886719e-01
9.282067418098449707e-02
1.521917462348937988e+00
4.205350764095783234e-03
7.504829764366149902e-01
1.536538451910018921e-01
1.893289089202880859e-01
9.869730100035667419e-03
0.000000000000000000e+00
1.887718319892883301e+00
1.597606420516967773e+00
1.461571902036666870e-01
3.327378273010253906e+00
1.707836636342108250e-04
1.294806003570556641e+00
2.946452423930168152e-02
6.095883846282958984e-01
4.712659120559692383e-01
2.129562616348266602e+00
7.364168763160705566e-01
1.736602396704256535e-03
7.516869306564331055e-01
1.636208772659301758e+00
1.724942475557327271e-01
3.215027809143066406e+00
6.737798452377319336e-01
3.945845663547515869e-01
3.451401889324188232e-01
1.393861770629882812e-01
1.132802009582519531e+00
1.527024358510971069e-01
2.359396778047084808e-02
1.684129424393177032e-02
1.265385866165161133e+00
5.256024599075317383e-01
1.191591098904609680e-01
2.548458278179168701e-01
3.662620484828948975e-02
1.160111904144287109e+00
1.013066768646240234e-01
7.256119251251220703e-01
3.915281891822814941e-01
2.146486341953277588e-01
2.454272657632827759e-01
1.764833092689514160e+00
1.963334530591964722e-01
9.779984951019287109e-01
2.809281349182128906e+00
3.906957507133483887e-01
0.000000000000000000e+00
1.667563170194625854e-01
2.418187379837036133e+00
9.594740271568298340e-01
5.804384946823120117e-01
4.379457533359527588e-01
3.152846813201904297e+00
1.137481212615966797e+00
8.266034722328186035e-01
8.231390267610549927e-02
7.975236177444458008e-01
0.000000000000000000e+00
6.474553048610687256e-02
