1.196285616606473923e-02
0.000000000000000000e+00
3.314827382564544678e-01
3.541103363037109375e+00
3.884613513946533203e-01
1.756671369075775146e-01
1.072267055511474609e+00
2.348609924316406250e+00
7.124888896942138672e+00
4.241307675838470459e-01
1.237237751483917236e-01
1.590160250663757324e+00
1.069432049989700317e-01
8.259030580520629883e-01
1.634606719017028809e+00
1.258211731910705566e+00
9.360451102256774902e-01
1.099856972694396973e+00
7.147339582443237305e-01
5.621988773345947266e-01
9.570574760437011719e-01
3.774304641410708427e-04
5.235462784767150879e-01
3.380969762802124023e+00
4.891812801361083984e-02
0.000000000000000000e+00
0.000000000000000000e+00
1.923227071762084961e+00
3.201757967472076416e-01
1.207799278199672699e-02
2.023351937532424927e-01
1.580044813454151154e-02
1.052728369832038879e-01
9.743807911872863770e-01
6.408172249794006348e-01
2.169222831726074219e+00
3.154749870300292969e-01
4.459652304649353027e-01
2.595377564430236816e-01
2.487124204635620117e-01
1.665841639041900635e-01
0.000000000000000000e+00
9.738272428512573242e-01
3.004694938659667969e+00
1.235915064811706543e+00
1.364394783973693848e+00
1.550278514623641968e-01
4.633851647377014160e-01
0.000000000000000000e+00
1.169259786605834961e+00
2.389961242675781250e+00
0.000000000000000000e+00
1.132006406784057617e+00
1.555998474359512329e-01
1.189682841300964355e+00
3.749132752418518066e-01
2.494039237499237061e-01
7.207389175891876221e-02
2.485190153121948242e+00
2.159338146448135376e-01
6.132559850811958313e-02
2.528065815567970276e-02
3.031669557094573975e-01
1.124044299125671387e+00
6.645668148994445801e-01
5.862511992454528809e-01
2.913741171360015869e-01
4.865673184394836426e-01
6.527934670448303223e-01
8.843778967857360840e-01
0.000000000000000000e+00
1.441502422094345093e-01
5.308227986097335815e-02
1.058769226074218750e+00
9.462296962738037109e-01
1.212517023086547852e+00
0.000000000000000000e+00
1.169702172279357910e+00
5.213751196861267090e-01
9.788838624954223633e-01
6.417708471417427063e-03
6.882358193397521973e-01
2.570302724838256836e+00
1.879194634966552258e-03
8.255256414413452148e-01
2.327329665422439575e-01
8.515979647636413574e-01
6.256875395774841309e-02
7.198743224143981934e-01
1.027213409543037415e-01
2.207401953637599945e-02
2.392660267651081085e-02
8.119054138660430908e-03
0.000000000000000000e+00
1.729541182518005371e+00
4.336393624544143677e-02
4.361601769924163818e-01
1.486713647842407227e+00
5.070726573467254639e-02
8.585575222969055176e-02
0.000000000000000000e+00
2.645783424377441406e-01
1.199501231312751770e-01
1.853533625602722168e+00
1.925161004066467285e+00
3.174616396427154541e-02
7.337229847908020020e-01
2.255978882312774658e-01
1.243991032242774963e-02
3.949865400791168213e-01
1.486950635910034180e+00
1.828073151409626007e-02
3.380036652088165283e-01
4.720403254032135010e-01
2.695963382720947266e-01
2.124139107763767242e-02
6.216096878051757812e-02
1.126104071736335754e-01
7.353250980377197266e-01
1.088888287544250488e+00
2.879460811614990234e+00
6.294580698013305664e-01
2.304037660360336304e-02
1.208110690116882324e+00
3.657297194004058838e-01
2.691140770912170410e-01
0.000000000000000000e+00
7.717339694499969482e-02
1.298631310462951660e+00
6.037900224328041077e-02
4.397003948688507080e-01
9.387095570564270020e-01
6.268631219863891602e-01
2.210899591445922852e-01
1.970969587564468384e-01
9.347531199455261230e-02
4.303223788738250732e-01
3.767719984054565430e+00
0.000000000000000000e+00
0.000000000000000000e+00
4.597854614257812500e-01
4.352914914488792419e-02
9.120633602142333984e-01
2.183166332542896271e-02
9.095335751771926880e-02
4.575101733207702637e-01
9.456522464752197266e-01
7.497494816780090332e-01
1.390836238861083984e+00
2.079346925020217896e-01
4.276312351226806641e+00
5.703094601631164551e-01
6.578981131315231323e-02
2.189077585935592651e-01
1.268087983131408691e+00
5.592778921127319336e-01
1.200661361217498779e-01
2.577933669090270996e-01
1.489044785499572754e+00
2.997196614742279053e-01
2.624985575675964355e-01
9.166635870933532715e-01
3.035415410995483398e-01
0.000000000000000000e+00
4.995918273925781250e-02
5.301939845085144043e-01
2.938324771821498871e-02
0.000000000000000000e+00
1.423512697219848633e-01
1.738260507583618164e+00
1.667774319648742676e-01
9.467404484748840332e-01
0.000000000000000000e+00
3.928804993629455566e-01
2.826914191246032715e-01
6.436854839324951172e+00
2.504726313054561615e-02
0.000000000000000000e+00
3.543284535408020020e-02
8.183947205543518066e-02
1.220721984282135963e-03
6.149980798363685608e-02
1.563771516084671021e-01
3.253655910491943359e+00
2.122259289026260376e-01
2.873360179364681244e-03
2.792804539203643799e-01
5.058577656745910645e-01
0.000000000000000000e+00
1.461056247353553772e-02
5.639259889721870422e-02
2.265927381813526154e-02
7.796270847320556641e-01
4.710452258586883545e-01
6.662918329238891602e-01
5.008368492126464844e-01
8.209766149520874023e-01
5.066776275634765625e-01
1.326408684253692627e-01
6.758122444152832031e-01
1.302969694137573242e+00
1.163277477025985718e-01
2.228508591651916504e-01
8.430184125900268555e-01
7.539105415344238281e-02
6.835663318634033203e-02
1.262277722358703613e+00
2.565920352935791016e-03
2.897950410842895508e-01
1.253504872322082520e+00
2.627187073230743408e-01
4.002154469490051270e-01
2.844790816307067871e-01
5.616334825754165649e-02
2.611015439033508301e-01
3.753851354122161865e-01
5.536099895834922791e-02
4.247643947601318359e-01
2.686838865280151367e+00
4.860947430133819580e-01
2.267818525433540344e-02
5.182291269302368164e-01
3.203901946544647217e-01
2.259631752967834473e-01
4.470380842685699463e-01
0.000000000000000000e+00
3.040827214717864990e-01
2.533252537250518799e-01
2.126713655889034271e-02
2.420572750270366669e-02
1.108577400445938110e-01
4.389742016792297363e-01
2.071345090866088867e+00
5.316829681396484375e-01
5.546092391014099121e-01
1.954289376735687256e-01
2.347134828567504883e+00
1.019056558609008789e+00
7.612145692110061646e-02
1.240555047988891602e+00
9.319657832384109497e-02
0.000000000000000000e+00
3.691858351230621338e-01
2.927110195159912109e+00
1.132596015930175781e+00
4.843526333570480347e-02
7.777857780456542969e-01
0.000000000000000000e+00
1.276912569999694824e+00
1.167400479316711426e-01
7.118559479713439941e-01
7.506856322288513184e-01
1.144606992602348328e-01
2.702068984508514404e-01
1.224667787551879883e+00
2.076677791774272919e-02
8.775451034307479858e-02
0.000000000000000000e+00
7.508672773838043213e-02
1.021731421351432800e-01
1.172071933746337891e+00
8.812919259071350098e-03
3.249721229076385498e-02
1.299932040274143219e-02
0.000000000000000000e+00
2.898220419883728027e-01
8.369919061660766602e-01
3.643136238679289818e-03
3.795061707496643066e-01
1.752193570137023926e-01
1.003743171691894531e+00
0.000000000000000000e+00
1.777084320783615112e-01
7.909638285636901855e-01
1.224384903907775879e-01
9.826515316963195801e-01
8.828319311141967773e-01
7.172278165817260742e-01
3.950981497764587402e-01
2.184462994337081909e-01
0.000000000000000000e+00
8.268433809280395508e-01
1.090956293046474457e-02
2.375580370426177979e-02
7.299699187278747559e-01
5.860371589660644531e-01
2.110224068164825439e-01
0.000000000000000000e+00
2.215923964977264404e-01
3.233825564384460449e-01
7.131891846656799316e-01
9.394763708114624023e-01
1.761597953736782074e-02
9.839739650487899780e-02
1.963748633861541748e-01
6.897690892219543457e-02
2.439490705728530884e-01
1.955792009830474854e-01
1.065227150917053223e+00
4.241614818572998047e+00
7.071398496627807617e-01
1.328267455101013184e-01
4.591728746891021729e-01
0.000000000000000000e+00
1.508940011262893677e-02
5.919923540204763412e-03
7.517770864069461823e-03
0.000000000000000000e+00
6.354687362909317017e-02
6.027241945266723633e-01
7.781393527984619141e-01
0.000000000000000000e+00
3.425383567810058594e-01
7.278878688812255859e-01
4.230339452624320984e-02
1.271005392074584961e+00
0.000000000000000000e+00
4.388203024864196777e-01
4.046927019953727722e-02
1.005474850535392761e-01
1.720345258712768555e+00
0.000000000000000000e+00
6.878620297356974334e-06
1.863692700862884521e-01
4.800472781062126160e-02
2.094907313585281372e-01
1.420674286782741547e-02
0.000000000000000000e+00
9.864143729209899902e-01
5.618644356727600098e-01
0.000000000000000000e+00
0.000000000000000000e+00
2.145575433969497681e-01
4.092006478458642960e-03
2.089718542993068695e-02
5.380768775939941406e-01
9.560235142707824707e-01
5.108132362365722656e-01
5.960866808891296387e-01
5.128988623619079590e-01
2.435550838708877563e-02
9.486488997936248779e-03
6.733036041259765625e-02
9.273812174797058105e-02
2.535590529441833496e-01
6.157186031341552734e-01
1.387296319007873535e-01
4.941383749246597290e-02
4.335466921329498291e-01
2.093488723039627075e-01
4.841609625145792961e-04
1.727245897054672241e-01
2.158883586525917053e-02
1.335748587734997272e-03
1.844768039882183075e-02
1.260202288627624512e+00
0.000000000000000000e+00
2.494321465492248535e-01
5.085140466690063477e-03
4.650323688983917236e-01
3.690980672836303711e-01
2.294158330187201500e-04
6.950312256813049316e-01
5.601185560226440430e-01
2.196361064910888672e+00
6.007169485092163086e-01
2.448916435241699219e-01
1.652443528175354004e+00
1.604525208473205566e+00
0.000000000000000000e+00
2.170078605413436890e-01
7.281019091606140137e-01
6.846580505371093750e-01
5.400072336196899414e-01
1.048106074333190918e+00
5.388549715280532837e-02
3.790592076256871223e-03
8.496340364217758179e-03
1.897334307432174683e-01
7.595659494400024414e-01
1.539101265370845795e-02
3.031392574310302734e+00
1.858979821205139160e+00
9.873705506324768066e-01
0.000000000000000000e+00
4.666952788829803467e-01
0.000000000000000000e+00
0.000000000000000000e+00
0.000000000000000000e+00
1.240386907011270523e-02
1.596287637948989868e-01
0.000000000000000000e+00
0.000000000000000000e+00
2.175829000771045685e-02
7.740782201290130615e-02
7.467895150184631348e-01
2.119885444641113281e+00
2.158704958856105804e-02
2.398920804262161255e-02
9.136919379234313965e-01
2.849530875682830811e-01
1.653933405876159668e+00
0.000000000000000000e+00
1.069278717041015625e-01
7.247732877731323242e-01
1.473276019096374512e-01
1.322971820831298828e+00
3.171171247959136963e-02
1.146543622016906738e+00
4.534505605697631836e-01
2.475670352578163147e-02
0.000000000000000000e+00
9.015691876411437988e-01
1.753165960311889648e+00
2.332487143576145172e-02
1.182567775249481201e-01
1.913664460182189941e+00
4.161785542964935303e-01
1.165536716580390930e-01
2.004864364862442017e-01
0.000000000000000000e+00
2.957240045070648193e-01
0.000000000000000000e+00
2.589854240417480469e+00
3.806335628032684326e-01
4.700219333171844482e-01
1.644316911697387695e+00
9.311059117317199707e-01
1.605982892215251923e-02
1.065850734710693359e+00
5.714023113250732422e-01
0.000000000000000000e+00
2.624009847640991211e-01
0.000000000000000000e+00
0.000000000000000000e+00
5.085972324013710022e-02
6.495898365974426270e-01
0.000000000000000000e+00
0.000000000000000000e+00
7.644648551940917969e-01
1.854825615882873535e+00
0.000000000000000000e+00
3.806705474853515625e-01
4.723097681999206543e-01
9.112303256988525391e-01
1.148432865738868713e-01
2.136659808456897736e-02
4.139724001288414001e-02
2.165761590003967285e-01
9.783188104629516602e-01
3.785855770111083984e-01
6.259485483169555664e-01
1.492604136466979980e+00
0.000000000000000000e+00
1.192842841148376465e+00
4.450637102127075195e-01
3.753128051757812500e-01
4.409028291702270508e-01
0.000000000000000000e+00
2.583626270294189453e+00
1.612975239753723145e+00
4.172506034374237061e-01
2.663790225982666016e+00
1.838029175996780396e-02
9.777193665504455566e-01
2.113595418632030487e-02
1.324363201856613159e-01
1.603688597679138184e-01
1.289644718170166016e+00
4.271783530712127686e-01
7.089695334434509277e-02
6.243092417716979980e-01
6.002699136734008789e-01
2.852336764335632324e-01
3.374477624893188477e+00
7.241209149360656738e-01
0.000000000000000000e+00
3.635196089744567871e-01
2.740986943244934082e-01
5.333625674247741699e-01
2.568569779396057129e-01
9.865816682577133179e-03
4.148292541503906250e-02
8.813240528106689453e-01
3.456658720970153809e-01
2.307140734046697617e-03
1.024143844842910767e-01
8.470563590526580811e-02
1.683464527130126953e+00
5.292483568191528320e-01
1.948228664696216583e-02
2.059047371149063110e-01
1.411591190844774246e-02
1.029647588729858398e-01
7.642809152603149414e-01
0.000000000000000000e+00
0.000000000000000000e+00
2.128734827041625977e+00
6.218162551522254944e-02
1.003508549183607101e-02
3.459208607673645020e-01
3.805775940418243408e-01
2.030932754278182983e-01
6.065594963729381561e-03
6.685474514961242676e-01
1.682116866111755371e+00
1.646903157234191895e+00
5.521323680877685547e-01
1.420233696699142456e-01
6.417856812477111816e-01
0.000000000000000000e+00
8.547869510948657990e-03
