2.139248847961425781e-01
8.353866636753082275e-03
1.678637415170669556e-01
3.113101243972778320e+00
1.877803355455398560e-01
3.051562607288360596e-01
5.098652243614196777e-01
2.165885210037231445e+00
6.011302471160888672e+00
7.958707809448242188e-01
1.451785117387771606e-01
1.059830427169799805e+00
4.582157358527183533e-02
6.397095918655395508e-01
1.488685607910156250e+00
8.448101282119750977e-01
7.727025747299194336e-01
1.504433751106262207e+00
4.193723797798156738e-01
1.959621347486972809e-02
7.249593734741210938e-01
5.446068476885557175e-03
3.243469297885894775e-01
2.890505790710449219e+00
1.454240758903324604e-03
0.000000000000000000e+00
0.000000000000000000e+00
1.278319716453552246e+00
2.525115311145782471e-01
2.870707027614116669e-02
8.555292338132858276e-02
0.000000000000000000e+00
4.872194230556488037e-01
4.910978078842163086e-01
3.467231988906860352e-01
1.628819942474365234e+00
4.993389248847961426e-01
2.138710319995880127e-01
1.003634110093116760e-01
3.704264760017395020e-01
1.404101848602294922e-01
4.466215614229440689e-04
4.911007583141326904e-01
2.905946969985961914e+00
3.757238388061523438e-01
7.058396339416503906e-01
9.751353412866592407e-02
5.355571508407592773e-01
0.000000000000000000e+00
1.037847995758056641e+00
2.457301139831542969e+00
0.000000000000000000e+00
1.660305738449096680e+00
1.663521677255630493e-02
7.447545528411865234e-01
3.218622412532567978e-03
2.796035259962081909e-02
3.489863127470016479e-02
2.730822086334228516e+00
4.573294818401336670e-01
5.640042573213577271e-02
3.631811356171965599e-03
4.146793391555547714e-03
8.376874327659606934e-01
1.023874640464782715e+00
5.661507844924926758e-01
1.218236312270164490e-01
2.182816416025161743e-01
4.076609313488006592e-01
6.012963056564331055e-01
0.000000000000000000e+00
7.208932191133499146e-02
1.961402148008346558e-01
5.387468934059143066e-01
7.686745524406433105e-01
1.725016832351684570e+00
9.239279665052890778e-03
5.343357324600219727e-01
9.769529849290847778e-02
5.999128818511962891e-01
6.488089263439178467e-02
7.692505717277526855e-01
2.728136062622070312e+00
3.862330317497253418e-02
1.290223240852355957e+00
1.757799685001373291e-01
1.396855354309082031e+00
1.492687165737152100e-01
4.218403995037078857e-01
1.099628806114196777e-01
0.000000000000000000e+00
5.609147483482956886e-04
9.795616567134857178e-02
0.000000000000000000e+00
1.013086199760437012e+00
6.680983304977416992e-01
2.238520532846450806e-01
4.062331616878509521e-01
9.142349660396575928e-02
8.856877684593200684e-02
0.000000000000000000e+00
3.494249284267425537e-01
8.154172450304031372e-02
1.243148922920227051e+00
2.310713529586791992e+00
5.526870116591453552e-02
6.790987253189086914e-01
9.902160614728927612e-02
1.756653189659118652e-01
9.240964800119400024e-02
1.287562489509582520e+00
8.246263489127159119e-03
3.255925774574279785e-01
5.109453201293945312e-02
2.859731018543243408e-01
6.561827659606933594e-02
1.274758875370025635e-01
2.563436329364776611e-01
3.310902714729309082e-01
1.916562438011169434e+00
1.657305598258972168e+00
1.403447538614273071e-01
4.212516173720359802e-02
1.169046163558959961e+00
3.594775199890136719e-01
2.368013113737106323e-01
1.644058735109865665e-03
7.345516085624694824e-01
9.199962615966796875e-01
1.049639806151390076e-01
7.015942782163619995e-02
4.274799525737762451e-01
8.706770092248916626e-02
7.994303107261657715e-02
7.748708724975585938e-01
3.877902403473854065e-02
1.719646602869033813e-01
4.426409721374511719e+00
0.000000000000000000e+00
0.000000000000000000e+00
6.759657710790634155e-02
5.386322736740112305e-02
1.240617394447326660e+00
1.356453914195299149e-02
1.771666109561920166e-01
3.453987836837768555e-01
3.773728013038635254e-01
6.609551310539245605e-01
1.236628770828247070e+00
8.694210648536682129e-02
4.555299758911132812e+00
1.958414614200592041e-01
7.925517857074737549e-02
4.252471923828125000e-01
8.109062910079956055e-01
5.930165648460388184e-01
8.975235372781753540e-02
3.805585950613021851e-02
1.902175903320312500e+00
6.934270262718200684e-02
2.682149410247802734e-02
8.386518955230712891e-01
2.726706564426422119e-01
1.742948740720748901e-01
2.190331928431987762e-02
5.420961976051330566e-01
6.583474576473236084e-03
0.000000000000000000e+00
3.543694615364074707e-01
1.125927209854125977e+00
4.947112873196601868e-02
6.571180820465087891e-01
2.260440960526466370e-02
1.093435734510421753e-01
5.464180111885070801e-01
6.191627025604248047e+00
0.000000000000000000e+00
1.178206410259008408e-02
9.405612945556640625e-02
5.658048670738935471e-03
0.000000000000000000e+00
1.515838410705327988e-02
5.010301619768142700e-02
2.787256002426147461e+00
3.443585038185119629e-01
0.000000000000000000e+00
7.337386161088943481e-02
4.040914401412010193e-02
0.000000000000000000e+00
0.000000000000000000e+00
0.000000000000000000e+00
0.000000000000000000e+00
9.157191514968872070e-01
2.028732299804687500e-01
8.966329097747802734e-01
4.035432636737823486e-01
9.245795011520385742e-01
2.056964337825775146e-01
2.806355059146881104e-01
5.414401292800903320e-01
7.113599777221679688e-01
5.063215494155883789e-01
2.566896378993988037e-01
7.014448642730712891e-01
4.690575972199440002e-02
1.578800566494464874e-02
1.111245274543762207e+00
3.445413336157798767e-02
1.962029188871383667e-01
1.219882607460021973e+00
7.008307427167892456e-02
3.446404635906219482e-01
1.802228391170501709e-01
2.131053209304809570e-01
4.984717369079589844e-01
4.112185835838317871e-01
9.326642751693725586e-02
2.986651360988616943e-01
1.349775791168212891e+00
5.384957790374755859e-01
0.000000000000000000e+00
2.278257459402084351e-01
6.150528192520141602e-01
2.040367200970649719e-02
4.824023544788360596e-01
0.000000000000000000e+00
2.100736945867538452e-01
5.753143429756164551e-01
0.000000000000000000e+00
1.633170992136001587e-01
3.002724610269069672e-02
1.644715666770935059e-01
1.168139338493347168e+00
1.019536972045898438e+00
2.287953346967697144e-01
4.427406191825866699e-01
2.372851610183715820e+00
7.481190562248229980e-01
0.000000000000000000e+00
8.470705747604370117e-01
2.303271144628524780e-01
3.958169370889663696e-02
6.123940944671630859e-01
2.199459791183471680e+00
9.339241981506347656e-01
2.200559228658676147e-01
6.516879200935363770e-01
0.000000000000000000e+00
1.798970103263854980e+00
1.276327073574066162e-01
1.310355067253112793e-01
8.232470154762268066e-01
1.218403782695531845e-02
1.015803456306457520e+00
9.277646541595458984e-01
0.000000000000000000e+00
3.915378823876380920e-02
0.000000000000000000e+00
5.231134220957756042e-02
3.245353102684020996e-01
1.227951765060424805e+00
3.521893545985221863e-02
0.000000000000000000e+00
1.614584624767303467e-01
0.000000000000000000e+00
1.969710737466812134e-02
5.444826483726501465e-01
5.596636328846216202e-03
7.238160073757171631e-02
3.007474839687347412e-01
7.750089764595031738e-01
1.108883395791053772e-01
3.505362868309020996e-01
2.914361357688903809e-01
8.395544439554214478e-02
5.469108223915100098e-01
2.871436476707458496e-01
1.220756411552429199e+00
6.166905164718627930e-01
1.262693479657173157e-02
1.737740822136402130e-02
5.393590331077575684e-01
2.008429765701293945e-01
7.075209170579910278e-03
7.481114268302917480e-01
2.667086124420166016e-01
5.620284676551818848e-01
4.390321671962738037e-02
8.867829293012619019e-02
4.356627911329269409e-02
9.633373022079467773e-01
4.945763945579528809e-01
2.457094490528106689e-01
3.205324755981564522e-03
4.049008339643478394e-02
1.608954966068267822e-01
8.538335561752319336e-02
3.176758587360382080e-01
4.402009844779968262e-01
3.899185657501220703e+00
9.661902189254760742e-01
9.916208684444427490e-02
4.857952892780303955e-01
0.000000000000000000e+00
1.540866121649742126e-02
2.728728577494621277e-02
2.732402831315994263e-02
0.000000000000000000e+00
3.100440464913845062e-02
2.045881599187850952e-01
5.047231912612915039e-01
1.210006070323288441e-03
1.352464258670806885e-01
3.881290256977081299e-01
0.000000000000000000e+00
5.219506621360778809e-01
0.000000000000000000e+00
2.950390875339508057e-01
9.655543416738510132e-02
1.529491990804672241e-01
1.134053587913513184e+00
0.000000000000000000e+00
1.874724286608397961e-03
1.608357727527618408e-01
0.000000000000000000e+00
2.473217248916625977e-01
1.812201738357543945e-01
0.000000000000000000e+00
6.621679067611694336e-01
5.021038055419921875e-01
0.000000000000000000e+00
0.000000000000000000e+00
9.393693506717681885e-02
7.429062388837337494e-03
9.463068097829818726e-02
3.381688594818115234e-01
1.509048104286193848e+00
4.874916672706604004e-01
1.513135582208633423e-01
5.745143890380859375e-01
0.000000000000000000e+00
2.251210995018482208e-02
5.261234473437070847e-03
1.168813258409500122e-01
4.701318442821502686e-01
5.106749534606933594e-01
9.548449516296386719e-02
1.440248888684436679e-04
1.610861122608184814e-01
3.536953330039978027e-01
8.991919457912445068e-03
8.144792169332504272e-02
1.269757514819502831e-03
1.536827767267823219e-03
4.163688048720359802e-03
6.804326176643371582e-01
0.000000000000000000e+00
2.557536400854587555e-02
5.647168960422277451e-03
2.099040448665618896e-01
8.166730999946594238e-01
3.621841967105865479e-02
5.828884840011596680e-01
1.972475349903106689e-01
1.268602252006530762e+00
1.187212347984313965e+00
5.244738459587097168e-01
1.402967095375061035e+00
8.960002064704895020e-01
0.000000000000000000e+00
9.085954166948795319e-03
6.530154943466186523e-01
3.028707504272460938e-01
7.265998721122741699e-01
6.347504854202270508e-01
1.302662398666143417e-02
3.521012887358665466e-02
6.709580309689044952e-03
4.543937370181083679e-02
8.585029840469360352e-01
4.647307395935058594e-01
3.522496938705444336e+00
1.395709276199340820e+00
2.335668951272964478e-01
2.682783175259828568e-03
8.765522241592407227e-01
1.004313956946134567e-02
0.000000000000000000e+00
0.000000000000000000e+00
0.000000000000000000e+00
1.494137048721313477e-01
1.743049547076225281e-02
0.000000000000000000e+00
9.443957358598709106e-02
3.219007551670074463e-01
5.002638101577758789e-01
1.553212165832519531e+00
4.458524286746978760e-02
1.197333633899688721e-01
5.333037376403808594e-01
3.335999324917793274e-02
6.493337154388427734e-01
0.000000000000000000e+00
1.114297360181808472e-01
1.074211478233337402e+00
1.268418878316879272e-01
1.282436728477478027e+00
1.538430750370025635e-01
9.080430269241333008e-01
4.307641685009002686e-01
4.512000083923339844e-01
3.124673478305339813e-02
5.616909861564636230e-01
1.497329711914062500e+00
3.240658715367317200e-02
9.941925294697284698e-03
1.387750983238220215e+00
2.457704842090606689e-01
2.095054090023040771e-01
2.481284588575363159e-01
2.510934770107269287e-01
3.673584163188934326e-01
0.000000000000000000e+00
1.717814207077026367e+00
2.866443097591400146e-01
4.664014875888824463e-01
1.447045803070068359e+00
1.560593247413635254e+00
1.399517245590686798e-02
1.211003780364990234e+00
5.437749996781349182e-02
6.212621927261352539e-03
9.912773966789245605e-03
7.355541456490755081e-03
0.000000000000000000e+00
6.379703432321548462e-02
2.804700732231140137e-01
0.000000000000000000e+00
0.000000000000000000e+00
3.258397579193115234e-01
1.205283761024475098e+00
0.000000000000000000e+00
1.359707117080688477e-01
2.444254159927368164e-01
5.863174200057983398e-01
1.916804164648056030e-02
2.092479960992932320e-03
3.593870438635349274e-03
2.290429174900054932e-01
5.381804108619689941e-01
4.026933610439300537e-01
1.763879805803298950e-01
8.961029052734375000e-01
0.000000000000000000e+00
1.042277216911315918e+00
2.887192964553833008e-01
8.093481510877609253e-02
2.763421237468719482e-01
0.000000000000000000e+00
1.025005698204040527e+00
1.247377634048461914e+00
2.524195909500122070e-01
2.505224943161010742e+00
8.267135918140411377e-02
4.459108114242553711e-01
6.080637499690055847e-02
2.113811075687408447e-01
3.043924868106842041e-01
1.074758529663085938e+00
5.295935273170471191e-01
8.510632440447807312e-03
1.232374161481857300e-01
1.402315050363540649e-01
6.062597408890724182e-02
2.080283641815185547e+00
3.076063692569732666e-01
0.000000000000000000e+00
2.112322449684143066e-01
6.335334479808807373e-02
4.510213136672973633e-01
6.178935244679450989e-02
2.073241630569100380e-03
1.023838948458433151e-02
4.109144806861877441e-01
4.988257288932800293e-01
2.567580714821815491e-02
1.997917145490646362e-01
9.618137776851654053e-02
1.787161827087402344e+00
2.731588855385780334e-02
0.000000000000000000e+00
2.400863766670227051e-01
2.069743722677230835e-02
1.789717525243759155e-01
4.477985799312591553e-01
3.471205383539199829e-02
1.535515859723091125e-02
1.487599611282348633e+00
5.840548872947692871e-02
2.059396123513579369e-03
3.629015684127807617e-01
5.109268426895141602e-01
3.968756794929504395e-01
2.283513545989990234e-01
9.544835686683654785e-01
1.716179609298706055e+00
1.871972680091857910e+00
2.382957190275192261e-01
1.451037079095840454e-01
3.018522262573242188e-01
0.000000000000000000e+00
5.766823422163724899e-03
