9.545047581195831299e-02
0.000000000000000000e+00
2.488192319869995117e-01
3.062204122543334961e+00
6.993598937988281250e-01
2.337810695171356201e-01
4.096074700355529785e-01
3.524337291717529297e+00
6.883329391479492188e+00
6.152600049972534180e-01
2.266195416450500488e-01
1.706722021102905273e+00
1.605406701564788818e-01
1.208334445953369141e+00
2.722792863845825195e+00
1.444484710693359375e+00
9.839980006217956543e-01
1.324849009513854980e+00
1.710466623306274414e+00
1.803966462612152100e-01
2.058661699295043945e+00
1.984556764364242554e-02
7.719942331314086914e-01
4.148364067077636719e+00
1.330694258213043213e-01
1.085268706083297729e-02
2.382451295852661133e-02
2.536042451858520508e+00
2.596111297607421875e-01
1.096743345260620117e-02
8.966967463493347168e-03
2.583971433341503143e-02
6.778210997581481934e-01
2.842789888381958008e-01
3.385276794433593750e-01
2.343474626541137695e+00
2.647009491920471191e-01
7.377602458000183105e-01
2.324999123811721802e-01
4.249832034111022949e-01
6.594626605510711670e-02
4.316406697034835815e-02
1.133675336837768555e+00
3.955209493637084961e+00
3.915093541145324707e-01
1.361017584800720215e+00
0.000000000000000000e+00
7.070585489273071289e-01
7.605599239468574524e-03
9.831746816635131836e-01
1.955136299133300781e+00
0.000000000000000000e+00
1.496509075164794922e+00
3.918801993131637573e-02
9.375656843185424805e-01
5.799357891082763672e-01
4.660938680171966553e-01
2.879025705624371767e-04
2.359891176223754883e+00
1.551387608051300049e-01
1.723436564207077026e-01
8.149053901433944702e-02
3.423196375370025635e-01
1.180355787277221680e+00
7.721468210220336914e-01
5.058959722518920898e-01
9.481255710124969482e-02
3.701554834842681885e-01
7.615530490875244141e-01
1.249809622764587402e+00
0.000000000000000000e+00
1.735564135015010834e-02
3.254957869648933411e-02
6.876614689826965332e-01
4.519092440605163574e-01
9.993513226509094238e-01
1.903794333338737488e-02
1.029579281806945801e+00
6.889799237251281738e-01
5.558540225028991699e-01
2.482611089944839478e-01
2.781479358673095703e-01
1.584843516349792480e+00
4.954676702618598938e-02
1.479384779930114746e+00
3.202618658542633057e-01
5.645414590835571289e-01
2.331798151135444641e-02
9.939923882484436035e-01
1.676142215728759766e-02
1.669802516698837280e-02
2.267401432618498802e-03
5.354686081409454346e-02
0.000000000000000000e+00
8.952524662017822266e-01
3.082996979355812073e-02
7.089818716049194336e-01
8.927488923072814941e-01
1.629487425088882446e-02
5.132792145013809204e-02
0.000000000000000000e+00
3.555137813091278076e-01
7.299141585826873779e-02
2.083209037780761719e+00
1.781345844268798828e+00
2.289380878210067749e-02
1.079570412635803223e+00
2.613729834556579590e-01
8.575724065303802490e-02
7.940743565559387207e-01
1.061748743057250977e+00
1.747220605611801147e-01
8.447998762130737305e-01
1.784763485193252563e-01
2.763436436653137207e-01
2.141800671815872192e-01
2.063762396574020386e-02
6.394331902265548706e-02
1.840581297874450684e-01
1.561559200286865234e+00
3.047004222869873047e+00
1.250191032886505127e-01
4.629124887287616730e-03
1.804523468017578125e+00
8.514615893363952637e-01
1.831519007682800293e-01
0.000000000000000000e+00
5.852552652359008789e-01
2.072470664978027344e+00
1.050753667950630188e-01
1.829023510217666626e-01
6.379628777503967285e-01
8.293163180351257324e-01
2.038026303052902222e-01
1.732690781354904175e-01
1.194851696491241455e-01
3.795032501220703125e-01
3.794424772262573242e+00
0.000000000000000000e+00
2.735642483457922935e-03
2.927062213420867920e-01
1.558887064456939697e-01
7.958956360816955566e-01
9.400089085102081299e-02
4.033934473991394043e-01
5.481992959976196289e-01
9.976180791854858398e-01
3.659999072551727295e-01
1.550701141357421875e+00
4.972549155354499817e-02
4.545231342315673828e+00
3.448520600795745850e-01
9.659799188375473022e-02
1.559801995754241943e-01
1.569470167160034180e+00
1.015457153320312500e+00
4.563976824283599854e-01
2.242809236049652100e-01
1.773532748222351074e+00
2.904954254627227783e-01
5.049256086349487305e-01
6.205349564552307129e-01
2.549281716346740723e-01
9.474090300500392914e-03
1.277617514133453369e-01
3.236549496650695801e-01
0.000000000000000000e+00
0.000000000000000000e+00
4.853541553020477295e-01
1.994473814964294434e+00
4.890259504318237305e-01
7.893158793449401855e-01
6.358702480792999268e-02
2.775291502475738525e-01
3.934326171875000000e-01
5.961119651794433594e+00
3.767576441168785095e-02
3.684769384562969208e-03
5.489462986588478088e-02
7.253994792699813843e-02
0.000000000000000000e+00
9.284661151468753815e-03
9.575796313583850861e-03
3.303086757659912109e+00
3.803355246782302856e-02
1.329269912093877792e-02
2.646181918680667877e-02
1.110550045967102051e+00
0.000000000000000000e+00
2.259976929053664207e-03
7.780525367707014084e-03
3.503147140145301819e-02
9.732303023338317871e-01
1.992017924785614014e-01
6.736344099044799805e-01
7.391766905784606934e-01
1.014622449874877930e+00
1.084195747971534729e-01
9.483150392770767212e-02
4.469373822212219238e-01
1.586972594261169434e+00
7.484437227249145508e-01
1.014403179287910461e-01
4.635240435600280762e-01
6.364285014569759369e-03
0.000000000000000000e+00
2.078977346420288086e+00
0.000000000000000000e+00
2.867660485208034515e-03
1.553481221199035645e+00
4.136556088924407959e-01
1.942859739065170288e-01
3.988195061683654785e-01
4.712378978729248047e-01
1.137227892875671387e+00
8.669861555099487305e-01
3.324969410896301270e-01
3.691172599792480469e-01
2.150312662124633789e+00
6.862317919731140137e-01
1.111589465290307999e-02
5.573449134826660156e-01
9.501141905784606934e-01
6.948772817850112915e-02
4.679024219512939453e-01
0.000000000000000000e+00
1.010598465800285339e-01
6.351863145828247070e-01
0.000000000000000000e+00
1.882789134979248047e-01
7.936761528253555298e-02
7.071977853775024414e-02
1.715505480766296387e+00
8.521006107330322266e-01
1.329922556877136230e+00
5.999681949615478516e-01
2.297717809677124023e+00
1.135484457015991211e+00
0.000000000000000000e+00
5.863140225410461426e-01
5.518555641174316406e-02
2.165210098028182983e-01
3.674686551094055176e-01
2.290470838546752930e+00
8.029529452323913574e-01
1.757133007049560547e-02
5.946900248527526855e-01
0.000000000000000000e+00
2.170621871948242188e+00
4.784388542175292969e-01
6.684212386608123779e-02
1.023445725440979004e+00
9.776934236288070679e-02
3.299378454685211182e-01
1.187656641006469727e+00
2.071076072752475739e-02
2.139664627611637115e-02
0.000000000000000000e+00
1.103963702917098999e-01
2.688743472099304199e-01
1.363962531089782715e+00
9.666847437620162964e-02
9.546178579330444336e-02
0.000000000000000000e+00
0.000000000000000000e+00
5.900152325630187988e-01
1.312260866165161133e+00
1.471341028809547424e-02
8.822170644998550415e-02
6.335447430610656738e-01
1.312491774559020996e+00
2.046118024736642838e-03
4.575801789760589600e-01
7.834898829460144043e-01
7.268654555082321167e-02
5.975492596626281738e-01
3.893144130706787109e-01
7.806864976882934570e-01
1.199135541915893555e+00
5.705631375312805176e-01
1.456901337951421738e-02
7.900294065475463867e-01
1.850306391716003418e-01
7.640029769390821457e-03
6.254959702491760254e-01
7.353948354721069336e-01
3.197516798973083496e-01
1.968265622854232788e-01
2.587099671363830566e-01
3.479968383908271790e-02
1.373401165008544922e+00
6.776837706565856934e-01
5.297642946243286133e-01
1.135546639561653137e-01
4.149015992879867554e-02
5.593112111091613770e-01
4.787222445011138916e-01
2.601486146450042725e-01
8.068707585334777832e-01
4.553394317626953125e+00
1.243609786033630371e+00
3.762485980987548828e-01
3.265869319438934326e-01
1.664344817399978638e-01
8.022069185972213745e-02
0.000000000000000000e+00
8.035204955376684666e-04
0.000000000000000000e+00
6.840961426496505737e-02
1.140472739934921265e-01
9.315088987350463867e-01
8.184396475553512573e-02
1.518726050853729248e-01
5.732239484786987305e-01
0.000000000000000000e+00
1.246705293655395508e+00
0.000000000000000000e+00
2.900589704513549805e-01
2.241401970386505127e-01
1.731750182807445526e-02
1.715094089508056641e+00
0.000000000000000000e+00
1.089335232973098755e-01
4.986185133457183838e-01
3.018645802512764931e-03
5.400065705180168152e-02
2.426509410142898560e-01
0.000000000000000000e+00
8.892108798027038574e-01
5.080784559249877930e-01
0.000000000000000000e+00
0.000000000000000000e+00
1.535872817039489746e-01
4.307367373257875443e-03
0.000000000000000000e+00
3.345811367034912109e-01
1.501701354980468750e+00
1.286108136177062988e+00
7.163356542587280273e-01
2.534276843070983887e-01
1.559111103415489197e-02
1.512656211853027344e-01
4.476787149906158447e-02
6.100396066904067993e-02
5.992931127548217773e-01
1.077595710754394531e+00
4.332376122474670410e-01
4.803270101547241211e-02
4.543929994106292725e-01
6.616069078445434570e-01
3.671348094940185547e-02
3.499509394168853760e-01
9.037410467863082886e-02
9.817424230277538300e-03
9.818585216999053955e-02
1.021400570869445801e+00
0.000000000000000000e+00
1.284000724554061890e-01
2.489914372563362122e-02
3.059815764427185059e-01
1.222031593322753906e+00
1.097931017284281552e-04
6.167552471160888672e-01
5.202534794807434082e-01
1.251062750816345215e+00
6.843900084495544434e-01
4.220481812953948975e-01
2.101127624511718750e+00
2.469748735427856445e+00
6.293797399848699570e-03
2.873851060867309570e-01
8.536426424980163574e-01
3.993135392665863037e-01
3.832887709140777588e-01
1.085226416587829590e+00
1.765896752476692200e-02
2.305108308792114258e-01
6.181421130895614624e-02
2.201979607343673706e-02
5.738275051116943359e-01
6.124745011329650879e-01
2.568699598312377930e+00
1.631401777267456055e+00
5.639757513999938965e-01
0.000000000000000000e+00
7.094330787658691406e-01
0.000000000000000000e+00
0.000000000000000000e+00
0.000000000000000000e+00
7.398471236228942871e-02
2.470894753932952881e-01
2.202611044049263000e-02
1.657856442034244537e-02
9.332196414470672607e-02
4.547586292028427124e-02
3.349297046661376953e-01
2.935482263565063477e+00
5.287756025791168213e-02
3.994537889957427979e-02
5.604962110519409180e-01
5.487962961196899414e-01
1.088695168495178223e+00
0.000000000000000000e+00
3.920447528362274170e-01
8.869219422340393066e-01
2.341872546821832657e-03
9.732618927955627441e-01
7.993027567863464355e-02
1.234356522560119629e+00
2.113919332623481750e-02
1.456549018621444702e-01
2.977660484611988068e-02
5.467482209205627441e-01
2.014272212982177734e+00
1.976575553417205811e-01
7.053921818733215332e-01
2.447070837020874023e+00
2.822147607803344727e-01
4.519459903240203857e-01
1.476014703512191772e-01
4.110549017786979675e-02
6.423304080963134766e-01
0.000000000000000000e+00
2.756340503692626953e+00
7.938350439071655273e-01
1.976184099912643433e-01
1.203171253204345703e+00
1.037938237190246582e+00
6.605479866266250610e-02
8.811708092689514160e-01
2.296429127454757690e-02
2.306547388434410095e-02
9.113153070211410522e-02
1.545285135507583618e-01
3.487824648618698120e-02
1.249560862779617310e-01
3.706685900688171387e-01
6.638334598392248154e-03
4.143618978559970856e-03
7.974660396575927734e-01
2.375124454498291016e+00
0.000000000000000000e+00
2.797160446643829346e-01
5.942098498344421387e-01
1.038836956024169922e+00
8.762973360717296600e-03
7.023792713880538940e-02
7.519823312759399414e-02
5.809409022331237793e-01
5.802250504493713379e-01
4.381693601608276367e-01
6.518059372901916504e-01
2.123711585998535156e+00
3.435191174503415823e-04
1.180334210395812988e+00
3.359163105487823486e-01
3.380185961723327637e-01
7.362078130245208740e-02
0.000000000000000000e+00
2.676684379577636719e+00
1.968743681907653809e+00
2.375947237014770508e-01
3.403370380401611328e+00
6.058154627680778503e-03
1.002742528915405273e+00
1.597939580678939819e-01
2.718102931976318359e-01
6.054919958114624023e-01
1.039131045341491699e+00
7.923834323883056641e-01
1.170147862285375595e-02
5.866096019744873047e-01
4.110972955822944641e-02
3.899495899677276611e-01
4.005601406097412109e+00
6.110168695449829102e-01
4.914809484034776688e-03
5.424772500991821289e-01
2.749406695365905762e-01
8.348936438560485840e-01
4.699188470840454102e-01
1.305256634950637817e-01
6.962516158819198608e-02
1.355449438095092773e+00
8.747804164886474609e-01
1.136527396738529205e-03
7.880271226167678833e-02
1.959080100059509277e-01
1.699970126152038574e+00
4.257383346557617188e-01
2.019192092120647430e-02
9.756488353013992310e-02
2.979604899883270264e-02
2.398980110883712769e-01
5.542660951614379883e-01
4.547915607690811157e-02
0.000000000000000000e+00
1.654249668121337891e+00
4.565121233463287354e-01
0.000000000000000000e+00
1.058216333389282227e+00
1.369447588920593262e+00
2.726932466030120850e-01
3.187668919563293457e-01
1.146161079406738281e+00
1.493043065071105957e+00
1.713423728942871094e+00
4.590834379196166992e-01
1.442919136025011539e-03
1.835015565156936646e-01
0.000000000000000000e+00
0.000000000000000000e+00
