4.910955429077148438e-01
1.072073122486472130e-03
3.076798021793365479e-01
3.002312660217285156e+00
2.237609475851058960e-01
1.962516158819198608e-01
5.443694591522216797e-01
2.895031213760375977e+00
6.521333694458007812e+00
9.269058704376220703e-01
5.863754078745841980e-02
1.352367043495178223e+00
0.000000000000000000e+00
9.273132085800170898e-01
1.536681771278381348e+00
1.243461370468139648e+00
6.577846407890319824e-01
1.380180478096008301e+00
4.750264883041381836e-01
5.229735746979713440e-03
5.479363203048706055e-01
0.000000000000000000e+00
2.775457799434661865e-01
2.499474048614501953e+00
3.136911243200302124e-02
3.240966796875000000e-02
0.000000000000000000e+00
1.280674219131469727e+00
8.770596235990524292e-02
9.366811253130435944e-03
1.763908006250858307e-02
1.707184612751007080e-01
2.822102904319763184e-01
7.854181528091430664e-01
4.981206655502319336e-01
1.899411201477050781e+00
3.066028356552124023e-01
2.640691101551055908e-01
1.542722284793853760e-01
5.279772877693176270e-01
2.622064352035522461e-01
6.638134270906448364e-02
1.068034172058105469e+00
2.646515369415283203e+00
6.164429187774658203e-01
1.188253760337829590e+00
1.048919111490249634e-01
5.651066899299621582e-01
2.340229600667953491e-02
1.085055828094482422e+00
2.508207798004150391e+00
1.234798226505517960e-02
1.156472444534301758e+00
3.664432466030120850e-02
1.445642232894897461e+00
2.463334240019321442e-03
1.264940295368432999e-02
0.000000000000000000e+00
3.041735410690307617e+00
4.420113861560821533e-01
8.429970592260360718e-02
0.000000000000000000e+00
2.479811310768127441e-01
1.366331934928894043e+00
1.164626002311706543e+00
6.462959051132202148e-01
2.141074836254119873e-01
5.626713633537292480e-01
4.502729475498199463e-01
9.747879505157470703e-01
0.000000000000000000e+00
3.129199445247650146e-01
2.128331549465656281e-02
7.686635851860046387e-01
3.866328001022338867e-01
1.919298052787780762e+00
1.629753969609737396e-03
3.499240875244140625e-01
2.090965956449508667e-01
5.351983308792114258e-01
9.290985763072967529e-02
8.038636445999145508e-01
3.162260055541992188e+00
3.750639734789729118e-03
1.392222166061401367e+00
9.602802246809005737e-02
2.084862709045410156e+00
1.571394056081771851e-01
8.707588315010070801e-01
5.204300954937934875e-02
1.227910909801721573e-02
1.455175429582595825e-01
2.530179172754287720e-02
0.000000000000000000e+00
1.635264515876770020e+00
8.957663178443908691e-01
5.129352211952209473e-01
1.361475706100463867e+00
7.334206253290176392e-02
1.278350800275802612e-01
0.000000000000000000e+00
3.268510401248931885e-01
1.896129548549652100e-01
1.379850745201110840e+00
2.175973653793334961e+00
9.945584833621978760e-02
1.172800302505493164e+00
5.059536099433898926e-01
3.655808866024017334e-01
2.732260525226593018e-01
1.727155089378356934e+00
1.662253290414810181e-01
2.395455688238143921e-01
8.937407284975051880e-02
1.334017962217330933e-01
1.185995489358901978e-01
8.640947192907333374e-02
4.124797880649566650e-01
4.522318840026855469e-01
2.144079685211181641e+00
1.207760334014892578e+00
4.135875999927520752e-01
3.883008658885955811e-02
1.479653000831604004e+00
6.370152831077575684e-01
3.981155753135681152e-01
0.000000000000000000e+00
3.214589953422546387e-01
1.193753600120544434e+00
2.104645371437072754e-01
1.741901636123657227e-01
9.392790198326110840e-01
3.193868994712829590e-01
1.074588745832443237e-01
2.270573228597640991e-01
0.000000000000000000e+00
1.712086945772171021e-01
4.304254531860351562e+00
0.000000000000000000e+00
1.397636234760284424e-01
1.319444328546524048e-01
3.168340399861335754e-02
1.234660506248474121e+00
5.855673924088478088e-02
6.017544865608215332e-02
7.140539884567260742e-01
8.022418022155761719e-01
5.915773510932922363e-01
1.264813780784606934e+00
4.570657610893249512e-01
3.962886095046997070e+00
2.996582686901092529e-01
1.052453070878982544e-01
2.759505212306976318e-01
1.125037193298339844e+00
6.228469610214233398e-01
9.778427332639694214e-02
7.135939598083496094e-02
2.137205600738525391e+00
6.066246703267097473e-02
1.185562014579772949e-01
1.209454536437988281e+00
1.476876884698867798e-01
6.467577815055847168e-02
2.163665890693664551e-01
2.713474929332733154e-01
0.000000000000000000e+00
0.000000000000000000e+00
3.647300004959106445e-01
1.385484814643859863e+00
1.617588549852371216e-01
5.065186023712158203e-01
1.569015905261039734e-02
2.353647947311401367e-01
5.472233891487121582e-01
7.016060829162597656e+00
0.000000000000000000e+00
4.567852616310119629e-02
4.435221552848815918e-01
6.341601163148880005e-02
0.000000000000000000e+00
5.016696453094482422e-02
3.038945980370044708e-02
2.638679265975952148e+00
2.273647934198379517e-01
0.000000000000000000e+00
2.043458260595798492e-02
8.243001103401184082e-01
2.165697328746318817e-02
1.252427883446216583e-02
0.000000000000000000e+00
7.225085049867630005e-02
1.382817625999450684e+00
6.022901535034179688e-01
3.643154203891754150e-01
2.538822889328002930e-01
9.327982664108276367e-01
2.874794006347656250e-01
4.100385308265686035e-01
3.159767389297485352e-01
1.378550171852111816e+00
5.377771854400634766e-01
4.198661148548126221e-01
6.426103711128234863e-01
1.419774293899536133e-01
6.661155726760625839e-03
8.772235512733459473e-01
5.055684223771095276e-02
1.736000180244445801e-01
1.302644133567810059e+00
3.056914508342742920e-01
2.190627157688140869e-01
5.056963860988616943e-02
8.954004943370819092e-02
1.587334424257278442e-01
6.098271608352661133e-01
1.655319333076477051e-01
6.542644500732421875e-01
1.819534063339233398e+00
6.356675028800964355e-01
1.185318306088447571e-01
1.631599515676498413e-01
4.169432520866394043e-01
1.086606383323669434e-01
4.576664268970489502e-01
8.702496066689491272e-03
1.779994368553161621e-01
6.634873151779174805e-01
0.000000000000000000e+00
1.122867763042449951e-01
2.891856431961059570e-01
4.616349637508392334e-01
1.724837779998779297e+00
1.313107490539550781e+00
6.703928709030151367e-01
2.001203596591949463e-01
1.749719500541687012e+00
7.680826783180236816e-01
1.974609307944774628e-02
1.209413409233093262e+00
3.069397509098052979e-01
1.316136098466813564e-03
1.597746163606643677e-01
2.489769458770751953e+00
7.562437057495117188e-01
5.971150472760200500e-02
5.165735483169555664e-01
0.000000000000000000e+00
2.350835323333740234e+00
2.051798850297927856e-01
2.474340647459030151e-01
6.608584523200988770e-01
1.840427070856094360e-01
7.508975863456726074e-01
8.543488383293151855e-01
2.030541300773620605e-01
1.049508247524499893e-02
8.627265691757202148e-03
3.933912143111228943e-02
8.347889408469200134e-03
1.174707531929016113e+00
9.455945342779159546e-03
1.234870478510856628e-01
6.996928900480270386e-02
0.000000000000000000e+00
3.035809472203254700e-02
9.163638949394226074e-01
1.106236800551414490e-01
5.602228641510009766e-02
1.852596551179885864e-01
9.691621065139770508e-01
9.230099618434906006e-02
9.242889285087585449e-01
3.837852478027343750e-01
7.360341548919677734e-01
2.660448551177978516e-01
3.544320762157440186e-01
7.087621688842773438e-01
4.865626096725463867e-01
9.524812549352645874e-02
7.384605240076780319e-03
9.822644591331481934e-01
2.265802212059497833e-02
2.325393259525299072e-02
2.621095180511474609e-01
5.416948795318603516e-01
4.432447254657745361e-01
9.874209016561508179e-02
3.390326723456382751e-02
8.821249753236770630e-02
6.895617842674255371e-01
9.732362031936645508e-01
2.551984488964080811e-01
5.878835543990135193e-02
1.040410175919532776e-01
2.092213630676269531e-01
2.842534780502319336e-01
6.649513244628906250e-01
7.018832564353942871e-01
3.889634609222412109e+00
9.320068955421447754e-01
1.365568786859512329e-01
6.432954668998718262e-01
0.000000000000000000e+00
7.649182341992855072e-03
1.080083549022674561e-01
3.866980597376823425e-02
0.000000000000000000e+00
2.802562341094017029e-02
7.730792760848999023e-01
1.968484967947006226e-01
9.108823537826538086e-02
1.737154573202133179e-01
7.840502262115478516e-01
4.298911988735198975e-02
5.277510881423950195e-01
0.000000000000000000e+00
6.026394367218017578e-01
2.019207626581192017e-01
3.998836874961853027e-02
1.397219419479370117e+00
6.250443402677774429e-03
0.000000000000000000e+00
4.138685762882232666e-02
1.803769543766975403e-02
4.528957903385162354e-01
8.734648674726486206e-02
0.000000000000000000e+00
4.282281100749969482e-01
3.362063169479370117e-01
0.000000000000000000e+00
0.000000000000000000e+00
1.813640892505645752e-01
3.749830275774002075e-02
4.645240306854248047e-02
8.348841667175292969e-01
1.769585847854614258e+00
5.045499205589294434e-01
2.405678033828735352e-01
1.095662191510200500e-01
0.000000000000000000e+00
2.849468030035495758e-03
2.269133180379867554e-02
5.151292309165000916e-02
2.599547207355499268e-01
8.614460229873657227e-01
3.715746104717254639e-02
1.150761265307664871e-03
0.000000000000000000e+00
2.574061453342437744e-01
1.414584368467330933e-01
2.502484619617462158e-01
0.000000000000000000e+00
0.000000000000000000e+00
1.561559177935123444e-02
7.718493342399597168e-01
3.366483747959136963e-02
3.596163988113403320e-01
3.986289724707603455e-03
1.564864218235015869e-01
1.278985261917114258e+00
3.705871477723121643e-02
6.452308297157287598e-01
1.635489463806152344e-01
1.489377260208129883e+00
8.194712400436401367e-01
6.504809856414794922e-01
1.255669713020324707e+00
1.138118147850036621e+00
0.000000000000000000e+00
2.137814313173294067e-01
1.392754793167114258e+00
4.751486480236053467e-01
6.984717845916748047e-01
4.094670414924621582e-01
1.122197508811950684e-02
6.166895106434822083e-02
0.000000000000000000e+00
3.731324970722198486e-01
9.804984927177429199e-01
2.422166317701339722e-01
4.009249210357666016e+00
1.724212765693664551e+00
5.733060240745544434e-01
6.496102083474397659e-03
6.210559606552124023e-01
4.050450399518013000e-02
0.000000000000000000e+00
0.000000000000000000e+00
0.000000000000000000e+00
4.771836847066879272e-02
0.000000000000000000e+00
0.000000000000000000e+00
1.098026409745216370e-01
6.430050134658813477e-01
4.062108695507049561e-01
1.582337021827697754e+00
5.241630226373672485e-02
7.890470325946807861e-02
1.227749347686767578e+00
1.783067733049392700e-01
4.817911088466644287e-01
0.000000000000000000e+00
3.725195527076721191e-01
1.299510717391967773e+00
1.372933238744735718e-01
1.716045379638671875e+00
4.233246669173240662e-02
9.976413846015930176e-01
4.293010830879211426e-01
4.456825926899909973e-02
0.000000000000000000e+00
6.636487245559692383e-01
1.647035837173461914e+00
6.188978999853134155e-02
2.100377976894378662e-01
1.322652697563171387e+00
7.047619819641113281e-01
2.476320266723632812e-01
2.191451936960220337e-01
5.249104928225278854e-03
7.603947818279266357e-02
0.000000000000000000e+00
2.192270040512084961e+00
1.683953851461410522e-01
8.632245063781738281e-01
1.052287459373474121e+00
1.411612033843994141e+00
0.000000000000000000e+00
1.116213560104370117e+00
8.155788294970989227e-03
1.886774003505706787e-01
1.887735351920127869e-02
0.000000000000000000e+00
0.000000000000000000e+00
5.240925773978233337e-02
3.717763423919677734e-01
0.000000000000000000e+00
0.000000000000000000e+00
3.441780805587768555e-01
1.855407357215881348e+00
0.000000000000000000e+00
1.548777222633361816e-01
2.354110479354858398e-01
7.610590457916259766e-01
1.761202327907085419e-02
5.741477943956851959e-03
0.000000000000000000e+00
2.179460227489471436e-01
5.753396153450012207e-01
2.406909465789794922e-01
3.860547542572021484e-01
1.422414660453796387e+00
2.551035955548286438e-02
6.469698548316955566e-01
1.129042804241180420e-01
1.083500608801841736e-01
1.935105174779891968e-01
0.000000000000000000e+00
1.190857887268066406e+00
1.885396122932434082e+00
4.768147170543670654e-01
1.613467931747436523e+00
0.000000000000000000e+00
8.095693588256835938e-01
2.511449903249740601e-02
3.119515776634216309e-01
3.405494689941406250e-01
1.238155364990234375e+00
1.845059245824813843e-01
2.136481739580631256e-02
6.907534003257751465e-01
6.288079023361206055e-01
3.562451004981994629e-01
2.112756252288818359e+00
1.834564507007598877e-01
0.000000000000000000e+00
2.748154699802398682e-01
4.965082556009292603e-02
5.086871981620788574e-01
1.151913106441497803e-01
0.000000000000000000e+00
1.102976128458976746e-02
8.952288031578063965e-01
6.612571477890014648e-01
5.325629562139511108e-02
1.553734093904495239e-01
2.095926851034164429e-01
1.404094099998474121e+00
1.331860125064849854e-01
0.000000000000000000e+00
3.450535237789154053e-01
1.085579693317413330e-01
3.605794310569763184e-01
7.600479125976562500e-01
6.946693360805511475e-02
0.000000000000000000e+00
2.092998743057250977e+00
1.837788969278335571e-01
1.471299561671912670e-03
1.006420627236366272e-01
4.241839647293090820e-01
1.065934300422668457e-01
2.018097192049026489e-01
8.704643845558166504e-01
1.940548181533813477e+00
2.567379713058471680e+00
8.608599305152893066e-01
2.733405828475952148e-01
7.948064804077148438e-01
0.000000000000000000e+00
0.000000000000000000e+00
