1.253493279218673706e-01
0.000000000000000000e+00
2.310628592967987061e-01
2.545959949493408203e+00
3.040284514427185059e-01
1.570196002721786499e-01
8.293749094009399414e-01
3.248109817504882812e+00
6.604909420013427734e+00
9.419519901275634766e-01
9.456114470958709717e-02
2.113234519958496094e+00
3.642222583293914795e-01
8.525596261024475098e-01
2.928226947784423828e+00
1.022933602333068848e+00
5.088205933570861816e-01
2.180459976196289062e+00
6.575790047645568848e-01
5.418317019939422607e-02
1.081266880035400391e+00
3.453321522101759911e-03
2.910093665122985840e-01
2.902799844741821289e+00
5.898255109786987305e-02
1.504564285278320312e-02
8.312794379889965057e-04
1.663951277732849121e+00
2.877921760082244873e-01
2.496936321258544922e-01
2.265658928081393242e-03
2.398672327399253845e-02
9.509745836257934570e-01
2.888686358928680420e-01
5.692502856254577637e-01
3.836277484893798828e+00
2.513183951377868652e-01
2.433999776840209961e-01
5.523409247398376465e-01
8.563871979713439941e-01
5.957611203193664551e-01
1.644563674926757812e-01
2.124891877174377441e-01
3.280137062072753906e+00
6.430211067199707031e-01
1.652619957923889160e+00
2.751196026802062988e-01
3.659102022647857666e-01
1.480586640536785126e-02
1.877874851226806641e+00
2.390418529510498047e+00
0.000000000000000000e+00
1.154862403869628906e+00
1.097389310598373413e-01
1.145780920982360840e+00
2.076831310987472534e-01
6.211802363395690918e-02
2.010693401098251343e-01
2.928116798400878906e+00
3.033325076103210449e-01
1.559122949838638306e-01
1.297937780618667603e-01
4.484350606799125671e-02
1.268533110618591309e+00
1.465977549552917480e+00
9.326269626617431641e-01
2.908025495707988739e-02
8.069506287574768066e-01
9.183985590934753418e-01
1.270534634590148926e+00
0.000000000000000000e+00
3.972720354795455933e-02
1.512088030576705933e-01
1.241284236311912537e-01
3.965215682983398438e-01
8.043971657752990723e-01
0.000000000000000000e+00
9.051656723022460938e-01
3.243619799613952637e-01
5.520839691162109375e-01
9.980597347021102905e-02
9.884694814682006836e-01
1.875101804733276367e+00
2.711999118328094482e-01
1.478348970413208008e+00
1.848369538784027100e-01
1.232443571090698242e+00
7.936358451843261719e-02
1.111009240150451660e+00
5.805500224232673645e-02
1.017071958631277084e-02
5.405605770647525787e-03
1.813776907511055470e-03
0.000000000000000000e+00
1.257868409156799316e+00
5.379034876823425293e-01
5.764586925506591797e-01
1.204315543174743652e+00
2.441813051700592041e-02
3.909931704401969910e-02
3.401795029640197754e-02
6.525843590497970581e-02
7.341614365577697754e-02
2.091893434524536133e+00
1.029492378234863281e+00
3.732188344001770020e-01
1.797152400016784668e+00
4.059782922267913818e-01
3.514415919780731201e-01
1.787599027156829834e-01
2.021229028701782227e+00
7.539306581020355225e-02
7.153438329696655273e-01
4.521098136901855469e-01
6.983031034469604492e-01
4.210456833243370056e-02
1.606750860810279846e-02
3.344991207122802734e-01
5.553713440895080566e-01
1.751470088958740234e+00
6.975388526916503906e-01
1.292022466659545898e-01
8.633905649185180664e-02
1.627955555915832520e+00
4.829620718955993652e-01
1.102179050445556641e+00
0.000000000000000000e+00
3.198467195034027100e-01
1.870913386344909668e+00
5.711380019783973694e-02
1.495703160762786865e-01
6.159434318542480469e-01
4.728192687034606934e-01
1.642855629324913025e-02
2.036333829164505005e-01
0.000000000000000000e+00
2.669188082218170166e-01
4.254529476165771484e+00
0.000000000000000000e+00
2.619510516524314880e-02
3.824502527713775635e-01
3.535299897193908691e-01
1.795841455459594727e+00
5.890704225748777390e-03
1.263455301523208618e-01
3.931361436843872070e-01
8.867684006690979004e-01
6.298757195472717285e-01
1.613566160202026367e+00
2.470913976430892944e-01
5.712440013885498047e+00
2.320562750101089478e-01
5.600428581237792969e-01
2.143616974353790283e-01
1.261405587196350098e+00
1.067430853843688965e+00
1.770054697990417480e-01
1.276384145021438599e-01
2.728001356124877930e+00
1.513222903013229370e-01
1.697140932083129883e-01
1.194484233856201172e+00
9.187189936637878418e-01
1.849628984928131104e-01
3.484813570976257324e-01
3.264766335487365723e-01
0.000000000000000000e+00
0.000000000000000000e+00
1.281626105308532715e+00
2.570480346679687500e+00
5.897935032844543457e-01
7.582082599401473999e-02
2.135880663990974426e-02
1.335901618003845215e+00
4.450954794883728027e-01
7.367674827575683594e+00
0.000000000000000000e+00
1.332322694361209869e-02
1.587212830781936646e-01
1.294955760240554810e-01
9.080301970243453979e-04
6.894396990537643433e-02
6.216189637780189514e-02
3.690522432327270508e+00
5.909132212400436401e-02
5.511773377656936646e-02
6.987404823303222656e-02
7.197452187538146973e-01
9.811082854866981506e-03
6.833767890930175781e-02
0.000000000000000000e+00
2.357492037117481232e-02
1.169566035270690918e+00
5.243754982948303223e-01
5.624145865440368652e-01
4.432271420955657959e-01
1.206203222274780273e+00
2.161604911088943481e-01
3.870436251163482666e-01
9.903162717819213867e-01
1.562379121780395508e+00
2.920355796813964844e-01
3.042407333850860596e-01
3.888355791568756104e-01
3.664409518241882324e-01
2.466483786702156067e-02
5.283781886100769043e-01
2.515350282192230225e-02
8.208889514207839966e-02
1.594319105148315430e+00
4.956643283367156982e-02
2.505979537963867188e-01
6.057802438735961914e-01
8.727354407310485840e-01
7.299126386642456055e-01
4.104939997196197510e-01
2.220182567834854126e-01
4.471733570098876953e-01
1.544541954994201660e+00
8.588001132011413574e-01
0.000000000000000000e+00
5.466402769088745117e-01
5.057299137115478516e-01
2.524119317531585693e-01
5.894174575805664062e-01
0.000000000000000000e+00
3.136228071525692940e-03
7.405942082405090332e-01
1.794492942281067371e-03
3.356947004795074463e-02
4.076440334320068359e-01
5.949513316154479980e-01
2.256707668304443359e+00
2.201083183288574219e+00
1.233355879783630371e+00
7.632001638412475586e-01
2.138902187347412109e+00
5.729132294654846191e-01
4.562748968601226807e-02
7.320719957351684570e-01
2.930386662483215332e-01
2.981464564800262451e-01
8.008139207959175110e-03
2.414673566818237305e+00
7.103093862533569336e-01
5.011224746704101562e-01
6.283165812492370605e-01
0.000000000000000000e+00
2.474825859069824219e+00
1.233116626739501953e+00
2.066998332738876343e-01
6.608760356903076172e-01
2.717767469584941864e-02
6.870794296264648438e-01
6.246916055679321289e-01
6.907899677753448486e-02
3.937447816133499146e-02
0.000000000000000000e+00
5.608380306512117386e-03
5.703765526413917542e-02
7.513779401779174805e-01
5.583156347274780273e-01
6.620050966739654541e-02
1.038281526416540146e-02
0.000000000000000000e+00
1.420683711767196655e-01
1.956026315689086914e+00
3.609191859140992165e-03
1.052737951278686523e+00
1.308377236127853394e-01
1.312071800231933594e+00
7.263302803039550781e-02
4.909299612045288086e-01
2.472863532602787018e-02
2.221745997667312622e-01
7.124093174934387207e-01
1.872436255216598511e-01
1.973395794630050659e-01
1.333133697509765625e+00
1.101711764931678772e-01
1.844531446695327759e-01
7.995277047157287598e-01
1.463953107595443726e-01
1.578927636146545410e-01
6.053496599197387695e-01
7.261517643928527832e-01
1.076969385147094727e+00
2.655283547937870026e-02
1.361297369003295898e-01
1.553524192422628403e-02
8.578468561172485352e-01
1.122822284698486328e+00
3.296053409576416016e-01
1.199511252343654633e-02
1.190436333417892456e-01
3.036288321018218994e-01
2.860276103019714355e-01
6.113113760948181152e-01
1.286846876144409180e+00
5.694753170013427734e+00
8.006787300109863281e-01
2.073536217212677002e-01
4.263949096202850342e-01
0.000000000000000000e+00
5.854939576238393784e-03
9.076836705207824707e-02
2.221437171101570129e-03
0.000000000000000000e+00
6.658153235912322998e-02
2.860261797904968262e-01
2.850789725780487061e-01
0.000000000000000000e+00
9.473573416471481323e-02
1.307174682617187500e+00
3.723593652248382568e-01
2.059974968433380127e-01
0.000000000000000000e+00
5.112656950950622559e-01
1.184287548065185547e+00
1.907344325445592403e-03
2.049678802490234375e+00
0.000000000000000000e+00
1.989028900861740112e-01
2.599937915802001953e-01
4.373344127088785172e-03
8.913432359695434570e-01
1.234111189842224121e-01
0.000000000000000000e+00
9.690433740615844727e-01
5.647651553153991699e-01
9.295368217863142490e-04
4.598741419613361359e-03
1.756743192672729492e-01
0.000000000000000000e+00
3.650956554338335991e-03
5.184456706047058105e-01
1.862253785133361816e+00
2.472379952669143677e-01
9.127882122993469238e-01
1.183522582054138184e+00
6.311353296041488647e-02
1.160083338618278503e-03
1.390036791563034058e-01
2.795708179473876953e-02
9.170054793357849121e-01
1.489809274673461914e+00
6.132850795984268188e-02
4.252270236611366272e-02
2.344787493348121643e-02
8.151964545249938965e-01
3.046950995922088623e-01
1.119242191314697266e+00
6.422370672225952148e-03
6.296106148511171341e-03
3.271975554525852203e-03
1.035576939582824707e+00
1.467166002839803696e-02
2.635622024536132812e-01
0.000000000000000000e+00
3.380167484283447266e-01
1.010376691818237305e+00
2.315831184387207031e-02
6.718806028366088867e-01
3.759466707706451416e-01
1.110696911811828613e+00
9.847811460494995117e-01
8.927752375602722168e-01
1.326133131980895996e+00
2.032826423645019531e+00
0.000000000000000000e+00
4.367350637912750244e-01
1.211915135383605957e+00
9.897733330726623535e-01
4.777308106422424316e-01
1.164030551910400391e+00
4.081071168184280396e-02
4.037806093692779541e-01
6.641698535531759262e-03
1.233373731374740601e-01
1.006865501403808594e+00
1.068683415651321411e-01
3.585158348083496094e+00
2.467963457107543945e+00
7.304975390434265137e-01
0.000000000000000000e+00
5.949620604515075684e-01
5.477955564856529236e-03
2.151159802451729774e-03
0.000000000000000000e+00
1.332469880580902100e-01
2.825319953262805939e-02
6.764761928934603930e-05
0.000000000000000000e+00
4.185790121555328369e-01
6.339880824089050293e-02
6.002025008201599121e-01
2.386237382888793945e+00
5.619098991155624390e-02
1.252920925617218018e-01
1.318535923957824707e+00
1.580665074288845062e-02
7.548689246177673340e-01
0.000000000000000000e+00
1.048093661665916443e-01
1.317150473594665527e+00
1.700417548418045044e-01
1.384305953979492188e+00
2.516868114471435547e-01
1.447493910789489746e+00
6.260938644409179688e-01
3.347902894020080566e-01
0.000000000000000000e+00
7.605728507041931152e-01
1.897423863410949707e+00
3.123631775379180908e-01
1.117632072418928146e-02
3.182416200637817383e+00
1.054062619805335999e-01
8.089134097099304199e-01
2.981312870979309082e-01
6.545055657625198364e-03
2.509680688381195068e-01
0.000000000000000000e+00
3.266269445419311523e+00
2.801968157291412354e-01
7.832983136177062988e-01
6.094921231269836426e-01
1.888339400291442871e+00
0.000000000000000000e+00
9.414232969284057617e-01
0.000000000000000000e+00
1.021253596991300583e-02
7.808643579483032227e-02
0.000000000000000000e+00
9.208041592501103878e-04
2.222590446472167969e-01
4.066189229488372803e-01
0.000000000000000000e+00
4.724414348602294922e-01
5.736326575279235840e-01
1.705262422561645508e+00
0.000000000000000000e+00
1.402844786643981934e-01
1.111782416701316833e-01
1.102993011474609375e+00
3.664813563227653503e-02
0.000000000000000000e+00
2.428720146417617798e-02
1.543545275926589966e-01
1.083328485488891602e+00
4.708089828491210938e-01
2.464774698019027710e-01
2.442374229431152344e+00
7.217320054769515991e-02
1.290580868721008301e+00
1.768033504486083984e-01
7.267328351736068726e-02
3.909552004188299179e-03
0.000000000000000000e+00
1.345542669296264648e+00
2.044206142425537109e+00
3.201811909675598145e-01
2.873433589935302734e+00
1.918559372425079346e-01
9.508848786354064941e-01
2.355539500713348389e-01
0.000000000000000000e+00
3.235335946083068848e-01
1.123686790466308594e+00
4.377908408641815186e-01
0.000000000000000000e+00
1.246328473091125488e+00
5.391188431531190872e-03
1.002411395311355591e-01
2.601596117019653320e+00
2.278174161911010742e-01
0.000000000000000000e+00
2.675890624523162842e-01
6.117244437336921692e-02
9.080561399459838867e-01
1.142716780304908752e-01
6.022896151989698410e-03
1.946394890546798706e-01
1.514819025993347168e+00
8.934904932975769043e-01
2.726260945200920105e-02
3.249778151512145996e-01
8.020019531250000000e-02
1.120008230209350586e+00
2.583250701427459717e-01
5.559127926826477051e-01
9.546835422515869141e-01
2.231010049581527710e-02
2.948355376720428467e-01
6.688029766082763672e-01
1.475128158926963806e-02
3.915593922138214111e-01
2.054330825805664062e+00
1.707396954298019409e-01
0.000000000000000000e+00
2.748656272888183594e-01
1.694434046745300293e+00
1.545879989862442017e-01
3.937921226024627686e-01
1.188855152577161789e-02
1.862356305122375488e+00
2.355914592742919922e+00
7.478036284446716309e-01
8.496958017349243164e-02
6.386038064956665039e-01
0.000000000000000000e+00
0.000000000000000000e+00
