5.320099368691444397e-02
5.845151841640472412e-02
1.016609072685241699e+00
2.657333612442016602e+00
3.470005393028259277e-01
2.818962037563323975e-01
9.623006582260131836e-01
2.996129274368286133e+00
6.182121276855468750e+00
9.464628100395202637e-01
8.521096408367156982e-02
1.015956282615661621e+00
7.898579537868499756e-02
8.169329762458801270e-01
1.753634214401245117e+00
1.182019948959350586e+00
7.667334079742431641e-01
1.431935787200927734e+00
2.010647356510162354e-01
5.173192024230957031e-01
2.452837824821472168e-01
1.465490758419036865e-01
6.190553903579711914e-01
3.152009010314941406e+00
1.713159084320068359e-01
0.000000000000000000e+00
1.852102391421794891e-02
1.330122590065002441e+00
3.141664266586303711e-01
3.249189853668212891e-01
2.853105776011943817e-02
1.260654628276824951e-01
4.609083831310272217e-01
1.270290851593017578e+00
4.815352559089660645e-01
1.289231061935424805e+00
4.702140092849731445e-01
5.377973318099975586e-01
2.148867547512054443e-01
3.122854828834533691e-01
5.473021864891052246e-01
3.463743627071380615e-02
1.105991482734680176e+00
2.505104541778564453e+00
1.209956884384155273e+00
1.089488744735717773e+00
2.448768317699432373e-01
4.236868023872375488e-01
0.000000000000000000e+00
1.232827663421630859e+00
2.315352916717529297e+00
1.389904413372278214e-03
1.098759293556213379e+00
1.876956224441528320e-01
1.018001556396484375e+00
4.334763884544372559e-01
2.775624096393585205e-01
2.251880168914794922e-01
2.632526636123657227e+00
4.675559103488922119e-01
5.715871229767799377e-02
1.046847179532051086e-02
4.282905757427215576e-01
9.219270348548889160e-01
7.127523422241210938e-01
4.022899568080902100e-01
4.846376478672027588e-01
6.618630290031433105e-01
6.203873753547668457e-01
1.286725759506225586e+00
0.000000000000000000e+00
1.653487831354141235e-01
6.379418820142745972e-02
6.609640717506408691e-01
6.964403986930847168e-01
1.372765541076660156e+00
1.831878721714019775e-01
6.958400011062622070e-01
5.609734654426574707e-01
5.232427120208740234e-01
1.388643234968185425e-01
6.059749126434326172e-01
2.386540889739990234e+00
5.061895027756690979e-02
6.546619534492492676e-01
2.776933610439300537e-01
1.162301778793334961e+00
2.774280309677124023e-01
1.027759075164794922e+00
1.780425012111663818e-01
3.474156605079770088e-03
2.301369905471801758e-01
3.311524167656898499e-02
0.000000000000000000e+00
2.102730751037597656e+00
4.250735640525817871e-01
3.442164063453674316e-01
1.913719415664672852e+00
4.929759353399276733e-02
1.405975520610809326e-01
0.000000000000000000e+00
1.425204277038574219e-01
2.127989530563354492e-01
1.364898920059204102e+00
1.518237352371215820e+00
2.667321264743804932e-02
7.619482874870300293e-01
4.073085188865661621e-01
1.459135562181472778e-01
2.593428790569305420e-01
1.583066582679748535e+00
1.341339349746704102e-01
3.227961361408233643e-01
2.250313013792037964e-01
3.967513144016265869e-01
1.197494044899940491e-01
6.572031974792480469e-02
3.473348021507263184e-01
7.019925117492675781e-01
1.015984058380126953e+00
2.576077461242675781e+00
7.524075508117675781e-01
1.834386736154556274e-01
1.524477601051330566e+00
1.106774806976318359e+00
4.190391004085540771e-01
7.987464219331741333e-02
7.550916820764541626e-02
1.289919495582580566e+00
4.405757784843444824e-02
3.293085992336273193e-01
7.841940522193908691e-01
6.930197477340698242e-01
2.119336575269699097e-01
2.252541184425354004e-01
6.562305986881256104e-02
7.065200805664062500e-01
4.073164463043212891e+00
0.000000000000000000e+00
0.000000000000000000e+00
1.838948130607604980e-01
1.817278265953063965e-01
8.182749748229980469e-01
1.052681431174278259e-01
9.453056752681732178e-02
4.009488224983215332e-01
7.856898307800292969e-01
9.675809741020202637e-01
1.003995299339294434e+00
3.254004418849945068e-01
3.687627553939819336e+00
2.836166322231292725e-01
1.688586026430130005e-01
5.851069688796997070e-01
1.602577924728393555e+00
5.148661136627197266e-01
9.151748567819595337e-02
4.158836305141448975e-01
1.866685032844543457e+00
3.639177381992340088e-01
7.982686907052993774e-02
8.210502266883850098e-01
4.190931916236877441e-01
8.098890073597431183e-03
2.560175955295562744e-01
7.074372768402099609e-01
4.514482617378234863e-02
0.000000000000000000e+00
3.732618093490600586e-01
1.393502831459045410e+00
3.677734732627868652e-01
9.055858850479125977e-01
6.922969128936529160e-03
3.991239964962005615e-01
6.374015808105468750e-01
6.170354366302490234e+00
1.856049299240112305e-01
5.724361632019281387e-03
3.510709404945373535e-01
1.521960198879241943e-01
5.436698440462350845e-03
0.000000000000000000e+00
5.317811369895935059e-01
3.035443544387817383e+00
2.589350938796997070e-01
0.000000000000000000e+00
3.423451185226440430e-01
8.855346441268920898e-01
1.102106296457350254e-03
1.824988611042499542e-02
1.135137006640434265e-01
1.253498941659927368e-01
7.230466604232788086e-01
3.500775098800659180e-01
5.005579590797424316e-01
8.855617046356201172e-01
3.056911528110504150e-01
4.291566014289855957e-01
1.539787948131561279e-01
4.496425688266754150e-01
1.196266412734985352e+00
1.895240321755409241e-02
3.785752058029174805e-01
7.837565541267395020e-01
2.389813959598541260e-01
4.653435572981834412e-02
6.770718693733215332e-01
4.706092551350593567e-02
6.595583558082580566e-01
9.890247583389282227e-01
3.082053363323211670e-01
6.932346224784851074e-01
4.732235074043273926e-01
5.957033634185791016e-01
3.905525505542755127e-01
2.844658493995666504e-01
1.018581241369247437e-01
7.459481358528137207e-01
1.842907190322875977e+00
5.961585044860839844e-01
9.048819265444763005e-06
3.013724684715270996e-01
7.046507000923156738e-01
2.926025390625000000e-01
7.722068428993225098e-01
6.801774259656667709e-03
4.702057540416717529e-01
1.221198141574859619e-01
3.410215489566326141e-03
0.000000000000000000e+00
1.298208236694335938e-01
6.383256316184997559e-01
2.189281225204467773e+00
6.639859676361083984e-01
7.152242660522460938e-01
1.444418281316757202e-01
1.988039255142211914e+00
7.260233163833618164e-01
6.470056623220443726e-02
1.286328554153442383e+00
7.136504650115966797e-01
1.051114592701196671e-02
2.090588510036468506e-01
3.219006538391113281e+00
1.159920215606689453e+00
2.796723544597625732e-01
4.232487380504608154e-01
0.000000000000000000e+00
1.646408677101135254e+00
1.660495623946189880e-02
1.166501641273498535e+00
2.890486717224121094e-01
2.051583081483840942e-01
5.713052153587341309e-01
1.179619193077087402e+00
1.126621961593627930e-01
4.441193118691444397e-02
0.000000000000000000e+00
3.179468214511871338e-01
1.623030006885528564e-02
8.966060876846313477e-01
2.353347241878509521e-01
3.390965759754180908e-01
8.304717391729354858e-02
0.000000000000000000e+00
4.034780263900756836e-01
3.159825503826141357e-01
9.687713533639907837e-02
2.352525144815444946e-01
3.090036213397979736e-01
9.371986985206604004e-01
2.157626599073410034e-01
4.539552330970764160e-01
6.398008465766906738e-01
2.143629640340805054e-01
1.065853476524353027e+00
1.091350197792053223e+00
1.302482128143310547e+00
4.694341719150543213e-01
2.733534574508666992e-01
3.979621082544326782e-02
1.210345983505249023e+00
3.351932391524314880e-02
1.050574108958244324e-01
5.312164425849914551e-01
6.171633005142211914e-01
2.035047560930252075e-01
2.331217080354690552e-01
3.938877284526824951e-01
2.393817454576492310e-01
9.785807132720947266e-01
8.484794497489929199e-01
1.723937392234802246e-01
1.095517948269844055e-01
2.748952507972717285e-01
2.743985876441001892e-02
1.646178662776947021e-01
8.709475398063659668e-01
1.202765941619873047e+00
3.449212789535522461e+00
8.894348144531250000e-01
3.155887424945831299e-01
6.089929938316345215e-01
0.000000000000000000e+00
4.519060254096984863e-02
1.682880707085132599e-02
1.022881492972373962e-01
0.000000000000000000e+00
1.850501298904418945e-01
6.301258206367492676e-01
5.111771225929260254e-01
0.000000000000000000e+00
2.599380910396575928e-01
6.723160147666931152e-01
1.892046928405761719e-01
9.484344720840454102e-01
0.000000000000000000e+00
3.175761997699737549e-01
5.646176263689994812e-02
5.351265147328376770e-02
1.769551873207092285e+00
0.000000000000000000e+00
6.364149507135152817e-03
3.721367120742797852e-01
1.369421929121017456e-02
3.763356804847717285e-01
1.572587937116622925e-01
0.000000000000000000e+00
5.607500076293945312e-01
4.290032088756561279e-01
0.000000000000000000e+00
0.000000000000000000e+00
2.028470933437347412e-01
2.515079975128173828e-01
3.087114989757537842e-01
1.254432082176208496e+00
1.021863579750061035e+00
1.045700535178184509e-01
3.285420835018157959e-01
5.915623903274536133e-01
1.755969375371932983e-01
8.818326145410537720e-02
9.518995136022567749e-02
5.603018216788768768e-03
3.548865020275115967e-01
4.896618425846099854e-01
4.612675905227661133e-01
1.373652219772338867e-01
1.938387006521224976e-01
2.772770226001739502e-01
3.104595700278878212e-03
1.869117319583892822e-01
1.254116743803024292e-01
2.389996079728007317e-03
1.477229315787553787e-02
1.335634350776672363e+00
1.715451478958129883e-03
5.023629665374755859e-01
0.000000000000000000e+00
8.881273120641708374e-02
9.957878589630126953e-01
0.000000000000000000e+00
6.539813280105590820e-01
4.608913958072662354e-01
1.790701031684875488e+00
4.476307630538940430e-01
5.772514343261718750e-01
1.501907348632812500e+00
1.247627258300781250e+00
7.821298786439001560e-04
2.579058706760406494e-01
1.283217310905456543e+00
1.139601111412048340e+00
5.913064479827880859e-01
1.330130219459533691e+00
1.042512059211730957e-02
1.898548901081085205e-01
0.000000000000000000e+00
3.903444707393646240e-01
1.196733832359313965e+00
0.000000000000000000e+00
2.589586734771728516e+00
2.487606287002563477e+00
9.529029726982116699e-01
2.632261486724019051e-03
7.286881208419799805e-01
5.234704166650772095e-02
0.000000000000000000e+00
0.000000000000000000e+00
2.011645138263702393e-01
2.244203090667724609e-01
6.892094016075134277e-02
0.000000000000000000e+00
1.429420411586761475e-01
2.897298634052276611e-01
6.203222274780273438e-01
1.874682068824768066e+00
1.890284866094589233e-01
1.868926733732223511e-01
1.231592297554016113e+00
3.693431615829467773e-01
6.386232376098632812e-01
0.000000000000000000e+00
3.520442247390747070e-01
5.470288991928100586e-01
1.094542890787124634e-01
1.161828279495239258e+00
3.012394532561302185e-02
1.523515582084655762e+00
8.426449894905090332e-01
2.663596868515014648e-01
1.983801089227199554e-02
9.524750113487243652e-01
1.790253639221191406e+00
5.021621659398078918e-02
3.385199904441833496e-01
1.736810803413391113e+00
4.517611265182495117e-01
6.469987034797668457e-01
7.436961531639099121e-01
0.000000000000000000e+00
1.685173660516738892e-01
0.000000000000000000e+00
2.337430238723754883e+00
5.278771519660949707e-01
1.114368438720703125e+00
1.747756958007812500e+00
9.245995879173278809e-01
7.211567461490631104e-02
6.830314397811889648e-01
3.237080276012420654e-01
1.941591873764991760e-02
7.583851367235183716e-02
1.398354470729827881e-01
2.380111953243613243e-03
1.017436981201171875e-01
8.093757629394531250e-01
0.000000000000000000e+00
6.099934503436088562e-02
5.941916108131408691e-01
1.180289149284362793e+00
9.839495643973350525e-03
1.853143870830535889e-01
5.676302313804626465e-01
1.199664711952209473e+00
6.185309961438179016e-02
7.708023488521575928e-02
1.857064478099346161e-02
1.955316215753555298e-01
2.680706381797790527e-01
7.174945902079343796e-03
7.537471055984497070e-01
1.609971880912780762e+00
3.811403736472129822e-02
1.461722731590270996e+00
3.549184203147888184e-01
3.194535970687866211e-01
4.788096845149993896e-01
0.000000000000000000e+00
2.054240942001342773e+00
1.366299867630004883e+00
1.390952318906784058e-01
1.416005611419677734e+00
0.000000000000000000e+00
7.878547310829162598e-01
3.757204115390777588e-01
3.407586514949798584e-01
3.784347772598266602e-01
1.017705321311950684e+00
2.623955905437469482e-01
0.000000000000000000e+00
8.330988883972167969e-01
5.252665877342224121e-01
5.720822811126708984e-01
2.512840032577514648e+00
4.290391206741333008e-01
9.967318736016750336e-03
2.559373974800109863e-01
1.698743999004364014e-01
9.768064618110656738e-01
2.850079238414764404e-01
0.000000000000000000e+00
6.091027334332466125e-02
1.081007599830627441e+00
3.450496494770050049e-01
6.882073730230331421e-02
2.640104293823242188e-01
2.460801005363464355e-01
1.206459760665893555e+00
5.155006051063537598e-01
5.359092354774475098e-02
1.560526043176651001e-01
1.605407744646072388e-01
3.481178581714630127e-01
1.259025812149047852e+00
1.055953279137611389e-02
7.015075534582138062e-02
2.459072351455688477e+00
3.299157917499542236e-01
4.877180326730012894e-03
2.831329107284545898e-01
3.748965263366699219e-01
3.050132989883422852e-01
1.966508664190769196e-02
2.168763577938079834e-01
2.100266933441162109e+00
1.242838740348815918e+00
6.333091259002685547e-01
3.876199126243591309e-01
7.198688387870788574e-01
0.000000000000000000e+00
1.104924306273460388e-01
