4.637516438961029053e-01
0.000000000000000000e+00
2.228053957223892212e-01
1.999593734741210938e+00
2.945775985717773438e-01
1.242954134941101074e-01
8.549556732177734375e-01
2.368059158325195312e+00
6.637917995452880859e+00
1.341944456100463867e+00
2.880155295133590698e-02
1.818337202072143555e+00
4.238570630550384521e-01
6.262936592102050781e-01
2.146934509277343750e+00
5.268551111221313477e-01
1.548906922340393066e+00
1.667021155357360840e+00
1.073458075523376465e+00
5.829388648271560669e-02
1.641403436660766602e+00
0.000000000000000000e+00
3.992787003517150879e-02
1.722932696342468262e+00
5.374633073806762695e-01
1.092285849153995514e-02
3.439997509121894836e-02
1.547053456306457520e+00
2.853494286537170410e-01
5.112374667078256607e-03
3.990941122174263000e-02
0.000000000000000000e+00
7.408355474472045898e-01
3.995351195335388184e-01
6.567144393920898438e-01
3.443387985229492188e+00
2.430259883403778076e-01
2.171071916818618774e-01
1.311876177787780762e+00
6.996822357177734375e-01
4.527703523635864258e-01
7.445620298385620117e-01
2.341698259115219116e-01
3.138028383255004883e+00
5.556829571723937988e-01
1.183582782745361328e+00
8.915548324584960938e-01
1.486061334609985352e+00
3.216877579689025879e-02
7.358093857765197754e-01
1.865386605262756348e+00
0.000000000000000000e+00
8.334405422210693359e-01
1.495143771171569824e-01
1.333377242088317871e+00
0.000000000000000000e+00
6.915291547775268555e-01
3.216594755649566650e-01
1.276063561439514160e+00
3.639321625232696533e-01
2.701167715713381767e-03
5.204155445098876953e-01
2.194489724934101105e-02
8.026466965675354004e-01
4.688741266727447510e-01
1.230039969086647034e-01
6.044901907444000244e-02
2.888523042201995850e-01
1.030239582061767578e+00
1.562170982360839844e-01
0.000000000000000000e+00
0.000000000000000000e+00
2.548468410968780518e-01
8.537312746047973633e-01
1.313011944293975830e-01
1.030474066734313965e+00
0.000000000000000000e+00
1.016289472579956055e+00
1.632490307092666626e-01
8.955511450767517090e-01
2.271230891346931458e-02
8.666425943374633789e-01
1.687828779220581055e+00
4.455352202057838440e-02
2.474075555801391602e+00
5.591444298624992371e-02
8.473284840583801270e-01
1.378288213163614273e-02
9.137600064277648926e-01
2.250977791845798492e-02
5.951889324933290482e-04
4.058740660548210144e-02
0.000000000000000000e+00
0.000000000000000000e+00
7.700157165527343750e-01
2.595544457435607910e-01
1.784859776496887207e+00
6.322088241577148438e-01
0.000000000000000000e+00
1.130797900259494781e-03
6.436251103878021240e-02
4.779901355504989624e-03
3.618797287344932556e-02
8.668365478515625000e-01
8.566195368766784668e-01
2.402011603116989136e-01
1.965045452117919922e+00
4.250258803367614746e-01
3.267525732517242432e-01
1.976233869791030884e-01
1.472998619079589844e+00
0.000000000000000000e+00
1.141224145889282227e+00
1.252330899238586426e+00
7.350273132324218750e-01
2.869666367769241333e-02
1.398423314094543457e-02
5.406247824430465698e-02
4.659950435161590576e-01
2.215661525726318359e+00
6.211972832679748535e-01
1.686212122440338135e-01
9.984599053859710693e-02
1.712672114372253418e+00
1.010670900344848633e+00
1.317744016647338867e+00
0.000000000000000000e+00
6.452547311782836914e-01
1.982367038726806641e+00
4.837216064333915710e-02
7.739123422652482986e-03
1.030884861946105957e+00
1.451538652181625366e-01
1.055932231247425079e-02
5.180494785308837891e-01
0.000000000000000000e+00
2.197489142417907715e-01
4.933362960815429688e+00
0.000000000000000000e+00
2.887981943786144257e-02
2.747714221477508545e-01
9.734337329864501953e-01
1.128384590148925781e+00
4.523939918726682663e-03
2.066310197114944458e-01
2.531050443649291992e-01
9.150821566581726074e-01
2.111390113830566406e+00
6.061195731163024902e-01
1.131783872842788696e-01
5.337834358215332031e+00
4.021773114800453186e-02
5.414701104164123535e-01
5.749190449714660645e-01
1.930532574653625488e+00
1.301758527755737305e+00
7.251693308353424072e-02
3.171794116497039795e-02
2.105950117111206055e+00
2.120826393365859985e-01
1.236785724759101868e-01
2.182444334030151367e+00
1.480345129966735840e+00
4.637467488646507263e-02
9.705728888511657715e-01
3.815688192844390869e-01
0.000000000000000000e+00
0.000000000000000000e+00
1.156134486198425293e+00
2.705985546112060547e+00
5.162457823753356934e-01
2.093591392040252686e-01
4.918345436453819275e-02
1.398780584335327148e+00
3.653024435043334961e-01
7.005587577819824219e+00
5.316172260791063309e-03
0.000000000000000000e+00
6.949012633413076401e-03
5.059596896171569824e-01
1.427435874938964844e-01
8.193895965814590454e-02
6.224631518125534058e-02
2.995807886123657227e+00
2.099317871034145355e-02
8.023805171251296997e-02
9.934552758932113647e-02
1.996625304222106934e+00
0.000000000000000000e+00
8.842539787292480469e-02
0.000000000000000000e+00
1.324720382690429688e-01
7.053334712982177734e-01
6.029880046844482422e-01
4.567406177520751953e-01
4.338658154010772705e-01
3.874871432781219482e-01
4.888251721858978271e-01
4.510017633438110352e-01
1.208162307739257812e+00
2.028063774108886719e+00
5.024762749671936035e-01
3.439047336578369141e-01
1.655304282903671265e-01
3.731530904769897461e-01
2.390462905168533325e-01
7.260729074478149414e-01
3.337040543556213379e-04
3.931419849395751953e-01
1.534872531890869141e+00
3.509686142206192017e-02
1.583391278982162476e-01
8.092736601829528809e-01
7.063632607460021973e-01
1.286396145820617676e+00
8.929124474525451660e-01
2.012424021959304810e-01
2.423080801963806152e-02
1.353456616401672363e+00
8.610811829566955566e-01
0.000000000000000000e+00
3.202956169843673706e-02
4.409790039062500000e-01
0.000000000000000000e+00
4.922138154506683350e-01
0.000000000000000000e+00
1.255237758159637451e-01
4.728096425533294678e-01
1.486933906562626362e-03
7.972270250320434570e-02
8.238284289836883545e-02
3.030749261379241943e-01
1.734200000762939453e+00
1.689595699310302734e+00
2.403864711523056030e-01
1.562739133834838867e+00
2.396277904510498047e+00
2.973225712776184082e-01
4.329245686531066895e-01
8.768332004547119141e-01
3.802879750728607178e-01
2.720304764807224274e-02
4.535143089015036821e-04
3.093518972396850586e+00
6.761937141418457031e-01
1.328024715185165405e-01
3.909107446670532227e-01
2.273779362440109253e-02
9.365860223770141602e-01
1.498752593994140625e+00
1.282849609851837158e-01
3.478430211544036865e-01
6.179752293974161148e-03
8.787900805473327637e-01
1.504342794418334961e+00
3.036357811652123928e-04
7.440780103206634521e-02
0.000000000000000000e+00
3.334471210837364197e-02
2.184558212757110596e-01
1.031100392341613770e+00
6.970851421356201172e-01
8.686924353241920471e-03
1.105254981666803360e-02
0.000000000000000000e+00
0.000000000000000000e+00
3.046563625335693359e+00
0.000000000000000000e+00
1.778241515159606934e+00
9.249614551663398743e-03
1.605432271957397461e+00
0.000000000000000000e+00
8.787137866020202637e-01
2.861546874046325684e-01
4.280257597565650940e-02
3.302369415760040283e-01
0.000000000000000000e+00
1.157252669334411621e+00
1.541260004043579102e+00
1.245566979050636292e-01
0.000000000000000000e+00
2.219900190830230713e-01
6.723994016647338867e-01
1.989321038126945496e-02
6.702432036399841309e-01
1.112882971763610840e+00
1.359826207160949707e+00
0.000000000000000000e+00
3.301007747650146484e-01
3.748463001102209091e-03
2.251793384552001953e+00
1.978465795516967773e+00
5.582950711250305176e-01
0.000000000000000000e+00
8.338093012571334839e-02
2.928485274314880371e-01
4.297431409358978271e-01
8.077573776245117188e-02
1.870769262313842773e+00
4.855510234832763672e+00
4.310703873634338379e-01
3.281201720237731934e-01
4.499710202217102051e-01
6.444517374038696289e-01
6.267850846052169800e-02
1.088384464383125305e-01
1.767342835664749146e-01
0.000000000000000000e+00
2.255126647651195526e-02
2.758484482765197754e-01
5.566638708114624023e-01
0.000000000000000000e+00
1.975356638431549072e-01
1.098318099975585938e+00
2.254771143198013306e-01
3.055357336997985840e-01
0.000000000000000000e+00
3.361759185791015625e-01
1.246860027313232422e+00
3.339278399944305420e-01
1.596850872039794922e+00
0.000000000000000000e+00
3.337524533271789551e-01
3.305622041225433350e-01
9.557696059346199036e-03
3.610245287418365479e-01
2.564713917672634125e-02
0.000000000000000000e+00
9.818474650382995605e-01
3.458479940891265869e-01
3.028185339644551277e-03
3.546655643731355667e-03
3.587393462657928467e-01
1.139335613697767258e-02
3.909145668148994446e-02
2.881451845169067383e-01
1.689447164535522461e+00
6.940321624279022217e-02
1.073749303817749023e+00
1.392640352249145508e+00
2.049296349287033081e-01
1.991570554673671722e-02
2.815412282943725586e-01
7.532432675361633301e-02
5.837581157684326172e-01
5.008338093757629395e-01
2.925402522087097168e-01
2.657309174537658691e-01
3.222061693668365479e-01
5.249746441841125488e-01
2.597370445728302002e-01
1.373020410537719727e+00
4.406706988811492920e-01
2.326932735741138458e-03
4.499001428484916687e-02
6.145337224006652832e-01
0.000000000000000000e+00
1.128103658556938171e-01
0.000000000000000000e+00
2.453770935535430908e-01
3.684068024158477783e-01
1.736333651933819056e-04
2.268880754709243774e-01
8.161852955818176270e-01
1.312814474105834961e+00
9.098811745643615723e-01
5.082032680511474609e-01
8.961291909217834473e-01
2.239295244216918945e+00
0.000000000000000000e+00
4.946594238281250000e-01
1.744928240776062012e+00
1.864650696516036987e-01
1.589301973581314087e-01
1.262166261672973633e+00
7.081304211169481277e-03
2.390800602734088898e-02
5.271441116929054260e-02
8.340361528098583221e-03
8.541851043701171875e-01
5.232596397399902344e-01
2.834667444229125977e+00
2.502485513687133789e+00
6.491940021514892578e-01
0.000000000000000000e+00
4.044745564460754395e-01
3.699875436723232269e-03
0.000000000000000000e+00
0.000000000000000000e+00
2.817014232277870178e-02
5.490861833095550537e-02
1.112971268594264984e-02
0.000000000000000000e+00
2.599184513092041016e-01
5.022981017827987671e-02
7.599102854728698730e-01
1.599440693855285645e+00
0.000000000000000000e+00
1.208008155226707458e-01
1.102475047111511230e+00
1.201960071921348572e-02
1.532190084457397461e+00
4.640471597667783499e-04
3.501924574375152588e-01
1.025419592857360840e+00
5.914967656135559082e-01
8.644544482231140137e-01
4.225056171417236328e-01
1.238338708877563477e+00
2.035002410411834717e-01
2.808429598808288574e-01
0.000000000000000000e+00
5.086795687675476074e-01
1.508598804473876953e+00
1.131229475140571594e-01
0.000000000000000000e+00
3.577797412872314453e+00
2.660429775714874268e-01
1.014846801757812500e+00
2.646500244736671448e-02
1.959348283708095551e-02
7.397503852844238281e-01
0.000000000000000000e+00
2.751334667205810547e+00
8.078616261482238770e-01
1.315135359764099121e-01
5.049120187759399414e-01
9.259828925132751465e-01
0.000000000000000000e+00
1.479774951934814453e+00
1.116241421550512314e-02
1.282349526882171631e-01
3.868141770362854004e-02
0.000000000000000000e+00
1.232571154832839966e-01
2.218375653028488159e-01
4.004491493105888367e-02
0.000000000000000000e+00
1.529156863689422607e-01
4.150317311286926270e-01
1.628017187118530273e+00
5.475489888340234756e-03
4.772167801856994629e-01
2.796074002981185913e-02
6.478790044784545898e-01
0.000000000000000000e+00
5.939949915045872331e-05
0.000000000000000000e+00
5.996597409248352051e-01
1.079372525215148926e+00
7.111843228340148926e-01
1.658557504415512085e-01
1.539206981658935547e+00
0.000000000000000000e+00
6.395367383956909180e-01
2.249908819794654846e-02
2.405696958303451538e-01
4.254600405693054199e-01
0.000000000000000000e+00
8.503391146659851074e-01
8.532996773719787598e-01
1.269013434648513794e-01
2.071074485778808594e+00
0.000000000000000000e+00
1.056431174278259277e+00
6.674639135599136353e-02
4.113513603806495667e-02
2.771075367927551270e-01
2.005268335342407227e+00
5.055386424064636230e-01
0.000000000000000000e+00
4.706786014139652252e-03
2.334384918212890625e-01
1.821977645158767700e-01
1.740529894828796387e+00
1.118613004684448242e+00
1.102273911237716675e-02
1.875922530889511108e-01
7.401949167251586914e-02
1.475904107093811035e+00
9.878814965486526489e-02
0.000000000000000000e+00
1.735785417258739471e-02
1.460427045822143555e+00
8.830612301826477051e-01
8.881506323814392090e-02
4.183639883995056152e-01
9.999257326126098633e-02
6.682959198951721191e-01
3.520576357841491699e-01
4.873450696468353271e-01
1.054824233055114746e+00
0.000000000000000000e+00
1.043363064527511597e-01
7.252288460731506348e-01
2.866566777229309082e-01
1.274190068244934082e+00
2.097032785415649414e+00
5.375973507761955261e-02
0.000000000000000000e+00
1.324683874845504761e-01
2.192286968231201172e+00
4.592027664184570312e-01
1.153283238410949707e+00
3.611982762813568115e-01
2.134066581726074219e+00
2.190453529357910156e+00
1.532033443450927734e+00
9.474639594554901123e-02
8.467007875442504883e-01
0.000000000000000000e+00
7.931081205606460571e-02
