5.645771622657775879e-01
0.000000000000000000e+00
2.489092387259006500e-02
2.584858655929565430e+00
5.212329626083374023e-01
3.046256601810455322e-01
5.858464241027832031e-01
1.988534331321716309e+00
6.687307834625244141e+00
1.386947274208068848e+00
2.105051875114440918e-01
2.551092863082885742e+00
5.073271989822387695e-01
5.612997412681579590e-01
2.371824502944946289e+00
3.371774554252624512e-01
7.407082915306091309e-01
2.127763748168945312e+00
1.121783375740051270e+00
1.330744661390781403e-02
1.325157165527343750e+00
0.000000000000000000e+00
1.846208609640598297e-02
1.505033373832702637e+00
1.915595978498458862e-01
1.771678179502487183e-01
1.690198928117752075e-01
2.102041006088256836e+00
4.086338579654693604e-01
0.000000000000000000e+00
1.563068293035030365e-02
0.000000000000000000e+00
2.618582844734191895e-01
1.794742941856384277e-01
8.041222691535949707e-01
3.733856678009033203e+00
2.956500053405761719e-01
5.199750512838363647e-02
1.613108754158020020e+00
6.097792387008666992e-01
5.654220581054687500e-01
7.815744876861572266e-01
6.430598497390747070e-01
3.773317813873291016e+00
3.877932131290435791e-01
1.595681905746459961e+00
5.249438881874084473e-01
1.744192123413085938e+00
1.960675120353698730e-01
1.290516853332519531e+00
2.555289030075073242e+00
0.000000000000000000e+00
1.235379576683044434e+00
1.193201467394828796e-01
1.046607375144958496e+00
1.596409012563526630e-03
2.733460962772369385e-01
9.615145325660705566e-01
8.465964198112487793e-01
4.536343365907669067e-02
0.000000000000000000e+00
2.224616110324859619e-01
6.634179502725601196e-02
6.694368720054626465e-01
1.919955492019653320e+00
1.010847091674804688e-01
8.679378079250454903e-04
6.386839747428894043e-01
1.240487217903137207e+00
2.481813356280326843e-02
4.364071413874626160e-03
1.302146585658192635e-03
4.380844831466674805e-01
4.949632585048675537e-01
3.007601201534271240e-01
1.129576086997985840e+00
5.058627575635910034e-02
1.008641004562377930e+00
4.964142143726348877e-01
1.085717439651489258e+00
0.000000000000000000e+00
1.042609095573425293e+00
2.167459487915039062e+00
5.711685866117477417e-02
2.951597452163696289e+00
1.197928413748741150e-01
1.432845711708068848e+00
2.314100228250026703e-02
1.838324368000030518e-01
3.435937920585274696e-03
4.941142722964286804e-02
2.454645698890089989e-03
0.000000000000000000e+00
0.000000000000000000e+00
8.309482336044311523e-01
1.927475184202194214e-01
1.537632226943969727e+00
2.164303511381149292e-01
5.937368050217628479e-02
2.772900508716702461e-03
1.031026802957057953e-02
1.398870348930358887e-01
2.724827826023101807e-02
8.747800588607788086e-01
1.033688187599182129e+00
1.503847539424896240e-01
1.867449641227722168e+00
1.050325751304626465e+00
4.639820754528045654e-01
2.212974131107330322e-01
1.608926177024841309e+00
7.182213477790355682e-03
4.351247549057006836e-01
8.790976405143737793e-01
9.905019998550415039e-01
4.142729192972183228e-02
2.894477844238281250e-01
1.020891591906547546e-01
6.195066571235656738e-01
2.902930259704589844e+00
3.698843419551849365e-01
2.641633152961730957e-01
0.000000000000000000e+00
1.287487030029296875e+00
5.075047612190246582e-01
7.150350809097290039e-01
0.000000000000000000e+00
4.931129515171051025e-01
2.141417741775512695e+00
0.000000000000000000e+00
0.000000000000000000e+00
1.187986135482788086e+00
7.035078853368759155e-02
1.068363487720489502e-01
4.759652912616729736e-01
1.691103912889957428e-02
1.802596598863601685e-01
5.455029964447021484e+00
0.000000000000000000e+00
1.638176739215850830e-01
2.236468791961669922e-01
6.342941522598266602e-01
1.751585125923156738e+00
2.464719675481319427e-02
7.316719740629196167e-03
1.868242472410202026e-01
7.065796852111816406e-01
1.279909491539001465e+00
1.160718798637390137e+00
3.238584846258163452e-02
6.153050899505615234e+00
8.544599264860153198e-02
8.881530761718750000e-01
5.832400321960449219e-01
2.153438329696655273e+00
2.341038942337036133e+00
1.389048248529434204e-01
2.454396337270736694e-01
2.293553590774536133e+00
5.067406296730041504e-01
8.956918865442276001e-02
1.884053826332092285e+00
1.325565099716186523e+00
6.379348039627075195e-02
6.461067795753479004e-01
1.480099093168973923e-02
2.320100320503115654e-03
0.000000000000000000e+00
1.440087437629699707e+00
3.733078241348266602e+00
4.362880885601043701e-01
1.265330612659454346e-01
1.007692515850067139e-01
1.889907836914062500e+00
2.059123069047927856e-01
8.290357589721679688e+00
0.000000000000000000e+00
1.764930784702301025e-01
2.370870299637317657e-02
3.928952813148498535e-01
0.000000000000000000e+00
9.161829948425292969e-03
4.058677703142166138e-02
2.307686328887939453e+00
1.514991968870162964e-01
0.000000000000000000e+00
1.695402711629867554e-01
1.984814643859863281e+00
1.884678564965724945e-02
4.114787280559539795e-02
0.000000000000000000e+00
1.293835341930389404e-01
1.236682176589965820e+00
5.731686949729919434e-01
5.399238467216491699e-01
7.618767023086547852e-02
6.433904767036437988e-01
3.594166040420532227e-01
5.059635639190673828e-01
1.018223881721496582e+00
1.537874579429626465e+00
5.462976694107055664e-01
4.789978265762329102e-01
6.104433536529541016e-01
2.814730703830718994e-01
2.729527652263641357e-01
3.846834599971771240e-01
1.378384232521057129e-01
5.005709081888198853e-02
1.259912729263305664e+00
8.772300556302070618e-03
1.722781509160995483e-01
6.747539043426513672e-01
1.139904856681823730e+00
1.562442064285278320e+00
7.282370328903198242e-01
3.026054501533508301e-01
3.146000206470489502e-01
1.055081009864807129e+00
8.541411161422729492e-01
0.000000000000000000e+00
2.356748469173908234e-02
3.215681016445159912e-01
0.000000000000000000e+00
1.479707211256027222e-01
0.000000000000000000e+00
1.522845029830932617e-01
2.303632348775863647e-01
4.307873919606208801e-02
7.874731719493865967e-02
3.457931280136108398e-01
1.961733400821685791e-01
1.700909495353698730e+00
2.138753652572631836e+00
2.686945497989654541e-01
1.689841985702514648e+00
2.576054573059082031e+00
2.839494049549102783e-01
5.646488070487976074e-02
1.876727342605590820e+00
1.053344365209341049e-02
2.618897473439574242e-03
3.611542284488677979e-02
2.356683254241943359e+00
9.729622006416320801e-01
3.912286460399627686e-01
1.045632839202880859e+00
3.007023362442851067e-03
9.255341887474060059e-01
2.146064519882202148e+00
0.000000000000000000e+00
1.691077053546905518e-01
2.720503835007548332e-03
1.955736041069030762e+00
1.218458056449890137e+00
3.012242261320352554e-03
1.566520035266876221e-01
0.000000000000000000e+00
0.000000000000000000e+00
6.724547594785690308e-02
1.286150336265563965e+00
4.540862143039703369e-01
0.000000000000000000e+00
0.000000000000000000e+00
0.000000000000000000e+00
0.000000000000000000e+00
3.012491226196289062e+00
0.000000000000000000e+00
1.203664302825927734e+00
4.117380827665328979e-02
1.580027937889099121e+00
0.000000000000000000e+00
9.983340501785278320e-01
1.827845573425292969e-01
1.339783370494842529e-01
2.317355573177337646e-01
5.706892814487218857e-03
9.920777678489685059e-01
1.580783724784851074e+00
6.826715171337127686e-02
3.705093637108802795e-02
1.890900433063507080e-01
3.625742793083190918e-01
1.047083809971809387e-01
2.358355820178985596e-01
9.514027833938598633e-01
2.057566165924072266e+00
0.000000000000000000e+00
2.327175736427307129e-01
1.502413116395473480e-02
2.831183433532714844e+00
2.476800441741943359e+00
1.338500976562500000e-01
0.000000000000000000e+00
3.310874104499816895e-02
3.522473573684692383e-01
4.744485914707183838e-01
1.019552350044250488e-01
2.147919654846191406e+00
5.294188022613525391e+00
5.175722241401672363e-01
1.129484996199607849e-01
2.671199440956115723e-01
3.187997341156005859e-01
4.575327038764953613e-02
5.795183032751083374e-02
3.710317192599177361e-03
0.000000000000000000e+00
1.597815565764904022e-02
1.823892742395401001e-01
8.404380679130554199e-01
0.000000000000000000e+00
4.272561147809028625e-02
1.530478835105895996e+00
4.797444939613342285e-01
3.392462432384490967e-01
0.000000000000000000e+00
1.116265729069709778e-01
1.313260436058044434e+00
7.244403362274169922e-01
1.206301808357238770e+00
0.000000000000000000e+00
9.589617699384689331e-02
2.133497893810272217e-01
0.000000000000000000e+00
9.459626674652099609e-01
4.574013408273458481e-03
0.000000000000000000e+00
6.293004155158996582e-01
6.237487792968750000e-01
3.290534764528274536e-02
0.000000000000000000e+00
7.615623474121093750e-01
3.465296328067779541e-02
1.252579838037490845e-01
4.681631028652191162e-01
1.349651575088500977e+00
2.763722836971282959e-02
7.425882816314697266e-01
1.120412707328796387e+00
5.443605035543441772e-02
2.626951783895492554e-02
2.832652032375335693e-01
7.719475030899047852e-02
9.164587259292602539e-01
1.078217625617980957e+00
3.338822424411773682e-01
0.000000000000000000e+00
3.784371614456176758e-01
1.095621705055236816e+00
3.342394828796386719e-01
1.603734016418457031e+00
4.467030167579650879e-01
1.245118007063865662e-01
3.676025569438934326e-01
3.126326501369476318e-01
0.000000000000000000e+00
4.671878218650817871e-01
0.000000000000000000e+00
7.927376627922058105e-01
2.761806249618530273e-01
2.991630136966705322e-02
6.284022331237792969e-01
3.126661479473114014e-01
2.379587173461914062e+00
1.028018593788146973e+00
6.011875271797180176e-01
9.125657081604003906e-01
2.265829324722290039e+00
3.026159852743148804e-02
6.703824400901794434e-01
1.683416724205017090e+00
8.040177822113037109e-01
1.888593286275863647e-01
8.442703485488891602e-01
3.134695580229163170e-03
5.663834512233734131e-02
1.185318804346024990e-03
8.275353908538818359e-02
4.528703391551971436e-01
5.595247074961662292e-02
4.033388137817382812e+00
2.685516595840454102e+00
8.946299552917480469e-01
0.000000000000000000e+00
4.553891718387603760e-01
2.579911611974239349e-02
0.000000000000000000e+00
0.000000000000000000e+00
7.835510373115539551e-02
1.950980871915817261e-01
1.093636732548475266e-02
0.000000000000000000e+00
3.251129090785980225e-01
3.731614723801612854e-02
1.059807896614074707e+00
1.108745574951171875e+00
2.330924011766910553e-02
7.211256772279739380e-02
1.457276344299316406e+00
7.119350880384445190e-02
1.431544184684753418e+00
3.815439343452453613e-02
3.672295063734054565e-02
1.643563270568847656e+00
1.247581124305725098e+00
1.276151061058044434e+00
4.705798625946044922e-01
1.591506600379943848e+00
2.477064132690429688e-01
2.286473214626312256e-01
0.000000000000000000e+00
5.841769576072692871e-01
1.493744134902954102e+00
1.411057412624359131e-01
0.000000000000000000e+00
3.945484638214111328e+00
1.255844533443450928e-01
8.419652581214904785e-01
1.448521167039871216e-01
1.107347309589385986e-01
3.768585324287414551e-01
0.000000000000000000e+00
2.287597656250000000e+00
7.799093127250671387e-01
2.628342807292938232e-01
7.148753404617309570e-01
1.623591184616088867e+00
0.000000000000000000e+00
1.501379132270812988e+00
0.000000000000000000e+00
4.728635400533676147e-02
9.273102506995201111e-03
0.000000000000000000e+00
3.690952956676483154e-01
2.474953606724739075e-02
1.510519534349441528e-01
0.000000000000000000e+00
7.154824137687683105e-01
2.615190446376800537e-01
1.077093720436096191e+00
0.000000000000000000e+00
1.801739484071731567e-01
2.962494194507598877e-01
3.434951901435852051e-01
0.000000000000000000e+00
1.716438867151737213e-02
1.206012722104787827e-02
6.663058996200561523e-01
1.772564291954040527e+00
1.245388269424438477e+00
0.000000000000000000e+00
1.936506867408752441e+00
0.000000000000000000e+00
3.354930877685546875e-01
1.529283970594406128e-01
3.102951645851135254e-01
4.231035709381103516e-01
1.943520474014803767e-04
1.149519085884094238e+00
1.730226278305053711e+00
2.110368013381958008e-01
2.352989435195922852e+00
2.072159051895141602e-01
1.257929563522338867e+00
1.806470379233360291e-02
6.029048189520835876e-02
1.441887468099594116e-01
2.435600996017456055e+00
6.740334033966064453e-01
0.000000000000000000e+00
1.894841343164443970e-02
4.451073408126831055e-01
1.370016336441040039e-01
2.236939907073974609e+00
3.684325516223907471e-01
1.609107404947280884e-01
4.530656039714813232e-01
1.950552910566329956e-01
1.088043093681335449e+00
8.325871825218200684e-02
1.318446546792984009e-02
7.552232593297958374e-02
1.176041722297668457e+00
9.947298765182495117e-01
8.366725593805313110e-02
1.831915527582168579e-01
2.409406378865242004e-02
1.039242267608642578e+00
4.285804927349090576e-01
1.173992872238159180e+00
4.851425886154174805e-01
0.000000000000000000e+00
2.914763092994689941e-01
6.075458526611328125e-01
2.208932191133499146e-01
7.057515382766723633e-01
2.751863956451416016e+00
7.898092269897460938e-02
7.565916050225496292e-03
3.566351830959320068e-01
2.473388671875000000e+00
6.707463264465332031e-01
1.574864625930786133e+00
6.299637556076049805e-01
2.096915006637573242e+00
2.481552600860595703e+00
6.816754341125488281e-01
1.672575809061527252e-02
7.029333114624023438e-01
0.000000000000000000e+00
2.472575008869171143e-01
