1.135736051946878433e-02
0.000000000000000000e+00
2.939778864383697510e-01
2.743088722229003906e+00
3.222123682498931885e-01
3.469700515270233154e-01
1.594048142433166504e+00
3.535315036773681641e+00
6.882422924041748047e+00
1.683254003524780273e+00
6.445948034524917603e-02
2.541592359542846680e+00
1.013923510909080505e-01
7.163988351821899414e-01
2.957972288131713867e+00
1.120562672615051270e+00
5.812597870826721191e-01
1.251554012298583984e+00
6.527975201606750488e-01
2.170119993388652802e-02
1.745057821273803711e+00
0.000000000000000000e+00
2.542358934879302979e-01
2.488252639770507812e+00
1.242088153958320618e-01
4.218640178442001343e-02
0.000000000000000000e+00
1.741191148757934570e+00
4.185124933719635010e-01
1.592527776956558228e-01
0.000000000000000000e+00
0.000000000000000000e+00
1.649679064750671387e+00
4.932474195957183838e-01
8.674731850624084473e-01
4.046819686889648438e+00
1.630058288574218750e-01
2.104630768299102783e-01
2.132750749588012695e-01
1.326795101165771484e+00
5.023443102836608887e-01
8.154897093772888184e-01
5.931804180145263672e-01
4.216644287109375000e+00
1.625287383794784546e-01
1.882711410522460938e+00
3.788920044898986816e-01
1.274553179740905762e+00
1.952907256782054901e-02
2.083725929260253906e+00
3.750203847885131836e+00
0.000000000000000000e+00
1.336426734924316406e+00
1.547908484935760498e-01
1.622014880180358887e+00
9.233617782592773438e-01
9.801283478736877441e-01
3.418305814266204834e-01
2.063671827316284180e+00
5.227401852607727051e-02
8.416061103343963623e-02
4.613655507564544678e-01
1.958971284329891205e-02
6.260314583778381348e-01
1.302424073219299316e+00
4.164385795593261719e-01
4.701289348304271698e-03
7.203453779220581055e-01
1.299881935119628906e+00
9.839425683021545410e-01
0.000000000000000000e+00
0.000000000000000000e+00
2.333351820707321167e-01
6.824453473091125488e-01
3.405919969081878662e-01
6.258952021598815918e-01
3.964113444089889526e-02
1.582237362861633301e+00
3.241305649280548096e-01
1.108165502548217773e+00
6.604898720979690552e-02
1.273084163665771484e+00
2.217823266983032227e+00
4.626837000250816345e-02
2.519315958023071289e+00
2.400421351194381714e-01
1.126720070838928223e+00
1.003925502300262451e-01
1.055702805519104004e+00
7.629421353340148926e-02
3.349010646343231201e-02
3.869829699397087097e-02
0.000000000000000000e+00
0.000000000000000000e+00
4.949932694435119629e-01
1.096434965729713440e-01
1.044850826263427734e+00
1.394114613533020020e+00
2.267955839633941650e-01
3.994257375597953796e-02
0.000000000000000000e+00
1.168838217854499817e-01
0.000000000000000000e+00
2.301398992538452148e+00
1.166568160057067871e+00
1.432475000619888306e-01
2.438884735107421875e+00
8.158956766128540039e-01
8.055248260498046875e-01
5.720103532075881958e-02
1.605793237686157227e+00
4.742021486163139343e-02
5.515807271003723145e-01
5.035991072654724121e-01
9.183244109153747559e-01
5.955397337675094604e-02
3.359051048755645752e-01
6.440271139144897461e-01
1.455954194068908691e+00
2.150076627731323242e+00
4.037598073482513428e-01
2.484599649906158447e-01
1.863040179014205933e-01
2.520321607589721680e+00
7.992386221885681152e-01
8.666194677352905273e-01
0.000000000000000000e+00
5.444229245185852051e-01
2.484123706817626953e+00
0.000000000000000000e+00
2.034756243228912354e-01
1.111265182495117188e+00
2.775840759277343750e-01
3.288778364658355713e-01
4.327506124973297119e-01
3.136958181858062744e-02
1.050480008125305176e-01
5.313017368316650391e+00
0.000000000000000000e+00
1.213994994759559631e-01
1.544029414653778076e-01
2.847345173358917236e-01
1.623848676681518555e+00
1.749603450298309326e-02
0.000000000000000000e+00
7.221225649118423462e-02
1.070204854011535645e+00
1.572249770164489746e+00
8.374001383781433105e-01
3.151677548885345459e-03
6.517487049102783203e+00
4.204785078763961792e-02
1.100191712379455566e+00
2.880413532257080078e-01
2.711913347244262695e+00
2.229840993881225586e+00
5.410462021827697754e-01
3.738340437412261963e-01
2.916796684265136719e+00
2.849992513656616211e-01
5.118479579687118530e-02
8.193540573120117188e-01
8.227381706237792969e-01
1.196398958563804626e-02
1.317433118820190430e+00
7.221129536628723145e-02
1.283636898733675480e-03
0.000000000000000000e+00
1.814601898193359375e+00
1.852965950965881348e+00
9.148987531661987305e-01
1.140340343117713928e-01
3.390059247612953186e-02
1.713723540306091309e+00
7.252795100212097168e-01
8.129060745239257812e+00
0.000000000000000000e+00
1.966499490663409233e-03
9.268489666283130646e-03
1.396762132644653320e-01
5.833094473928213120e-03
2.329777628183364868e-01
5.942901372909545898e-01
3.509077310562133789e+00
7.676441967487335205e-02
3.844538703560829163e-03
3.103691041469573975e-01
1.583208918571472168e+00
0.000000000000000000e+00
3.163960576057434082e-02
0.000000000000000000e+00
0.000000000000000000e+00
1.052316904067993164e+00
5.363197326660156250e-01
7.373036742210388184e-01
5.448587536811828613e-01
7.915586829185485840e-01
2.253835648298263550e-01
6.494539231061935425e-02
1.263907909393310547e+00
1.265461921691894531e+00
3.909600675106048584e-01
1.641762070357799530e-02
4.053614735603332520e-01
7.806071043014526367e-01
1.663981191813945770e-02
3.979290127754211426e-01
1.070132292807102203e-02
2.756094634532928467e-01
1.043956041336059570e+00
1.360708940774202347e-02
4.062052965164184570e-01
1.186142206192016602e+00
1.981632590293884277e+00
9.883050322532653809e-01
2.977936267852783203e-01
1.399255394935607910e-01
2.518634498119354248e-01
2.579379796981811523e+00
5.617348551750183105e-01
0.000000000000000000e+00
1.039955648593604565e-03
1.047422051429748535e+00
3.349151909351348877e-01
6.449276208877563477e-01
0.000000000000000000e+00
2.172836661338806152e-01
3.687351942062377930e-01
0.000000000000000000e+00
1.279240474104881287e-02
2.698351740837097168e-01
9.540783166885375977e-01
3.156258583068847656e+00
1.838350892066955566e+00
1.334858179092407227e+00
1.483736872673034668e+00
2.955335617065429688e+00
2.978773117065429688e-01
9.946225909516215324e-04
1.206761837005615234e+00
3.868806362152099609e-01
4.561190307140350342e-02
1.751811429858207703e-02
2.438615560531616211e+00
8.846217393875122070e-01
1.184414997696876526e-01
4.954571127891540527e-01
4.787911311723291874e-04
1.799650073051452637e+00
1.406044125556945801e+00
2.151687741279602051e-01
6.909704208374023438e-01
0.000000000000000000e+00
1.002101898193359375e+00
1.448516845703125000e+00
4.711452056653797626e-04
9.453684091567993164e-02
0.000000000000000000e+00
7.686869055032730103e-02
4.962021857500076294e-02
1.170230984687805176e+00
5.899278521537780762e-01
3.134347870945930481e-02
1.698742248117923737e-02
0.000000000000000000e+00
8.165035396814346313e-03
2.056701421737670898e+00
0.000000000000000000e+00
1.352723240852355957e+00
1.263468414545059204e-01
1.953800678253173828e+00
0.000000000000000000e+00
1.211751818656921387e+00
1.254727542400360107e-01
9.983919560909271240e-03
3.237092792987823486e-01
1.240017712116241455e-01
1.010444164276123047e+00
1.729082822799682617e+00
1.232016384601593018e-01
2.909509539604187012e-01
4.219378829002380371e-01
1.216232106089591980e-01
2.133286148309707642e-01
6.028200984001159668e-01
1.290361166000366211e+00
2.287930250167846680e+00
3.654480446130037308e-03
6.425993889570236206e-02
3.716074302792549133e-02
1.671203136444091797e+00
1.737833857536315918e+00
4.221835434436798096e-01
1.298583392053842545e-02
1.760305464267730713e-01
5.085717439651489258e-01
3.940221071243286133e-01
6.727071851491928101e-02
1.460875391960144043e+00
5.514028072357177734e+00
5.106232762336730957e-01
2.539713680744171143e-01
6.942213177680969238e-01
4.501179158687591553e-01
0.000000000000000000e+00
1.123682484030723572e-01
0.000000000000000000e+00
0.000000000000000000e+00
9.732884913682937622e-02
4.876730442047119141e-01
4.000422358512878418e-01
0.000000000000000000e+00
2.577375769615173340e-01
1.451687335968017578e+00
5.795441865921020508e-01
4.954794943332672119e-01
0.000000000000000000e+00
1.585646271705627441e-01
1.372346758842468262e+00
9.864212572574615479e-02
2.052856445312500000e+00
0.000000000000000000e+00
9.847716987133026123e-02
2.539315521717071533e-01
0.000000000000000000e+00
6.807597875595092773e-01
9.881089627742767334e-02
0.000000000000000000e+00
1.274253964424133301e+00
2.129300981760025024e-01
5.732890218496322632e-03
0.000000000000000000e+00
7.708255946636199951e-02
9.388545900583267212e-02
4.685473814606666565e-02
1.218947529792785645e+00
2.248078584671020508e+00
2.057793289422988892e-01
1.011944532394409180e+00
8.896501064300537109e-01
2.501969337463378906e-01
0.000000000000000000e+00
1.049651876091957092e-01
8.946663886308670044e-02
9.180537462234497070e-01
1.311017394065856934e+00
3.309390842914581299e-01
0.000000000000000000e+00
2.437225580215454102e-01
1.072222828865051270e+00
1.161479279398918152e-01
1.278266429901123047e+00
3.970980644226074219e-01
5.881104734726250172e-04
1.690666936337947845e-02
8.527635931968688965e-01
0.000000000000000000e+00
1.965309083461761475e-01
2.381808310747146606e-02
1.100763678550720215e+00
9.683203697204589844e-01
5.142964888364076614e-03
6.429488658905029297e-01
8.593775033950805664e-01
1.319305539131164551e+00
1.134501576423645020e+00
7.436254620552062988e-01
1.272513389587402344e+00
2.085105657577514648e+00
0.000000000000000000e+00
5.455762147903442383e-01
1.927544355392456055e+00
1.227596759796142578e+00
3.774676471948623657e-02
1.419209241867065430e+00
2.102616243064403534e-03
1.042365208268165588e-01
0.000000000000000000e+00
3.076709210872650146e-01
6.895160079002380371e-01
3.509843051433563232e-01
3.785964250564575195e+00
1.927391767501831055e+00
9.725518822669982910e-01
0.000000000000000000e+00
5.683165788650512695e-01
8.795683830976486206e-02
0.000000000000000000e+00
0.000000000000000000e+00
1.895956844091415405e-01
9.267835319042205811e-02
1.891441270709037781e-02
0.000000000000000000e+00
4.247500747442245483e-02
4.185003042221069336e-02
7.627607583999633789e-01
1.517227411270141602e+00
6.316567957401275635e-02
1.190033555030822754e-01
1.546531200408935547e+00
3.350752964615821838e-02
7.942680120468139648e-01
7.517166668549180031e-04
8.892317116260528564e-02
9.301773309707641602e-01
5.651178956031799316e-02
1.182794928550720215e+00
2.485560178756713867e-01
1.714612483978271484e+00
2.317130565643310547e-01
3.452616930007934570e-01
4.837875603698194027e-04
6.027579903602600098e-01
2.057646274566650391e+00
1.869467645883560181e-01
0.000000000000000000e+00
3.180636644363403320e+00
3.635231256484985352e-01
1.068470239639282227e+00
1.380753219127655029e-01
7.577833533287048340e-02
2.814906239509582520e-01
1.047505158931016922e-02
3.355454921722412109e+00
5.671877264976501465e-01
8.833123445510864258e-01
5.999920368194580078e-01
2.343223333358764648e+00
0.000000000000000000e+00
2.017142057418823242e+00
1.178042124956846237e-02
1.680246554315090179e-02
2.263095527887344360e-01
0.000000000000000000e+00
9.871187061071395874e-02
1.296817958354949951e-01
4.892738070338964462e-03
0.000000000000000000e+00
2.016563713550567627e-01
7.806223630905151367e-01
1.686928868293762207e+00
0.000000000000000000e+00
5.677089691162109375e-01
4.302522540092468262e-02
1.689973473548889160e+00
0.000000000000000000e+00
8.236690424382686615e-03
0.000000000000000000e+00
2.968243062496185303e-01
1.276589155197143555e+00
5.855459570884704590e-01
1.787260323762893677e-01
1.704941987991333008e+00
0.000000000000000000e+00
1.286718726158142090e+00
3.598607182502746582e-01
6.273420155048370361e-02
2.444222383201122284e-02
0.000000000000000000e+00
1.352203965187072754e+00
1.683321118354797363e+00
1.547813266515731812e-01
3.706724405288696289e+00
9.654185734689235687e-03
1.593304157257080078e+00
6.205189507454633713e-03
7.372258603572845459e-02
2.122747100656852126e-04
1.987740039825439453e+00
6.560779213905334473e-01
0.000000000000000000e+00
3.733104765415191650e-01
6.956517696380615234e-01
3.443453907966613770e-01
2.959494352340698242e+00
3.520163297653198242e-01
5.336523801088333130e-02
3.575133383274078369e-01
4.475503228604793549e-03
7.900929450988769531e-01
1.321203112602233887e-01
6.630063988268375397e-03
1.241855695843696594e-01
9.880849123001098633e-01
1.009436488151550293e+00
2.003541449084877968e-03
2.058649063110351562e-01
1.102936267852783203e-02
8.818907141685485840e-01
2.129020243883132935e-01
5.735066533088684082e-01
4.185787439346313477e-01
3.898128122091293335e-02
5.151186510920524597e-02
1.289144039154052734e+00
0.000000000000000000e+00
3.975334167480468750e-01
2.384606838226318359e+00
3.028197586536407471e-01
0.000000000000000000e+00
1.448057740926742554e-01
3.024420261383056641e+00
6.036692261695861816e-01
1.153753638267517090e+00
2.696164846420288086e-01
2.677158117294311523e+00
2.287678956985473633e+00
6.161552667617797852e-01
3.907868638634681702e-02
2.380522042512893677e-01
0.000000000000000000e+00
0.000000000000000000e+00
