1.823821961879730225e-01
0.000000000000000000e+00
2.517365291714668274e-02
2.403246164321899414e+00
4.168291687965393066e-01
6.956872344017028809e-01
5.936580300331115723e-01
2.295913219451904297e+00
7.104966163635253906e+00
1.174815297126770020e+00
1.764748841524124146e-01
1.480584859848022461e+00
4.039171040058135986e-01
1.072212219238281250e+00
2.526497840881347656e+00
5.303332209587097168e-01
5.694517493247985840e-01
1.865093588829040527e+00
6.213891506195068359e-01
8.437424898147583008e-02
1.124545216560363770e+00
0.000000000000000000e+00
5.317885428667068481e-02
1.370304107666015625e+00
4.259254783391952515e-02
3.757884353399276733e-02
1.800985038280487061e-01
1.919016599655151367e+00
4.437930881977081299e-01
1.797700673341751099e-02
8.558976650238037109e-02
7.234442234039306641e-02
6.027317047119140625e-01
3.424429595470428467e-01
8.391640782356262207e-01
3.341801404953002930e+00
3.127025365829467773e-01
5.803422071039676666e-03
7.962416410446166992e-01
5.747161507606506348e-01
4.215309023857116699e-01
3.895626366138458252e-01
5.969680547714233398e-01
3.730245113372802734e+00
6.504769325256347656e-01
1.348124623298645020e+00
5.949947237968444824e-01
1.441309332847595215e+00
1.142921447753906250e-01
1.763845920562744141e+00
2.532721042633056641e+00
0.000000000000000000e+00
1.178534150123596191e+00
4.257618635892868042e-02
8.928276896476745605e-01
1.310653835535049438e-01
5.482754707336425781e-01
7.426577210426330566e-01
1.214727401733398438e+00
1.295081377029418945e-01
3.662985563278198242e-02
1.077411025762557983e-01
1.215592548251152039e-01
6.352199316024780273e-01
1.715089917182922363e+00
2.044457346200942993e-01
5.128926131874322891e-04
3.643018007278442383e-01
1.137110233306884766e+00
2.173586040735244751e-01
0.000000000000000000e+00
6.690328568220138550e-02
4.776382446289062500e-01
7.712399363517761230e-01
4.838656187057495117e-01
1.262725234031677246e+00
2.213385654613375664e-03
5.254246592521667480e-01
6.026720255613327026e-02
5.507112741470336914e-01
0.000000000000000000e+00
1.244124412536621094e+00
2.192472219467163086e+00
1.318817734718322754e-01
1.810138940811157227e+00
1.380812972784042358e-01
1.904067277908325195e+00
5.318236723542213440e-02
5.751122832298278809e-01
0.000000000000000000e+00
1.467159390449523926e-01
3.260115860030055046e-03
0.000000000000000000e+00
0.000000000000000000e+00
1.177029490470886230e+00
1.646836549043655396e-01
1.190619945526123047e+00
2.067169249057769775e-01
1.424451917409896851e-01
1.447118847863748670e-05
1.161393336951732635e-02
8.914173813536763191e-04
4.048574191983789206e-04
1.317467212677001953e+00
8.835787177085876465e-01
1.716235727071762085e-01
1.826316356658935547e+00
8.192564249038696289e-01
3.448471426963806152e-01
1.144852787256240845e-01
2.006042003631591797e+00
0.000000000000000000e+00
4.809295535087585449e-01
5.577855706214904785e-01
6.766604781150817871e-01
4.072259366512298584e-02
2.699402272701263428e-01
9.303130954504013062e-02
2.328756004571914673e-01
1.792506337165832520e+00
1.039183616638183594e+00
5.024048089981079102e-01
2.951156639028340578e-04
1.867007732391357422e+00
8.803215026855468750e-01
6.172081828117370605e-01
0.000000000000000000e+00
4.929333031177520752e-01
2.113827943801879883e+00
7.677190750837326050e-02
0.000000000000000000e+00
1.175564289093017578e+00
1.956033408641815186e-01
1.841741651296615601e-01
3.508321642875671387e-01
1.792248897254467010e-02
9.365441650152206421e-02
5.143060684204101562e+00
3.772994095925241709e-04
2.561556994915008545e-01
1.181839331984519958e-01
8.677288293838500977e-01
1.611197590827941895e+00
0.000000000000000000e+00
1.333831697702407837e-01
2.945071831345558167e-02
8.259133696556091309e-01
9.065082669258117676e-01
5.205188989639282227e-01
5.257527530193328857e-02
5.873805522918701172e+00
0.000000000000000000e+00
5.220792889595031738e-01
5.946984291076660156e-01
1.383537769317626953e+00
1.923808097839355469e+00
1.175818294286727905e-01
1.843369156122207642e-01
2.381355285644531250e+00
4.087495207786560059e-01
8.366195112466812134e-02
1.615151047706604004e+00
7.088247537612915039e-01
3.809345886111259460e-02
2.863171100616455078e-01
1.445067673921585083e-01
5.645528063178062439e-02
0.000000000000000000e+00
1.210217475891113281e+00
3.189356565475463867e+00
6.512881070375442505e-02
1.610748916864395142e-01
2.650499343872070312e-02
1.463053941726684570e+00
2.539704144001007080e-01
7.538829326629638672e+00
0.000000000000000000e+00
1.350720506161451340e-02
1.103562340140342712e-01
1.072157621383666992e-01
0.000000000000000000e+00
7.139794528484344482e-03
1.469884216785430908e-01
2.935388088226318359e+00
1.886906325817108154e-01
1.715945824980735779e-02
9.246346354484558105e-02
8.982408046722412109e-01
0.000000000000000000e+00
7.973208092153072357e-03
0.000000000000000000e+00
1.523292064666748047e-01
1.203552484512329102e+00
4.197816550731658936e-01
7.079793214797973633e-01
1.682570725679397583e-01
1.014680624008178711e+00
2.605234086513519287e-01
4.904714524745941162e-01
5.603285431861877441e-01
1.326079010963439941e+00
8.611772209405899048e-02
4.558569490909576416e-01
4.727307558059692383e-01
3.137875199317932129e-01
2.046142220497131348e-01
5.336691141128540039e-01
5.056302621960639954e-02
7.753442227840423584e-02
1.479973793029785156e+00
5.404110252857208252e-02
1.231454312801361084e-01
4.486703574657440186e-01
7.448049187660217285e-01
1.302462697029113770e+00
3.650321960449218750e-01
1.102117523550987244e-01
1.859911680221557617e-01
1.058642268180847168e+00
1.435831427574157715e+00
0.000000000000000000e+00
5.733851715922355652e-02
5.368379950523376465e-01
2.940632775425910950e-02
3.854048252105712891e-01
0.000000000000000000e+00
1.842243522405624390e-01
5.359365940093994141e-01
1.830815672874450684e-01
1.877579279243946075e-02
7.343211024999618530e-02
3.842934966087341309e-01
1.566666603088378906e+00
2.508742332458496094e+00
6.741135120391845703e-01
9.753906726837158203e-01
2.025713920593261719e+00
1.042142063379287720e-01
4.579262807965278625e-02
1.260834217071533203e+00
9.090007096529006958e-02
3.399372473359107971e-02
0.000000000000000000e+00
3.012392044067382812e+00
7.637996673583984375e-01
5.179079771041870117e-01
7.038862109184265137e-01
2.354897093027830124e-03
1.355697631835937500e+00
1.985243201255798340e+00
3.232915652915835381e-03
2.243852019309997559e-01
2.734994329512119293e-02
1.439291596412658691e+00
1.111978173255920410e+00
9.364176541566848755e-03
9.843870997428894043e-03
0.000000000000000000e+00
0.000000000000000000e+00
2.630371227860450745e-02
1.136092543601989746e+00
3.631533384323120117e-01
0.000000000000000000e+00
3.143247216939926147e-03
0.000000000000000000e+00
0.000000000000000000e+00
2.374444484710693359e+00
0.000000000000000000e+00
3.402159810066223145e-01
0.000000000000000000e+00
1.764103770256042480e+00
0.000000000000000000e+00
6.197955012321472168e-01
8.854188770055770874e-02
3.713032603263854980e-02
3.911538422107696533e-01
1.456259656697511673e-02
5.765224099159240723e-01
1.283921957015991211e+00
5.464312434196472168e-02
2.591660916805267334e-01
1.432925760746002197e-01
2.990000247955322266e-01
1.936302930116653442e-01
4.861328899860382080e-01
8.450173735618591309e-01
1.071293830871582031e+00
4.112910944968461990e-03
2.069488018751144409e-01
1.720672287046909332e-02
1.725308299064636230e+00
2.372497558593750000e+00
1.172747462987899780e-01
6.141381338238716125e-03
8.296754211187362671e-02
4.567605555057525635e-01
2.195796668529510498e-01
2.034577280282974243e-01
1.735023975372314453e+00
5.525814056396484375e+00
3.384190797805786133e-01
2.076190263032913208e-01
2.850201725959777832e-01
1.148914620280265808e-01
1.088646939024329185e-03
2.288684397935867310e-01
0.000000000000000000e+00
0.000000000000000000e+00
1.027623340487480164e-01
1.083179935812950134e-01
6.881480216979980469e-01
0.000000000000000000e+00
1.093727443367242813e-02
1.421250820159912109e+00
1.066873893141746521e-01
1.807419508695602417e-01
0.000000000000000000e+00
1.277867108583450317e-01
1.767521739006042480e+00
3.874781429767608643e-01
1.453387498855590820e+00
0.000000000000000000e+00
1.982272118330001831e-01
5.774389952421188354e-02
9.893368929624557495e-03
5.882791280746459961e-01
2.971063926815986633e-02
0.000000000000000000e+00
4.261275231838226318e-01
7.729017138481140137e-01
1.095907315611839294e-01
1.471647527068853378e-02
6.967077255249023438e-01
2.270036749541759491e-02
7.348962873220443726e-02
3.547745347023010254e-01
1.961638092994689941e+00
5.018693581223487854e-02
1.449239015579223633e+00
1.588318824768066406e+00
9.006609767675399780e-02
3.845708444714546204e-02
1.878355294466018677e-01
2.142075300216674805e-01
1.130552172660827637e+00
1.061537742614746094e+00
1.184788495302200317e-01
2.543695643544197083e-02
3.440925776958465576e-01
1.088951349258422852e+00
1.775075495243072510e-01
1.681168794631958008e+00
8.743450045585632324e-01
3.432086482644081116e-02
2.190042734146118164e-01
9.058250188827514648e-01
0.000000000000000000e+00
1.669774651527404785e-01
4.829429555684328079e-03
9.244433641433715820e-01
1.455570161342620850e-01
0.000000000000000000e+00
3.806535303592681885e-01
4.966324269771575928e-01
1.696356892585754395e+00
1.321000814437866211e+00
3.208260238170623779e-01
1.103959321975708008e+00
2.314689636230468750e+00
0.000000000000000000e+00
6.361857056617736816e-01
1.387041449546813965e+00
3.703244328498840332e-01
1.297366023063659668e-01
8.877896666526794434e-01
0.000000000000000000e+00
3.799102455377578735e-02
1.843481324613094330e-03
1.245020255446434021e-01
5.417538881301879883e-01
1.415499299764633179e-01
3.737040758132934570e+00
3.010783195495605469e+00
5.250162482261657715e-01
0.000000000000000000e+00
6.621580719947814941e-01
3.004160709679126740e-03
0.000000000000000000e+00
0.000000000000000000e+00
2.877801656723022461e-02
2.864471077919006348e-01
2.425448223948478699e-02
0.000000000000000000e+00
1.405847072601318359e-01
6.058178097009658813e-02
1.297083377838134766e+00
1.125247001647949219e+00
8.915799111127853394e-02
1.047256812453269958e-01
1.125594139099121094e+00
1.705848425626754761e-02
9.762911796569824219e-01
0.000000000000000000e+00
7.082117721438407898e-03
1.052624940872192383e+00
7.878174781799316406e-01
1.130640745162963867e+00
1.873542368412017822e-01
1.114273190498352051e+00
4.257151484489440918e-01
2.996462583541870117e-01
1.240824116393923759e-03
4.194008111953735352e-01
1.262250542640686035e+00
1.941894297488033772e-03
0.000000000000000000e+00
4.726585388183593750e+00
4.754363745450973511e-02
7.108824253082275391e-01
3.512948155403137207e-01
1.541495025157928467e-01
2.668288946151733398e-01
0.000000000000000000e+00
2.397928714752197266e+00
6.896423101425170898e-01
5.924910306930541992e-01
1.096475720405578613e+00
8.939646482467651367e-01
0.000000000000000000e+00
9.994240403175354004e-01
6.713223643600940704e-03
2.653918974101543427e-02
1.116178184747695923e-02
0.000000000000000000e+00
3.079896047711372375e-02
2.204057388007640839e-02
4.762367904186248779e-01
0.000000000000000000e+00
5.273765325546264648e-01
2.184009850025177002e-01
7.459386587142944336e-01
0.000000000000000000e+00
2.167325317859649658e-01
1.992517560720443726e-01
4.195078611373901367e-01
0.000000000000000000e+00
0.000000000000000000e+00
0.000000000000000000e+00
4.047867953777313232e-01
1.368892669677734375e+00
8.751712441444396973e-01
2.698530256748199463e-02
1.957393527030944824e+00
7.696223445236682892e-03
4.280226826667785645e-01
3.089233934879302979e-01
1.089151501655578613e-01
5.046949386596679688e-01
0.000000000000000000e+00
1.126435518264770508e+00
1.782115459442138672e+00
4.715882986783981323e-02
2.801528930664062500e+00
3.885879516601562500e-01
1.136050939559936523e+00
0.000000000000000000e+00
9.919612854719161987e-02
1.519519388675689697e-01
1.615513682365417480e+00
7.726095914840698242e-01
0.000000000000000000e+00
1.661567389965057373e-01
6.493930518627166748e-02
2.045688182115554810e-01
2.409010648727416992e+00
6.393488645553588867e-01
1.703052781522274017e-02
3.614597618579864502e-01
3.538952469825744629e-01
1.435620903968811035e+00
1.176621615886688232e-01
0.000000000000000000e+00
7.629046589136123657e-02
1.358719587326049805e+00
1.066757440567016602e+00
1.170104462653398514e-02
4.873362779617309570e-01
7.863647304475307465e-03
1.322349548339843750e+00
2.925737500190734863e-01
1.840733885765075684e-01
5.720437169075012207e-01
6.147925741970539093e-03
2.402890622615814209e-01
5.506957173347473145e-01
2.580660581588745117e-02
8.821347355842590332e-01
2.572909832000732422e+00
2.973642759025096893e-02
0.000000000000000000e+00
1.323255002498626709e-01
2.166056394577026367e+00
4.611245691776275635e-01
1.040543317794799805e+00
5.731970071792602539e-01
1.979273676872253418e+00
2.471482276916503906e+00
7.898616045713424683e-02
1.162251830101013184e-01
5.484046936035156250e-01
0.000000000000000000e+00
1.028997823596000671e-01
