1.060888692736625671e-01
6.861145375296473503e-04
3.955715522170066833e-02
2.588627099990844727e+00
4.377636611461639404e-01
1.650059968233108521e-01
5.271574258804321289e-01
2.297878503799438477e+00
6.750032424926757812e+00
7.085983753204345703e-01
1.229330375790596008e-01
1.636732697486877441e+00
2.186669260263442993e-01
1.217154383659362793e+00
2.172970056533813477e+00
1.110928773880004883e+00
7.571174502372741699e-01
1.834319591522216797e+00
4.395551681518554688e-01
2.231790721416473389e-01
1.132710099220275879e+00
3.350751940160989761e-03
2.985852658748626709e-01
2.760608196258544922e+00
1.197347790002822876e-01
4.186557978391647339e-02
3.601071075536310673e-04
1.744907617568969727e+00
4.926598966121673584e-01
1.320690661668777466e-01
5.256618838757276535e-03
6.437128037214279175e-02
8.856335878372192383e-01
4.680976867675781250e-01
8.025467991828918457e-01
2.175264835357666016e+00
5.326598882675170898e-01
1.208369899541139603e-02
2.131119370460510254e-01
6.461324691772460938e-01
1.108101904392242432e-01
1.364469993859529495e-02
9.121999740600585938e-01
3.379468202590942383e+00
7.975156903266906738e-01
1.120694398880004883e+00
8.497051000595092773e-01
1.025909662246704102e+00
8.338712900876998901e-02
1.444242477416992188e+00
3.566370010375976562e+00
0.000000000000000000e+00
1.206144094467163086e+00
1.433698739856481552e-02
2.025170087814331055e+00
3.513552248477935791e-01
6.563756465911865234e-01
1.186885237693786621e-01
2.300997734069824219e+00
2.142649888992309570e-01
1.932776123285293579e-01
2.489776723086833954e-02
3.295561373233795166e-01
1.272787690162658691e+00
9.135100245475769043e-01
6.472877860069274902e-01
1.876367777585983276e-01
3.672327101230621338e-01
4.703047573566436768e-01
7.908309698104858398e-01
9.004930034279823303e-03
3.138392418622970581e-02
2.658226490020751953e-01
8.688374757766723633e-01
8.682640194892883301e-01
6.326327919960021973e-01
4.795704036951065063e-03
9.983418583869934082e-01
1.870533823966979980e-01
1.306819796562194824e+00
2.421867549419403076e-01
9.391210079193115234e-01
2.406051397323608398e+00
2.320386916399002075e-01
1.074718713760375977e+00
1.722421795129776001e-01
1.587569713592529297e+00
7.238525152206420898e-02
7.945541739463806152e-01
8.957535773515701294e-02
1.061471328139305115e-01
0.000000000000000000e+00
5.093715153634548187e-03
0.000000000000000000e+00
9.810908436775207520e-01
4.529300630092620850e-01
4.732517302036285400e-01
1.608925938606262207e+00
1.559712588787078857e-01
1.005687862634658813e-01
3.767450898885726929e-02
6.750930547714233398e-01
3.229029774665832520e-01
1.162941694259643555e+00
1.517973065376281738e+00
1.740570366382598877e-01
1.532892346382141113e+00
4.681882560253143311e-01
4.633106887340545654e-01
3.262173533439636230e-01
1.762048482894897461e+00
8.447460830211639404e-02
5.038452744483947754e-01
4.312696456909179688e-01
4.235624969005584717e-01
2.542026573792099953e-03
1.676295101642608643e-01
5.420287847518920898e-01
1.800548553466796875e+00
1.829081654548645020e+00
1.111386299133300781e+00
3.217427432537078857e-01
1.900948956608772278e-02
1.487345576286315918e+00
9.544574618339538574e-01
8.797213435173034668e-01
0.000000000000000000e+00
3.735542595386505127e-01
1.474889278411865234e+00
0.000000000000000000e+00
2.102464139461517334e-01
4.635899364948272705e-01
8.723162114620208740e-02
3.985702246427536011e-02
4.936829209327697754e-01
4.433196410536766052e-02
2.543427646160125732e-01
4.286031246185302734e+00
0.000000000000000000e+00
2.339168488979339600e-01
2.686039544641971588e-02
3.749022185802459717e-01
1.422914624214172363e+00
5.244877189397811890e-03
1.681944876909255981e-01
3.136047124862670898e-01
1.103271007537841797e+00
8.070133328437805176e-01
5.783892869949340820e-01
3.623312413692474365e-01
4.305795669555664062e+00
7.880504131317138672e-01
3.744129240512847900e-01
5.970370769500732422e-01
1.445171713829040527e+00
1.039507746696472168e+00
3.271532654762268066e-01
2.124916613101959229e-01
1.818913340568542480e+00
4.059197008609771729e-01
3.801856562495231628e-02
7.611305117607116699e-01
5.313010811805725098e-01
3.342580166645348072e-04
3.382640779018402100e-01
2.264328002929687500e-01
1.735393772833049297e-03
0.000000000000000000e+00
7.608411908149719238e-01
1.867942571640014648e+00
2.546311616897583008e-01
7.200266122817993164e-01
6.743089761584997177e-03
6.069003939628601074e-01
1.665516644716262817e-01
6.009520530700683594e+00
2.903361245989799500e-02
5.205220077186822891e-03
2.083486914634704590e-01
1.789475604891777039e-02
5.190138146281242371e-02
3.445009887218475342e-01
6.631681919097900391e-01
3.185033559799194336e+00
2.639332599937915802e-02
5.433080345392227173e-02
2.230964750051498413e-01
1.041673541069030762e+00
6.774531677365303040e-03
3.931294195353984833e-03
0.000000000000000000e+00
1.252257265150547028e-03
1.183286547660827637e+00
7.410519719123840332e-01
9.525106549263000488e-01
4.345586299896240234e-01
7.488114833831787109e-01
5.541642755270004272e-02
2.999657690525054932e-01
8.130000233650207520e-01
1.282834649085998535e+00
2.538568973541259766e-01
3.808776661753654480e-02
7.896396517753601074e-01
3.745463192462921143e-01
0.000000000000000000e+00
7.091797590255737305e-01
4.692465811967849731e-02
1.574347168207168579e-01
8.659135103225708008e-01
1.481103450059890747e-01
3.707968592643737793e-01
5.761038064956665039e-01
9.131857156753540039e-01
7.152300477027893066e-01
1.608417779207229614e-01
9.350323677062988281e-01
2.158262282609939575e-01
1.710173249244689941e+00
7.990428209304809570e-01
1.349542886018753052e-01
1.023496091365814209e-01
9.394733309745788574e-01
1.925294250249862671e-01
4.432570636272430420e-01
0.000000000000000000e+00
3.118229508399963379e-01
6.535416245460510254e-01
7.083810120820999146e-02
1.156085208058357239e-01
4.012037068605422974e-02
7.840554118156433105e-01
2.496737480163574219e+00
1.034501314163208008e+00
8.444710969924926758e-01
8.189229965209960938e-01
2.133598089218139648e+00
4.172883331775665283e-01
2.499773800373077393e-01
9.466441869735717773e-01
1.998760402202606201e-01
3.790264576673507690e-02
3.635133206844329834e-01
2.101709127426147461e+00
1.200459718704223633e+00
1.645629666745662689e-02
2.807524800300598145e-01
0.000000000000000000e+00
1.796119213104248047e+00
7.753176093101501465e-01
5.295883417129516602e-01
4.853214323520660400e-01
5.025682598352432251e-02
6.420674920082092285e-01
6.741617918014526367e-01
4.157010838389396667e-02
2.181062102317810059e-01
0.000000000000000000e+00
1.590784937143325806e-01
1.333893984556198120e-01
1.161678314208984375e+00
2.218833565711975098e-01
6.401418149471282959e-02
2.917816042900085449e-01
0.000000000000000000e+00
2.382541149854660034e-01
1.040905952453613281e+00
1.292463243007659912e-01
7.271189689636230469e-01
1.392713487148284912e-01
1.166606783866882324e+00
5.472774803638458252e-02
4.881007671356201172e-01
1.863407790660858154e-01
1.341157108545303345e-01
9.275696873664855957e-01
5.641422271728515625e-01
7.425995469093322754e-01
1.051597118377685547e+00
4.127655029296875000e-01
2.959318161010742188e-01
7.985008955001831055e-01
1.839644312858581543e-01
4.144070744514465332e-01
8.174825906753540039e-01
1.169995188713073730e+00
7.160912752151489258e-01
3.514263778924942017e-02
1.158820241689682007e-01
6.264085322618484497e-02
1.269294142723083496e+00
8.743770718574523926e-01
3.058444559574127197e-01
1.643776148557662964e-01
1.486219912767410278e-01
5.288494825363159180e-01
1.567628532648086548e-01
1.614972949028015137e-01
1.478055834770202637e+00
4.661880493164062500e+00
9.495910406112670898e-01
1.012680232524871826e-01
6.323767304420471191e-01
6.794910412281751633e-03
8.340273052453994751e-02
2.246995083987712860e-02
7.733423262834548950e-02
0.000000000000000000e+00
8.636626601219177246e-02
1.005615830421447754e+00
2.302155941724777222e-01
1.956126838922500610e-01
9.599544107913970947e-02
9.039124846458435059e-01
4.236547052860260010e-01
5.445706248283386230e-01
0.000000000000000000e+00
2.384134531021118164e-01
1.120392799377441406e+00
2.068805880844593048e-02
1.249418377876281738e+00
0.000000000000000000e+00
6.550320237874984741e-02
2.566433548927307129e-01
3.972242772579193115e-02
9.623903036117553711e-02
5.004891380667686462e-02
0.000000000000000000e+00
1.111247658729553223e+00
1.410302221775054932e-01
0.000000000000000000e+00
8.185402490198612213e-03
4.032234847545623779e-02
1.433436274528503418e-01
1.215951051563024521e-02
5.410644412040710449e-01
1.720749378204345703e+00
3.125762939453125000e-01
9.068037867546081543e-01
8.297213315963745117e-01
3.627014756202697754e-01
5.606944207102060318e-03
4.715323448181152344e-01
1.388235986232757568e-01
4.908148944377899170e-01
7.358297109603881836e-01
1.581920236349105835e-01
3.009386360645294189e-02
4.651470482349395752e-01
7.787498831748962402e-01
4.734739288687705994e-02
5.184941291809082031e-01
7.852508127689361572e-02
1.046003773808479309e-01
4.335685633122920990e-03
9.888247847557067871e-01
0.000000000000000000e+00
2.068132311105728149e-01
5.055207386612892151e-02
5.314306616783142090e-01
3.805655837059020996e-01
1.092684566974639893e-01
7.245324254035949707e-01
4.132951498031616211e-01
1.159638166427612305e+00
1.008984804153442383e+00
1.487406939268112183e-01
1.286768317222595215e+00
1.417751073837280273e+00
0.000000000000000000e+00
1.333281844854354858e-01
8.106941580772399902e-01
9.849839210510253906e-01
2.217210978269577026e-01
8.176004886627197266e-01
3.942604362964630127e-02
2.710406854748725891e-02
1.112733632326126099e-01
6.956900358200073242e-01
7.666146159172058105e-01
3.589408099651336670e-01
3.177329778671264648e+00
1.861196875572204590e+00
9.009407162666320801e-01
0.000000000000000000e+00
7.578752040863037109e-01
1.004207134246826172e-01
0.000000000000000000e+00
0.000000000000000000e+00
2.086208611726760864e-01
1.811832487583160400e-01
6.438952684402465820e-02
0.000000000000000000e+00
1.976640075445175171e-01
2.617338001728057861e-01
6.352832913398742676e-01
1.999036431312561035e+00
0.000000000000000000e+00
5.629299674183130264e-03
1.061968684196472168e+00
7.472117990255355835e-02
7.344111800193786621e-01
0.000000000000000000e+00
1.250509768724441528e-01
1.023093461990356445e+00
1.102520301938056946e-01
1.067584156990051270e+00
2.313300818204879761e-01
1.080963134765625000e+00
2.437063902616500854e-01
1.305120885372161865e-01
0.000000000000000000e+00
7.148263454437255859e-01
9.182015061378479004e-01
1.946849375963211060e-02
2.893443405628204346e-01
2.241364479064941406e+00
6.200134158134460449e-01
4.527747333049774170e-01
1.984400451183319092e-01
3.349910676479339600e-01
5.102050304412841797e-01
0.000000000000000000e+00
2.678719520568847656e+00
3.620890080928802490e-01
8.516665101051330566e-01
1.310069203376770020e+00
9.457297325134277344e-01
2.956230938434600830e-02
1.442378997802734375e+00
0.000000000000000000e+00
2.471329271793365479e-02
2.140266746282577515e-01
2.187215490266680717e-03
1.985762268304824829e-02
2.160066217184066772e-01
6.592568159103393555e-01
0.000000000000000000e+00
7.546470151282846928e-04
9.941628575325012207e-01
2.017408132553100586e+00
0.000000000000000000e+00
2.052024751901626587e-01
2.490762025117874146e-01
8.058698177337646484e-01
5.984160676598548889e-02
0.000000000000000000e+00
6.400214880704879761e-02
1.666058450937271118e-01
6.668477654457092285e-01
7.438128590583801270e-01
5.280969738960266113e-01
1.179610848426818848e+00
2.851562947034835815e-02
9.956697821617126465e-01
1.104399189352989197e-01
2.363894321024417877e-02
1.691984653007239103e-04
0.000000000000000000e+00
1.370903968811035156e+00
1.500546813011169434e+00
1.907933503389358521e-01
2.870534181594848633e+00
5.377288162708282471e-02
8.520737290382385254e-01
2.985275536775588989e-02
2.478556931018829346e-01
4.029017686843872070e-02
1.266747474670410156e+00
1.054437398910522461e+00
0.000000000000000000e+00
8.186676502227783203e-01
2.684060335159301758e-01
2.666419744491577148e-01
2.619858264923095703e+00
8.296452760696411133e-01
3.748572245240211487e-02
3.266919255256652832e-01
6.845670938491821289e-02
2.552536427974700928e-01
2.487663626670837402e-01
1.301254928112030029e-01
1.437423191964626312e-02
6.050783991813659668e-01
8.727977275848388672e-01
9.543932043015956879e-03
1.860496960580348969e-02
1.199607085436582565e-02
1.663542270660400391e+00
1.016205623745918274e-01
9.333242475986480713e-02
2.014586180448532104e-01
7.431702688336372375e-03
2.439184337854385376e-01
1.265499949455261230e+00
0.000000000000000000e+00
8.576663583517074585e-02
1.629219174385070801e+00
1.202896609902381897e-01
0.000000000000000000e+00
1.051591411232948303e-01
1.791755437850952148e+00
5.658364892005920410e-01
1.822122931480407715e-01
4.808845520019531250e-01
2.162798166275024414e+00
1.629878997802734375e+00
3.912965357303619385e-01
1.567929834127426147e-01
8.761953115463256836e-01
0.000000000000000000e+00
0.000000000000000000e+00
