5.529935956001281738e-01
0.000000000000000000e+00
1.846112161874771118e-01
2.571489810943603516e+00
1.314934492111206055e+00
1.313112527132034302e-01
7.566453218460083008e-01
3.132600069046020508e+00
5.092938899993896484e+00
8.830419182777404785e-01
7.318881899118423462e-02
1.364873766899108887e+00
2.564021050930023193e-01
8.704883456230163574e-01
3.345533132553100586e+00
9.990140795707702637e-01
7.883358001708984375e-01
2.154433488845825195e+00
1.803248167037963867e+00
3.304012119770050049e-02
2.154205083847045898e+00
9.876586496829986572e-02
2.101565301418304443e-01
2.639747381210327148e+00
5.735624432563781738e-01
1.443627849221229553e-02
2.463610284030437469e-02
2.633117675781250000e+00
3.863463103771209717e-01
1.095209643244743347e-02
1.080713421106338501e-02
1.027776487171649933e-02
2.267498970031738281e+00
7.169387489557266235e-02
4.998672604560852051e-01
4.416560649871826172e+00
2.003013938665390015e-01
1.140198186039924622e-01
1.313795685768127441e+00
6.558557748794555664e-01
1.294304430484771729e-01
8.276451230049133301e-01
7.931965589523315430e-02
3.259092569351196289e+00
9.459527134895324707e-01
1.398607969284057617e+00
3.295698761940002441e-01
3.831686973571777344e-01
1.001574322581291199e-01
1.535939574241638184e+00
1.433176755905151367e+00
0.000000000000000000e+00
6.675114631652832031e-01
2.175772488117218018e-01
1.270563721656799316e+00
1.511199921369552612e-01
1.565342187881469727e+00
1.336703747510910034e-01
7.283954620361328125e-01
1.350336819887161255e-01
7.112035062164068222e-03
5.924109220504760742e-01
4.809769615530967712e-02
1.155568957328796387e+00
1.417837977409362793e+00
3.825780153274536133e-01
0.000000000000000000e+00
3.165599107742309570e-01
1.331514120101928711e+00
6.737840771675109863e-01
0.000000000000000000e+00
0.000000000000000000e+00
2.882236614823341370e-02
5.186660289764404297e-01
1.727715730667114258e-01
5.423011183738708496e-01
0.000000000000000000e+00
8.050034046173095703e-01
1.215725421905517578e+00
1.050020813941955566e+00
6.063849665224552155e-03
8.960776925086975098e-01
1.568011760711669922e+00
3.273876756429672241e-02
1.893412470817565918e+00
7.196994870901107788e-02
5.429416298866271973e-01
1.262962073087692261e-02
1.003953099250793457e+00
6.315581500530242920e-02
5.069183558225631714e-02
9.243635088205337524e-02
6.814616499468684196e-04
0.000000000000000000e+00
4.652208089828491211e-01
4.919179156422615051e-02
1.260720729827880859e+00
3.023435771465301514e-01
6.677342578768730164e-03
1.892765797674655914e-02
5.604752525687217712e-02
1.723005324602127075e-01
1.376761347055435181e-01
1.019429206848144531e+00
1.342740416526794434e+00
6.751131266355514526e-02
1.676266074180603027e+00
4.475746154785156250e-01
2.083475440740585327e-01
4.149839282035827637e-01
1.539100766181945801e+00
2.663722820580005646e-02
1.616248846054077148e+00
1.438554048538208008e+00
1.086692452430725098e+00
5.585675314068794250e-02
2.457834929227828979e-01
9.899283200502395630e-02
3.146652281284332275e-01
2.069756507873535156e+00
2.633616685867309570e+00
3.964491784572601318e-01
1.197211965918540955e-01
1.859926939010620117e+00
6.812876462936401367e-01
5.787950754165649414e-01
0.000000000000000000e+00
4.379342794418334961e-01
2.158532142639160156e+00
4.544517025351524353e-02
0.000000000000000000e+00
5.261961221694946289e-01
5.603612661361694336e-01
1.041867360472679138e-01
5.197132751345634460e-02
1.293370686471462250e-02
1.723155975341796875e-01
4.212706565856933594e+00
0.000000000000000000e+00
0.000000000000000000e+00
1.899690777063369751e-01
8.721223473548889160e-01
9.638485908508300781e-01
0.000000000000000000e+00
3.666841387748718262e-01
4.110814929008483887e-01
9.951019883155822754e-01
8.507708311080932617e-01
1.015412807464599609e+00
8.774703741073608398e-02
6.194593429565429688e+00
4.000323116779327393e-01
4.135107696056365967e-01
2.556696534156799316e-01
2.825442314147949219e+00
1.295969605445861816e+00
3.762119710445404053e-01
6.192613840103149414e-01
2.639187812805175781e+00
3.604161366820335388e-02
1.024305075407028198e-01
1.536218047142028809e+00
2.040021896362304688e+00
3.801898956298828125e-01
4.786337912082672119e-01
6.141189932823181152e-01
0.000000000000000000e+00
0.000000000000000000e+00
1.568200230598449707e+00
3.117460250854492188e+00
7.370269298553466797e-01
2.085254341363906860e-01
2.385842055082321167e-02
1.303690314292907715e+00
3.235596716403961182e-01
6.701142311096191406e+00
0.000000000000000000e+00
0.000000000000000000e+00
7.432916760444641113e-02
3.601552844047546387e-01
8.522652089595794678e-02
5.987174063920974731e-02
2.838037014007568359e-01
3.110367059707641602e+00
1.783983558416366577e-01
5.391202121973037720e-02
2.949198186397552490e-01
9.514821171760559082e-01
3.069006488658487797e-04
1.473651230335235596e-01
0.000000000000000000e+00
1.142248585820198059e-01
3.026177585124969482e-01
9.444922208786010742e-01
7.819951772689819336e-01
1.004240989685058594e+00
3.814413547515869141e-01
4.184201955795288086e-01
1.130015179514884949e-01
1.299525976181030273e+00
2.148167848587036133e+00
3.863473236560821533e-01
7.207395434379577637e-01
6.938484311103820801e-01
1.913469284772872925e-01
5.888146162033081055e-02
7.653847336769104004e-01
1.161403730511665344e-01
3.317426741123199463e-01
1.351225495338439941e+00
6.541170296259224415e-04
0.000000000000000000e+00
1.113578200340270996e+00
1.674813389778137207e+00
1.828873634338378906e+00
8.860802054405212402e-01
4.983431398868560791e-01
3.680507838726043701e-02
1.879142522811889648e+00
1.127747654914855957e+00
7.227682042866945267e-03
1.419069021940231323e-01
2.669571936130523682e-01
4.353388771414756775e-02
1.560690850019454956e-01
0.000000000000000000e+00
2.085770294070243835e-02
1.290950030088424683e-01
1.303736865520477295e-02
8.358100429177284241e-03
1.114419698715209961e-01
3.500061035156250000e-01
1.854078650474548340e+00
1.780573725700378418e+00
8.754565119743347168e-01
8.279224634170532227e-01
2.377279043197631836e+00
5.880355834960937500e-01
3.464588895440101624e-02
4.468003511428833008e-01
2.746030986309051514e-01
8.279061317443847656e-02
1.686789542436599731e-01
3.343039512634277344e+00
1.027737379074096680e+00
1.926230937242507935e-01
3.089556694030761719e-01
7.287483662366867065e-02
1.115871787071228027e+00
1.050716876983642578e+00
1.103764623403549194e-01
2.309613227844238281e-01
3.157624602317810059e-02
8.569272756576538086e-01
9.641541838645935059e-01
0.000000000000000000e+00
1.628697365522384644e-01
0.000000000000000000e+00
1.122690290212631226e-01
8.937852084636688232e-02
4.689299762248992920e-01
7.315564155578613281e-01
4.378871619701385498e-02
3.081281669437885284e-02
0.000000000000000000e+00
2.729643834754824638e-03
3.633140325546264648e+00
0.000000000000000000e+00
6.880472898483276367e-01
3.822957351803779602e-02
1.437684655189514160e+00
2.214832231402397156e-02
1.137630105018615723e+00
2.329496592283248901e-01
1.434414088726043701e-01
6.619148254394531250e-01
5.712018162012100220e-02
4.378760159015655518e-01
1.642004966735839844e+00
1.680159121751785278e-01
6.925276247784495354e-04
2.398883849382400513e-01
1.612439036369323730e+00
5.190420746803283691e-01
5.989065766334533691e-01
1.454446434974670410e+00
1.154983520507812500e+00
0.000000000000000000e+00
1.742332130670547485e-01
0.000000000000000000e+00
1.160726308822631836e+00
1.575869202613830566e+00
2.013254165649414062e-01
0.000000000000000000e+00
1.857066154479980469e-01
5.688628554344177246e-01
6.814219951629638672e-01
5.594660341739654541e-02
1.948274493217468262e+00
5.397145748138427734e+00
1.090794801712036133e+00
2.797508239746093750e-01
1.816735565662384033e-01
6.229205727577209473e-01
2.807168290019035339e-02
1.850912421941757202e-01
4.623272456228733063e-03
0.000000000000000000e+00
9.063847362995147705e-03
0.000000000000000000e+00
8.418807983398437500e-01
6.795406807214021683e-03
2.261022664606571198e-02
9.630336165428161621e-01
4.718274474143981934e-01
7.647307217121124268e-02
2.463409444317221642e-03
4.301556944847106934e-01
1.240851402282714844e+00
2.766228914260864258e-01
2.001253604888916016e+00
0.000000000000000000e+00
6.159676909446716309e-01
5.034866333007812500e-01
1.117183733731508255e-02
8.232589960098266602e-01
1.306461635977029800e-02
0.000000000000000000e+00
1.021635651588439941e+00
3.749074935913085938e-01
1.214362331666052341e-03
0.000000000000000000e+00
7.373261451721191406e-01
3.149049282073974609e-01
1.840051263570785522e-02
8.437620848417282104e-02
1.123017072677612305e+00
1.380336098372936249e-02
9.826680421829223633e-01
1.800660848617553711e+00
3.409117758274078369e-01
0.000000000000000000e+00
2.835278213024139404e-01
9.388189017772674561e-02
8.583468794822692871e-01
8.639193177223205566e-01
3.579327762126922607e-01
4.820586740970611572e-02
4.718612134456634521e-01
5.777738690376281738e-01
1.481475383043289185e-01
1.104444384574890137e+00
5.306480526924133301e-01
8.081521838903427124e-02
9.430089592933654785e-01
7.546100020408630371e-01
0.000000000000000000e+00
4.643478989601135254e-01
4.123853147029876709e-02
6.006506085395812988e-01
5.536583065986633301e-01
1.546652019023895264e-01
2.666992843151092529e-01
8.522499799728393555e-01
1.191380977630615234e+00
5.535246133804321289e-01
9.594576358795166016e-01
1.078826546669006348e+00
2.313190221786499023e+00
0.000000000000000000e+00
1.132716298103332520e+00
1.340468049049377441e+00
1.147387862205505371e+00
2.430771887302398682e-01
1.394250392913818359e+00
9.227531962096691132e-03
1.788380593061447144e-01
4.210650920867919922e-02
2.520425943657755852e-03
2.827195227146148682e-01
1.325479596853256226e-01
1.961741328239440918e+00
1.475046753883361816e+00
5.228366851806640625e-01
8.949187584221363068e-03
2.585345506668090820e-01
1.240503415465354919e-02
0.000000000000000000e+00
0.000000000000000000e+00
9.588833153247833252e-02
4.405262470245361328e-01
1.051934342831373215e-02
1.092094555497169495e-02
5.689441561698913574e-01
4.062076285481452942e-02
4.476068317890167236e-01
2.395312309265136719e+00
1.368816359899938107e-03
8.876200020313262939e-02
1.895544648170471191e+00
2.088882625102996826e-01
2.304203748703002930e+00
1.175311394035816193e-02
7.259102910757064819e-02
1.113729834556579590e+00
2.147805690765380859e-01
9.537518620491027832e-01
3.484077751636505127e-01
1.699764132499694824e+00
9.944329261779785156e-01
2.367472648620605469e-01
0.000000000000000000e+00
4.246645141392946243e-03
1.367168426513671875e+00
6.779789924621582031e-02
5.936313048005104065e-02
4.102512359619140625e+00
1.132985875010490417e-01
9.865576624870300293e-01
9.236253798007965088e-02
2.154524624347686768e-01
1.607759237289428711e+00
0.000000000000000000e+00
3.872300148010253906e+00
1.336852669715881348e+00
4.137912690639495850e-01
7.973225712776184082e-01
1.809170484542846680e+00
2.799489907920360565e-02
1.459659457206726074e+00
3.479345515370368958e-02
2.155926525592803955e-01
2.352064102888107300e-01
0.000000000000000000e+00
4.143412709236145020e-01
2.134143114089965820e-01
1.210368797183036804e-01
0.000000000000000000e+00
5.615616440773010254e-01
8.649196624755859375e-01
1.616084456443786621e+00
0.000000000000000000e+00
1.179720610380172729e-01
2.770009934902191162e-01
8.373543620109558105e-01
5.725069344043731689e-02
0.000000000000000000e+00
0.000000000000000000e+00
1.000833630561828613e+00
1.128352999687194824e+00
6.787659525871276855e-01
4.243947938084602356e-02
2.218794107437133789e+00
2.044135332107543945e-02
1.538780808448791504e+00
3.783603012561798096e-01
4.731775224208831787e-01
5.098386481404304504e-02
0.000000000000000000e+00
1.788622260093688965e+00
1.560784697532653809e+00
2.555134892463684082e-01
3.163889646530151367e+00
1.983779221773147583e-01
1.067855358123779297e+00
2.710871398448944092e-01
4.474449530243873596e-02
4.862137138843536377e-01
1.291711330413818359e+00
5.002593994140625000e-01
1.157069113105535507e-03
2.651771306991577148e-01
4.250375181436538696e-02
8.230819702148437500e-01
3.725243091583251953e+00
5.475968718528747559e-01
9.704884141683578491e-03
2.428735196590423584e-01
8.407102897763252258e-03
1.434811949729919434e+00
2.287129312753677368e-01
1.724229156970977783e-01
3.772333264350891113e-02
1.554687619209289551e+00
4.763233959674835205e-01
6.588289886713027954e-02
3.148732483386993408e-01
1.666450686752796173e-02
1.394680261611938477e+00
2.154798209667205811e-01
6.157455444335937500e-01
3.258097767829895020e-01
1.186909247189760208e-02
3.625235259532928467e-01
7.685452699661254883e-01
7.051812112331390381e-02
7.419723272323608398e-01
2.651912450790405273e+00
9.437405318021774292e-02
1.376559119671583176e-02
7.406334877014160156e-01
2.228810310363769531e+00
2.969248890876770020e-01
9.681352972984313965e-01
3.225824236869812012e-01
1.845821380615234375e+00
1.427806615829467773e+00
1.972712516784667969e+00
4.227132536470890045e-03
8.918519020080566406e-01
0.000000000000000000e+00
0.000000000000000000e+00
