2.276045829057693481e-01
0.000000000000000000e+00
1.011932492256164551e-01
2.134353637695312500e+00
6.934716105461120605e-01
2.567036151885986328e-01
7.600225210189819336e-01
2.325709342956542969e+00
6.877311229705810547e+00
1.913318514823913574e+00
1.841923780739307404e-02
1.859506964683532715e+00
3.891082704067230225e-01
6.533746123313903809e-01
2.922473192214965820e+00
9.852886199951171875e-01
7.594747543334960938e-01
2.561317443847656250e+00
1.279968261718750000e+00
4.645761102437973022e-02
1.893460631370544434e+00
4.128062631934881210e-03
4.701490700244903564e-02
2.157564640045166016e+00
3.058525621891021729e-01
2.320212423801422119e-01
7.473561167716979980e-02
2.129205226898193359e+00
6.562559008598327637e-01
2.694856747984886169e-02
3.358430927619338036e-03
0.000000000000000000e+00
1.303260326385498047e+00
3.732006251811981201e-01
6.971995830535888672e-01
4.304667472839355469e+00
1.147421225905418396e-01
1.825570613145828247e-01
6.291517615318298340e-01
1.002656102180480957e+00
6.878815889358520508e-01
3.944646120071411133e-01
1.666687875986099243e-01
4.430150508880615234e+00
1.062949225306510925e-01
1.538809299468994141e+00
1.810717582702636719e-01
1.752073645591735840e+00
1.575538516044616699e-01
1.912189483642578125e+00
2.829169273376464844e+00
0.000000000000000000e+00
9.632719159126281738e-01
2.609359025955200195e-01
1.367070436477661133e+00
2.881701290607452393e-01
4.914530813694000244e-01
7.138667106628417969e-01
8.845472335815429688e-01
9.536905586719512939e-02
6.367373862303793430e-04
6.826196908950805664e-01
5.306997895240783691e-02
8.196887373924255371e-01
1.326334714889526367e+00
1.600157171487808228e-01
4.820337891578674316e-02
3.929766416549682617e-01
1.316798329353332520e+00
2.294956594705581665e-01
3.676365129649639130e-03
0.000000000000000000e+00
1.279301494359970093e-01
1.502365708351135254e+00
2.168517708778381348e-01
6.308192014694213867e-01
0.000000000000000000e+00
1.370171546936035156e+00
4.845116436481475830e-01
1.733850359916687012e+00
6.729223299771547318e-03
6.235302686691284180e-01
1.843729138374328613e+00
8.219166845083236694e-02
3.083181619644165039e+00
1.025801002979278564e-01
1.157697796821594238e+00
0.000000000000000000e+00
7.130163908004760742e-01
4.469342529773712158e-02
5.782037600874900818e-02
9.446392953395843506e-02
0.000000000000000000e+00
0.000000000000000000e+00
5.180376172065734863e-01
1.162227317690849304e-01
1.350511431694030762e+00
7.664515972137451172e-01
1.889387667179107666e-01
2.418219670653343201e-02
6.782480981200933456e-03
1.589681655168533325e-01
4.187121987342834473e-02
1.382022142410278320e+00
7.505094408988952637e-01
1.175952926278114319e-01
2.081654787063598633e+00
8.882156610488891602e-01
4.214222431182861328e-01
2.509228289127349854e-01
1.504318475723266602e+00
5.593412788584828377e-04
1.060165524482727051e+00
9.364949464797973633e-01
9.294986724853515625e-01
1.139218173921108246e-02
1.629320830106735229e-01
5.872253328561782837e-02
1.280130743980407715e+00
2.253295660018920898e+00
9.189525842666625977e-01
1.586561203002929688e-01
6.170697044581174850e-03
2.180238723754882812e+00
6.708694100379943848e-01
3.936186432838439941e-01
0.000000000000000000e+00
1.054273486137390137e+00
2.494869947433471680e+00
2.352816238999366760e-02
4.321045055985450745e-02
1.165284872055053711e+00
1.949052214622497559e-01
1.040465459227561951e-01
2.691038846969604492e-01
1.147116906940937042e-02
3.210340812802314758e-02
4.969225883483886719e+00
0.000000000000000000e+00
2.791897021234035492e-02
9.035331010818481445e-02
6.475974917411804199e-01
1.912429451942443848e+00
1.860445016063749790e-03
2.069898881018161774e-03
1.151415929198265076e-01
1.190939307212829590e+00
8.525875210762023926e-01
1.040054559707641602e+00
4.580502957105636597e-02
6.238017559051513672e+00
1.757665574550628662e-01
8.242121934890747070e-01
4.514942169189453125e-01
2.756335735321044922e+00
2.262135744094848633e+00
4.054667353630065918e-01
3.224575519561767578e-02
2.736094236373901367e+00
3.713759481906890869e-01
4.779031872749328613e-02
1.673544406890869141e+00
1.267449140548706055e+00
1.223364025354385376e-01
8.511156439781188965e-01
2.671930193901062012e-01
3.209274029359221458e-03
0.000000000000000000e+00
1.472106456756591797e+00
2.407834529876708984e+00
6.978393793106079102e-01
3.213929831981658936e-01
9.361302480101585388e-03
1.394040107727050781e+00
2.563007175922393799e-01
7.426070213317871094e+00
9.583278442732989788e-04
3.776066005229949951e-02
3.001509606838226318e-01
3.054496347904205322e-01
9.193236939609050751e-03
1.471199095249176025e-01
3.841990828514099121e-01
3.993173837661743164e+00
2.546451389789581299e-01
5.279887840151786804e-02
3.000304400920867920e-01
1.601240038871765137e+00
0.000000000000000000e+00
2.596298581920564175e-04
0.000000000000000000e+00
0.000000000000000000e+00
7.095536589622497559e-01
4.171957969665527344e-01
1.154683113098144531e+00
4.442012906074523926e-01
9.226451516151428223e-01
2.867662906646728516e-01
9.257748723030090332e-02
1.025479674339294434e+00
1.469882249832153320e+00
5.314988493919372559e-01
4.842788577079772949e-01
1.159897804260253906e+00
5.891480445861816406e-01
4.137191921472549438e-02
9.900197982788085938e-01
7.086069881916046143e-02
9.203669428825378418e-02
1.318876385688781738e+00
1.729691773653030396e-02
3.643434867262840271e-02
1.239956617355346680e+00
1.498274207115173340e+00
1.330745935440063477e+00
6.065837144851684570e-01
2.264605164527893066e-01
1.405128836631774902e-02
1.869954228401184082e+00
9.049620032310485840e-01
1.563801546581089497e-03
6.842378526926040649e-03
4.302893877029418945e-01
1.945200935006141663e-02
3.104218244552612305e-01
0.000000000000000000e+00
7.789263129234313965e-02
4.311520159244537354e-01
9.410362690687179565e-03
5.774866789579391479e-02
1.508494913578033447e-01
2.912899553775787354e-01
2.345675468444824219e+00
2.006703853607177734e+00
3.487089872360229492e-01
1.446600556373596191e+00
2.654438734054565430e+00
3.834500610828399658e-01
2.319942228496074677e-03
1.214058756828308105e+00
1.289349198341369629e-01
2.445528842508792877e-02
0.000000000000000000e+00
2.434732675552368164e+00
1.280404567718505859e+00
4.539089202880859375e-01
6.510535478591918945e-01
7.007947657257318497e-03
1.244220376014709473e+00
1.696318030357360840e+00
4.627097770571708679e-02
4.423687160015106201e-01
2.963353320956230164e-02
1.240332007408142090e+00
1.165607452392578125e+00
2.815821208059787750e-03
2.370248734951019287e-01
0.000000000000000000e+00
1.703702211380004883e-01
9.551353752613067627e-02
1.080965518951416016e+00
3.658780753612518311e-01
2.534371241927146912e-02
5.206585302948951721e-02
0.000000000000000000e+00
0.000000000000000000e+00
3.072632312774658203e+00
0.000000000000000000e+00
1.004173159599304199e+00
1.561655253171920776e-01
2.259762763977050781e+00
0.000000000000000000e+00
9.008821845054626465e-01
4.216592907905578613e-01
1.320348307490348816e-02
1.636479794979095459e-01
0.000000000000000000e+00
1.004623174667358398e+00
1.654904365539550781e+00
1.981973350048065186e-01
3.347491025924682617e-01
2.949652075767517090e-01
2.980022430419921875e-01
2.039676159620285034e-01
6.405594944953918457e-01
1.474550962448120117e+00
2.030572414398193359e+00
8.954947814345359802e-03
9.673476219177246094e-02
5.780998617410659790e-03
2.408393859863281250e+00
2.064105987548828125e+00
2.388346493244171143e-01
2.559965848922729492e-02
2.670489549636840820e-01
5.378615856170654297e-01
7.081868648529052734e-01
4.484051838517189026e-02
1.893872857093811035e+00
5.572921276092529297e+00
5.401810407638549805e-01
1.689418852329254150e-01
6.076912879943847656e-01
6.117681860923767090e-01
2.624201821163296700e-03
2.702936530113220215e-01
1.115135755389928818e-02
0.000000000000000000e+00
1.315173320472240448e-02
2.057498246431350708e-01
1.076284646987915039e+00
5.042281746864318848e-02
2.184952422976493835e-02
1.737497091293334961e+00
1.924993097782135010e-01
7.027785778045654297e-01
0.000000000000000000e+00
4.380877614021301270e-01
1.929460763931274414e+00
2.733299434185028076e-01
2.174221277236938477e+00
0.000000000000000000e+00
7.463607788085937500e-01
1.322646439075469971e-01
1.970712328329682350e-03
6.411655545234680176e-01
1.974109001457691193e-02
0.000000000000000000e+00
7.399134635925292969e-01
6.718166470527648926e-01
1.068950910121202469e-02
0.000000000000000000e+00
7.083025574684143066e-01
6.550635397434234619e-02
1.920390576124191284e-01
4.981597065925598145e-01
1.481982111930847168e+00
3.394596278667449951e-02
8.553919196128845215e-01
1.783374190330505371e+00
3.895807862281799316e-01
4.066125256940722466e-04
2.077462673187255859e-01
1.387101262807846069e-01
9.886966347694396973e-01
8.503296375274658203e-01
9.697524458169937134e-02
3.086141683161258698e-02
3.902269303798675537e-01
1.140720486640930176e+00
2.080885469913482666e-01
1.822724342346191406e+00
7.364733219146728516e-01
1.934313774108886719e-01
1.013481318950653076e-01
8.489230871200561523e-01
0.000000000000000000e+00
2.573860585689544678e-01
2.349089086055755615e-02
1.462665915489196777e+00
4.008691906929016113e-01
4.939908161759376526e-02
5.039401054382324219e-01
7.925013303756713867e-01
1.445096969604492188e+00
1.380766272544860840e+00
4.028871357440948486e-01
1.223421931266784668e+00
1.695564746856689453e+00
0.000000000000000000e+00
7.028458118438720703e-01
1.670788168907165527e+00
6.433713436126708984e-01
1.985934935510158539e-02
8.029177188873291016e-01
0.000000000000000000e+00
1.296802610158920288e-01
3.028924576938152313e-02
3.295322507619857788e-02
3.408305943012237549e-01
5.555046796798706055e-01
3.140800952911376953e+00
2.294907569885253906e+00
6.496409177780151367e-01
0.000000000000000000e+00
6.524037718772888184e-01
1.428236428182572126e-04
0.000000000000000000e+00
0.000000000000000000e+00
1.157613769173622131e-01
2.439841441810131073e-02
4.026516340672969818e-03
1.400354504585266113e-02
1.282465308904647827e-01
0.000000000000000000e+00
6.534526348114013672e-01
2.305034399032592773e+00
7.282940670847892761e-03
1.784735620021820068e-01
1.647640943527221680e+00
2.071268111467361450e-01
1.750573277473449707e+00
8.536161854863166809e-03
5.879026278853416443e-02
1.130535960197448730e+00
2.570691406726837158e-01
7.714742422103881836e-01
3.232271969318389893e-01
1.421225428581237793e+00
3.124850392341613770e-01
3.434948623180389404e-01
0.000000000000000000e+00
5.037265419960021973e-01
1.954654932022094727e+00
4.334971308708190918e-03
5.788879352621734142e-04
3.900817871093750000e+00
3.088436722755432129e-01
6.526826024055480957e-01
1.473295837640762329e-01
7.378048896789550781e-01
9.171914458274841309e-01
0.000000000000000000e+00
3.361697912216186523e+00
5.847582817077636719e-01
6.208680272102355957e-01
6.296938061714172363e-01
1.718939900398254395e+00
1.966131618246436119e-03
2.505885601043701172e+00
1.261652680113911629e-03
6.313644349575042725e-02
1.375758498907089233e-01
0.000000000000000000e+00
4.719724655151367188e-01
2.918065786361694336e-01
5.184913277626037598e-01
6.544513744302093983e-04
6.381969451904296875e-01
6.462962627410888672e-01
1.309295654296875000e+00
0.000000000000000000e+00
3.087297379970550537e-01
3.476513326168060303e-01
9.812787175178527832e-01
0.000000000000000000e+00
0.000000000000000000e+00
0.000000000000000000e+00
1.899324953556060791e-01
1.433125376701354980e+00
9.987567067146301270e-01
3.057039678096771240e-01
2.054067611694335938e+00
0.000000000000000000e+00
6.507956385612487793e-01
7.365722656250000000e-01
1.596670299768447876e-01
1.498089432716369629e-01
0.000000000000000000e+00
1.393527269363403320e+00
1.531954050064086914e+00
3.075331747531890869e-01
3.687599182128906250e+00
6.369114853441715240e-03
1.194409608840942383e+00
0.000000000000000000e+00
3.800723850727081299e-01
1.637907512485980988e-02
1.890450119972229004e+00
5.288878083229064941e-01
0.000000000000000000e+00
3.276999592781066895e-01
3.248453140258789062e-01
3.552039861679077148e-01
3.101940393447875977e+00
7.284430265426635742e-01
1.396934036165475845e-02
4.683405458927154541e-01
3.564140200614929199e-02
1.403438568115234375e+00
4.137443006038665771e-01
1.370543688535690308e-01
6.643659900873899460e-03
1.113898158073425293e+00
7.246221899986267090e-01
1.791018620133399963e-02
2.982282042503356934e-01
1.698780991137027740e-02
1.435289263725280762e+00
2.205953150987625122e-01
8.357794284820556641e-01
4.068916738033294678e-01
0.000000000000000000e+00
1.469466462731361389e-02
3.884795308113098145e-01
5.489212647080421448e-02
4.494443237781524658e-01
2.367811441421508789e+00
3.878573775291442871e-01
0.000000000000000000e+00
3.336358666419982910e-01
3.083114862442016602e+00
7.267886400222778320e-01
1.628987550735473633e+00
1.212879896163940430e+00
2.237847328186035156e+00
1.969645857810974121e+00
5.519105195999145508e-01
2.542403154075145721e-02
4.857248365879058838e-01
0.000000000000000000e+00
4.897561296820640564e-02
