1.353111416101455688e-01
3.265288425609469414e-03
1.526437550783157349e-01
2.925335884094238281e+00
7.250931859016418457e-01
3.122463822364807129e-01
1.164472103118896484e+00
2.978827476501464844e+00
6.710263252258300781e+00
1.503273725509643555e+00
8.165687322616577148e-02
1.973563075065612793e+00
3.753496110439300537e-01
8.093541264533996582e-01
3.057409048080444336e+00
1.107655048370361328e+00
7.412487864494323730e-01
1.378937244415283203e+00
1.199985265731811523e+00
7.343657314777374268e-02
1.786988496780395508e+00
1.035029301419854164e-03
2.831235229969024658e-01
3.270444869995117188e+00
5.051390826702117920e-02
1.291909022256731987e-03
1.798642575740814209e-01
2.044811725616455078e+00
4.725084900856018066e-01
6.113639101386070251e-02
3.487177891656756401e-03
1.192957255989313126e-02
6.384205222129821777e-01
4.881847798824310303e-01
7.396665811538696289e-01
3.939826726913452148e+00
2.753909826278686523e-01
1.202094256877899170e-01
1.832466870546340942e-01
4.842434227466583252e-01
5.027487277984619141e-01
3.907180130481719971e-01
4.469173550605773926e-01
3.660337209701538086e+00
2.917275726795196533e-01
1.392435193061828613e+00
1.705043464899063110e-01
1.366687297821044922e+00
1.038203667849302292e-02
1.462391376495361328e+00
3.333279371261596680e+00
0.000000000000000000e+00
1.333731651306152344e+00
2.947220802307128906e-01
1.483493804931640625e+00
5.013843774795532227e-01
3.063352406024932861e-01
2.157825380563735962e-01
1.810612797737121582e+00
1.171593144536018372e-01
8.423599600791931152e-02
2.445381730794906616e-01
1.054608076810836792e-02
7.807676792144775391e-01
1.578796029090881348e+00
1.997935771942138672e-01
1.325680222362279892e-02
7.447756528854370117e-01
1.196237206459045410e+00
7.546097636222839355e-01
0.000000000000000000e+00
3.347020829096436501e-03
2.531041204929351807e-01
6.033340096473693848e-01
5.202753543853759766e-01
1.135857224464416504e+00
0.000000000000000000e+00
1.242588877677917480e+00
4.327159821987152100e-01
1.163174152374267578e+00
2.085542306303977966e-02
1.040999054908752441e+00
2.008735418319702148e+00
3.359146043658256531e-02
2.834535598754882812e+00
1.237713247537612915e-01
1.088886737823486328e+00
1.267734356224536896e-02
1.002023696899414062e+00
1.882860362529754639e-01
6.018104776740074158e-02
1.482403576374053955e-01
0.000000000000000000e+00
0.000000000000000000e+00
7.657114863395690918e-01
1.831636428833007812e-01
1.279904603958129883e+00
8.467624783515930176e-01
1.919513195753097534e-01
5.022333934903144836e-02
4.956842167302966118e-04
4.857930913567543030e-02
5.785068031400442123e-03
1.723892331123352051e+00
1.328697681427001953e+00
9.754005819559097290e-02
1.649229049682617188e+00
4.651801586151123047e-01
6.008929610252380371e-01
5.449196696281433105e-01
1.463719844818115234e+00
6.298873573541641235e-02
5.480379462242126465e-01
1.012615680694580078e+00
6.599840521812438965e-01
2.487523667514324188e-02
4.203920811414718628e-02
1.644635498523712158e-01
1.084637165069580078e+00
2.007380008697509766e+00
1.249422669410705566e+00
5.557189583778381348e-01
3.780955448746681213e-02
2.130607128143310547e+00
7.051691412925720215e-01
5.334100127220153809e-01
0.000000000000000000e+00
5.523545742034912109e-01
2.189865589141845703e+00
7.558307796716690063e-02
7.601077854633331299e-02
9.903615713119506836e-01
5.224481225013732910e-01
2.530187368392944336e-01
5.812106132507324219e-01
0.000000000000000000e+00
2.210835367441177368e-01
5.154781341552734375e+00
0.000000000000000000e+00
1.490988489240407944e-02
3.016842762008309364e-03
4.862030446529388428e-01
1.378535628318786621e+00
3.594140708446502686e-02
4.978420212864875793e-02
4.911829531192779541e-02
8.580731749534606934e-01
1.146991968154907227e+00
1.760343194007873535e+00
1.211081165820360184e-02
5.960073947906494141e+00
2.621890008449554443e-01
7.479434609413146973e-01
4.144877195358276367e-01
2.568457603454589844e+00
1.429796099662780762e+00
5.507612228393554688e-01
4.929858148097991943e-01
2.125544548034667969e+00
1.986719220876693726e-01
1.075540930032730103e-01
9.776679873466491699e-01
6.048184633255004883e-01
1.075754612684249878e-01
8.842439055442810059e-01
1.651154309511184692e-01
9.612731635570526123e-03
0.000000000000000000e+00
1.242251992225646973e+00
2.828306913375854492e+00
4.020837843418121338e-01
6.341193914413452148e-01
2.583011984825134277e-02
1.033504724502563477e+00
5.913913249969482422e-01
8.190738677978515625e+00
6.619709893129765987e-04
5.482764169573783875e-02
8.210362866520881653e-03
3.880980312824249268e-01
1.713170669972896576e-02
1.269084028899669647e-02
2.690917849540710449e-01
3.166771650314331055e+00
1.045891493558883667e-01
0.000000000000000000e+00
1.805845350027084351e-01
1.327832818031311035e+00
0.000000000000000000e+00
3.661450371146202087e-02
0.000000000000000000e+00
1.040216721594333649e-02
1.155540943145751953e+00
1.374014168977737427e-01
6.174660921096801758e-01
1.724516898393630981e-01
8.769788146018981934e-01
5.276286005973815918e-01
2.600824832916259766e-02
9.894003868103027344e-01
1.233400344848632812e+00
5.952000617980957031e-01
2.115234434604644775e-01
8.628874421119689941e-01
3.637659549713134766e-01
9.984847158193588257e-02
8.764936327934265137e-01
2.515450818464159966e-03
2.945020496845245361e-01
1.350365757942199707e+00
5.628069117665290833e-02
1.674490720033645630e-01
9.864972829818725586e-01
1.218194842338562012e+00
7.377527952194213867e-01
3.995372951030731201e-01
4.460122287273406982e-01
1.949542015790939331e-01
1.792160034179687500e+00
8.043142557144165039e-01
7.367201894521713257e-02
1.018359586596488953e-01
8.200392127037048340e-01
1.473890990018844604e-01
3.504021763801574707e-01
0.000000000000000000e+00
7.206584513187408447e-02
2.611073553562164307e-01
0.000000000000000000e+00
1.187035720795392990e-02
2.207596749067306519e-01
2.596026360988616943e-01
2.504634141921997070e+00
1.448451995849609375e+00
1.029713273048400879e+00
1.272601127624511719e+00
2.529849529266357422e+00
5.498763918876647949e-01
1.972560398280620575e-02
1.675582170486450195e+00
4.519887566566467285e-01
2.946830391883850098e-01
1.683399230241775513e-01
2.948415040969848633e+00
7.982140183448791504e-01
1.792975813150405884e-01
8.751059174537658691e-01
4.403869435191154480e-02
1.353767156600952148e+00
1.130725026130676270e+00
3.824579343199729919e-02
8.208526968955993652e-01
6.420698948204517365e-03
1.367461085319519043e+00
1.546046733856201172e+00
2.592764794826507568e-03
3.916730582714080811e-01
0.000000000000000000e+00
1.260766237974166870e-01
2.542304620146751404e-02
1.202651143074035645e+00
4.009070098400115967e-01
2.846202813088893890e-02
6.028077006340026855e-02
0.000000000000000000e+00
1.088903397321701050e-01
2.157384157180786133e+00
0.000000000000000000e+00
6.727622747421264648e-01
9.347289055585861206e-02
1.950044035911560059e+00
5.685578566044569016e-03
8.887680768966674805e-01
3.280686736106872559e-01
9.237927943468093872e-02
3.363302648067474365e-01
1.541962660849094391e-02
9.230832457542419434e-01
1.034024834632873535e+00
2.558149695396423340e-01
6.863528862595558167e-03
1.874546706676483154e-01
2.488106340169906616e-01
1.009336560964584351e-01
5.544751286506652832e-01
8.802971243858337402e-01
1.479652404785156250e+00
2.588651515543460846e-02
1.101565062999725342e-01
9.561066329479217529e-02
1.808575391769409180e+00
1.697924256324768066e+00
3.040982484817504883e-01
9.901043027639389038e-02
2.446971982717514038e-01
3.443217277526855469e-01
8.223785758018493652e-01
4.769872501492500305e-02
1.571413159370422363e+00
5.502400398254394531e+00
6.443106532096862793e-01
1.570906341075897217e-01
7.062658667564392090e-01
3.912093937397003174e-01
0.000000000000000000e+00
5.042413994669914246e-02
8.181843906641006470e-03
0.000000000000000000e+00
2.219810709357261658e-02
4.082080125808715820e-01
9.583204388618469238e-01
1.618240028619766235e-03
1.835557222366333008e-01
1.079639196395874023e+00
2.214941680431365967e-01
1.029832959175109863e+00
6.942213512957096100e-04
2.017733901739120483e-01
1.076518535614013672e+00
1.916511207818984985e-01
2.222745656967163086e+00
0.000000000000000000e+00
5.948309227824211121e-02
1.844238936901092529e-01
5.618106806650757790e-04
6.250466108322143555e-01
5.246150493621826172e-02
0.000000000000000000e+00
8.738151192665100098e-01
9.531515836715698242e-01
2.518763206899166107e-02
0.000000000000000000e+00
7.572002410888671875e-01
1.250654160976409912e-01
3.246364369988441467e-02
6.485593318939208984e-01
1.717465758323669434e+00
8.567403256893157959e-02
1.007707595825195312e+00
1.026977777481079102e+00
2.930438816547393799e-01
1.146109700202941895e-01
2.634554803371429443e-01
7.148539274930953979e-02
8.327413797378540039e-01
6.901101469993591309e-01
2.279211431741714478e-01
5.712781473994255066e-02
5.938627719879150391e-01
9.402777552604675293e-01
2.144367396831512451e-01
1.268040657043457031e+00
3.024725914001464844e-01
9.283114969730377197e-02
2.265402674674987793e-02
6.415556669235229492e-01
0.000000000000000000e+00
2.100754976272583008e-01
0.000000000000000000e+00
7.742503881454467773e-01
4.772667288780212402e-01
1.148120090365409851e-01
6.607514023780822754e-01
6.212430596351623535e-01
1.753854393959045410e+00
7.754491567611694336e-01
5.859240293502807617e-01
1.277221679687500000e+00
2.183318614959716797e+00
0.000000000000000000e+00
4.103220701217651367e-01
1.989650607109069824e+00
1.181816577911376953e+00
1.594067960977554321e-01
9.090938568115234375e-01
3.578130900859832764e-02
1.209385320544242859e-01
0.000000000000000000e+00
2.016133666038513184e-01
6.718913316726684570e-01
1.266860216856002808e-01
3.393057107925415039e+00
1.873313069343566895e+00
1.065111279487609863e+00
0.000000000000000000e+00
4.265688061714172363e-01
0.000000000000000000e+00
0.000000000000000000e+00
8.963964646682143211e-04
6.640538573265075684e-02
2.847832255065441132e-02
4.267986491322517395e-02
0.000000000000000000e+00
1.415618211030960083e-01
1.718491688370704651e-02
4.671000838279724121e-01
1.888905405998229980e+00
0.000000000000000000e+00
1.319652795791625977e-01
1.086614966392517090e+00
3.163009583950042725e-01
1.604481458663940430e+00
0.000000000000000000e+00
8.634006232023239136e-02
1.127247810363769531e+00
2.731454670429229736e-01
1.194212436676025391e+00
3.399051427841186523e-01
1.938366651535034180e+00
5.515366792678833008e-01
2.379606515169143677e-01
0.000000000000000000e+00
8.090977668762207031e-01
2.144045352935791016e+00
2.675382420420646667e-02
5.645524710416793823e-02
3.255762100219726562e+00
5.831125378608703613e-02
2.117446511983871460e-01
1.959629803895950317e-01
4.416103661060333252e-01
4.033133089542388916e-01
0.000000000000000000e+00
3.530944824218750000e+00
9.234035015106201172e-01
6.171408891677856445e-01
8.919337391853332520e-01
1.455159425735473633e+00
4.974107723683118820e-03
2.374969959259033203e+00
0.000000000000000000e+00
3.322744369506835938e-02
1.698439419269561768e-01
0.000000000000000000e+00
2.390026114881038666e-02
8.113999664783477783e-02
6.637724041938781738e-01
3.664812818169593811e-02
2.411533296108245850e-01
2.926003336906433105e-01
1.674501180648803711e+00
0.000000000000000000e+00
4.379451572895050049e-01
1.477206200361251831e-01
1.075909495353698730e+00
0.000000000000000000e+00
0.000000000000000000e+00
0.000000000000000000e+00
4.355606436729431152e-01
1.032458186149597168e+00
2.504250407218933105e-01
1.095939800143241882e-01
1.666103720664978027e+00
0.000000000000000000e+00
6.698778271675109863e-01
5.000231862068176270e-01
2.283629775047302246e-01
1.472197473049163818e-01
0.000000000000000000e+00
1.465432286262512207e+00
1.155176162719726562e+00
2.506527602672576904e-01
3.315284490585327148e+00
1.380129437893629074e-02
1.367528557777404785e+00
9.407300502061843872e-02
1.127519384026527405e-01
1.409884691238403320e-01
1.374986886978149414e+00
9.689151644706726074e-01
4.450959153473377228e-03
4.498536884784698486e-01
9.459285736083984375e-01
2.234683930873870850e-01
3.099788427352905273e+00
4.265249967575073242e-01
1.409000996500253677e-02
4.867189228534698486e-01
3.079071268439292908e-02
1.367358446121215820e+00
4.668076932430267334e-01
9.264023602008819580e-02
7.576093077659606934e-02
9.271027445793151855e-01
7.750282883644104004e-01
1.424431055784225464e-01
1.500417739152908325e-01
4.400701820850372314e-02
1.220736622810363770e+00
2.724072895944118500e-02
4.581672549247741699e-01
4.934723675251007080e-01
0.000000000000000000e+00
1.073665022850036621e-01
9.089045524597167969e-01
4.028033837676048279e-02
3.598556518554687500e-01
2.436064958572387695e+00
7.638425379991531372e-02
1.446836814284324646e-02
5.181103944778442383e-01
1.525302052497863770e+00
3.999879360198974609e-01
7.154572606086730957e-01
1.034059643745422363e+00
2.215330839157104492e+00
2.235950469970703125e+00
4.449734389781951904e-01
3.879642114043235779e-02
2.172268927097320557e-01
0.000000000000000000e+00
0.000000000000000000e+00
