0.000000000000000000e+00
0.000000000000000000e+00
9.731406718492507935e-02
2.886429309844970703e+00
2.306281477212905884e-01
1.864784955978393555e-01
1.242386341094970703e+00
3.560297966003417969e+00
6.744461059570312500e+00
1.227584362030029297e+00
1.455686837434768677e-01
1.713426828384399414e+00
1.664322018623352051e-01
1.114608764648437500e+00
2.249911308288574219e+00
9.184612035751342773e-01
6.146588325500488281e-01
1.022982358932495117e+00
5.753065347671508789e-01
9.688409976661205292e-03
8.524843454360961914e-01
0.000000000000000000e+00
4.018554985523223877e-01
2.380136013031005859e+00
2.341909706592559814e-01
1.630348153412342072e-03
0.000000000000000000e+00
1.000004291534423828e+00
5.013395547866821289e-01
1.198445186018943787e-01
0.000000000000000000e+00
0.000000000000000000e+00
6.614267826080322266e-01
5.739013552665710449e-01
5.341103076934814453e-01
2.857451677322387695e+00
4.854083061218261719e-01
2.265637814998626709e-01
1.175978332757949829e-01
9.328882694244384766e-01
5.037829875946044922e-01
1.139340996742248535e-01
9.456455111503601074e-01
4.491620540618896484e+00
2.670063376426696777e-01
1.565463542938232422e+00
1.721425503492355347e-01
1.735459089279174805e+00
9.065283089876174927e-02
1.282733201980590820e+00
3.224595069885253906e+00
0.000000000000000000e+00
1.578511118888854980e+00
3.773676604032516479e-02
1.296449661254882812e+00
4.224833548069000244e-01
3.659126758575439453e-01
3.368185460567474365e-01
2.355501651763916016e+00
7.458095252513885498e-02
2.765136025846004486e-02
3.215227127075195312e-01
1.674982011318206787e-01
3.964574038982391357e-01
8.323618173599243164e-01
4.969156384468078613e-01
4.283255338668823242e-01
4.057441651821136475e-01
1.221931934356689453e+00
5.833852291107177734e-01
0.000000000000000000e+00
0.000000000000000000e+00
1.478669047355651855e-01
8.132514953613281250e-01
6.891443729400634766e-01
5.197777748107910156e-01
2.214865060523152351e-03
1.271768450736999512e+00
6.036934256553649902e-01
8.948878049850463867e-01
2.143259942531585693e-01
1.418044567108154297e+00
2.230907440185546875e+00
1.134741231799125671e-01
2.051369905471801758e+00
1.572194546461105347e-01
1.275143742561340332e+00
4.282880201935768127e-02
6.747483015060424805e-01
5.454330705106258392e-03
0.000000000000000000e+00
0.000000000000000000e+00
5.524293985217809677e-03
0.000000000000000000e+00
1.264309167861938477e+00
4.659192562103271484e-01
4.629235863685607910e-01
1.599420785903930664e+00
2.995756864547729492e-01
7.912543416023254395e-02
0.000000000000000000e+00
3.393498957157135010e-01
1.305584050714969635e-02
1.990045428276062012e+00
9.965083599090576172e-01
7.500180602073669434e-02
1.923628211021423340e+00
6.406116485595703125e-01
4.650324881076812744e-01
4.279957115650177002e-01
1.349162817001342773e+00
1.313014477491378784e-01
1.810041517019271851e-01
3.283831179141998291e-01
5.594302415847778320e-01
2.274227738380432129e-01
9.835284948348999023e-02
7.042928934097290039e-01
2.304409265518188477e+00
1.640568971633911133e+00
3.899297714233398438e-01
2.336786538362503052e-01
1.888234913349151611e-02
1.906352043151855469e+00
7.982702851295471191e-01
5.782238841056823730e-01
0.000000000000000000e+00
4.033480882644653320e-01
1.820156097412109375e+00
2.525765215978026390e-03
1.164159923791885376e-01
8.540375232696533203e-01
3.294281363487243652e-01
1.933896094560623169e-01
3.681421875953674316e-01
9.750448912382125854e-02
2.894470691680908203e-01
4.892039775848388672e+00
0.000000000000000000e+00
2.728257561102509499e-03
8.915890008211135864e-02
2.848069369792938232e-01
1.468685984611511230e+00
2.650977112352848053e-02
0.000000000000000000e+00
6.189509108662605286e-02
1.144286274909973145e+00
8.574938178062438965e-01
1.372870922088623047e+00
5.225663259625434875e-02
4.985509872436523438e+00
1.784437149763107300e-01
8.323561549186706543e-01
5.841117501258850098e-01
1.470405101776123047e+00
1.802896618843078613e+00
5.705608129501342773e-01
4.537471830844879150e-01
1.775166869163513184e+00
3.878323733806610107e-01
0.000000000000000000e+00
1.000830531120300293e+00
2.253897637128829956e-01
0.000000000000000000e+00
5.475659370422363281e-01
3.081912398338317871e-01
0.000000000000000000e+00
0.000000000000000000e+00
7.794997096061706543e-01
1.519576072692871094e+00
3.948689699172973633e-01
3.563289046287536621e-01
1.513188239187002182e-02
8.648613095283508301e-01
8.508817553520202637e-01
7.364988803863525391e+00
4.672478139400482178e-02
2.955750795081257820e-03
1.980175729840993881e-03
2.343908697366714478e-01
1.781612262129783630e-02
4.489474296569824219e-01
5.902526974678039551e-01
3.687539577484130859e+00
1.347584724426269531e-01
1.714248023927211761e-02
1.536149084568023682e-01
1.359198451042175293e+00
0.000000000000000000e+00
5.282983556389808655e-02
0.000000000000000000e+00
6.094100885093212128e-03
9.682767391204833984e-01
4.262892305850982666e-01
1.118623614311218262e+00
3.992652297019958496e-01
6.650983691215515137e-01
3.572703301906585693e-01
4.553927108645439148e-02
1.154893636703491211e+00
1.238502264022827148e+00
1.612449884414672852e-01
1.018458455801010132e-01
3.643321394920349121e-01
6.775429844856262207e-01
3.963042981922626495e-03
6.234828829765319824e-01
1.509149651974439621e-02
6.252896785736083984e-01
1.084544777870178223e+00
1.073597073554992676e-01
5.185811519622802734e-01
5.795474648475646973e-01
1.662958264350891113e+00
8.142510056495666504e-01
4.986648857593536377e-01
1.026379317045211792e-01
7.126184701919555664e-01
1.918092370033264160e+00
7.998515367507934570e-01
0.000000000000000000e+00
7.591278105974197388e-02
8.561862111091613770e-01
2.533951401710510254e-01
5.710834264755249023e-01
0.000000000000000000e+00
6.426681280136108398e-01
6.368576288223266602e-01
6.218408793210983276e-02
1.344462931156158447e-01
4.423260986804962158e-01
5.384960770606994629e-01
2.664291858673095703e+00
9.934536218643188477e-01
1.332718133926391602e+00
9.589446783065795898e-01
2.944631338119506836e+00
8.298109173774719238e-01
1.284630130976438522e-02
1.076443195343017578e+00
5.168853402137756348e-01
7.327022403478622437e-02
1.141509786248207092e-01
2.211418867111206055e+00
9.403606653213500977e-01
2.674912512302398682e-01
3.155971765518188477e-01
0.000000000000000000e+00
2.208578348159790039e+00
1.049727559089660645e+00
3.981010317802429199e-01
3.356038331985473633e-01
0.000000000000000000e+00
1.397332906723022461e+00
1.301940441131591797e+00
1.096275821328163147e-02
2.498444356024265289e-02
0.000000000000000000e+00
3.802614212036132812e-01
1.361217536032199860e-02
1.135155677795410156e+00
2.376715540885925293e-01
8.750444278120994568e-03
9.173949807882308960e-02
0.000000000000000000e+00
5.581794306635856628e-03
1.367063999176025391e+00
0.000000000000000000e+00
5.703074336051940918e-01
2.232801169157028198e-01
1.731965303421020508e+00
1.986044226214289665e-04
8.222090601921081543e-01
1.436877846717834473e-01
3.072334527969360352e-01
3.431470096111297607e-01
9.683310240507125854e-02
8.714437484741210938e-01
9.834949374198913574e-01
1.904735565185546875e-01
2.846912145614624023e-01
5.510315895080566406e-01
3.803648799657821655e-02
2.043851763010025024e-01
4.953095018863677979e-01
1.251062750816345215e+00
1.643840193748474121e+00
3.358500823378562927e-02
1.332364231348037720e-02
6.644726265221834183e-03
1.047377705574035645e+00
1.248754620552062988e+00
6.661229729652404785e-01
1.789199747145175934e-02
2.335446774959564209e-01
4.519760310649871826e-01
1.573422998189926147e-01
1.435153931379318237e-01
1.083666086196899414e+00
5.780973911285400391e+00
4.820463955402374268e-01
4.361473321914672852e-01
6.881515979766845703e-01
5.124107748270034790e-02
8.470997214317321777e-02
9.767503291368484497e-02
1.121847257018089294e-01
0.000000000000000000e+00
1.892328858375549316e-01
4.873698353767395020e-01
5.905845761299133301e-01
1.963132992386817932e-03
1.703006625175476074e-01
1.002081036567687988e+00
2.083000540733337402e-01
7.367929816246032715e-01
0.000000000000000000e+00
1.656889468431472778e-01
1.369436383247375488e+00
7.157915085554122925e-02
2.105503320693969727e+00
0.000000000000000000e+00
2.716465294361114502e-01
1.319952607154846191e-01
0.000000000000000000e+00
3.173427879810333252e-01
2.132193148136138916e-01
0.000000000000000000e+00
6.303989291191101074e-01
4.226766228675842285e-01
0.000000000000000000e+00
5.078813992440700531e-03
3.460744023323059082e-01
1.996946930885314941e-01
3.101289644837379456e-02
9.115719795227050781e-01
1.749265313148498535e+00
3.767148852348327637e-01
9.841236472129821777e-01
9.962873458862304688e-01
9.831079840660095215e-02
4.674978926777839661e-02
3.504778742790222168e-01
2.746658623218536377e-01
7.269928455352783203e-01
7.522445321083068848e-01
4.722083453088998795e-03
2.421681955456733704e-02
5.611926913261413574e-01
8.573179841041564941e-01
1.232680082321166992e-01
6.101814508438110352e-01
2.969899177551269531e-01
6.379584223031997681e-02
0.000000000000000000e+00
9.276866316795349121e-01
0.000000000000000000e+00
3.368832767009735107e-01
0.000000000000000000e+00
6.427283883094787598e-01
5.572699904441833496e-01
7.457959465682506561e-03
3.083955645561218262e-01
6.013035774230957031e-01
2.019465446472167969e+00
1.094854354858398438e+00
5.542287230491638184e-01
1.873391270637512207e+00
1.580584287643432617e+00
0.000000000000000000e+00
1.568634808063507080e-01
1.724935054779052734e+00
6.841837167739868164e-01
2.213280946016311646e-01
1.141171813011169434e+00
3.865409642457962036e-02
2.075243741273880005e-01
0.000000000000000000e+00
2.425532042980194092e-01
8.378316164016723633e-01
3.558871150016784668e-01
3.651525974273681641e+00
2.004493474960327148e+00
8.917360901832580566e-01
0.000000000000000000e+00
7.654777169227600098e-01
3.805170208215713501e-02
0.000000000000000000e+00
0.000000000000000000e+00
1.519610434770584106e-01
2.551144659519195557e-01
3.566470695659518242e-03
0.000000000000000000e+00
1.831397265195846558e-01
2.197922393679618835e-02
7.996393442153930664e-01
2.571612834930419922e+00
1.514459028840065002e-02
1.272461414337158203e-01
1.391821980476379395e+00
6.578563246876001358e-03
2.215193659067153931e-01
0.000000000000000000e+00
1.643320173025131226e-01
1.015638828277587891e+00
4.265345260500907898e-02
1.061447620391845703e+00
1.268334835767745972e-01
1.305632710456848145e+00
1.893520653247833252e-01
1.375110298395156860e-01
5.332923959940671921e-03
8.484113812446594238e-01
1.855990648269653320e+00
1.269292384386062622e-01
1.171243190765380859e-01
2.441211462020874023e+00
1.987138837575912476e-01
6.191112399101257324e-01
1.461373269557952881e-01
1.990790069103240967e-01
3.815927207469940186e-01
1.050587277859449387e-03
3.745464086532592773e+00
1.769444495439529419e-01
1.274352788925170898e+00
1.756176352500915527e+00
8.193837404251098633e-01
2.395196119323372841e-03
1.634540915489196777e+00
5.364139750599861145e-02
6.394980847835540771e-02
1.790814995765686035e-01
0.000000000000000000e+00
1.208603680133819580e-01
1.469755321741104126e-01
1.274069994688034058e-01
1.891915802843868732e-03
1.025130972266197205e-01
8.480875492095947266e-01
1.271038055419921875e+00
0.000000000000000000e+00
3.594345152378082275e-01
6.310518085956573486e-02
1.579880952835083008e+00
0.000000000000000000e+00
7.465741783380508423e-02
1.088668182492256165e-01
1.924836188554763794e-01
3.786824345588684082e-01
5.968658328056335449e-01
2.939000427722930908e-01
1.128654003143310547e+00
3.277002833783626556e-03
4.975957870483398438e-01
7.074585556983947754e-02
4.495225101709365845e-02
9.805566072463989258e-02
0.000000000000000000e+00
1.795516014099121094e+00
1.709943175315856934e+00
1.502279490232467651e-01
2.506679296493530273e+00
4.616834968328475952e-02
1.323586225509643555e+00
1.166523899883031845e-02
2.376297265291213989e-01
0.000000000000000000e+00
1.876445174217224121e+00
4.461666643619537354e-01
0.000000000000000000e+00
4.669621884822845459e-01
2.692374289035797119e-01
3.940061330795288086e-01
2.608231067657470703e+00
3.660832047462463379e-01
5.151069723069667816e-03
4.537176191806793213e-01
2.833674661815166473e-02
8.380070924758911133e-01
2.759267389774322510e-01
2.581314928829669952e-02
3.391806408762931824e-02
8.944180607795715332e-01
7.841917276382446289e-01
1.681504800217226148e-04
2.956844866275787354e-01
2.141839638352394104e-02
1.301606893539428711e+00
1.047962605953216553e-01
4.912509024143218994e-01
1.468086689710617065e-01
7.146941497921943665e-03
1.458353102207183838e-01
1.440277099609375000e+00
0.000000000000000000e+00
2.714847326278686523e-01
1.859592795372009277e+00
2.296741008758544922e-01
0.000000000000000000e+00
3.791342675685882568e-01
1.772406101226806641e+00
1.000186204910278320e+00
3.600097000598907471e-01
4.653388857841491699e-01
2.657862901687622070e+00
2.400378465652465820e+00
5.752774477005004883e-01
4.472926259040832520e-01
2.953280508518218994e-01
0.000000000000000000e+00
5.845616688020527363e-04
