1.244712918996810913e-01
0.000000000000000000e+00
1.109902486205101013e-01
2.742333889007568359e+00
5.445338487625122070e-01
1.915031969547271729e-01
5.661672949790954590e-01
2.883491516113281250e+00
6.516133785247802734e+00
1.525189399719238281e+00
7.065914571285247803e-02
1.693544626235961914e+00
6.055821105837821960e-02
1.262508630752563477e+00
2.311844110488891602e+00
4.794003665447235107e-01
1.189778685569763184e+00
2.312995195388793945e+00
8.788226842880249023e-01
5.183207243680953979e-02
1.767228484153747559e+00
5.452175065875053406e-02
1.415126677602529526e-02
1.565038561820983887e+00
6.374701857566833496e-01
1.208849027752876282e-01
1.947797834873199463e-02
2.108841180801391602e+00
5.131503939628601074e-01
3.430119832046329975e-04
5.002764053642749786e-03
2.084899693727493286e-02
1.120026707649230957e+00
5.399524569511413574e-01
9.461572021245956421e-02
2.536581516265869141e+00
4.733812808990478516e-01
2.005172967910766602e-01
7.611016631126403809e-01
1.078989624977111816e+00
6.943567842245101929e-02
6.344112753868103027e-01
4.284535944461822510e-01
4.419152259826660156e+00
1.455088555812835693e-01
1.258843421936035156e+00
6.258080005645751953e-01
8.381554484367370605e-01
1.717484891414642334e-01
1.583056569099426270e+00
2.827019453048706055e+00
0.000000000000000000e+00
9.897980690002441406e-01
2.134137414395809174e-02
1.172392606735229492e+00
1.503935307264328003e-01
1.309983253479003906e+00
3.440037965774536133e-01
7.098473310470581055e-01
2.169622331857681274e-01
1.593707650899887085e-01
4.272699952125549316e-01
1.631467193365097046e-01
4.506022632122039795e-01
6.994011402130126953e-01
2.014027982950210571e-01
4.155636765062808990e-03
5.357678532600402832e-01
1.102521181106567383e+00
4.313239157199859619e-01
7.385156932286918163e-04
1.431820075958967209e-02
2.882409989833831787e-01
9.985001087188720703e-01
4.930116534233093262e-01
8.155111670494079590e-01
1.417304016649723053e-02
1.049992799758911133e+00
3.892112076282501221e-01
1.153514146804809570e+00
0.000000000000000000e+00
8.057686686515808105e-01
2.179111003875732422e+00
1.675290018320083618e-01
1.601142048835754395e+00
9.959290921688079834e-02
9.454199075698852539e-01
1.550524588674306870e-02
4.801092743873596191e-01
7.525887340307235718e-02
6.824239622801542282e-03
5.292902700603008270e-03
0.000000000000000000e+00
0.000000000000000000e+00
6.947181224822998047e-01
4.402627237141132355e-03
1.053654670715332031e+00
1.795120835304260254e-01
6.342622637748718262e-01
1.008710451424121857e-02
5.233172699809074402e-02
2.925528585910797119e-01
6.414619274437427521e-03
6.622988581657409668e-01
1.050443410873413086e+00
7.184506952762603760e-02
1.729377269744873047e+00
5.440607070922851562e-01
1.060342073440551758e+00
2.158299833536148071e-01
1.473255038261413574e+00
2.561706118285655975e-03
3.376417160034179688e-01
4.775567948818206787e-01
9.791629910469055176e-01
2.990344725549221039e-02
1.527992486953735352e-01
1.991663277149200439e-01
3.976107239723205566e-01
2.522739410400390625e+00
7.079091668128967285e-01
8.636602759361267090e-02
2.185072191059589386e-02
1.608688831329345703e+00
1.295292615890502930e+00
5.482401251792907715e-01
0.000000000000000000e+00
2.061618268489837646e-01
2.016558170318603516e+00
5.014957487583160400e-02
1.188261620700359344e-02
6.690489053726196289e-01
1.479740142822265625e-01
0.000000000000000000e+00
3.768424987792968750e-01
1.263923197984695435e-01
3.754540160298347473e-02
5.988887786865234375e+00
0.000000000000000000e+00
2.290906384587287903e-02
7.632102072238922119e-02
3.604341149330139160e-01
1.291586995124816895e+00
0.000000000000000000e+00
6.267083436250686646e-02
8.211746811866760254e-02
1.011650562286376953e+00
6.166029572486877441e-01
5.519885197281837463e-02
7.557853311300277710e-02
5.089933395385742188e+00
2.273251861333847046e-01
7.212631106376647949e-01
7.420843839645385742e-01
1.834536433219909668e+00
1.995480298995971680e+00
2.020972073078155518e-01
2.281511276960372925e-01
2.061742305755615234e+00
5.313883423805236816e-01
6.009465828537940979e-02
1.649524211883544922e+00
7.726623415946960449e-01
3.759229555726051331e-02
9.021375179290771484e-01
1.345607340335845947e-01
5.002082139253616333e-02
0.000000000000000000e+00
1.847909688949584961e+00
1.682592511177062988e+00
5.756189823150634766e-01
4.471950829029083252e-01
8.515063673257827759e-02
1.571482062339782715e+00
3.198321759700775146e-01
6.756565093994140625e+00
7.933593005873262882e-04
1.348392292857170105e-02
2.281245887279510498e-01
1.526615321636199951e-01
1.001259498298168182e-02
2.251583039760589600e-01
5.709158182144165039e-01
2.930641651153564453e+00
1.397863030433654785e-01
1.305625438690185547e-01
4.370005726814270020e-01
1.210374355316162109e+00
0.000000000000000000e+00
9.312544018030166626e-02
0.000000000000000000e+00
1.415361613035202026e-01
1.031492710113525391e+00
9.384799599647521973e-01
1.116087794303894043e+00
7.048577666282653809e-01
7.432910054922103882e-02
3.054195344448089600e-01
3.036570847034454346e-01
1.119310736656188965e+00
1.785007715225219727e+00
8.403333276510238647e-02
4.829720258712768555e-01
7.462518215179443359e-01
4.925175905227661133e-01
0.000000000000000000e+00
6.713199019432067871e-01
8.653688710182905197e-04
7.864882051944732666e-02
1.233343482017517090e+00
0.000000000000000000e+00
1.375786364078521729e-01
1.065509200096130371e+00
1.425163745880126953e+00
2.015900850296020508e+00
5.093811154365539551e-01
1.486343592405319214e-01
4.833562299609184265e-02
1.455081224441528320e+00
1.104022622108459473e+00
9.268970228731632233e-03
7.866997271776199341e-02
6.505542397499084473e-01
1.155256479978561401e-02
1.788474619388580322e-01
0.000000000000000000e+00
1.318206340074539185e-01
8.216021656990051270e-01
1.373818702995777130e-02
2.708979882299900055e-02
3.471368849277496338e-01
2.466418147087097168e-01
1.749701619148254395e+00
1.919218897819519043e+00
1.024814248085021973e+00
1.454197883605957031e+00
2.463697433471679688e+00
2.700539827346801758e-01
9.110918641090393066e-02
8.496020436286926270e-01
2.953098714351654053e-01
5.503130331635475159e-02
6.371527165174484253e-02
2.965173721313476562e+00
1.392834067344665527e+00
1.215456128120422363e-01
4.885081648826599121e-01
2.268797485157847404e-03
1.116515755653381348e+00
1.850019097328186035e+00
2.562113404273986816e-01
2.161331176757812500e-01
2.177952975034713745e-02
1.475709557533264160e+00
1.302497029304504395e+00
4.313694685697555542e-02
2.951858937740325928e-02
0.000000000000000000e+00
2.954912781715393066e-01
5.950462818145751953e-02
1.176088809967041016e+00
2.105314582586288452e-01
1.000904664397239685e-01
3.926777746528387070e-03
0.000000000000000000e+00
0.000000000000000000e+00
1.502064943313598633e+00
2.027780190110206604e-02
1.755513399839401245e-01
5.865820497274398804e-02
1.422333836555480957e+00
1.121792942285537720e-02
5.002288818359375000e-01
1.811608672142028809e-01
6.653297692537307739e-02
3.249281346797943115e-01
3.237716387957334518e-03
1.219915509223937988e+00
1.433363914489746094e+00
2.646381501108407974e-03
2.631135880947113037e-01
2.861216068267822266e-01
3.131468594074249268e-02
3.428502976894378662e-01
5.873068571090698242e-01
1.402723431587219238e+00
1.554600596427917480e+00
0.000000000000000000e+00
1.495123207569122314e-01
5.794683005660772324e-03
2.217895507812500000e+00
1.730433940887451172e+00
2.717792391777038574e-01
3.283464163541793823e-02
1.483650207519531250e-01
6.737551093101501465e-01
3.967999219894409180e-01
2.374382764101028442e-01
1.816469311714172363e+00
5.582022190093994141e+00
4.638027250766754150e-01
4.086467027664184570e-01
2.010635733604431152e-01
3.725863695144653320e-01
3.481588140130043030e-02
1.686869934201240540e-02
1.212504729628562927e-01
0.000000000000000000e+00
5.131127778440713882e-03
2.125405222177505493e-01
6.614301800727844238e-01
6.567055732011795044e-02
9.322828054428100586e-02
1.273852348327636719e+00
4.364493489265441895e-01
4.108597040176391602e-01
0.000000000000000000e+00
1.345599740743637085e-01
1.266553401947021484e+00
2.064254134893417358e-01
9.123355746269226074e-01
0.000000000000000000e+00
9.905856102705001831e-02
4.688930809497833252e-01
0.000000000000000000e+00
4.865921735763549805e-01
1.310557126998901367e-02
0.000000000000000000e+00
8.159653544425964355e-01
3.068620562553405762e-01
0.000000000000000000e+00
0.000000000000000000e+00
1.534239947795867920e-01
6.261530518531799316e-02
0.000000000000000000e+00
2.374264150857925415e-01
1.794606685638427734e+00
5.212356522679328918e-02
7.977472543716430664e-01
1.263153195381164551e+00
6.290488690137863159e-02
2.422172809019684792e-03
4.356991946697235107e-01
6.084801629185676575e-02
7.928085923194885254e-01
6.701751351356506348e-01
7.501889765262603760e-02
1.282665878534317017e-02
8.667510747909545898e-01
1.254978179931640625e+00
4.100410342216491699e-01
1.183747768402099609e+00
3.788961172103881836e-01
1.929312050342559814e-01
7.065264880657196045e-02
9.048553705215454102e-01
0.000000000000000000e+00
8.064541965723037720e-02
2.908288501203060150e-03
6.560187935829162598e-01
1.870141923427581787e-01
1.113143041729927063e-01
8.122861981391906738e-01
5.581817030906677246e-01
1.767355442047119141e+00
1.214061975479125977e+00
5.321902036666870117e-01
1.203120350837707520e+00
1.741780877113342285e+00
0.000000000000000000e+00
6.931485533714294434e-01
1.652897357940673828e+00
7.919145822525024414e-01
0.000000000000000000e+00
1.088385224342346191e+00
4.089572932571172714e-03
2.392055094242095947e-02
2.457854151725769043e-02
3.597103059291839600e-01
2.687480151653289795e-01
2.492571175098419189e-01
2.687644243240356445e+00
2.259199619293212891e+00
1.012981772422790527e+00
1.567303203046321869e-02
4.804458618164062500e-01
1.616571098566055298e-02
0.000000000000000000e+00
0.000000000000000000e+00
1.171628758311271667e-01
4.456693530082702637e-01
2.799508394673466682e-03
1.631304807960987091e-02
7.640368342399597168e-01
7.215248048305511475e-02
4.537761807441711426e-01
1.898296356201171875e+00
7.022140175104141235e-02
1.059515122324228287e-02
1.121390342712402344e+00
9.545567631721496582e-02
1.294015049934387207e+00
0.000000000000000000e+00
3.409852981567382812e-01
1.114736557006835938e+00
2.729183137416839600e-01
9.354998469352722168e-01
1.657086014747619629e-01
1.091643691062927246e+00
9.713021665811538696e-02
6.526356339454650879e-01
0.000000000000000000e+00
3.592483997344970703e-01
1.420349717140197754e+00
1.298267394304275513e-01
9.613031148910522461e-02
4.403803348541259766e+00
2.621404230594635010e-01
1.277867913246154785e+00
2.986671626567840576e-01
2.696453332901000977e-01
2.834274172782897949e-01
0.000000000000000000e+00
3.238037586212158203e+00
1.330062508583068848e+00
4.164986014366149902e-01
1.222846388816833496e+00
8.694518804550170898e-01
0.000000000000000000e+00
1.999714136123657227e+00
1.052064970135688782e-01
1.805113069713115692e-02
1.321686953306198120e-01
0.000000000000000000e+00
2.334235161542892456e-01
3.417034745216369629e-01
1.916108578443527222e-01
3.329981816932559013e-03
4.148892164230346680e-01
8.509873747825622559e-01
1.276214361190795898e+00
2.558054588735103607e-02
1.819384843111038208e-01
5.276312232017517090e-01
1.175791025161743164e+00
1.015634313225746155e-01
0.000000000000000000e+00
8.073442731983959675e-04
5.765180587768554688e-01
9.211218357086181641e-01
1.215326666831970215e+00
7.696410268545150757e-02
1.453560829162597656e+00
3.275752067565917969e-02
9.463382363319396973e-01
5.072129368782043457e-01
2.004637569189071655e-01
2.501242607831954956e-02
0.000000000000000000e+00
2.204052448272705078e+00
1.433537006378173828e+00
1.069546341896057129e-01
2.849208831787109375e+00
4.112488776445388794e-02
1.101772665977478027e+00
4.632143676280975342e-02
2.981806397438049316e-01
5.684786289930343628e-02
1.737494945526123047e+00
9.667954444885253906e-01
4.756156355142593384e-03
4.604553580284118652e-01
5.054717063903808594e-01
1.796748638153076172e-01
2.214240550994873047e+00
8.495700955390930176e-01
1.634200960397720337e-01
3.215166628360748291e-01
2.958952076733112335e-02
9.676411747932434082e-01
3.404073715209960938e-01
9.159228764474391937e-03
0.000000000000000000e+00
9.730492234230041504e-01
5.449753999710083008e-01
1.555600911378860474e-01
8.806239813566207886e-02
2.564315870404243469e-02
1.591834187507629395e+00
2.553566992282867432e-01
5.259711742401123047e-01
1.435666233301162720e-01
0.000000000000000000e+00
2.562649846076965332e-01
1.578119993209838867e+00
2.401202470064163208e-01
6.266555786132812500e-01
1.882269740104675293e+00
1.524496376514434814e-01
0.000000000000000000e+00
8.541148900985717773e-02
2.959777355194091797e+00
1.190689325332641602e+00
8.447096347808837891e-01
6.877874135971069336e-01
1.847206354141235352e+00
1.547075390815734863e+00
8.820593357086181641e-01
1.396453827619552612e-01
6.518445014953613281e-01
0.000000000000000000e+00
0.000000000000000000e+00
