6.596545577049255371e-01
0.000000000000000000e+00
5.089487880468368530e-02
2.453032255172729492e+00
5.493708848953247070e-01
3.280695974826812744e-01
6.568992733955383301e-01
2.031839847564697266e+00
6.902026653289794922e+00
1.491821885108947754e+00
1.154330372810363770e-01
1.913117647171020508e+00
2.590958774089813232e-01
3.291335999965667725e-01
2.707625865936279297e+00
5.696175098419189453e-01
8.752039670944213867e-01
1.625331401824951172e+00
9.579953551292419434e-01
3.136407467536628246e-04
1.552068352699279785e+00
1.825057528913021088e-02
1.163628026843070984e-01
1.977720260620117188e+00
1.412207484245300293e-01
0.000000000000000000e+00
1.316654533147811890e-01
2.095747709274291992e+00
3.288298547267913818e-01
0.000000000000000000e+00
2.916349330917000771e-03
0.000000000000000000e+00
1.019114851951599121e+00
2.494295388460159302e-01
7.908161282539367676e-01
4.567844390869140625e+00
2.256568372249603271e-01
7.799885701388120651e-03
1.231701612472534180e+00
8.047780990600585938e-01
4.215468466281890869e-01
8.659161925315856934e-01
3.024118840694427490e-01
2.878780364990234375e+00
5.851647257804870605e-01
1.579133749008178711e+00
7.122611999511718750e-01
1.280241370201110840e+00
7.731309533119201660e-02
1.755786180496215820e+00
2.141720771789550781e+00
3.843278856948018074e-03
8.231346011161804199e-01
2.083815634250640869e-01
1.401758313179016113e+00
1.956397444009780884e-01
5.560992956161499023e-01
5.218589305877685547e-01
1.070455312728881836e+00
2.472095489501953125e-01
1.491316705942153931e-01
4.032831192016601562e-01
1.586750745773315430e-01
1.363852024078369141e+00
1.592796325683593750e+00
2.385753691196441650e-01
2.066771034151315689e-03
5.065064430236816406e-01
1.035593509674072266e+00
4.793757200241088867e-01
0.000000000000000000e+00
2.748104184865951538e-02
3.032034337520599365e-01
6.056525707244873047e-01
1.725714057683944702e-01
1.136644124984741211e+00
1.073124166578054428e-02
7.467491030693054199e-01
1.059502884745597839e-01
1.304033875465393066e+00
2.689344435930252075e-02
7.896395921707153320e-01
1.554540514945983887e+00
8.316686749458312988e-02
2.754336833953857422e+00
1.677959710359573364e-01
1.090654134750366211e+00
9.258796274662017822e-02
8.291949629783630371e-01
1.211648713797330856e-02
2.268939279019832611e-02
1.187734305858612061e-01
0.000000000000000000e+00
0.000000000000000000e+00
9.582170844078063965e-01
2.753862738609313965e-01
1.839800477027893066e+00
3.881101012229919434e-01
0.000000000000000000e+00
1.686393469572067261e-02
0.000000000000000000e+00
4.206525161862373352e-02
9.576623328030109406e-03
1.429483175277709961e+00
7.187353372573852539e-01
2.355201244354248047e-01
2.325502634048461914e+00
5.428914427757263184e-01
4.012806117534637451e-01
2.851109206676483154e-01
1.753106474876403809e+00
1.824762206524610519e-03
9.585630297660827637e-01
1.203045368194580078e+00
8.098952174186706543e-01
0.000000000000000000e+00
2.631548643112182617e-01
1.222943663597106934e-01
4.429263174533843994e-01
2.760481834411621094e+00
8.722037076950073242e-01
3.187437653541564941e-01
2.153504407033324242e-03
2.055853605270385742e+00
5.446090102195739746e-01
1.334381580352783203e+00
0.000000000000000000e+00
4.460783004760742188e-01
2.032144069671630859e+00
1.543021760880947113e-02
4.537683352828025818e-02
1.153875470161437988e+00
1.623185425996780396e-01
8.628775924444198608e-02
3.667622208595275879e-01
0.000000000000000000e+00
4.233666062355041504e-01
4.874053955078125000e+00
0.000000000000000000e+00
1.355952620506286621e-01
2.064281404018402100e-01
7.072983980178833008e-01
9.720345139503479004e-01
0.000000000000000000e+00
1.188151165843009949e-01
2.235485911369323730e-01
1.400253891944885254e+00
1.508407831192016602e+00
7.991062998771667480e-01
2.217501699924468994e-01
6.067481517791748047e+00
1.094740331172943115e-01
9.003214836120605469e-01
6.725772619247436523e-01
2.770915269851684570e+00
1.637706279754638672e+00
1.815143823623657227e-01
9.390507638454437256e-02
2.655314683914184570e+00
3.498275578022003174e-01
1.923165321350097656e-01
1.553200483322143555e+00
1.688483834266662598e+00
2.276014536619186401e-01
7.312314510345458984e-01
1.294135004281997681e-01
0.000000000000000000e+00
0.000000000000000000e+00
1.554374694824218750e+00
2.991930246353149414e+00
6.219726204872131348e-01
4.536365345120429993e-02
2.990114875137805939e-02
1.743425011634826660e+00
4.180369079113006592e-01
8.468888282775878906e+00
0.000000000000000000e+00
1.124112904071807861e-01
1.213523279875516891e-02
2.597624063491821289e-01
8.564618229866027832e-02
3.024229593575000763e-02
3.749337047338485718e-04
2.294512033462524414e+00
1.915993392467498779e-01
1.288032345473766327e-02
7.122736424207687378e-02
2.131830215454101562e+00
0.000000000000000000e+00
6.361566483974456787e-02
0.000000000000000000e+00
6.406506150960922241e-02
8.706348538398742676e-01
2.878426313400268555e-01
3.360917568206787109e-01
4.402202963829040527e-01
8.314464092254638672e-01
3.771633207798004150e-01
5.928027629852294922e-01
9.463068842887878418e-01
2.005921602249145508e+00
5.538970232009887695e-01
2.219474166631698608e-01
4.396680891513824463e-01
1.105119884014129639e-01
3.121894001960754395e-01
3.502018153667449951e-01
5.128079210408031940e-04
1.868700981140136719e-01
1.829065442085266113e+00
1.540331821888685226e-02
3.557770105544477701e-04
1.032793283462524414e+00
1.040705084800720215e+00
1.069663643836975098e+00
1.084175586700439453e+00
2.469692230224609375e-01
4.612358286976814270e-02
1.829498887062072754e+00
9.421837925910949707e-01
8.796751499176025391e-04
0.000000000000000000e+00
4.613942503929138184e-01
3.871979936957359314e-02
5.982236266136169434e-01
0.000000000000000000e+00
7.624066621065139771e-02
2.158818952739238739e-02
7.201431784778833389e-03
0.000000000000000000e+00
1.428674906492233276e-01
2.996602952480316162e-01
1.700953841209411621e+00
2.259021520614624023e+00
6.624716520309448242e-01
1.485669732093811035e+00
2.481004953384399414e+00
2.462921887636184692e-01
1.415391117334365845e-01
1.127626061439514160e+00
1.198147162795066833e-01
1.252375394105911255e-01
0.000000000000000000e+00
2.907052993774414062e+00
3.677943050861358643e-01
4.866332113742828369e-01
5.764825940132141113e-01
5.484371446073055267e-03
1.093947410583496094e+00
1.730252861976623535e+00
2.005354315042495728e-02
3.178136050701141357e-01
1.066275406628847122e-02
4.305880665779113770e-01
1.101097226142883301e+00
0.000000000000000000e+00
3.198124170303344727e-01
0.000000000000000000e+00
7.388441823422908783e-03
1.148588024079799652e-02
1.164794206619262695e+00
5.469238758087158203e-01
2.427130937576293945e-02
1.476410106988623738e-04
0.000000000000000000e+00
4.217904806137084961e-02
3.260346651077270508e+00
0.000000000000000000e+00
1.708491683006286621e+00
0.000000000000000000e+00
1.740027308464050293e+00
7.536378502845764160e-02
7.389172911643981934e-01
1.039757430553436279e-01
6.900348514318466187e-02
3.042793273925781250e-01
2.951809763908386230e-02
6.354814767837524414e-01
1.916869759559631348e+00
9.131082147359848022e-02
1.729534752666950226e-02
2.163403928279876709e-01
5.327160954475402832e-01
2.066971734166145325e-02
3.149385452270507812e-01
8.423252105712890625e-01
1.671856760978698730e+00
8.366018533706665039e-03
3.202641308307647705e-01
0.000000000000000000e+00
2.173656463623046875e+00
2.355642557144165039e+00
1.837603598833084106e-01
0.000000000000000000e+00
7.947861216962337494e-03
3.540157973766326904e-01
5.159355401992797852e-01
2.480218410491943359e-01
2.395696640014648438e+00
4.935618877410888672e+00
9.013483524322509766e-01
2.872439026832580566e-01
2.055197656154632568e-01
5.430715680122375488e-01
3.934641554951667786e-02
2.896846830844879150e-01
0.000000000000000000e+00
0.000000000000000000e+00
1.669634878635406494e-02
1.194047406315803528e-01
6.764806509017944336e-01
0.000000000000000000e+00
7.813727110624313354e-02
1.526938319206237793e+00
5.815649032592773438e-01
3.577072024345397949e-01
0.000000000000000000e+00
9.480348974466323853e-02
1.434288501739501953e+00
1.523015946149826050e-01
1.814858794212341309e+00
0.000000000000000000e+00
1.307758390903472900e-01
4.612076282501220703e-01
9.135621786117553711e-02
8.111042976379394531e-01
5.582226440310478210e-02
0.000000000000000000e+00
7.883601784706115723e-01
7.815424203872680664e-01
1.247917395085096359e-02
7.899007759988307953e-03
4.573340713977813721e-01
0.000000000000000000e+00
2.308331876993179321e-01
3.004836440086364746e-01
1.440306663513183594e+00
6.715130526572465897e-03
1.121139049530029297e+00
1.252090811729431152e+00
2.390469163656234741e-01
6.044340319931507111e-03
3.733182847499847412e-01
1.527218669652938843e-01
7.267766594886779785e-01
1.184911012649536133e+00
3.264762163162231445e-01
7.420761510729789734e-03
1.590776145458221436e-01
6.541243195533752441e-01
5.179215669631958008e-01
1.733540415763854980e+00
5.524140596389770508e-01
3.312836587429046631e-02
3.347384333610534668e-01
7.917537093162536621e-01
0.000000000000000000e+00
1.323561519384384155e-01
0.000000000000000000e+00
6.197782754898071289e-01
4.254616498947143555e-01
4.177269991487264633e-03
1.592760980129241943e-01
5.924333930015563965e-01
1.212880492210388184e+00
1.077872753143310547e+00
4.171091914176940918e-01
9.008367657661437988e-01
2.491082191467285156e+00
1.278046984225511551e-03
7.046815156936645508e-01
1.857531785964965820e+00
6.643217802047729492e-01
1.518939882516860962e-01
1.037432670593261719e+00
1.444703061133623123e-02
1.168742775917053223e-02
0.000000000000000000e+00
1.775792986154556274e-01
4.151538312435150146e-01
8.567705750465393066e-02
3.240795373916625977e+00
3.328058958053588867e+00
9.185996651649475098e-01
0.000000000000000000e+00
2.717574834823608398e-01
0.000000000000000000e+00
0.000000000000000000e+00
0.000000000000000000e+00
5.639008805155754089e-02
1.796406358480453491e-01
1.327018253505229950e-04
0.000000000000000000e+00
1.673984080553054810e-01
6.035973783582448959e-04
8.166592717170715332e-01
1.150449156761169434e+00
1.079518422484397888e-01
1.105424538254737854e-01
1.730564951896667480e+00
1.249411255121231079e-01
1.910649180412292480e+00
0.000000000000000000e+00
9.598159790039062500e-02
1.313228607177734375e+00
4.068950712680816650e-01
1.152228713035583496e+00
3.982937335968017578e-01
1.248819947242736816e+00
3.021801114082336426e-01
1.821832209825515747e-01
0.000000000000000000e+00
6.287332773208618164e-01
1.474098443984985352e+00
4.249369353055953979e-02
0.000000000000000000e+00
3.963370084762573242e+00
6.055498961359262466e-03
6.188583970069885254e-01
1.717356443405151367e-01
1.360680907964706421e-01
5.284377932548522949e-01
0.000000000000000000e+00
2.891619682312011719e+00
1.156810164451599121e+00
2.740046083927154541e-01
3.624677658081054688e-01
1.403973817825317383e+00
0.000000000000000000e+00
1.772260069847106934e+00
0.000000000000000000e+00
1.719060987234115601e-01
6.641859188675880432e-03
0.000000000000000000e+00
4.006871581077575684e-01
1.206488758325576782e-01
2.001287788152694702e-01
4.751376807689666748e-03
4.578775465488433838e-01
4.270485341548919678e-01
1.575269699096679688e+00
0.000000000000000000e+00
2.266874313354492188e-01
2.232255339622497559e-01
9.374210238456726074e-01
5.688710883259773254e-02
0.000000000000000000e+00
0.000000000000000000e+00
4.613059163093566895e-01
1.514149904251098633e+00
5.600298643112182617e-01
7.193750236183404922e-03
2.114362955093383789e+00
2.570166718214750290e-03
1.097375869750976562e+00
7.176730781793594360e-02
2.167091369628906250e-01
5.980461239814758301e-01
0.000000000000000000e+00
8.718237280845642090e-01
8.749724030494689941e-01
2.611716389656066895e-01
2.372089147567749023e+00
1.678805798292160034e-01
1.124798774719238281e+00
4.472035169601440430e-02
7.562121003866195679e-02
1.952801644802093506e-01
1.259394049644470215e+00
4.452254176139831543e-01
0.000000000000000000e+00
3.609744459390640259e-02
4.404769241809844971e-01
3.493702113628387451e-01
2.503169059753417969e+00
7.523699402809143066e-01
2.669944800436496735e-02
2.232694923877716064e-01
1.153411045670509338e-01
1.495202302932739258e+00
1.798985153436660767e-01
1.423229929059743881e-02
6.756329536437988281e-02
1.472966074943542480e+00
1.410681247711181641e+00
8.296666294336318970e-02
3.038822114467620850e-01
9.922732133418321609e-04
7.536354660987854004e-01
4.628201127052307129e-01
4.991734921932220459e-01
8.516808748245239258e-01
1.259010867215692997e-03
2.942075431346893311e-01
6.188042163848876953e-01
1.835835427045822144e-01
7.215559482574462891e-01
2.248054504394531250e+00
3.583697602152824402e-02
0.000000000000000000e+00
1.423573791980743408e-01
2.693480968475341797e+00
1.734485179185867310e-01
1.067521810531616211e+00
5.102393627166748047e-01
2.238019704818725586e+00
2.101376295089721680e+00
1.233307838439941406e+00
8.391987532377243042e-02
9.342949986457824707e-01
0.000000000000000000e+00
1.185259874910116196e-02
