7.052689790725708008e-02
0.000000000000000000e+00
1.079005971550941467e-01
2.908225774765014648e+00
3.578643798828125000e-01
1.037626266479492188e-01
1.063820600509643555e+00
1.990538001060485840e+00
7.046430587768554688e+00
1.822132825851440430e+00
3.605154752731323242e-01
2.201528072357177734e+00
2.664961218833923340e-01
5.380047559738159180e-01
2.339221000671386719e+00
6.897483468055725098e-01
7.254214882850646973e-01
1.305957674980163574e+00
8.337703347206115723e-01
8.676600642502307892e-03
1.108732819557189941e+00
0.000000000000000000e+00
9.660868346691131592e-02
2.437871694564819336e+00
2.202813029289245605e-01
5.410331115126609802e-02
1.747645437717437744e-02
1.308749318122863770e+00
4.103593528270721436e-01
1.248428784310817719e-02
1.847795210778713226e-02
3.363652527332305908e-02
7.416775822639465332e-01
6.544317603111267090e-01
7.478957772254943848e-01
4.516904830932617188e+00
2.142274230718612671e-01
1.692325174808502197e-01
7.641988992691040039e-01
9.444114565849304199e-01
7.697721123695373535e-01
5.678782463073730469e-01
4.760494828224182129e-01
3.786063909530639648e+00
4.328478872776031494e-01
1.934151649475097656e+00
4.734673798084259033e-01
1.797371029853820801e+00
1.571173220872879028e-01
1.693790674209594727e+00
3.003432273864746094e+00
0.000000000000000000e+00
1.235854268074035645e+00
1.521089375019073486e-01
1.559783935546875000e+00
1.261262297630310059e-01
5.450832247734069824e-01
5.038141608238220215e-01
1.027245998382568359e+00
1.281571239233016968e-01
0.000000000000000000e+00
2.929581701755523682e-01
1.923109777271747589e-02
8.392105102539062500e-01
9.981591105461120605e-01
1.273227930068969727e-01
1.035176590085029602e-02
4.951851069927215576e-01
1.656406164169311523e+00
4.062081873416900635e-01
0.000000000000000000e+00
0.000000000000000000e+00
1.326709836721420288e-01
4.895181357860565186e-01
3.952757716178894043e-01
1.230906248092651367e+00
1.460951566696166992e-02
1.031192779541015625e+00
2.239546775817871094e-01
1.720773816108703613e+00
4.702744632959365845e-02
8.488324880599975586e-01
2.121587276458740234e+00
5.538509786128997803e-02
2.873904943466186523e+00
1.060428768396377563e-01
1.652209758758544922e+00
2.648646710440516472e-03
1.001397490501403809e+00
9.507179260253906250e-03
1.384652423439547420e-04
0.000000000000000000e+00
0.000000000000000000e+00
0.000000000000000000e+00
1.082931995391845703e+00
7.880373597145080566e-01
1.632701158523559570e+00
1.490748167037963867e+00
1.797053776681423187e-02
6.677474826574325562e-02
1.414161082357168198e-02
9.002815932035446167e-03
0.000000000000000000e+00
2.052386045455932617e+00
5.000991821289062500e-01
2.991044223308563232e-01
2.395139455795288086e+00
8.199913501739501953e-01
3.043281435966491699e-01
1.671596467494964600e-01
2.020011186599731445e+00
7.524668425321578979e-02
5.004305243492126465e-01
1.100698113441467285e+00
1.298177003860473633e+00
3.517045825719833374e-02
1.792412102222442627e-01
3.961699306964874268e-01
1.027012586593627930e+00
1.896232843399047852e+00
3.173626065254211426e-01
2.132619917392730713e-01
6.357496231794357300e-02
1.549663066864013672e+00
7.563382387161254883e-01
1.142192244529724121e+00
0.000000000000000000e+00
4.703852236270904541e-01
1.975277900695800781e+00
2.619961462914943695e-02
3.446451127529144287e-01
1.353723883628845215e+00
4.589269161224365234e-01
3.012620210647583008e-01
2.455899268388748169e-01
0.000000000000000000e+00
1.458780169486999512e-01
4.654034137725830078e+00
0.000000000000000000e+00
9.917479008436203003e-02
4.119400382041931152e-01
7.566539049148559570e-01
1.962454795837402344e+00
1.383569650352001190e-02
0.000000000000000000e+00
1.114532276988029480e-01
1.409467697143554688e+00
1.408692359924316406e+00
1.604939341545104980e+00
2.815202809870243073e-02
6.139034271240234375e+00
1.468328684568405151e-01
1.019354462623596191e+00
3.275732100009918213e-01
2.406044483184814453e+00
2.026490449905395508e+00
2.469956129789352417e-01
3.351023495197296143e-01
2.987200260162353516e+00
3.075360357761383057e-01
5.093181133270263672e-02
9.213392734527587891e-01
6.851776242256164551e-01
3.209744021296501160e-02
6.880712509155273438e-01
1.843690425157546997e-01
0.000000000000000000e+00
0.000000000000000000e+00
1.198010444641113281e+00
2.923459291458129883e+00
7.747406959533691406e-01
7.959636300802230835e-02
0.000000000000000000e+00
1.758305072784423828e+00
6.281110644340515137e-01
8.919575691223144531e+00
0.000000000000000000e+00
3.981564659625291824e-03
1.975943706929683685e-02
2.261115014553070068e-01
0.000000000000000000e+00
1.275880038738250732e-01
1.702271401882171631e-01
3.697775840759277344e+00
1.083155125379562378e-01
6.268452852964401245e-02
2.879932522773742676e-01
1.946845293045043945e+00
0.000000000000000000e+00
0.000000000000000000e+00
0.000000000000000000e+00
0.000000000000000000e+00
1.010587453842163086e+00
4.973799884319305420e-01
6.045979857444763184e-01
1.717129945755004883e-01
1.269053101539611816e+00
3.005283474922180176e-01
4.476222097873687744e-01
1.368798255920410156e+00
1.801468849182128906e+00
4.538030624389648438e-01
1.235454306006431580e-01
4.876408874988555908e-01
4.504992067813873291e-01
4.470282047986984253e-02
5.753394961357116699e-01
8.457528054714202881e-02
8.394709974527359009e-02
1.560596942901611328e+00
0.000000000000000000e+00
6.411451846361160278e-02
1.079514503479003906e+00
1.383442759513854980e+00
1.248495697975158691e+00
4.366842806339263916e-01
7.794802635908126831e-02
5.165255814790725708e-02
2.534456491470336914e+00
5.115275382995605469e-01
4.270342644304037094e-03
9.977440349757671356e-03
5.221355557441711426e-01
1.980520971119403839e-02
6.598336100578308105e-01
0.000000000000000000e+00
9.679225832223892212e-02
4.386197924613952637e-01
1.116003654897212982e-02
6.873753666877746582e-02
2.022729814052581787e-02
4.718749225139617920e-01
3.111749649047851562e+00
2.109781742095947266e+00
8.379113078117370605e-01
1.654250741004943848e+00
2.631850242614746094e+00
2.010788768529891968e-01
2.749380171298980713e-01
9.071663022041320801e-01
1.738533228635787964e-01
5.438616499304771423e-03
0.000000000000000000e+00
2.420755863189697266e+00
6.720367670059204102e-01
2.968842387199401855e-01
2.757097780704498291e-01
1.216345932334661484e-03
2.059091567993164062e+00
1.907153367996215820e+00
6.962799932807683945e-03
2.159104794263839722e-01
1.796649303287267685e-04
7.274115085601806641e-01
1.420590996742248535e+00
0.000000000000000000e+00
5.408846586942672729e-02
0.000000000000000000e+00
3.195708617568016052e-02
0.000000000000000000e+00
1.508718490600585938e+00
8.125057220458984375e-01
1.634105108678340912e-03
1.663288474082946777e-02
1.335235894657671452e-03
0.000000000000000000e+00
2.963280439376831055e+00
0.000000000000000000e+00
1.447383642196655273e+00
8.346186578273773193e-02
2.257683753967285156e+00
4.907691851258277893e-03
1.264092206954956055e+00
5.609335005283355713e-02
5.741535127162933350e-02
5.791717767715454102e-01
5.235687643289566040e-02
6.599922180175781250e-01
1.530448436737060547e+00
2.232002913951873779e-01
0.000000000000000000e+00
2.748978137969970703e-01
3.847315311431884766e-01
2.879723906517028809e-02
3.701663017272949219e-01
1.250019669532775879e+00
2.497445821762084961e+00
2.707337215542793274e-02
7.469102740287780762e-03
0.000000000000000000e+00
1.909620285034179688e+00
2.282118082046508789e+00
3.898111283779144287e-01
0.000000000000000000e+00
1.318248361349105835e-01
6.264107227325439453e-01
6.672503948211669922e-01
5.214432720094919205e-03
1.775666236877441406e+00
5.591640472412109375e+00
6.783393621444702148e-01
3.994309008121490479e-01
5.624443888664245605e-01
3.277109563350677490e-01
1.494777388870716095e-02
2.146956175565719604e-01
6.652589887380599976e-03
0.000000000000000000e+00
7.353038340806961060e-02
1.978841871023178101e-01
6.389560699462890625e-01
0.000000000000000000e+00
1.599366515874862671e-01
1.911129951477050781e+00
6.813031435012817383e-01
4.338377118110656738e-01
5.267141852527856827e-03
6.193840503692626953e-02
1.551227569580078125e+00
1.560256332159042358e-01
2.197862863540649414e+00
0.000000000000000000e+00
2.547723054885864258e-01
1.730563193559646606e-01
0.000000000000000000e+00
7.139707207679748535e-01
4.448174312710762024e-02
0.000000000000000000e+00
7.452319264411926270e-01
6.094825267791748047e-01
3.601029515266418457e-02
0.000000000000000000e+00
4.248756766319274902e-01
1.001776009798049927e-01
1.180224865674972534e-01
6.158490180969238281e-01
1.788885951042175293e+00
8.577624708414077759e-02
9.910846352577209473e-01
1.056130647659301758e+00
4.584407806396484375e-02
0.000000000000000000e+00
1.947807967662811279e-01
4.246105253696441650e-02
5.588946342468261719e-01
1.479428291320800781e+00
2.726610898971557617e-01
6.710487604141235352e-02
2.071780711412429810e-01
7.151752114295959473e-01
2.415917813777923584e-01
1.653287529945373535e+00
7.841762304306030273e-01
2.016244456171989441e-02
4.432288464158773422e-03
8.443893194198608398e-01
0.000000000000000000e+00
1.421146988868713379e-01
0.000000000000000000e+00
1.208645343780517578e+00
5.336295962333679199e-01
3.185785375535488129e-03
3.849171102046966553e-01
8.711627125740051270e-01
1.704392552375793457e+00
6.247724890708923340e-01
6.473451256752014160e-01
1.193805456161499023e+00
2.568361520767211914e+00
0.000000000000000000e+00
6.238201260566711426e-01
2.160887956619262695e+00
8.906072974205017090e-01
2.499463707208633423e-01
9.572509527206420898e-01
3.647433186415582895e-04
3.428136557340621948e-02
0.000000000000000000e+00
1.407096087932586670e-01
3.482406437397003174e-01
5.272828042507171631e-02
3.644578218460083008e+00
2.947799921035766602e+00
1.478620648384094238e+00
0.000000000000000000e+00
7.632207870483398438e-01
3.500207886099815369e-02
3.819080768153071404e-03
0.000000000000000000e+00
2.838311344385147095e-02
1.150727421045303345e-01
5.514245852828025818e-02
0.000000000000000000e+00
1.644408106803894043e-01
3.024677745997905731e-02
9.986490607261657715e-01
1.852726459503173828e+00
1.083415821194648743e-01
1.192764416337013245e-01
1.918876171112060547e+00
1.367726773023605347e-01
1.428081989288330078e+00
0.000000000000000000e+00
6.081859394907951355e-02
1.375220656394958496e+00
1.516748964786529541e-01
1.313983559608459473e+00
2.158726304769515991e-01
1.556222796440124512e+00
1.042467430233955383e-01
1.297902911901473999e-01
0.000000000000000000e+00
7.561745643615722656e-01
2.130384445190429688e+00
1.654235832393169403e-02
7.549542351625859737e-04
3.256747484207153320e+00
1.897322386503219604e-01
1.004914760589599609e+00
2.503279037773609161e-02
6.255777180194854736e-02
5.212117433547973633e-01
0.000000000000000000e+00
3.498181343078613281e+00
5.532076358795166016e-01
3.918085992336273193e-01
4.614184498786926270e-01
1.649405717849731445e+00
0.000000000000000000e+00
1.610275268554687500e+00
3.353556990623474121e-02
1.022910103201866150e-01
2.936672866344451904e-01
0.000000000000000000e+00
1.213040798902511597e-01
2.897930145263671875e-02
1.777958273887634277e-01
1.417857594788074493e-02
5.158565044403076172e-01
5.861677527427673340e-01
1.416450023651123047e+00
0.000000000000000000e+00
3.469716310501098633e-01
1.124370321631431580e-01
9.252873659133911133e-01
0.000000000000000000e+00
7.111601065844297409e-03
0.000000000000000000e+00
1.666790843009948730e-01
1.480650782585144043e+00
1.015439867973327637e+00
6.682951003313064575e-02
2.734785079956054688e+00
0.000000000000000000e+00
4.224460422992706299e-01
1.962090432643890381e-01
1.155623868107795715e-01
1.437131315469741821e-01
0.000000000000000000e+00
1.372185230255126953e+00
1.642123460769653320e+00
2.024227827787399292e-01
3.126498460769653320e+00
0.000000000000000000e+00
1.313704133033752441e+00
1.191105134785175323e-02
1.677643507719039917e-02
0.000000000000000000e+00
2.593737602233886719e+00
4.174787998199462891e-01
0.000000000000000000e+00
1.909786909818649292e-01
3.648084402084350586e-01
3.723627030849456787e-01
2.392846822738647461e+00
6.154909729957580566e-01
1.201902031898498535e-01
5.134615898132324219e-01
1.677654832601547241e-01
1.546790599822998047e+00
5.003355816006660461e-02
1.483653485774993896e-02
1.941251903772354126e-01
1.647946119308471680e+00
1.132193922996520996e+00
0.000000000000000000e+00
5.934658050537109375e-01
3.579213842749595642e-02
9.106521606445312500e-01
3.103813827037811279e-01
5.785440802574157715e-01
6.344829201698303223e-01
0.000000000000000000e+00
6.424551457166671753e-02
6.474695801734924316e-01
6.061891093850135803e-02
5.297521352767944336e-01
2.410507678985595703e+00
3.672047257423400879e-01
0.000000000000000000e+00
2.319522798061370850e-01
2.521901845932006836e+00
5.380439758300781250e-01
1.427469372749328613e+00
4.295025467872619629e-01
2.241038799285888672e+00
2.952315330505371094e+00
7.384210824966430664e-01
2.032046616077423096e-01
2.924671769142150879e-01
0.000000000000000000e+00
1.349453162401914597e-02
