1.243726816028356552e-02
0.000000000000000000e+00
1.038964018225669861e-01
2.603818655014038086e+00
9.454039335250854492e-01
3.017079234123229980e-01
1.457452535629272461e+00
2.379356384277343750e+00
7.384125232696533203e+00
2.295864343643188477e+00
6.314746290445327759e-02
1.684929370880126953e+00
1.866718232631683350e-01
1.270794868469238281e+00
2.869256019592285156e+00
9.457986354827880859e-01
1.324699521064758301e+00
1.637613654136657715e+00
1.578902721405029297e+00
4.454417154192924500e-02
1.613142609596252441e+00
0.000000000000000000e+00
3.212437331676483154e-01
3.479378700256347656e+00
2.110924422740936279e-01
0.000000000000000000e+00
2.523175440728664398e-02
1.815843224525451660e+00
4.587786793708801270e-01
2.742613554000854492e-01
0.000000000000000000e+00
7.525480538606643677e-02
8.801946640014648438e-01
8.469855189323425293e-01
1.065092444419860840e+00
3.798696994781494141e+00
5.160756707191467285e-01
2.292675226926803589e-01
1.055201813578605652e-01
7.886932492256164551e-01
6.792201399803161621e-01
1.565613299608230591e-01
2.121667414903640747e-01
4.899062156677246094e+00
1.546527892351150513e-01
1.628235101699829102e+00
8.282092213630676270e-01
1.410037755966186523e+00
2.879557311534881592e-01
1.388269543647766113e+00
3.888067007064819336e+00
0.000000000000000000e+00
2.364053964614868164e+00
2.121541500091552734e-01
1.446772694587707520e+00
1.307241767644882202e-01
4.424758851528167725e-01
1.543010175228118896e-01
1.858378410339355469e+00
1.243390068411827087e-01
1.558264642953872681e-01
1.951203197240829468e-01
0.000000000000000000e+00
7.078036069869995117e-01
1.053263068199157715e+00
1.688911616802215576e-01
1.339486986398696899e-01
1.544379889965057373e-01
1.438008666038513184e+00
1.993129849433898926e-01
0.000000000000000000e+00
2.631759038195014000e-03
1.851921081542968750e-01
1.190698981285095215e+00
2.886168956756591797e-01
1.260477781295776367e+00
0.000000000000000000e+00
1.324402809143066406e+00
2.699604928493499756e-01
1.412251472473144531e+00
6.331961136311292648e-03
9.161674380302429199e-01
2.584113121032714844e+00
6.037135794758796692e-02
2.805574893951416016e+00
3.862175717949867249e-02
1.179895997047424316e+00
7.237778976559638977e-03
4.540546834468841553e-01
1.283079758286476135e-02
0.000000000000000000e+00
0.000000000000000000e+00
1.241356600075960159e-02
0.000000000000000000e+00
8.607040643692016602e-01
4.889985322952270508e-01
9.675684571266174316e-01
1.347327947616577148e+00
6.075573340058326721e-02
0.000000000000000000e+00
2.662948705255985260e-02
3.727995231747627258e-02
1.602966524660587311e-02
1.626765012741088867e+00
1.178708910942077637e+00
1.599309444427490234e-01
1.883951902389526367e+00
7.536484003067016602e-01
4.903080761432647705e-01
2.700908668339252472e-02
1.547389388084411621e+00
1.318914145231246948e-01
8.001853823661804199e-01
2.232986837625503540e-01
6.385700106620788574e-01
1.653747111558914185e-01
1.307936459779739380e-01
3.658184707164764404e-01
2.115974426269531250e+00
1.429096937179565430e+00
6.423869132995605469e-01
6.160026192665100098e-01
0.000000000000000000e+00
2.140919923782348633e+00
5.475092530250549316e-01
1.003291249275207520e+00
0.000000000000000000e+00
6.872698068618774414e-01
2.076218843460083008e+00
4.808476939797401428e-02
1.597049646079540253e-02
9.107949137687683105e-01
3.471508026123046875e-01
1.828561723232269287e-01
6.191101670265197754e-01
1.949370279908180237e-02
1.235942319035530090e-01
5.777449607849121094e+00
0.000000000000000000e+00
3.163562723784707487e-05
1.156980916857719421e-01
6.291618347167968750e-01
1.604376912117004395e+00
3.341641277074813843e-02
8.790204674005508423e-02
1.234995722770690918e-01
1.095442414283752441e+00
5.198599100112915039e-01
2.219253540039062500e+00
0.000000000000000000e+00
6.275769233703613281e+00
1.919143348932266235e-01
3.622523546218872070e-01
6.347780823707580566e-01
1.960700750350952148e+00
2.201400279998779297e+00
1.407856047153472900e-01
4.591281712055206299e-01
2.867695569992065430e+00
4.134926497936248779e-01
8.927227463573217392e-04
1.370370507240295410e+00
3.702726215124130249e-02
1.316947583109140396e-02
8.072929978370666504e-01
3.237464129924774170e-01
3.161096014082431793e-03
0.000000000000000000e+00
9.051647186279296875e-01
2.691130876541137695e+00
4.253473877906799316e-01
7.604246735572814941e-01
0.000000000000000000e+00
7.417877912521362305e-01
5.869819521903991699e-01
7.423419952392578125e+00
2.115045906975865364e-03
1.939386129379272461e-02
1.127322986721992493e-01
1.177917942404747009e-01
0.000000000000000000e+00
1.754343211650848389e-01
8.528966903686523438e-01
3.967367172241210938e+00
1.284123510122299194e-01
0.000000000000000000e+00
1.846829056739807129e-01
1.093834638595581055e+00
0.000000000000000000e+00
1.910717808641493320e-03
0.000000000000000000e+00
0.000000000000000000e+00
5.446519255638122559e-01
5.562718510627746582e-01
1.734544515609741211e+00
4.746075868606567383e-01
7.638825774192810059e-01
2.427291870117187500e-01
2.802616916596889496e-03
1.490795850753784180e+00
1.420064210891723633e+00
2.744666039943695068e-01
3.952533900737762451e-01
6.601563096046447754e-01
1.042850494384765625e+00
3.740540891885757446e-02
9.695559144020080566e-01
0.000000000000000000e+00
1.994331479072570801e-01
1.785179734230041504e+00
1.603502482175827026e-01
4.754973649978637695e-01
9.291337132453918457e-01
1.728469371795654297e+00
9.243230819702148438e-01
2.930643558502197266e-01
4.083247482776641846e-01
1.437896937131881714e-01
2.087942123413085938e+00
9.006004929542541504e-01
3.925048187375068665e-02
1.251575052738189697e-01
1.022055268287658691e+00
1.322649270296096802e-01
3.537449538707733154e-01
0.000000000000000000e+00
1.589175164699554443e-01
4.476180374622344971e-01
2.003405988216400146e-02
4.742660745978355408e-02
2.101553976535797119e-01
3.117964565753936768e-01
3.565346240997314453e+00
1.547219634056091309e+00
1.109703183174133301e+00
1.217431902885437012e+00
2.860885143280029297e+00
3.070631027221679688e-01
7.713136821985244751e-02
9.214682579040527344e-01
4.208422899246215820e-01
1.243528202176094055e-01
1.467775702476501465e-01
2.226454734802246094e+00
1.011314034461975098e+00
4.208687245845794678e-01
5.978347659111022949e-01
0.000000000000000000e+00
1.888716340065002441e+00
1.198639035224914551e+00
1.147386357188224792e-01
8.903056979179382324e-01
0.000000000000000000e+00
1.705997943878173828e+00
1.526823639869689941e+00
0.000000000000000000e+00
3.381868591532111168e-03
0.000000000000000000e+00
6.416908502578735352e-01
2.737966477870941162e-01
1.453018784523010254e+00
5.897332429885864258e-01
0.000000000000000000e+00
1.672090739011764526e-01
0.000000000000000000e+00
1.308378856629133224e-02
2.451200246810913086e+00
6.584904622286558151e-03
4.487489461898803711e-01
1.052678376436233521e-01
2.613569498062133789e+00
4.560712724924087524e-03
1.394698739051818848e+00
1.392000466585159302e-01
2.775282785296440125e-02
5.448195934295654297e-01
4.046317934989929199e-02
2.214260816574096680e+00
1.311199188232421875e+00
1.697357743978500366e-01
2.421770691871643066e-01
3.930878937244415283e-01
3.162821233272552490e-01
2.678558230400085449e-01
9.406198859214782715e-01
1.791631221771240234e+00
1.793869733810424805e+00
5.503230169415473938e-02
5.496586090885102749e-04
1.833530142903327942e-02
2.115796327590942383e+00
1.233403921127319336e+00
4.977381825447082520e-01
9.538535773754119873e-02
4.609076380729675293e-01
5.488070249557495117e-01
1.746495664119720459e-01
4.114977419376373291e-01
1.499165773391723633e+00
6.459489345550537109e+00
2.602918446063995361e-01
7.278723269701004028e-02
8.757752180099487305e-01
3.486355245113372803e-01
3.515047952532768250e-02
2.300013601779937744e-01
7.371226698160171509e-02
0.000000000000000000e+00
8.590669184923171997e-02
6.049268245697021484e-01
7.639994621276855469e-01
1.104814279824495316e-02
1.808678656816482544e-01
1.201480507850646973e+00
1.855783164501190186e-01
4.594580233097076416e-01
0.000000000000000000e+00
3.392781615257263184e-01
1.341653943061828613e+00
1.597920805215835571e-01
1.940669059753417969e+00
0.000000000000000000e+00
7.279157042503356934e-01
6.363046914339065552e-02
0.000000000000000000e+00
2.973774373531341553e-01
1.996035575866699219e-01
0.000000000000000000e+00
1.029981732368469238e+00
1.064768910408020020e+00
1.598838903009891510e-02
0.000000000000000000e+00
5.026236176490783691e-01
8.813247084617614746e-02
9.656231850385665894e-02
1.013676881790161133e+00
1.979229211807250977e+00
1.991903334856033325e-01
1.233680725097656250e+00
1.720835804939270020e+00
4.635072052478790283e-01
1.952174119651317596e-02
1.675782054662704468e-01
1.652391441166400909e-02
8.345108628273010254e-01
1.239581227302551270e+00
4.755423590540885925e-02
8.729041367769241333e-02
6.853134632110595703e-01
8.409155011177062988e-01
1.171416938304901123e-01
6.870476007461547852e-01
5.965715646743774414e-01
1.570136696100234985e-01
4.038350656628608704e-03
3.797107040882110596e-01
0.000000000000000000e+00
3.052025139331817627e-01
0.000000000000000000e+00
6.439069509506225586e-01
3.029422163963317871e-01
5.297235678881406784e-03
6.644663810729980469e-01
9.001439809799194336e-01
1.784065842628479004e+00
1.173161983489990234e+00
6.456250548362731934e-01
1.916408300399780273e+00
1.601084947586059570e+00
0.000000000000000000e+00
3.882501125335693359e-01
1.789541721343994141e+00
9.810566306114196777e-01
3.204644322395324707e-01
1.115209460258483887e+00
3.442313289269804955e-03
3.844752311706542969e-01
0.000000000000000000e+00
9.842731058597564697e-02
8.485094308853149414e-01
4.456992447376251221e-01
3.797369480133056641e+00
2.045960187911987305e+00
6.495282053947448730e-01
0.000000000000000000e+00
8.746247291564941406e-01
1.393419206142425537e-01
0.000000000000000000e+00
1.703726314008235931e-02
1.343961358070373535e-01
3.334670513868331909e-02
4.426173865795135498e-02
0.000000000000000000e+00
7.607135176658630371e-02
4.261874128133058548e-03
7.870514988899230957e-01
2.374087810516357422e+00
1.839793403632938862e-03
1.340431720018386841e-01
1.571239709854125977e+00
1.208588480949401855e-01
4.302181303501129150e-01
0.000000000000000000e+00
1.110724508762359619e-01
5.518889427185058594e-01
2.677162289619445801e-01
1.478153467178344727e+00
1.163632422685623169e-01
2.178551673889160156e+00
7.945195436477661133e-01
1.268417388200759888e-01
0.000000000000000000e+00
8.458473086357116699e-01
1.714626550674438477e+00
8.137477561831474304e-03
2.910288003477035090e-06
3.617223501205444336e+00
1.710069924592971802e-01
6.988527774810791016e-01
6.447486579418182373e-02
4.878971874713897705e-01
9.315239787101745605e-01
0.000000000000000000e+00
3.109663724899291992e+00
2.633448839187622070e-01
9.386093616485595703e-01
9.308293461799621582e-01
1.965624213218688965e+00
0.000000000000000000e+00
2.286908864974975586e+00
3.094525542110204697e-03
1.517844945192337036e-01
1.909556239843368530e-01
6.299134343862533569e-03
1.034973263740539551e-01
2.692578732967376709e-02
5.678966045379638672e-01
4.770555067807435989e-03
4.699358642101287842e-01
6.762268543243408203e-01
1.605840206146240234e+00
0.000000000000000000e+00
1.618314385414123535e-01
9.828746318817138672e-02
1.391757965087890625e+00
0.000000000000000000e+00
0.000000000000000000e+00
6.876531988382339478e-03
2.660239860415458679e-02
7.166058421134948730e-01
6.566892862319946289e-01
4.479938447475433350e-01
1.902122735977172852e+00
0.000000000000000000e+00
6.009142994880676270e-01
3.966352045536041260e-01
6.555897742509841919e-02
0.000000000000000000e+00
0.000000000000000000e+00
1.757317185401916504e+00
1.560650229454040527e+00
1.289314627647399902e-01
3.916187047958374023e+00
4.301760718226432800e-02
1.526480793952941895e+00
0.000000000000000000e+00
2.199865728616714478e-01
1.064755469560623169e-01
2.291928052902221680e+00
7.766053676605224609e-01
0.000000000000000000e+00
7.181050181388854980e-01
4.663429856300354004e-01
1.455528885126113892e-01
3.488084316253662109e+00
6.229385733604431152e-01
1.999160973355174065e-03
4.364550411701202393e-01
6.117463484406471252e-02
9.892148971557617188e-01
9.853009879589080811e-02
1.446821093559265137e-01
4.258138127624988556e-03
7.299438714981079102e-01
4.562484622001647949e-01
6.402763724327087402e-02
4.120736420154571533e-01
6.449203193187713623e-02
1.254010081291198730e+00
7.340579293668270111e-03
7.790762186050415039e-01
3.659318089485168457e-01
1.876273155212402344e-01
1.199163272976875305e-01
1.215845942497253418e+00
0.000000000000000000e+00
4.334504604339599609e-01
2.492277145385742188e+00
2.228430062532424927e-01
0.000000000000000000e+00
3.935754001140594482e-01
1.453581929206848145e+00
1.021114230155944824e+00
1.264253497123718262e+00
8.412640690803527832e-01
2.978139638900756836e+00
2.179145097732543945e+00
5.651102662086486816e-01
7.770042121410369873e-02
2.760119438171386719e-01
0.000000000000000000e+00
1.325724925845861435e-02
