3.072568476200103760e-01
0.000000000000000000e+00
6.918359547853469849e-02
2.306019067764282227e+00
6.884725093841552734e-01
1.931566148996353149e-01
1.137153148651123047e+00
2.371893405914306641e+00
6.362966537475585938e+00
1.274148583412170410e+00
1.991499513387680054e-01
1.938782691955566406e+00
2.657487690448760986e-01
9.726086854934692383e-01
1.566684484481811523e+00
6.360746622085571289e-01
9.578675031661987305e-01
3.889200985431671143e-01
5.000482797622680664e-01
8.048237115144729614e-02
2.228277444839477539e+00
1.023956295102834702e-02
1.661574244499206543e-01
2.217033386230468750e+00
2.089240401983261108e-02
1.542364992201328278e-02
2.523356676101684570e-02
1.379561424255371094e+00
4.776369631290435791e-01
2.830375358462333679e-02
7.310013473033905029e-02
2.815412282943725586e-01
3.112098276615142822e-01
1.037392854690551758e+00
7.440615296363830566e-01
3.401566982269287109e+00
4.239405393600463867e-01
7.728912681341171265e-02
6.180895566940307617e-01
1.285362958908081055e+00
2.482129633426666260e-01
5.287110805511474609e-01
6.962617039680480957e-01
4.365978717803955078e+00
4.595192372798919678e-01
1.556597352027893066e+00
4.510716795921325684e-01
1.673251986503601074e+00
2.161704190075397491e-02
5.171884894371032715e-01
3.246599674224853516e+00
0.000000000000000000e+00
1.812998175621032715e+00
2.613658085465431213e-02
1.159620642662048340e+00
1.372862756252288818e-01
4.582440555095672607e-01
1.239651441574096680e+00
1.345585703849792480e+00
3.920917585492134094e-02
0.000000000000000000e+00
4.434975981712341309e-01
5.229920148849487305e-02
2.574258744716644287e-01
1.139589071273803711e+00
9.152121096849441528e-02
3.322381973266601562e-01
7.774669528007507324e-01
1.246474385261535645e+00
1.783366315066814423e-02
0.000000000000000000e+00
2.438107505440711975e-03
3.433005511760711670e-01
1.001147150993347168e+00
1.216887459158897400e-01
7.397069931030273438e-01
3.017762117087841034e-02
1.367788672447204590e+00
1.922928839921951294e-01
9.505191445350646973e-01
8.171203732490539551e-02
1.371804952621459961e+00
2.311358690261840820e+00
6.004659458994865417e-02
2.296378374099731445e+00
7.919078320264816284e-02
9.892263412475585938e-01
2.355186268687248230e-02
6.430084109306335449e-01
0.000000000000000000e+00
5.955708771944046021e-02
0.000000000000000000e+00
0.000000000000000000e+00
2.618247177451848984e-03
1.321030735969543457e+00
7.082532048225402832e-01
1.208536028861999512e+00
5.454127788543701172e-01
7.579329609870910645e-02
2.055530622601509094e-02
0.000000000000000000e+00
0.000000000000000000e+00
0.000000000000000000e+00
2.616006612777709961e+00
9.844593405723571777e-01
1.742161065340042114e-01
9.449428319931030273e-01
9.655418992042541504e-01
6.092385053634643555e-01
3.638171553611755371e-01
1.234762549400329590e+00
0.000000000000000000e+00
5.925239920616149902e-01
7.020933032035827637e-01
8.035945892333984375e-01
0.000000000000000000e+00
8.491346985101699829e-02
5.745505094528198242e-01
1.135332226753234863e+00
3.300883531570434570e+00
3.786402642726898193e-01
3.969088792800903320e-01
2.841272391378879547e-02
2.158407449722290039e+00
1.110821008682250977e+00
1.172143220901489258e+00
0.000000000000000000e+00
2.551549673080444336e-01
1.760012030601501465e+00
0.000000000000000000e+00
9.768137335777282715e-02
5.698469281196594238e-01
6.129030953161418438e-04
6.208646297454833984e-02
1.266150474548339844e+00
1.847849227488040924e-02
2.750500142574310303e-01
5.064218044281005859e+00
0.000000000000000000e+00
1.478553414344787598e-01
1.005686912685632706e-02
7.906503081321716309e-01
1.529391050338745117e+00
3.770235180854797363e-02
0.000000000000000000e+00
2.298568785190582275e-01
9.173564314842224121e-01
1.273914456367492676e+00
1.053227901458740234e+00
7.171767950057983398e-02
5.378465175628662109e+00
7.540689408779144287e-02
1.051092743873596191e+00
2.186071723699569702e-01
1.887180209159851074e+00
1.771011590957641602e+00
2.183761298656463623e-01
1.279429942369461060e-01
1.922166943550109863e+00
3.862007856369018555e-01
2.905342914164066315e-02
1.110580682754516602e+00
2.346525341272354126e-01
0.000000000000000000e+00
7.961775660514831543e-01
2.420736402273178101e-01
1.867017243057489395e-03
0.000000000000000000e+00
1.084926843643188477e+00
3.072971105575561523e+00
3.174288272857666016e-01
1.683086305856704712e-01
2.698116004467010498e-01
9.237175583839416504e-01
7.677875161170959473e-01
7.860180854797363281e+00
3.697736188769340515e-02
5.936837196350097656e-02
0.000000000000000000e+00
1.458452492952346802e-01
6.889762729406356812e-02
2.998710572719573975e-01
2.461362928152084351e-01
3.584036588668823242e+00
7.336789369583129883e-02
0.000000000000000000e+00
5.512899160385131836e-02
9.333492517471313477e-01
0.000000000000000000e+00
9.747302532196044922e-02
0.000000000000000000e+00
2.799960318952798843e-03
1.352448582649230957e+00
1.056552767753601074e+00
1.055430293083190918e+00
2.378487884998321533e-01
8.807675838470458984e-01
3.106344044208526611e-01
7.575371861457824707e-01
7.893359065055847168e-01
1.549749970436096191e+00
5.854922533035278320e-01
1.455973237752914429e-01
6.249146461486816406e-01
3.160647451877593994e-01
6.412471085786819458e-02
8.353440761566162109e-01
0.000000000000000000e+00
4.805653989315032959e-01
1.437409996986389160e+00
3.824042156338691711e-02
1.521162688732147217e-01
1.379512548446655273e+00
1.540762543678283691e+00
8.021278977394104004e-01
2.632293403148651123e-01
5.186419486999511719e-01
1.601300090551376343e-01
1.399703621864318848e+00
6.461924314498901367e-01
9.341914951801300049e-02
1.823781989514827728e-03
3.595228195190429688e-01
1.927442699670791626e-01
5.109357237815856934e-01
0.000000000000000000e+00
1.206530332565307617e-01
5.742295384407043457e-01
0.000000000000000000e+00
3.627986013889312744e-01
5.339093878865242004e-02
3.887657225131988525e-01
1.405672192573547363e+00
1.814043641090393066e+00
5.424795746803283691e-01
1.524583578109741211e+00
3.049456357955932617e+00
3.412575423717498779e-01
1.386325359344482422e-01
6.700767874717712402e-01
6.948208063840866089e-02
5.966626107692718506e-02
3.101895190775394440e-02
3.402246236801147461e+00
1.084573864936828613e+00
2.635310590267181396e-01
3.066000342369079590e-01
8.275180123746395111e-03
1.510788202285766602e+00
1.172738790512084961e+00
8.777710050344467163e-02
3.811251521110534668e-01
0.000000000000000000e+00
1.738564848899841309e+00
1.678840875625610352e+00
1.849506236612796783e-02
2.942003011703491211e-01
0.000000000000000000e+00
1.236884221434593201e-01
3.488951921463012695e-01
1.093394041061401367e+00
8.279938697814941406e-01
4.213603213429450989e-02
3.301730006933212280e-02
0.000000000000000000e+00
0.000000000000000000e+00
2.016382217407226562e+00
4.200452938675880432e-02
1.479516267776489258e+00
5.006822757422924042e-03
1.702461481094360352e+00
0.000000000000000000e+00
9.814091920852661133e-01
1.378646194934844971e-01
0.000000000000000000e+00
2.350329160690307617e-01
5.234769359230995178e-02
8.501989841461181641e-01
1.189418792724609375e+00
4.352582991123199463e-02
2.243417128920555115e-02
2.532990574836730957e-01
5.880467593669891357e-02
4.548825323581695557e-02
3.540923297405242920e-01
8.551682233810424805e-01
1.536472797393798828e+00
0.000000000000000000e+00
4.375685378909111023e-02
0.000000000000000000e+00
2.408155202865600586e+00
1.098778247833251953e+00
6.071096658706665039e-01
0.000000000000000000e+00
5.651200413703918457e-01
2.950652837753295898e-01
6.030059456825256348e-01
2.667077258229255676e-02
9.666708707809448242e-01
6.410219192504882812e+00
2.541196346282958984e-01
1.810040324926376343e-01
3.948532342910766602e-01
1.845894008874893188e-01
1.214802823960781097e-02
9.740409441292285919e-03
4.972130525857210159e-03
3.581080120056867599e-03
2.553375065326690674e-02
2.331985682249069214e-01
5.876450538635253906e-01
8.000151067972183228e-02
1.983852088451385498e-01
6.883467435836791992e-01
2.874793410301208496e-01
6.339493393898010254e-01
0.000000000000000000e+00
4.057696163654327393e-01
6.911743879318237305e-01
3.263335302472114563e-02
1.661625742912292480e+00
1.040548551827669144e-03
4.247673451900482178e-01
3.173886537551879883e-01
0.000000000000000000e+00
7.561536431312561035e-01
7.100268453359603882e-02
0.000000000000000000e+00
1.016620278358459473e+00
3.567193746566772461e-01
2.256543375551700592e-03
2.566289040260016918e-04
2.367132306098937988e-01
9.498739987611770630e-02
0.000000000000000000e+00
5.655958652496337891e-01
1.697099328041076660e+00
9.474427253007888794e-02
1.219629526138305664e+00
1.825978159904479980e+00
3.306198716163635254e-01
1.802048762328922749e-03
4.026419818401336670e-01
1.014363020658493042e-01
6.091794967651367188e-01
5.674163699150085449e-01
1.798741519451141357e-02
3.599808737635612488e-02
3.329130113124847412e-01
8.086746931076049805e-01
0.000000000000000000e+00
1.042397022247314453e+00
7.753694057464599609e-01
2.141015678644180298e-01
2.758966758847236633e-03
3.214565217494964600e-01
0.000000000000000000e+00
1.063425019383430481e-01
0.000000000000000000e+00
4.597151279449462891e-01
3.430057466030120850e-01
3.061366267502307892e-03
8.328366875648498535e-01
6.358121037483215332e-01
2.218593120574951172e+00
7.468059062957763672e-01
6.703025698661804199e-01
1.066074013710021973e+00
2.162761211395263672e+00
3.761423518881201744e-03
4.583545625209808350e-01
1.652575135231018066e+00
9.537569880485534668e-01
0.000000000000000000e+00
1.304920911788940430e+00
1.468054484575986862e-02
5.620384216308593750e-02
2.205936238169670105e-02
2.826811969280242920e-01
7.145546078681945801e-01
5.265747904777526855e-01
4.026468753814697266e+00
2.465150356292724609e+00
6.387777328491210938e-01
0.000000000000000000e+00
1.172481298446655273e+00
1.469131559133529663e-03
0.000000000000000000e+00
0.000000000000000000e+00
4.628376066684722900e-01
2.637281119823455811e-01
8.511875569820404053e-02
0.000000000000000000e+00
1.810154765844345093e-01
7.389394193887710571e-02
1.293140649795532227e+00
1.567447185516357422e+00
2.094054594635963440e-02
4.363917708396911621e-01
6.298835277557373047e-01
3.902202297467738390e-04
6.230466365814208984e-01
7.048899773508310318e-03
1.906948983669281006e-01
1.361643195152282715e+00
5.631214976310729980e-01
1.577141523361206055e+00
2.056201249361038208e-01
1.069902181625366211e+00
7.275313138961791992e-01
3.226216435432434082e-01
0.000000000000000000e+00
4.512137472629547119e-01
2.177800178527832031e+00
1.427896618843078613e-01
6.993826245889067650e-04
3.251391172409057617e+00
2.148123085498809814e-01
7.913212776184082031e-01
9.408710896968841553e-02
3.472175449132919312e-02
7.044020295143127441e-01
0.000000000000000000e+00
3.445518016815185547e+00
2.360960990190505981e-01
2.246571332216262817e-01
1.571836829185485840e+00
1.314917564392089844e+00
0.000000000000000000e+00
8.706253767013549805e-01
0.000000000000000000e+00
1.099446117877960205e-01
1.487715691328048706e-01
0.000000000000000000e+00
5.696254372596740723e-01
1.455588638782501221e-01
3.056695684790611267e-02
4.605470597743988037e-02
2.837949097156524658e-01
4.345286786556243896e-01
1.607600331306457520e+00
4.864500835537910461e-03
1.887642890214920044e-01
2.192222028970718384e-01
7.535446882247924805e-01
0.000000000000000000e+00
0.000000000000000000e+00
0.000000000000000000e+00
3.330053985118865967e-01
5.504218339920043945e-01
1.293534994125366211e+00
2.588529884815216064e-01
1.553295850753784180e+00
0.000000000000000000e+00
5.320008993148803711e-01
2.467105239629745483e-01
8.713883906602859497e-02
2.901940047740936279e-01
1.104230061173439026e-02
8.202452063560485840e-01
1.359403491020202637e+00
1.945947296917438507e-02
2.716365814208984375e+00
6.307587027549743652e-02
1.210719704627990723e+00
1.251994669437408447e-01
1.576763689517974854e-01
1.481943726539611816e-01
1.577729225158691406e+00
4.339081048965454102e-01
0.000000000000000000e+00
1.433739345520734787e-02
3.858937025070190430e-01
1.596561521291732788e-01
9.715905785560607910e-01
3.291377127170562744e-01
8.317332714796066284e-03
3.408428132534027100e-01
3.324287757277488708e-02
9.502849578857421875e-01
4.213602542877197266e-01
1.523427516222000122e-01
5.361708253622055054e-02
8.681722283363342285e-01
8.987660408020019531e-01
1.605572700500488281e-01
1.145368739962577820e-01
7.530592381954193115e-02
6.973161101341247559e-01
8.647531270980834961e-02
3.569201529026031494e-01
6.363185048103332520e-01
2.077442128211259842e-03
1.842074654996395111e-02
8.566706776618957520e-01
3.762254491448402405e-02
4.775478541851043701e-01
1.893106818199157715e+00
2.618809342384338379e-01
5.216998048126697540e-03
1.680936366319656372e-01
2.677150964736938477e+00
8.461091518402099609e-01
1.309383749961853027e+00
4.588775932788848877e-01
2.260921716690063477e+00
3.079346895217895508e+00
7.291737794876098633e-01
3.012977242469787598e-01
1.177247166633605957e+00
0.000000000000000000e+00
1.170094981789588928e-01
