2.756481766700744629e-01
0.000000000000000000e+00
1.858024746179580688e-01
2.577393531799316406e+00
2.765781283378601074e-01
1.869974285364151001e-01
7.237184047698974609e-01
2.427147865295410156e+00
7.523629665374755859e+00
1.700712800025939941e+00
8.951369673013687134e-02
1.926782369613647461e+00
3.024153411388397217e-01
9.176201224327087402e-01
2.383681774139404297e+00
8.070450425148010254e-01
9.820137023925781250e-01
8.973241448402404785e-01
8.670237064361572266e-01
8.211521431803703308e-03
1.709284901618957520e+00
0.000000000000000000e+00
8.986527472734451294e-02
1.880892395973205566e+00
5.753349512815475464e-02
1.318081282079219818e-02
5.254516750574111938e-02
1.404106259346008301e+00
1.701733916997909546e-01
2.802969887852668762e-02
0.000000000000000000e+00
0.000000000000000000e+00
3.313558101654052734e-01
6.602806448936462402e-01
8.086650371551513672e-01
3.602890968322753906e+00
8.972671627998352051e-02
2.035140246152877808e-02
2.929444015026092529e-01
8.907028436660766602e-01
6.503680348396301270e-01
2.348298728466033936e-01
4.727287590503692627e-01
3.651807785034179688e+00
1.726901382207870483e-01
1.516388535499572754e+00
2.819797694683074951e-01
1.967906355857849121e+00
2.673242092132568359e-01
1.065478920936584473e+00
3.356947898864746094e+00
0.000000000000000000e+00
1.438259363174438477e+00
7.242765277624130249e-02
1.152981281280517578e+00
5.769742131233215332e-01
2.876324355602264404e-01
1.684688031673431396e-01
1.782252430915832520e+00
3.541491553187370300e-02
4.793588072061538696e-03
1.097916290163993835e-01
0.000000000000000000e+00
7.709444761276245117e-01
1.280798196792602539e+00
1.543790996074676514e-01
3.427479863166809082e-01
6.334898471832275391e-01
1.751276850700378418e+00
2.911308705806732178e-01
1.979481196030974388e-03
2.329844795167446136e-02
6.182742714881896973e-01
1.038286566734313965e+00
1.730362772941589355e-01
1.252412915229797363e+00
0.000000000000000000e+00
1.190515041351318359e+00
4.734338223934173584e-01
1.049314260482788086e+00
7.575763761997222900e-02
1.104922175407409668e+00
2.489554166793823242e+00
7.085104286670684814e-02
2.377191066741943359e+00
1.689609587192535400e-01
1.789529085159301758e+00
8.361522108316421509e-02
1.013245582580566406e+00
1.391758862882852554e-02
1.203632215037941933e-03
0.000000000000000000e+00
0.000000000000000000e+00
9.823261760175228119e-03
7.383182644844055176e-01
7.128373384475708008e-01
7.779816985130310059e-01
1.285552501678466797e+00
9.463125467300415039e-02
1.225175894796848297e-02
1.228625979274511337e-02
2.156953141093254089e-02
6.359014660120010376e-03
2.071247577667236328e+00
1.124774336814880371e+00
1.562092006206512451e-01
2.284628152847290039e+00
1.125771522521972656e+00
7.235387563705444336e-01
1.667842268943786621e-01
1.471022725105285645e+00
9.335692226886749268e-02
4.664957523345947266e-01
3.709491491317749023e-01
6.525849103927612305e-01
1.482809777371585369e-03
1.134772300720214844e-01
9.169507622718811035e-01
1.950268626213073730e+00
2.425820827484130859e+00
4.413694143295288086e-01
2.075360566377639771e-01
5.317008122801780701e-02
1.411391854286193848e+00
1.208064675331115723e+00
5.291234850883483887e-01
0.000000000000000000e+00
6.328667998313903809e-01
1.807546257972717285e+00
1.385397762060165405e-01
2.003419771790504456e-02
6.623067259788513184e-01
3.957528769969940186e-01
2.408470511436462402e-01
6.109270453453063965e-01
2.104102633893489838e-02
3.126540184020996094e-01
4.594745635986328125e+00
0.000000000000000000e+00
2.351645082235336304e-01
0.000000000000000000e+00
3.923510015010833740e-01
1.183530449867248535e+00
1.650188677012920380e-02
0.000000000000000000e+00
1.738071441650390625e-01
1.062849044799804688e+00
1.221027135848999023e+00
1.543648242950439453e+00
1.622579433023929596e-02
6.409043312072753906e+00
2.818738818168640137e-01
3.542342483997344971e-01
5.581627488136291504e-01
1.607509016990661621e+00
1.690269947052001953e+00
2.289630472660064697e-01
3.007872104644775391e-01
1.757735967636108398e+00
9.161008894443511963e-02
2.238040231168270111e-02
9.899384975433349609e-01
2.518678307533264160e-01
7.430133223533630371e-02
9.051237702369689941e-01
3.595514893531799316e-01
7.190021569840610027e-04
0.000000000000000000e+00
8.243297338485717773e-01
2.545239210128784180e+00
3.071185350418090820e-01
4.706386923789978027e-01
1.454253047704696655e-01
1.276650667190551758e+00
7.282056212425231934e-01
7.451870441436767578e+00
1.320257317274808884e-02
9.861860424280166626e-03
1.723717083223164082e-03
1.309871524572372437e-01
0.000000000000000000e+00
1.993420869112014771e-01
7.297809422016143799e-02
3.628361225128173828e+00
8.157146722078323364e-02
4.013871774077415466e-02
1.342523247003555298e-01
1.530284166336059570e+00
0.000000000000000000e+00
1.873199362307786942e-03
0.000000000000000000e+00
0.000000000000000000e+00
9.679731726646423340e-01
1.352819651365280151e-01
7.465571165084838867e-01
2.844572961330413818e-01
9.404010772705078125e-01
1.571683287620544434e-01
2.983974218368530273e-01
1.063675403594970703e+00
1.630182027816772461e+00
2.551654279232025146e-01
1.694615744054317474e-02
3.768221735954284668e-01
6.636134386062622070e-01
0.000000000000000000e+00
4.297968745231628418e-01
0.000000000000000000e+00
3.245771527290344238e-01
1.344471812248229980e+00
2.680167257785797119e-01
3.608681261539459229e-01
9.116581082344055176e-01
1.370002269744873047e+00
8.260860443115234375e-01
8.352544307708740234e-01
2.617492377758026123e-01
2.080437690019607544e-01
2.064035892486572266e+00
4.740553796291351318e-01
3.920491412281990051e-02
8.137894794344902039e-03
4.738795757293701172e-01
6.488264352083206177e-02
8.477206826210021973e-01
0.000000000000000000e+00
2.072090506553649902e-01
3.500380218029022217e-01
6.462801247835159302e-02
2.426679581403732300e-01
8.605036884546279907e-02
6.135208606719970703e-01
2.882309436798095703e+00
1.728935360908508301e+00
6.720383167266845703e-01
1.951275944709777832e+00
2.801019430160522461e+00
2.437332868576049805e-01
1.993360221385955811e-01
1.028695225715637207e+00
3.570627272129058838e-01
9.185368567705154419e-02
7.895189523696899414e-02
2.246449708938598633e+00
9.892975091934204102e-01
1.866055428981781006e-01
3.820988237857818604e-01
4.310800228267908096e-03
1.985215544700622559e+00
1.789031624794006348e+00
7.592152059078216553e-02
4.894559085369110107e-01
0.000000000000000000e+00
1.873551011085510254e+00
1.149916768074035645e+00
1.151414122432470322e-02
8.954633027315139771e-02
0.000000000000000000e+00
3.254992365837097168e-01
9.771118313074111938e-02
1.312870860099792480e+00
5.471513867378234863e-01
3.720663953572511673e-03
1.515995711088180542e-02
0.000000000000000000e+00
1.742660403251647949e-01
2.230584859848022461e+00
0.000000000000000000e+00
7.056947946548461914e-01
1.834276947192847729e-03
2.033879280090332031e+00
2.617601130623370409e-04
1.080476641654968262e+00
2.535391040146350861e-02
2.859811112284660339e-02
8.250094205141067505e-02
5.066053941845893860e-02
1.170335888862609863e+00
1.126129865646362305e+00
5.264025926589965820e-01
4.018866121768951416e-01
1.346371024847030640e-01
4.502048790454864502e-01
1.078292503952980042e-01
2.216470986604690552e-01
1.902044177055358887e+00
1.787896513938903809e+00
4.128154367208480835e-02
1.489932239055633545e-01
4.982051905244588852e-03
1.549736738204956055e+00
1.422447681427001953e+00
3.572746217250823975e-01
1.323628518730401993e-02
1.316468417644500732e-01
5.243123173713684082e-01
1.390396356582641602e-01
1.662193536758422852e-01
9.935473203659057617e-01
5.303645610809326172e+00
8.117200136184692383e-01
1.023283004760742188e-01
1.042611241340637207e+00
2.220638394355773926e-01
7.493320852518081665e-02
2.264519482851028442e-01
4.222233220934867859e-02
0.000000000000000000e+00
9.504836052656173706e-02
5.190623402595520020e-01
9.936447143554687500e-01
0.000000000000000000e+00
1.863253265619277954e-01
1.005771875381469727e+00
4.573148190975189209e-01
8.310351967811584473e-01
0.000000000000000000e+00
1.864354610443115234e-01
1.619486927986145020e+00
1.744459122419357300e-01
1.949002265930175781e+00
0.000000000000000000e+00
5.199573040008544922e-01
9.037110954523086548e-02
0.000000000000000000e+00
3.416386842727661133e-01
3.246016427874565125e-02
0.000000000000000000e+00
6.737974286079406738e-01
7.562095522880554199e-01
8.031161874532699585e-02
1.978509314358234406e-02
5.725886225700378418e-01
1.426950097084045410e-01
7.075096666812896729e-02
5.239699482917785645e-01
1.983573079109191895e+00
1.922983378171920776e-01
1.125355005264282227e+00
7.189765572547912598e-01
3.175282776355743408e-01
1.250355225056409836e-02
3.064681887626647949e-01
3.129908442497253418e-01
6.004393100738525391e-01
1.306789875030517578e+00
2.962081693112850189e-02
1.463572680950164795e-01
4.342292249202728271e-01
6.516685485839843750e-01
3.987880423665046692e-02
1.116957664489746094e+00
5.710192918777465820e-01
6.320159882307052612e-02
1.275542774237692356e-03
4.522855877876281738e-01
0.000000000000000000e+00
2.197605818510055542e-01
0.000000000000000000e+00
1.080571413040161133e+00
8.191389441490173340e-01
5.305284168571233749e-03
8.853094577789306641e-01
5.788547992706298828e-01
1.559151172637939453e+00
1.253545880317687988e+00
3.008910417556762695e-01
1.215246796607971191e+00
1.880142807960510254e+00
1.901896175695583224e-04
4.267757833003997803e-01
1.647454977035522461e+00
4.390658736228942871e-01
1.069688647985458374e-01
5.495423078536987305e-01
2.556147053837776184e-03
1.017775982618331909e-01
8.544355630874633789e-03
2.633760273456573486e-01
7.298954129219055176e-01
4.530061185359954834e-01
3.986532211303710938e+00
1.799589157104492188e+00
9.348524212837219238e-01
0.000000000000000000e+00
6.864852905273437500e-01
1.164520252496004105e-02
5.863817781209945679e-02
4.360249266028404236e-03
2.530508637428283691e-01
1.782607734203338623e-01
1.235572434961795807e-02
0.000000000000000000e+00
4.382882639765739441e-02
9.478500485420227051e-02
1.076575160026550293e+00
1.933803796768188477e+00
0.000000000000000000e+00
1.088342368602752686e-01
1.688184022903442383e+00
1.676720380783081055e-02
3.670379519462585449e-01
0.000000000000000000e+00
1.958041638135910034e-01
1.442800879478454590e+00
2.783100008964538574e-01
1.591191649436950684e+00
1.216072067618370056e-01
1.453319430351257324e+00
1.246095225214958191e-01
1.172509938478469849e-01
6.046847556717693806e-04
9.234424233436584473e-01
1.822611451148986816e+00
9.021773003041744232e-03
1.306149549782276154e-02
2.597283840179443359e+00
1.707782149314880371e-01
7.304559946060180664e-01
9.404167532920837402e-02
5.751721560955047607e-02
2.740015983581542969e-01
0.000000000000000000e+00
3.131725072860717773e+00
2.702864110469818115e-01
7.475492358207702637e-01
5.000081062316894531e-01
1.551200985908508301e+00
0.000000000000000000e+00
1.972890734672546387e+00
0.000000000000000000e+00
2.562342956662178040e-02
2.678733170032501221e-01
0.000000000000000000e+00
1.395789682865142822e-01
5.105605721473693848e-02
1.375051736831665039e-01
3.169528394937515259e-02
1.029155105352401733e-01
3.838359117507934570e-01
1.320647239685058594e+00
2.494155894964933395e-03
6.989146023988723755e-02
1.477605998516082764e-01
1.004434943199157715e+00
0.000000000000000000e+00
6.180943176150321960e-02
0.000000000000000000e+00
1.145014464855194092e-01
8.411179184913635254e-01
1.200018286705017090e+00
3.093377947807312012e-01
1.968782186508178711e+00
0.000000000000000000e+00
4.857530295848846436e-01
1.849984526634216309e-01
9.582509286701679230e-03
4.507856816053390503e-02
0.000000000000000000e+00
1.338154315948486328e+00
1.897006750106811523e+00
4.011791571974754333e-02
2.767528295516967773e+00
9.535509161651134491e-03
1.192430377006530762e+00
0.000000000000000000e+00
2.562680542469024658e-01
5.490886420011520386e-02
1.917745709419250488e+00
5.871338844299316406e-01
0.000000000000000000e+00
2.604406774044036865e-01
4.017361998558044434e-01
2.198033928871154785e-01
2.680381774902343750e+00
3.419219851493835449e-01
0.000000000000000000e+00
2.858814299106597900e-01
2.022875845432281494e-01
9.045235514640808105e-01
1.421524025499820709e-02
8.735787123441696167e-02
5.220378190279006958e-02
8.767231106758117676e-01
9.183421730995178223e-01
9.671437437646090984e-04
1.202092245221138000e-01
1.748246327042579651e-02
1.076955795288085938e+00
2.162280678749084473e-01
5.383014678955078125e-01
2.894732654094696045e-01
8.214215049520134926e-04
3.934243321418762207e-02
7.480815649032592773e-01
0.000000000000000000e+00
3.182744681835174561e-01
2.734316349029541016e+00
7.829950004816055298e-02
0.000000000000000000e+00
2.063206583261489868e-01
1.982948422431945801e+00
6.791834831237792969e-01
1.218868970870971680e+00
7.495557069778442383e-01
2.990699529647827148e+00
2.606982946395874023e+00
5.017227530479431152e-01
3.608455657958984375e-01
2.804293930530548096e-01
0.000000000000000000e+00
0.000000000000000000e+00
