3.679781407117843628e-02
1.903230696916580200e-02
4.421537220478057861e-01
3.322698831558227539e+00
3.599117100238800049e-01
1.574311554431915283e-01
9.544644355773925781e-01
3.146950483322143555e+00
6.261018753051757812e+00
9.992224574089050293e-01
1.057269051671028137e-01
1.802288055419921875e+00
2.051036804914474487e-01
1.533019661903381348e+00
1.951456189155578613e+00
1.598463416099548340e+00
1.203659296035766602e+00
5.466458797454833984e-01
1.003322482109069824e+00
5.384941697120666504e-01
1.106118440628051758e+00
0.000000000000000000e+00
1.032736420631408691e+00
3.422145843505859375e+00
1.018118634819984436e-01
0.000000000000000000e+00
3.554146504029631615e-03
1.789228081703186035e+00
2.631123661994934082e-01
4.637708663940429688e-01
8.992868824861943722e-04
1.300709396600723267e-01
4.950784146785736084e-01
1.350821971893310547e+00
1.365658164024353027e+00
1.896633148193359375e+00
4.362368881702423096e-01
7.545666694641113281e-01
2.570892125368118286e-02
1.174143552780151367e+00
1.441646814346313477e-01
1.106137111783027649e-01
1.308369517326354980e+00
3.569431066513061523e+00
8.280271887779235840e-01
1.331423640251159668e+00
4.333253800868988037e-01
8.794280886650085449e-01
6.144762737676501274e-04
1.227018475532531738e+00
3.175258636474609375e+00
0.000000000000000000e+00
1.578303575515747070e+00
4.374080151319503784e-02
1.219129443168640137e+00
8.882780671119689941e-01
2.153833508491516113e-01
1.025503650307655334e-01
3.493796825408935547e+00
2.451702952384948730e-02
2.387326955795288086e-01
1.855654716491699219e-01
2.117682844400405884e-01
7.037901282310485840e-01
1.011705756187438965e+00
6.865557432174682617e-01
6.018930077552795410e-01
4.174417555332183838e-01
1.325370788574218750e+00
1.166662096977233887e+00
0.000000000000000000e+00
0.000000000000000000e+00
2.856776416301727295e-01
1.251749396324157715e+00
1.000989913940429688e+00
5.244647860527038574e-01
1.452809870243072510e-01
1.109427571296691895e+00
3.736116886138916016e-01
3.525557518005371094e-01
1.894517540931701660e-01
1.142897009849548340e+00
2.333568811416625977e+00
1.829888820648193359e-01
8.621156215667724609e-01
8.215517401695251465e-01
5.640335083007812500e-01
2.290270179510116577e-01
1.032579541206359863e+00
8.881413191556930542e-02
2.086005359888076782e-02
7.216309662908315659e-03
1.134492605924606323e-01
1.534776836633682251e-01
1.367222070693969727e+00
7.249073982238769531e-01
8.474810123443603516e-01
1.950899362564086914e+00
2.098608911037445068e-01
1.437862664461135864e-01
0.000000000000000000e+00
1.965418457984924316e-01
4.103713855147361755e-02
3.062604904174804688e+00
1.794705152511596680e+00
3.878613561391830444e-02
1.203910350799560547e+00
3.041506409645080566e-01
9.416852146387100220e-02
3.613535463809967041e-01
1.413448333740234375e+00
2.378117591142654419e-01
4.459124505519866943e-01
1.832399368286132812e-01
6.008391380310058594e-01
1.674051284790039062e-01
1.845333427190780640e-01
6.631352305412292480e-01
1.441602706909179688e+00
1.120623826980590820e+00
1.893289327621459961e+00
1.007435679435729980e+00
1.591009944677352905e-01
2.067772626876831055e+00
1.183722615242004395e+00
8.050147891044616699e-01
5.734881386160850525e-03
5.470936894416809082e-01
1.431320667266845703e+00
6.025067344307899475e-02
7.227228879928588867e-01
8.424146771430969238e-01
6.562387943267822266e-01
6.071105599403381348e-01
1.028455138206481934e+00
5.201470106840133667e-02
4.776255488395690918e-01
4.285190582275390625e+00
0.000000000000000000e+00
1.177546381950378418e-01
3.314765095710754395e-01
2.549273073673248291e-01
1.016358613967895508e+00
1.498700026422739029e-02
6.275433581322431564e-03
1.518811136484146118e-01
1.228523254394531250e+00
8.593419194221496582e-01
1.101926922798156738e+00
1.694136559963226318e-01
4.231462478637695312e+00
2.662535905838012695e-01
4.854638874530792236e-01
4.851501882076263428e-01
8.390174508094787598e-01
1.273201465606689453e+00
4.054117798805236816e-01
7.319019436836242676e-01
2.008526325225830078e+00
9.005188941955566406e-01
6.671377271413803101e-02
2.620667517185211182e-01
1.491747051477432251e-01
3.404254792258143425e-03
6.977541446685791016e-01
5.260831117630004883e-01
7.139513641595840454e-02
0.000000000000000000e+00
4.191825985908508301e-01
1.964978098869323730e+00
5.781558901071548462e-02
1.302563428878784180e+00
6.592842191457748413e-02
3.785717189311981201e-01
1.081409573554992676e+00
6.297292232513427734e+00
1.926701813936233521e-01
5.625230446457862854e-02
8.320028893649578094e-03
3.316368758678436279e-01
6.487793475389480591e-02
5.663510784506797791e-02
3.431782126426696777e-01
4.873580932617187500e+00
1.430658996105194092e-01
2.979069249704480171e-03
2.402222901582717896e-02
7.390403747558593750e-01
3.933213185518980026e-03
3.840750828385353088e-02
7.484529167413711548e-03
6.677771359682083130e-02
1.111357331275939941e+00
2.147633284330368042e-01
1.789617180824279785e+00
5.769785642623901367e-01
8.023096919059753418e-01
3.055384159088134766e-01
1.993064433336257935e-01
5.781124234199523926e-01
1.501517772674560547e+00
2.377752512693405151e-01
1.278144270181655884e-01
2.250579148530960083e-01
2.285878062248229980e-01
1.097502261400222778e-01
1.947661042213439941e+00
8.368550799787044525e-03
9.474791288375854492e-01
1.223360776901245117e+00
5.334054231643676758e-01
8.648273348808288574e-01
7.960243225097656250e-01
1.176441550254821777e+00
4.646995961666107178e-01
2.903515696525573730e-01
4.727717041969299316e-01
6.821051239967346191e-01
1.631782174110412598e+00
3.518550693988800049e-01
0.000000000000000000e+00
2.462060451507568359e-01
1.364137768745422363e+00
6.021881103515625000e-01
8.255755305290222168e-01
2.737208502367138863e-03
5.248600244522094727e-01
8.645740747451782227e-01
1.036376282572746277e-01
1.090350970625877380e-01
1.591175049543380737e-01
1.065084576606750488e+00
2.749533414840698242e+00
1.122282147407531738e+00
1.220400571823120117e+00
5.629624724388122559e-01
2.329891204833984375e+00
6.753996610641479492e-01
3.016561865806579590e-01
1.168734550476074219e+00
1.485222727060317993e-01
1.537427604198455811e-01
3.743313550949096680e-01
3.436877489089965820e+00
1.237498998641967773e+00
1.335191577672958374e-01
4.213098585605621338e-01
0.000000000000000000e+00
1.525895237922668457e+00
2.298645973205566406e-01
9.728992581367492676e-01
9.186427593231201172e-01
2.100301161408424377e-02
9.212082624435424805e-01
1.476806879043579102e+00
1.196537166833877563e-01
0.000000000000000000e+00
0.000000000000000000e+00
6.195350289344787598e-01
9.876929968595504761e-02
2.386898994445800781e+00
2.978518009185791016e-01
2.375394105911254883e-01
3.414183557033538818e-01
0.000000000000000000e+00
1.707458198070526123e-01
1.056650996208190918e+00
2.849569311365485191e-03
8.081678748130798340e-01
7.032726407051086426e-01
1.595364928245544434e+00
6.477570533752441406e-02
6.152924895286560059e-01
5.674289464950561523e-01
2.017199844121932983e-01
8.451777100563049316e-01
1.161752820014953613e+00
1.654728889465332031e+00
7.097094655036926270e-01
3.741423189640045166e-01
1.859436035156250000e-01
8.947635889053344727e-01
3.320088088512420654e-01
7.237395644187927246e-02
1.730379462242126465e+00
9.334604740142822266e-01
4.506040215492248535e-01
2.087537497282028198e-01
1.113258022814989090e-02
4.502942264080047607e-01
8.620606064796447754e-01
7.968262434005737305e-01
8.594528436660766602e-01
1.506068408489227295e-01
5.946276187896728516e-01
3.260124623775482178e-01
4.948060512542724609e-01
3.300899863243103027e-01
1.003201246261596680e+00
4.935663223266601562e+00
3.178437352180480957e-01
6.807579994201660156e-01
1.437516808509826660e+00
1.618623733520507812e-02
2.796954289078712463e-02
3.533965718816034496e-05
1.713932603597640991e-01
0.000000000000000000e+00
9.709334373474121094e-02
5.649002194404602051e-01
5.980624556541442871e-01
0.000000000000000000e+00
9.778415560722351074e-01
6.022087335586547852e-01
2.436069101095199585e-01
7.812918424606323242e-01
0.000000000000000000e+00
1.799015104770660400e-01
4.920078814029693604e-01
4.694387316703796387e-02
1.736055970191955566e+00
0.000000000000000000e+00
1.690785139799118042e-01
2.385560423135757446e-01
0.000000000000000000e+00
1.526252925395965576e-01
9.726274013519287109e-02
0.000000000000000000e+00
5.819808840751647949e-01
4.062323272228240967e-01
0.000000000000000000e+00
0.000000000000000000e+00
1.411926895380020142e-01
1.753697395324707031e-01
1.649620011448860168e-02
9.049040675163269043e-01
1.391324043273925781e+00
6.272829771041870117e-01
1.622545838356018066e+00
1.116115331649780273e+00
4.666810333728790283e-01
1.345102936029434204e-01
2.348079681396484375e-01
1.831856518983840942e-01
4.203460812568664551e-01
9.129641652107238770e-01
2.186132669448852539e-01
1.266274899244308472e-01
5.880555510520935059e-01
8.748828768730163574e-01
1.027678847312927246e-01
2.552882432937622070e-01
4.084200561046600342e-01
0.000000000000000000e+00
0.000000000000000000e+00
9.393808841705322266e-01
1.314386073499917984e-02
4.734373092651367188e-01
1.128906011581420898e-02
3.668510317802429199e-01
1.207939147949218750e+00
0.000000000000000000e+00
6.696152687072753906e-01
8.868649601936340332e-01
1.567597389221191406e+00
6.820250153541564941e-01
3.163967728614807129e-01
2.497299194335937500e+00
2.138665914535522461e+00
0.000000000000000000e+00
2.398635596036911011e-01
1.368083119392395020e+00
9.211733937263488770e-01
6.310492157936096191e-01
1.837911486625671387e+00
5.884661339223384857e-03
2.253495454788208008e-01
0.000000000000000000e+00
4.683903157711029053e-01
1.203060865402221680e+00
6.439718008041381836e-01
3.370614767074584961e+00
1.765509843826293945e+00
8.870612978935241699e-01
3.832447901368141174e-02
6.467385292053222656e-01
4.056822508573532104e-02
0.000000000000000000e+00
9.406782686710357666e-03
1.076170653104782104e-01
9.365531057119369507e-02
9.371794760227203369e-03
1.390202087350189686e-03
5.729456245899200439e-02
6.217374801635742188e-01
1.062576532363891602e+00
1.548303008079528809e+00
2.613568678498268127e-02
1.870272010564804077e-01
9.118048548698425293e-01
1.332261264324188232e-01
1.429172754287719727e-01
0.000000000000000000e+00
1.530565470457077026e-01
6.879217028617858887e-01
2.814128696918487549e-01
1.436565876007080078e+00
2.813049592077732086e-02
1.529427647590637207e+00
5.918553471565246582e-01
1.918801516294479370e-01
0.000000000000000000e+00
4.673609435558319092e-01
1.630326867103576660e+00
9.977776557207107544e-02
7.286610603332519531e-01
2.176316499710083008e+00
9.394242763519287109e-01
6.674596071243286133e-01
4.148887097835540771e-01
0.000000000000000000e+00
5.519033670425415039e-01
0.000000000000000000e+00
2.798585176467895508e+00
1.884219497442245483e-01
7.893275022506713867e-01
1.731383323669433594e+00
1.120079636573791504e+00
2.488436698913574219e-01
9.413513541221618652e-01
9.173154830932617188e-02
2.299073897302150726e-02
5.146240592002868652e-01
8.021608740091323853e-02
2.358651161193847656e-02
2.165751904249191284e-02
2.646077275276184082e-01
2.142278011888265610e-03
1.047713756561279297e-01
8.713344335556030273e-01
1.892783164978027344e+00
0.000000000000000000e+00
4.838670790195465088e-01
4.673794507980346680e-01
1.130062341690063477e+00
2.578884363174438477e-01
2.373477667570114136e-01
8.139549754559993744e-03
3.648871183395385742e-01
5.030099153518676758e-01
8.955167233943939209e-02
1.012466907501220703e+00
9.769779443740844727e-01
0.000000000000000000e+00
1.158304572105407715e+00
8.813908696174621582e-02
1.759782880544662476e-01
1.141665205359458923e-01
0.000000000000000000e+00
2.117287158966064453e+00
1.168201208114624023e+00
1.986042857170104980e-01
2.823589563369750977e+00
6.829242920503020287e-04
1.180627346038818359e+00
4.434703290462493896e-01
2.065084576606750488e-01
4.205709993839263916e-01
2.156292915344238281e+00
5.515135526657104492e-01
2.673928393051028252e-03
6.980295777320861816e-01
5.596713423728942871e-01
5.333786010742187500e-01
3.401918888092041016e+00
5.739094614982604980e-01
0.000000000000000000e+00
2.007874846458435059e-01
3.936892002820968628e-02
1.328180670738220215e+00
3.075861036777496338e-01
4.301133006811141968e-02
1.846216320991516113e-01
3.898722231388092041e-01
6.115956902503967285e-01
3.703820332884788513e-02
8.315006643533706665e-02
1.429592072963714600e-01
1.659755706787109375e+00
2.786304652690887451e-01
5.024809017777442932e-02
5.028200149536132812e-02
6.868089735507965088e-02
2.324763089418411255e-01
1.905412912368774414e+00
5.490742623805999756e-02
2.692709565162658691e-01
2.277044773101806641e+00
5.377494692802429199e-01
1.623059995472431183e-02
3.554236590862274170e-01
7.157372832298278809e-01
1.082556128501892090e+00
2.765937745571136475e-01
4.202136397361755371e-01
2.186187744140625000e+00
1.957956552505493164e+00
6.776850223541259766e-01
4.658563435077667236e-01
3.305278718471527100e-01
0.000000000000000000e+00
0.000000000000000000e+00
