4.498962759971618652e-01
0.000000000000000000e+00
8.152256160974502563e-02
2.735090494155883789e+00
6.328223943710327148e-01
1.926936656236648560e-01
5.579913258552551270e-01
2.579573869705200195e+00
7.066452026367187500e+00
1.464733123779296875e+00
1.127994060516357422e-01
2.445988178253173828e+00
2.814078629016876221e-01
1.811327934265136719e-01
2.353955984115600586e+00
3.904694914817810059e-01
6.489185094833374023e-01
1.551360487937927246e+00
5.250046849250793457e-01
5.754699558019638062e-02
1.353197932243347168e+00
0.000000000000000000e+00
3.512066602706909180e-02
1.452297210693359375e+00
9.843744337558746338e-02
1.239705234766006470e-01
1.464071497321128845e-02
2.039964914321899414e+00
4.648955166339874268e-01
6.834208965301513672e-03
1.169566437602043152e-02
0.000000000000000000e+00
7.332779169082641602e-01
3.767238557338714600e-01
2.670904099941253662e-01
3.480310678482055664e+00
2.559785842895507812e-01
4.688658937811851501e-02
1.235340237617492676e+00
6.797785758972167969e-01
7.772110700607299805e-01
9.504750967025756836e-01
3.842679858207702637e-01
3.250937938690185547e+00
4.704424440860748291e-01
1.657567262649536133e+00
3.904049992561340332e-01
1.542800426483154297e+00
3.522539734840393066e-01
1.769712448120117188e+00
2.368982315063476562e+00
0.000000000000000000e+00
1.074807524681091309e+00
8.548740297555923462e-02
1.287544012069702148e+00
5.254351068288087845e-03
5.245675444602966309e-01
7.396352291107177734e-01
1.073312759399414062e+00
2.881716191768646240e-01
1.580493873916566372e-03
3.693120479583740234e-01
7.056358456611633301e-02
8.241654634475708008e-01
1.535339355468750000e+00
1.183922439813613892e-01
0.000000000000000000e+00
7.044304609298706055e-01
1.090708017349243164e+00
1.778913736343383789e-01
3.108457196503877640e-03
0.000000000000000000e+00
3.638183772563934326e-01
4.901459217071533203e-01
1.079751327633857727e-01
1.091995477676391602e+00
1.500545040471479297e-04
7.802424430847167969e-01
1.392325013875961304e-01
1.111373543739318848e+00
1.789861917495727539e-02
1.314114928245544434e+00
2.047523021697998047e+00
5.709479749202728271e-02
2.768493652343750000e+00
8.873414993286132812e-02
1.688781976699829102e+00
5.099882185459136963e-02
6.754405498504638672e-01
3.208523243665695190e-02
3.457645885646343231e-03
5.771757662296295166e-02
0.000000000000000000e+00
0.000000000000000000e+00
1.183046698570251465e+00
2.767908275127410889e-01
1.701181292533874512e+00
5.500910282135009766e-01
2.211776794865727425e-03
0.000000000000000000e+00
8.171871304512023926e-04
1.945242583751678467e-01
7.608556747436523438e-02
1.223537087440490723e+00
5.842904448509216309e-01
1.518979668617248535e-01
2.204050779342651367e+00
8.115593791007995605e-01
3.900473415851593018e-01
3.238801360130310059e-01
1.582778573036193848e+00
1.843473874032497406e-02
4.537875056266784668e-01
1.002727627754211426e+00
1.135141253471374512e+00
1.019984576851129532e-02
2.083366662263870239e-01
1.734121292829513550e-01
6.263445019721984863e-01
3.171401500701904297e+00
5.696687102317810059e-01
2.661970257759094238e-01
0.000000000000000000e+00
1.648680329322814941e+00
8.186212778091430664e-01
1.022771358489990234e+00
0.000000000000000000e+00
4.018992781639099121e-01
2.026616573333740234e+00
0.000000000000000000e+00
0.000000000000000000e+00
1.492022991180419922e+00
3.843846023082733154e-01
1.183201894164085388e-01
1.527189463376998901e-01
1.200811937451362610e-02
1.079595685005187988e-01
5.593302249908447266e+00
0.000000000000000000e+00
2.663082778453826904e-01
3.835441172122955322e-02
4.475231468677520752e-01
1.407098054885864258e+00
1.020734896883368492e-03
6.669625639915466309e-02
1.015405431389808655e-01
1.058348178863525391e+00
1.790506124496459961e+00
5.427791476249694824e-01
6.841737031936645508e-02
5.865494728088378906e+00
1.515507251024246216e-01
9.256213903427124023e-01
4.941256642341613770e-01
2.131515502929687500e+00
2.233402490615844727e+00
1.041345372796058655e-01
1.819903999567031860e-01
2.451236248016357422e+00
3.937732875347137451e-01
9.969285130500793457e-02
1.961080074310302734e+00
9.167123436927795410e-01
2.126532606780529022e-02
4.555065333843231201e-01
1.473943144083023071e-01
5.755181191489100456e-04
0.000000000000000000e+00
1.405625939369201660e+00
3.361439466476440430e+00
4.957066774368286133e-01
3.379898667335510254e-01
5.701715126633644104e-03
1.923717260360717773e+00
1.453831642866134644e-01
8.360801696777343750e+00
0.000000000000000000e+00
3.481498062610626221e-01
9.591253101825714111e-02
2.838662862777709961e-01
1.017571703414432704e-04
1.442665606737136841e-02
1.667277216911315918e-01
2.390477895736694336e+00
1.296887844800949097e-01
0.000000000000000000e+00
3.267827630043029785e-01
1.921006202697753906e+00
0.000000000000000000e+00
4.071976244449615479e-02
0.000000000000000000e+00
9.177602082490921021e-02
1.264615058898925781e+00
7.313786745071411133e-01
3.914223313331604004e-01
3.849010467529296875e-01
5.929812192916870117e-01
4.170308709144592285e-01
4.561076164245605469e-01
6.504312753677368164e-01
1.643368124961853027e+00
4.739904999732971191e-01
4.592159390449523926e-01
5.155155658721923828e-01
4.022313952445983887e-01
2.192246168851852417e-01
5.377702042460441589e-02
1.220195647329092026e-02
2.985835969448089600e-01
1.309027194976806641e+00
5.349706392735242844e-03
1.908565461635589600e-01
6.153162717819213867e-01
1.028130292892456055e+00
1.494572520256042480e+00
5.078858733177185059e-01
3.297049403190612793e-01
5.161442793905735016e-03
1.559341669082641602e+00
1.104462027549743652e+00
0.000000000000000000e+00
5.607868731021881104e-02
4.227081835269927979e-01
1.736393012106418610e-02
4.805304706096649170e-01
0.000000000000000000e+00
2.842085957527160645e-01
2.006197869777679443e-01
0.000000000000000000e+00
0.000000000000000000e+00
2.246460020542144775e-01
3.302570879459381104e-01
1.888160824775695801e+00
2.085922956466674805e+00
4.396895170211791992e-01
1.921183586120605469e+00
2.008544921875000000e+00
2.296130657196044922e-01
1.567118056118488312e-02
2.068904876708984375e+00
1.391350924968719482e-01
3.994630649685859680e-02
0.000000000000000000e+00
2.374694347381591797e+00
6.914411187171936035e-01
1.996370404958724976e-01
7.712672948837280273e-01
2.871345030143857002e-03
8.965210914611816406e-01
2.181115627288818359e+00
0.000000000000000000e+00
7.301672548055648804e-02
9.275268763303756714e-03
1.732533812522888184e+00
1.447061657905578613e+00
2.254256745800375938e-03
1.569335311651229858e-01
0.000000000000000000e+00
1.944186165928840637e-02
3.508408786728978157e-03
1.231293916702270508e+00
4.413188993930816650e-01
7.815010845661163330e-02
6.957337260246276855e-03
0.000000000000000000e+00
4.945408925414085388e-02
2.678377151489257812e+00
0.000000000000000000e+00
1.486238360404968262e+00
0.000000000000000000e+00
1.990721702575683594e+00
0.000000000000000000e+00
1.013296723365783691e+00
1.513722240924835205e-01
8.683796972036361694e-03
3.620858490467071533e-01
4.775150679051876068e-03
1.069119691848754883e+00
1.464382886886596680e+00
8.971533924341201782e-02
3.808533539995551109e-03
3.734590113162994385e-01
3.059499263763427734e-01
3.204484656453132629e-02
2.275319099426269531e-01
7.753168940544128418e-01
2.031054019927978516e+00
2.312913537025451660e-03
3.494068086147308350e-01
0.000000000000000000e+00
2.717795848846435547e+00
2.822546482086181641e+00
2.265073359012603760e-01
0.000000000000000000e+00
2.471682243049144745e-02
3.446505069732666016e-01
5.511480569839477539e-01
1.574355661869049072e-01
2.265494823455810547e+00
4.985987663269042969e+00
3.399746119976043701e-01
3.092569708824157715e-01
1.158668920397758484e-01
6.250410079956054688e-01
8.090777322649955750e-03
8.863398432731628418e-02
6.874226499348878860e-03
0.000000000000000000e+00
3.267933800816535950e-02
1.740967035293579102e-01
1.153610229492187500e+00
0.000000000000000000e+00
1.011009588837623596e-01
1.523858785629272461e+00
2.618139088153839111e-01
3.034936189651489258e-01
0.000000000000000000e+00
9.600482136011123657e-02
1.345075011253356934e+00
5.210564732551574707e-01
1.850974082946777344e+00
0.000000000000000000e+00
9.802796691656112671e-02
2.075446546077728271e-01
0.000000000000000000e+00
1.153510451316833496e+00
1.611230545677244663e-03
0.000000000000000000e+00
3.073954284191131592e-01
6.574783325195312500e-01
1.660050824284553528e-02
0.000000000000000000e+00
6.225088834762573242e-01
0.000000000000000000e+00
2.755671367049217224e-02
5.425032973289489746e-01
1.330970525741577148e+00
1.049110293388366699e-02
7.682774662971496582e-01
7.733615040779113770e-01
1.035429257899522781e-02
5.753133445978164673e-02
5.154008269309997559e-01
1.828026399016380310e-02
8.698748946189880371e-01
8.124772310256958008e-01
3.232000768184661865e-01
0.000000000000000000e+00
2.505812942981719971e-01
7.863521575927734375e-01
4.144972860813140869e-01
1.992836475372314453e+00
3.480210006237030029e-01
8.083457499742507935e-02
3.575278222560882568e-01
5.987812876701354980e-01
0.000000000000000000e+00
1.298028230667114258e-01
0.000000000000000000e+00
9.133899807929992676e-01
1.910925507545471191e-01
0.000000000000000000e+00
8.621941506862640381e-02
3.111734390258789062e-01
2.259813785552978516e+00
1.350444674491882324e+00
3.486238420009613037e-01
9.888443946838378906e-01
2.271842479705810547e+00
3.053853986784815788e-03
6.295076608657836914e-01
1.491908431053161621e+00
9.203979969024658203e-01
8.949026465415954590e-02
8.407707810401916504e-01
1.683790050446987152e-02
3.851699084043502808e-02
5.397786153480410576e-04
7.537496834993362427e-02
3.955558836460113525e-01
0.000000000000000000e+00
3.370795965194702148e+00
3.616251230239868164e+00
8.329674005508422852e-01
0.000000000000000000e+00
7.334315180778503418e-01
4.749101400375366211e-02
5.849823355674743652e-03
0.000000000000000000e+00
8.818045258522033691e-02
8.346584439277648926e-02
6.628216058015823364e-02
1.523870509117841721e-03
2.677597403526306152e-01
1.904588192701339722e-02
8.679645657539367676e-01
1.027436852455139160e+00
3.228277340531349182e-02
6.183287128806114197e-02
1.790427207946777344e+00
2.462458796799182892e-02
1.239341974258422852e+00
3.995415940880775452e-02
1.888463157229125500e-03
1.395868182182312012e+00
1.008400440216064453e+00
8.878209590911865234e-01
1.400498002767562866e-01
1.713266015052795410e+00
3.380679488182067871e-01
2.299069762229919434e-01
1.561434287577867508e-02
5.104705691337585449e-01
1.460820674896240234e+00
5.530885979533195496e-02
2.971349051222205162e-03
4.388916492462158203e+00
0.000000000000000000e+00
8.760344386100769043e-01
1.140206977725028992e-01
3.108096309006214142e-03
2.675745487213134766e-01
5.687300581485033035e-03
3.141941547393798828e+00
8.762598633766174316e-01
2.324601858854293823e-01
6.889849305152893066e-01
1.401923060417175293e+00
0.000000000000000000e+00
1.770114421844482422e+00
7.599098142236471176e-03
3.960649296641349792e-02
0.000000000000000000e+00
0.000000000000000000e+00
1.818143129348754883e-01
6.041156873106956482e-02
3.155199289321899414e-01
4.607767186826094985e-05
8.792160153388977051e-01
3.661269247531890869e-01
9.536696076393127441e-01
0.000000000000000000e+00
1.702063381671905518e-01
4.760931134223937988e-01
8.080602884292602539e-01
0.000000000000000000e+00
1.336704473942518234e-03
0.000000000000000000e+00
6.146740317344665527e-01
1.386708498001098633e+00
1.100908398628234863e+00
0.000000000000000000e+00
1.969578146934509277e+00
3.033648317796178162e-05
3.898677229881286621e-01
2.508943974971771240e-01
5.953844785690307617e-01
3.933204114437103271e-01
0.000000000000000000e+00
1.574314117431640625e+00
1.364134788513183594e+00
2.328299880027770996e-01
2.200173854827880859e+00
2.880472503602504730e-02
9.895414710044860840e-01
0.000000000000000000e+00
4.987244680523872375e-02
1.740063913166522980e-02
2.050735473632812500e+00
5.130296945571899414e-01
0.000000000000000000e+00
8.866107463836669922e-02
6.308571100234985352e-01
4.653612971305847168e-01
2.247233390808105469e+00
5.474143028259277344e-01
5.465002357959747314e-02
3.422366380691528320e-01
2.161714285612106323e-01
1.300046801567077637e+00
1.669108718633651733e-01
2.681432990357279778e-03
5.765232071280479431e-02
1.511167883872985840e+00
1.134882092475891113e+00
2.537279203534126282e-02
2.393811196088790894e-01
4.972799681127071381e-03
7.144874930381774902e-01
4.863396883010864258e-01
9.803928732872009277e-01
7.410075664520263672e-01
0.000000000000000000e+00
3.445788025856018066e-01
8.957235813140869141e-01
1.476898044347763062e-01
6.326305270195007324e-01
3.068095922470092773e+00
9.416934847831726074e-02
4.491348285228013992e-03
4.166490212082862854e-02
2.612849235534667969e+00
3.397551476955413818e-01
1.386301159858703613e+00
6.406295895576477051e-01
1.891474485397338867e+00
2.506525754928588867e+00
7.931854128837585449e-01
7.847745716571807861e-02
1.182008028030395508e+00
0.000000000000000000e+00
1.317589730024337769e-01
