2.129579521715641022e-02
1.014593429863452911e-02
5.316852927207946777e-01
3.009544849395751953e+00
1.732093244791030884e-01
1.382416039705276489e-01
1.019180774688720703e+00
4.337707996368408203e+00
6.588462352752685547e+00
5.256778597831726074e-01
3.222910314798355103e-02
1.441158294677734375e+00
1.219553127884864807e-02
5.868338346481323242e-01
2.146183490753173828e+00
1.041375875473022461e+00
8.595057129859924316e-01
7.303820848464965820e-01
6.785771250724792480e-01
1.561691462993621826e-01
7.090836763381958008e-01
1.028253114782273769e-03
7.806215882301330566e-01
3.759901285171508789e+00
4.104937613010406494e-02
0.000000000000000000e+00
0.000000000000000000e+00
1.652371287345886230e+00
2.208342999219894409e-01
2.476902753114700317e-01
4.366515204310417175e-03
8.453144133090972900e-02
6.170565485954284668e-01
8.196594715118408203e-01
4.191956818103790283e-01
1.995636701583862305e+00
4.067296385765075684e-01
6.921184062957763672e-01
1.838197000324726105e-02
4.462133049964904785e-01
2.349872142076492310e-01
4.890744760632514954e-02
8.387397527694702148e-01
2.888210535049438477e+00
8.732098937034606934e-01
1.157857775688171387e+00
1.524996310472488403e-01
5.655068159103393555e-01
0.000000000000000000e+00
1.256882667541503906e+00
2.704115867614746094e+00
0.000000000000000000e+00
7.561732530593872070e-01
1.577739864587783813e-01
1.243147253990173340e+00
8.943448662757873535e-01
3.212811648845672607e-01
0.000000000000000000e+00
3.097655296325683594e+00
9.237236529588699341e-02
1.591625064611434937e-01
3.867216035723686218e-02
4.628983736038208008e-01
6.160159707069396973e-01
9.930471777915954590e-01
3.813070952892303467e-01
3.991234004497528076e-01
4.106977581977844238e-01
7.460452914237976074e-01
1.084603905677795410e+00
0.000000000000000000e+00
0.000000000000000000e+00
3.325960785150527954e-02
9.037582874298095703e-01
8.531014323234558105e-01
4.385712146759033203e-01
1.138204894959926605e-02
1.219362378120422363e+00
4.176579713821411133e-01
7.832474112510681152e-01
3.173790574073791504e-01
1.001039028167724609e+00
1.873631834983825684e+00
4.849047865718603134e-03
1.166676282882690430e+00
3.930319249629974365e-01
6.410209536552429199e-01
1.143390163779258728e-01
1.262549638748168945e+00
1.615945249795913696e-02
1.704561710357666016e-02
1.191355753690004349e-02
7.587809860706329346e-02
1.261787209659814835e-02
1.438862800598144531e+00
1.026776134967803955e-01
3.871046006679534912e-01
1.634163975715637207e+00
8.923105150461196899e-02
2.775597572326660156e-01
0.000000000000000000e+00
3.030243515968322754e-01
0.000000000000000000e+00
2.377087354660034180e+00
1.886302947998046875e+00
5.245592072606086731e-02
1.403460144996643066e+00
3.373263478279113770e-01
1.406872123479843140e-01
1.315875351428985596e-01
1.278426766395568848e+00
9.232557564973831177e-02
5.690315961837768555e-01
1.678483635187149048e-01
2.585527598857879639e-01
5.017020180821418762e-02
3.944311663508415222e-02
2.754171788692474365e-01
1.110295891761779785e+00
9.859248995780944824e-01
2.038056373596191406e+00
4.891985952854156494e-01
5.604311823844909668e-02
2.018755435943603516e+00
4.915498197078704834e-01
5.334122776985168457e-01
1.542378664016723633e-01
4.231400191783905029e-01
1.898461699485778809e+00
3.364432603120803833e-02
3.193897306919097900e-01
1.104724526405334473e+00
6.141669750213623047e-01
3.301550447940826416e-01
3.378066122531890869e-01
7.212236523628234863e-02
7.950595021247863770e-01
3.676326036453247070e+00
0.000000000000000000e+00
1.202478911727666855e-02
3.744933307170867920e-01
1.065057218074798584e-01
8.190284371376037598e-01
0.000000000000000000e+00
1.783097833395004272e-01
1.580175757408142090e-01
1.249434828758239746e+00
1.079279541969299316e+00
1.472535371780395508e+00
3.863107264041900635e-01
4.072692394256591797e+00
4.623646438121795654e-01
6.946454644203186035e-01
3.090872168540954590e-01
1.711345553398132324e+00
1.153014421463012695e+00
4.439297020435333252e-01
1.081149280071258545e-01
2.139104127883911133e+00
4.783634841442108154e-01
5.177990719676017761e-02
4.929618835449218750e-01
1.255213916301727295e-01
4.073563904967159033e-04
2.650108635425567627e-01
3.688071072101593018e-01
8.235735818743705750e-03
0.000000000000000000e+00
3.384403288364410400e-01
1.078908443450927734e+00
1.484710574150085449e-01
9.322469234466552734e-01
4.579132422804832458e-03
2.782779633998870850e-01
6.268020272254943848e-01
5.884928703308105469e+00
8.240735530853271484e-02
2.405410073697566986e-02
6.808809470385313034e-03
1.727968305349349976e-01
7.258839905261993408e-02
1.446766853332519531e-01
4.130068421363830566e-01
3.256299018859863281e+00
1.458002775907516479e-01
3.708167001605033875e-02
1.701758056879043579e-02
8.447697758674621582e-01
0.000000000000000000e+00
1.108068004250526428e-01
0.000000000000000000e+00
0.000000000000000000e+00
5.127151012420654297e-01
4.932596981525421143e-01
6.983491182327270508e-01
6.560419797897338867e-01
8.751172423362731934e-01
3.156727254390716553e-01
1.345573961734771729e-01
1.009444594383239746e+00
9.453149437904357910e-01
2.109667658805847168e-01
8.526898920536041260e-02
6.981970071792602539e-01
1.296571940183639526e-01
2.731375023722648621e-02
1.135963320732116699e+00
0.000000000000000000e+00
1.096896409988403320e+00
1.219463348388671875e+00
3.154023885726928711e-01
1.141739010810852051e+00
5.857420563697814941e-01
9.714716672897338867e-01
3.536940515041351318e-01
5.926617980003356934e-01
2.210415601730346680e-01
6.413374543190002441e-01
1.983534812927246094e+00
4.888123273849487305e-01
0.000000000000000000e+00
2.116942703723907471e-01
1.203257918357849121e+00
4.581702649593353271e-01
9.973646998405456543e-01
2.720232307910919189e-02
6.365463733673095703e-01
6.143509149551391602e-01
0.000000000000000000e+00
3.258637338876724243e-02
3.564808964729309082e-01
8.141466975212097168e-01
2.277549266815185547e+00
4.774570465087890625e-01
1.281976699829101562e+00
2.450760453939437866e-01
2.696026802062988281e+00
1.273896336555480957e+00
1.045669079758226871e-03
7.649717330932617188e-01
4.876835346221923828e-01
3.851091861724853516e-02
2.567068114876747131e-02
2.522735834121704102e+00
6.605430245399475098e-01
2.213112860918045044e-01
7.156579494476318359e-01
0.000000000000000000e+00
1.610437273979187012e+00
7.355192303657531738e-02
1.202606201171875000e+00
7.169647216796875000e-01
3.064643032848834991e-02
4.530747830867767334e-01
1.527403831481933594e+00
1.001696959137916565e-01
1.300467271357774734e-02
0.000000000000000000e+00
1.958044320344924927e-01
2.840518057346343994e-01
1.413202643394470215e+00
0.000000000000000000e+00
1.556216645985841751e-02
1.299366522289346904e-05
0.000000000000000000e+00
3.229373097419738770e-01
9.709674715995788574e-01
0.000000000000000000e+00
5.351691842079162598e-01
2.833496332168579102e-01
1.403769969940185547e+00
4.238184913992881775e-02
6.246910095214843750e-01
5.568641424179077148e-01
4.468688741326332092e-02
8.867245912551879883e-01
6.853541135787963867e-01
1.404308676719665527e+00
2.605879306793212891e-01
2.981489896774291992e-01
4.111323133111000061e-02
1.128484606742858887e+00
5.441508442163467407e-02
2.817920222878456116e-02
8.825333118438720703e-01
6.669161915779113770e-01
3.761177062988281250e-01
1.972199045121669769e-02
2.356955856084823608e-01
1.850346848368644714e-02
6.557930111885070801e-01
8.023376464843750000e-01
3.280358016490936279e-01
1.038551107048988342e-01
3.614765405654907227e-01
2.575299441814422607e-01
2.556824982166290283e-01
2.912845015525817871e-01
1.495721459388732910e+00
4.063263893127441406e+00
6.401615142822265625e-01
5.008193254470825195e-01
6.038540601730346680e-01
1.343244337476789951e-03
3.421411151066422462e-03
1.225817501544952393e-01
1.887471228837966919e-01
0.000000000000000000e+00
4.227942824363708496e-01
7.641634941101074219e-01
3.618421554565429688e-01
1.520956773310899734e-02
7.043521404266357422e-01
8.018163442611694336e-01
5.749248713254928589e-02
1.391359567642211914e+00
1.480917213484644890e-03
2.044809311628341675e-01
1.634524166584014893e-01
2.406530082225799561e-03
1.902819395065307617e+00
0.000000000000000000e+00
0.000000000000000000e+00
1.444249153137207031e-01
0.000000000000000000e+00
1.653347909450531006e-01
8.216025680303573608e-02
0.000000000000000000e+00
1.108060956001281738e+00
3.842863738536834717e-01
0.000000000000000000e+00
0.000000000000000000e+00
9.534111618995666504e-02
9.631830267608165741e-03
4.068262409418821335e-03
6.045628190040588379e-01
1.198079705238342285e+00
6.409457921981811523e-01
6.235694885253906250e-01
1.125405311584472656e+00
1.986197680234909058e-01
0.000000000000000000e+00
1.336967647075653076e-01
6.583225727081298828e-02
4.119268953800201416e-01
7.778488397598266602e-01
2.300372570753097534e-01
2.633257281559053808e-05
3.640414178371429443e-01
7.858655452728271484e-01
5.776561796665191650e-02
2.979568839073181152e-01
2.047568792477250099e-03
5.123189184814691544e-04
0.000000000000000000e+00
1.426602363586425781e+00
0.000000000000000000e+00
4.407463371753692627e-01
6.968852132558822632e-03
7.918708771467208862e-02
1.009863257408142090e+00
1.222255267202854156e-02
3.076842129230499268e-01
8.773573040962219238e-01
1.695497870445251465e+00
7.906857728958129883e-01
6.953601837158203125e-01
1.775066852569580078e+00
1.591737985610961914e+00
0.000000000000000000e+00
1.684614419937133789e-01
9.101145267486572266e-01
6.417289376258850098e-01
4.245184063911437988e-01
2.084620952606201172e+00
1.850883476436138153e-02
3.947831690311431885e-01
0.000000000000000000e+00
6.889059394598007202e-02
1.042522311210632324e+00
8.269675821065902710e-02
2.540577173233032227e+00
2.092478275299072266e+00
1.085974216461181641e+00
6.684491876512765884e-03
3.691509962081909180e-01
4.561362043023109436e-02
0.000000000000000000e+00
0.000000000000000000e+00
3.341427445411682129e-02
1.397349834442138672e-01
0.000000000000000000e+00
7.031392306089401245e-04
7.024654746055603027e-02
3.536184132099151611e-01
3.249700367450714111e-01
1.926543235778808594e+00
7.487408816814422607e-02
1.074884533882141113e-01
1.089867234230041504e+00
3.022883236408233643e-01
5.961708426475524902e-01
0.000000000000000000e+00
2.444783002138137817e-01
8.913804292678833008e-01
1.094464398920536041e-02
1.333052039146423340e+00
2.267619669437408447e-01
1.384976625442504883e+00
2.080383598804473877e-01
2.026806622743606567e-01
3.496395424008369446e-02
7.323665022850036621e-01
1.962435364723205566e+00
1.147892177104949951e-01
7.111435532569885254e-01
1.869561910629272461e+00
3.862789273262023926e-01
2.216008156538009644e-01
3.750235736370086670e-01
1.670685037970542908e-02
4.235372245311737061e-01
0.000000000000000000e+00
2.780055999755859375e+00
4.652926921844482422e-01
8.320596218109130859e-01
1.372902631759643555e+00
4.431356489658355713e-01
1.769907586276531219e-02
6.262856721878051758e-01
8.572062849998474121e-02
2.778202109038829803e-02
1.403552889823913574e-01
1.023405715823173523e-01
4.401638580020517111e-04
1.040214374661445618e-01
2.092350125312805176e-01
0.000000000000000000e+00
0.000000000000000000e+00
9.636717438697814941e-01
1.828402757644653320e+00
0.000000000000000000e+00
4.209670126438140869e-01
1.155681386590003967e-01
1.398034811019897461e+00
6.498561706393957138e-03
5.315345525741577148e-02
7.604913413524627686e-02
3.770823478698730469e-01
5.279541015625000000e-01
8.292088657617568970e-02
5.400241613388061523e-01
1.259770870208740234e+00
1.552864094264805317e-03
1.271779060363769531e+00
2.092348933219909668e-01
1.486861407756805420e-01
1.271589845418930054e-01
0.000000000000000000e+00
1.919759154319763184e+00
1.187626600265502930e+00
2.376734614372253418e-01
2.775360584259033203e+00
0.000000000000000000e+00
1.555341720581054688e+00
1.539821624755859375e-01
4.532672762870788574e-01
1.368394792079925537e-01
1.224504828453063965e+00
4.754815399646759033e-01
1.455697044730186462e-02
6.270696520805358887e-01
1.932311356067657471e-01
4.265324771404266357e-01
3.437553405761718750e+00
9.673264622688293457e-01
0.000000000000000000e+00
2.916073501110076904e-01
1.437587291002273560e-01
6.052501201629638672e-01
3.570607900619506836e-01
6.013843789696693420e-02
2.939351834356784821e-03
4.718124866485595703e-01
9.609014987945556641e-01
0.000000000000000000e+00
2.425639480352401733e-01
5.806561093777418137e-03
1.331902027130126953e+00
5.619345307350158691e-01
7.094760984182357788e-02
4.344427883625030518e-01
1.827261596918106079e-01
1.200906559824943542e-01
9.784391522407531738e-01
0.000000000000000000e+00
9.632278978824615479e-02
2.008287191390991211e+00
1.259858310222625732e-01
1.910782977938652039e-02
3.035547137260437012e-01
6.869392395019531250e-01
6.042869091033935547e-01
1.553667485713958740e-01
4.579632282257080078e-01
1.961008429527282715e+00
1.416128635406494141e+00
8.069812655448913574e-01
3.111090362071990967e-01
3.968313634395599365e-01
0.000000000000000000e+00
1.535824383608996868e-03
