1.861355602741241455e-01
0.000000000000000000e+00
1.518900543451309204e-01
1.469148874282836914e+00
7.052422165870666504e-01
1.349414438009262085e-01
6.880768537521362305e-01
2.148994922637939453e+00
6.127874851226806641e+00
9.891912937164306641e-01
3.100609183311462402e-01
2.046462297439575195e+00
4.678705334663391113e-01
8.775357604026794434e-01
2.376075506210327148e+00
1.210954546928405762e+00
8.723733425140380859e-01
1.827928185462951660e+00
1.634168744087219238e+00
3.347737714648246765e-02
2.273487567901611328e+00
0.000000000000000000e+00
6.466509401798248291e-02
1.706565976142883301e+00
2.018908262252807617e-01
7.923531532287597656e-02
1.417211741209030151e-01
1.976115584373474121e+00
4.168495237827301025e-01
0.000000000000000000e+00
9.135789424180984497e-02
9.751231223344802856e-02
3.927090764045715332e-01
2.929209172725677490e-01
1.219416022300720215e+00
3.541868448257446289e+00
1.168616041541099548e-01
2.975179553031921387e-01
1.625807404518127441e+00
7.626831531524658203e-01
4.050483703613281250e-01
1.047677278518676758e+00
1.678780168294906616e-01
4.193862915039062500e+00
5.622296333312988281e-01
8.521608710289001465e-01
2.466911375522613525e-01
1.523611187934875488e+00
4.328270256519317627e-02
7.290059328079223633e-01
2.072297096252441406e+00
0.000000000000000000e+00
9.501684904098510742e-01
2.699153721332550049e-01
1.168769836425781250e+00
1.946304887533187866e-01
4.304705858230590820e-01
4.195013642311096191e-01
3.487616181373596191e-01
1.393032260239124298e-02
0.000000000000000000e+00
5.803024768829345703e-01
3.358991444110870361e-02
1.575089693069458008e-01
1.169944167137145996e+00
1.404204368591308594e-01
1.157061234116554260e-01
9.848262369632720947e-02
9.846801757812500000e-01
1.614862121641635895e-02
0.000000000000000000e+00
7.083529140800237656e-03
1.055063679814338684e-01
7.894748449325561523e-01
5.737666413187980652e-02
7.061899900436401367e-01
0.000000000000000000e+00
8.785098791122436523e-01
1.165975630283355713e-01
6.670399904251098633e-01
0.000000000000000000e+00
1.345989942550659180e+00
1.955371141433715820e+00
2.391038537025451660e-01
2.319566011428833008e+00
2.319687008857727051e-01
2.308920025825500488e-01
0.000000000000000000e+00
2.900855839252471924e-01
5.888804327696561813e-03
1.042855381965637207e-01
4.669456928968429565e-02
0.000000000000000000e+00
0.000000000000000000e+00
8.030500411987304688e-01
2.389917969703674316e-01
1.551714539527893066e+00
6.286973953247070312e-01
4.130687098950147629e-03
0.000000000000000000e+00
3.782752156257629395e-02
0.000000000000000000e+00
7.592224050313234329e-03
1.097166419029235840e+00
1.615633249282836914e+00
1.837207674980163574e-01
1.533274888992309570e+00
2.479172348976135254e-01
2.791087329387664795e-01
5.182381272315979004e-01
1.069914460182189941e+00
0.000000000000000000e+00
4.491443932056427002e-01
5.971668362617492676e-01
6.784755587577819824e-01
9.898382425308227539e-02
2.096469849348068237e-01
1.288398727774620056e-02
1.006178021430969238e+00
2.571701526641845703e+00
5.450569987297058105e-01
2.378332242369651794e-02
9.000502526760101318e-03
1.849555134773254395e+00
6.368442773818969727e-01
4.995267987251281738e-01
0.000000000000000000e+00
5.889034271240234375e-01
2.217398405075073242e+00
8.712533116340637207e-02
8.964514732360839844e-02
7.305145263671875000e-01
4.833675920963287354e-02
3.454575315117835999e-02
4.821063280105590820e-01
7.888785749673843384e-02
1.494109779596328735e-01
4.248478889465332031e+00
0.000000000000000000e+00
1.163630858063697815e-01
2.090778350830078125e-01
4.273460507392883301e-01
1.500217676162719727e+00
0.000000000000000000e+00
0.000000000000000000e+00
3.259339183568954468e-02
6.813225150108337402e-01
1.188116192817687988e+00
9.238057136535644531e-01
5.743115022778511047e-02
5.448152542114257812e+00
8.325978368520736694e-02
2.110802382230758667e-01
2.390349954366683960e-01
1.541647076606750488e+00
1.920047283172607422e+00
1.821310445666313171e-02
3.359967470169067383e-02
2.044125318527221680e+00
8.798570185899734497e-02
1.820003390312194824e-01
1.617895603179931641e+00
1.233770608901977539e+00
5.457301810383796692e-02
4.141957461833953857e-01
1.264738738536834717e-01
5.699117318727076054e-04
0.000000000000000000e+00
1.194527626037597656e+00
3.651546478271484375e+00
1.263188570737838745e-01
2.246315777301788330e-01
2.946411073207855225e-01
1.876859664916992188e+00
3.572908937931060791e-01
5.839307308197021484e+00
0.000000000000000000e+00
5.411248281598091125e-02
1.229690108448266983e-02
3.260402977466583252e-01
2.591126970946788788e-02
3.401550278067588806e-02
9.861554950475692749e-02
3.587671279907226562e+00
3.529142355546355247e-03
1.209382042288780212e-01
1.511443406343460083e-01
7.715213298797607422e-01
0.000000000000000000e+00
4.385313019156455994e-02
0.000000000000000000e+00
2.089118063449859619e-01
7.885594964027404785e-01
3.598944246768951416e-01
1.175477743148803711e+00
1.700824350118637085e-01
5.717065930366516113e-01
3.642813861370086670e-01
7.512096166610717773e-01
4.524082839488983154e-01
7.432815432548522949e-01
5.574475526809692383e-01
3.043194711208343506e-01
3.304868042469024658e-01
3.846599757671356201e-01
4.536929354071617126e-02
1.079447865486145020e+00
2.079524711007252336e-04
1.861337870359420776e-01
6.534456610679626465e-01
2.768866531550884247e-02
2.265817718580365181e-03
5.649076104164123535e-01
6.391512155532836914e-01
1.551439881324768066e+00
1.097697615623474121e+00
2.966521866619586945e-02
1.019748523831367493e-01
1.022372484207153320e+00
7.209337949752807617e-01
0.000000000000000000e+00
3.822455182671546936e-02
1.804014295339584351e-01
1.746953697875142097e-03
7.243355363607406616e-02
0.000000000000000000e+00
9.053382277488708496e-02
3.673779070377349854e-01
1.889766305685043335e-01
1.877494305372238159e-01
1.161688640713691711e-01
7.682827115058898926e-02
1.720460176467895508e+00
1.593206524848937988e+00
4.696149528026580811e-01
1.291134595870971680e+00
2.376120328903198242e+00
2.115252912044525146e-01
1.331293303519487381e-02
1.100700616836547852e+00
5.858248099684715271e-02
0.000000000000000000e+00
2.617983147501945496e-02
2.729413747787475586e+00
8.040333986282348633e-01
3.320031464099884033e-01
1.018691897392272949e+00
1.857108436524868011e-02
7.340086102485656738e-01
1.884832024574279785e+00
3.363155527040362358e-03
4.243947863578796387e-01
1.577563583850860596e-02
1.401484847068786621e+00
9.841884970664978027e-01
0.000000000000000000e+00
4.056302905082702637e-01
0.000000000000000000e+00
4.013340175151824951e-02
1.932194679975509644e-01
7.083296179771423340e-01
1.553565114736557007e-01
1.076005306094884872e-02
2.741616219282150269e-03
0.000000000000000000e+00
0.000000000000000000e+00
3.286973237991333008e+00
2.811638079583644867e-02
7.883751392364501953e-01
3.005111217498779297e-02
1.331990122795104980e+00
0.000000000000000000e+00
1.004052400588989258e+00
7.993593066930770874e-02
4.269890487194061279e-02
3.057951331138610840e-01
0.000000000000000000e+00
4.352848827838897705e-01
1.992491126060485840e+00
1.953645795583724976e-02
2.053541317582130432e-02
2.397376447916030884e-01
6.316094994544982910e-01
9.124489873647689819e-02
4.507133960723876953e-01
9.185986518859863281e-01
1.531685829162597656e+00
2.044363319873809814e-02
2.522715628147125244e-01
1.125930648413486779e-04
2.355223178863525391e+00
1.112695217132568359e+00
2.249048203229904175e-01
0.000000000000000000e+00
1.549573540687561035e-01
3.126432299613952637e-01
4.510183334350585938e-01
9.772915393114089966e-02
1.346841931343078613e+00
5.283649444580078125e+00
3.629252612590789795e-01
4.917139932513237000e-02
3.033830821514129639e-01
3.461463153362274170e-01
5.270719528198242188e-02
1.536229550838470459e-01
2.490712702274322510e-02
8.927040733397006989e-03
1.101727336645126343e-01
4.571395367383956909e-02
7.773706912994384766e-01
0.000000000000000000e+00
1.085093319416046143e-01
1.263570904731750488e+00
1.996453106403350830e-01
4.546201825141906738e-01
0.000000000000000000e+00
2.840251028537750244e-01
1.169686794281005859e+00
1.358909308910369873e-01
1.717996835708618164e+00
0.000000000000000000e+00
3.833955824375152588e-01
0.000000000000000000e+00
1.865418627858161926e-02
4.609223008155822754e-01
9.302215278148651123e-02
0.000000000000000000e+00
2.864315807819366455e-01
3.285098969936370850e-01
1.744141429662704468e-02
0.000000000000000000e+00
7.953078150749206543e-01
0.000000000000000000e+00
4.982852190732955933e-02
4.173100888729095459e-01
1.918874621391296387e+00
7.556062191724777222e-02
6.979727149009704590e-01
1.515570044517517090e+00
1.221592053771018982e-01
1.007759869098663330e-01
4.955743849277496338e-01
1.108309254050254822e-01
1.195525527000427246e+00
6.396626830101013184e-01
3.528059720993041992e-01
1.468755900859832764e-01
2.715494930744171143e-01
9.831939935684204102e-01
2.333543747663497925e-01
1.275997161865234375e+00
3.468507826328277588e-01
7.302285730838775635e-02
5.305190682411193848e-01
3.368263542652130127e-01
0.000000000000000000e+00
2.811425626277923584e-01
0.000000000000000000e+00
4.643966555595397949e-01
7.628611326217651367e-01
2.052100561559200287e-02
4.573431909084320068e-01
3.420333266258239746e-01
2.325100898742675781e+00
1.362638831138610840e+00
3.478656709194183350e-01
1.112018704414367676e+00
1.966133713722229004e+00
4.798066616058349609e-02
3.519402146339416504e-01
8.969570398330688477e-01
4.333893060684204102e-01
3.484737128019332886e-02
9.430575966835021973e-01
3.088601806666702032e-04
7.914356142282485962e-02
7.881740108132362366e-03
0.000000000000000000e+00
3.397564589977264404e-01
4.155715107917785645e-01
3.267324686050415039e+00
2.204575061798095703e+00
2.055647820234298706e-01
0.000000000000000000e+00
1.569109112024307251e-01
0.000000000000000000e+00
0.000000000000000000e+00
0.000000000000000000e+00
6.699914578348398209e-03
1.591595411300659180e-01
0.000000000000000000e+00
0.000000000000000000e+00
6.232497096061706543e-02
1.133712357841432095e-03
6.214835643768310547e-01
1.620443463325500488e+00
1.199300680309534073e-02
4.963247478008270264e-02
4.555583894252777100e-01
1.240311041474342346e-01
8.886965513229370117e-01
4.735696315765380859e-02
1.444376111030578613e-01
2.442283153533935547e+00
9.795402288436889648e-01
8.681687712669372559e-01
3.887642621994018555e-01
1.213749170303344727e+00
2.406524419784545898e-01
3.195600509643554688e-01
1.768575282767415047e-03
2.846779525279998779e-01
2.031759023666381836e+00
1.543659158051013947e-02
1.658551208674907684e-02
3.254899024963378906e+00
2.512931525707244873e-01
6.289278864860534668e-01
3.514956235885620117e-01
2.218027710914611816e-01
9.434164762496948242e-01
1.937279361300170422e-03
2.718775987625122070e+00
3.256221711635589600e-01
8.203592151403427124e-02
3.436046540737152100e-01
1.564482331275939941e+00
0.000000000000000000e+00
1.348404407501220703e+00
1.473672036081552505e-02
0.000000000000000000e+00
5.696243420243263245e-02
0.000000000000000000e+00
5.251309871673583984e-01
2.040226310491561890e-01
3.638861933723092079e-03
0.000000000000000000e+00
7.190255522727966309e-01
4.236829280853271484e-01
8.649419546127319336e-01
0.000000000000000000e+00
3.195055723190307617e-01
1.673091351985931396e-01
2.819320559501647949e-01
0.000000000000000000e+00
3.484280407428741455e-02
0.000000000000000000e+00
6.039063334465026855e-01
6.508978009223937988e-01
1.213341236114501953e+00
2.845134735107421875e-01
2.228914260864257812e+00
5.735822953283786774e-03
7.439165711402893066e-01
2.243681102991104126e-01
2.250072658061981201e-01
2.481290996074676514e-01
0.000000000000000000e+00
1.090002059936523438e+00
8.637878298759460449e-01
2.156070619821548462e-01
2.707905054092407227e+00
4.795643389225006104e-01
1.132587432861328125e+00
4.403029382228851318e-02
1.816838048398494720e-02
2.339543588459491730e-02
1.244235754013061523e+00
3.465973138809204102e-01
0.000000000000000000e+00
0.000000000000000000e+00
7.267796248197555542e-02
3.376349508762359619e-01
2.072247743606567383e+00
5.335808992385864258e-01
8.108539134263992310e-02
3.201455175876617432e-01
1.022046878933906555e-01
1.151310443878173828e+00
9.780560433864593506e-02
1.946064643561840057e-02
8.432096987962722778e-02
6.523684859275817871e-01
9.347631335258483887e-01
1.981443315744400024e-01
2.127887755632400513e-01
2.211303859949111938e-01
1.048640131950378418e+00
1.380270272493362427e-01
5.875478982925415039e-01
6.099118590354919434e-01
0.000000000000000000e+00
1.974299363791942596e-02
3.647907972335815430e-01
2.570590674877166748e-01
9.706413149833679199e-01
1.953403711318969727e+00
3.308042511343955994e-02
3.096679225564002991e-03
6.530550718307495117e-01
2.944325208663940430e+00
5.869283676147460938e-01
1.436704635620117188e+00
6.721758246421813965e-01
2.184013366699218750e+00
2.425864934921264648e+00
6.954363584518432617e-01
1.419638544321060181e-01
5.567846298217773438e-01
0.000000000000000000e+00
3.219083845615386963e-01
