4.272862279321998358e-04
0.000000000000000000e+00
2.031290382146835327e-01
3.248430490493774414e+00
1.315206438302993774e-01
1.171850264072418213e-01
1.051684141159057617e+00
3.516104459762573242e+00
6.726486206054687500e+00
9.930438399314880371e-01
2.063215523958206177e-01
1.818188428878784180e+00
2.116879224777221680e-01
1.175843358039855957e+00
3.120756864547729492e+00
1.192262887954711914e+00
5.572265386581420898e-01
1.444900751113891602e+00
7.995781898498535156e-01
2.960959672927856445e-01
8.381615281105041504e-01
0.000000000000000000e+00
2.948933243751525879e-01
3.549158334732055664e+00
1.618936210870742798e-01
0.000000000000000000e+00
0.000000000000000000e+00
1.457489132881164551e+00
4.646409451961517334e-01
8.180316537618637085e-02
4.320409498177468777e-04
1.858326047658920288e-02
5.943689942359924316e-01
8.402376770973205566e-01
5.678613781929016113e-01
2.558646678924560547e+00
2.070636749267578125e-01
4.196608662605285645e-01
1.811851188540458679e-02
4.824196100234985352e-01
6.144539117813110352e-01
9.715238586068153381e-03
1.129457592964172363e+00
3.820050954818725586e+00
6.808434128761291504e-01
1.703534126281738281e+00
3.770187497138977051e-01
4.700434207916259766e-01
3.750282898545265198e-02
1.441985487937927246e+00
3.286095142364501953e+00
0.000000000000000000e+00
1.328322768211364746e+00
3.313154354691505432e-02
1.320576071739196777e+00
9.948257207870483398e-01
3.966013789176940918e-01
8.606141805648803711e-02
3.475106239318847656e+00
1.102953106164932251e-01
5.457875877618789673e-02
1.621849089860916138e-01
2.247771322727203369e-01
5.587956905364990234e-01
1.376672863960266113e+00
1.036636829376220703e+00
2.320275604724884033e-01
2.758489549160003662e-01
8.336896300315856934e-01
1.199636459350585938e+00
0.000000000000000000e+00
0.000000000000000000e+00
7.898971438407897949e-01
6.961950063705444336e-01
7.054270505905151367e-01
9.074133038520812988e-01
0.000000000000000000e+00
1.097624182701110840e+00
5.657318830490112305e-01
1.004226565361022949e+00
1.748819500207901001e-01
1.156394124031066895e+00
2.481206178665161133e+00
2.436419390141963959e-02
1.338750720024108887e+00
6.308609247207641602e-01
1.087895393371582031e+00
2.112975567579269409e-01
8.694170713424682617e-01
1.205771267414093018e-01
5.589456297457218170e-03
1.916770241223275661e-03
9.996958076953887939e-03
0.000000000000000000e+00
1.531955242156982422e+00
2.043486535549163818e-01
2.234420776367187500e-01
2.053886890411376953e+00
3.712531924247741699e-01
2.558110654354095459e-01
0.000000000000000000e+00
3.307147026062011719e-01
2.125385776162147522e-02
2.621099233627319336e+00
1.738711714744567871e+00
4.150135070085525513e-02
1.779184103012084961e+00
5.708740353584289551e-01
4.907842576503753662e-01
9.495944529771804810e-02
1.488873243331909180e+00
2.226040378445759416e-04
2.506976425647735596e-01
3.755909502506256104e-01
4.969179332256317139e-01
3.709258884191513062e-02
2.561400234699249268e-01
9.634069204330444336e-01
1.758615612983703613e+00
1.496181964874267578e+00
1.454993128776550293e+00
4.565140306949615479e-01
5.220297724008560181e-03
1.974681258201599121e+00
7.898977398872375488e-01
4.705054461956024170e-01
3.321161027997732162e-03
1.981889307498931885e-01
1.478093385696411133e+00
0.000000000000000000e+00
1.481202691793441772e-01
5.521247982978820801e-01
3.286066949367523193e-01
1.971713453531265259e-01
7.147134095430374146e-02
1.303188949823379517e-01
2.411755621433258057e-01
4.329828739166259766e+00
0.000000000000000000e+00
3.096037916839122772e-02
1.962631754577159882e-02
6.568355858325958252e-02
1.866558790206909180e+00
4.184104874730110168e-02
7.933186739683151245e-02
1.534724235534667969e-01
1.089777588844299316e+00
5.745667815208435059e-01
1.162582635879516602e+00
2.213095426559448242e-01
4.219022274017333984e+00
2.438006401062011719e-01
6.144401431083679199e-01
2.744377851486206055e-01
1.553325414657592773e+00
1.061427116394042969e+00
5.877133607864379883e-01
6.767341494560241699e-01
2.096709966659545898e+00
3.060371577739715576e-01
5.548042058944702148e-02
1.013465881347656250e+00
3.110876083374023438e-01
0.000000000000000000e+00
6.942395567893981934e-01
2.771305143833160400e-01
2.020098641514778137e-02
0.000000000000000000e+00
9.022420048713684082e-01
1.349393367767333984e+00
1.069139167666435242e-01
5.157958865165710449e-01
1.695963367819786072e-02
7.657315135002136230e-01
4.719362258911132812e-01
7.007611751556396484e+00
1.493382751941680908e-01
4.973724484443664551e-03
4.566577076911926270e-02
1.536684632301330566e-01
6.987078487873077393e-02
2.598043680191040039e-01
4.411661624908447266e-01
3.746232271194458008e+00
7.860213518142700195e-02
4.062937945127487183e-02
1.507564783096313477e-01
5.357949733734130859e-01
9.471634402871131897e-03
6.342700123786926270e-02
0.000000000000000000e+00
2.463557291775941849e-03
1.335402965545654297e+00
6.654351353645324707e-01
6.661819219589233398e-01
9.287929534912109375e-01
4.896015822887420654e-01
4.313493072986602783e-01
4.753669351339340210e-02
1.171980023384094238e+00
1.592701435089111328e+00
2.686988711357116699e-01
1.220716759562492371e-01
8.454756140708923340e-01
4.863710403442382812e-01
8.790127933025360107e-03
8.920467495918273926e-01
0.000000000000000000e+00
2.611044049263000488e-01
1.558705925941467285e+00
2.473404854536056519e-01
5.735253095626831055e-01
4.084588587284088135e-01
1.387832880020141602e+00
6.342945098876953125e-01
2.750667929649353027e-01
2.855803072452545166e-01
9.161385297775268555e-01
2.271679639816284180e+00
8.720780611038208008e-01
9.669118560850620270e-03
2.839673161506652832e-01
9.721325039863586426e-01
3.936780095100402832e-01
8.092110753059387207e-01
0.000000000000000000e+00
3.416856229305267334e-01
2.367779016494750977e-01
1.109161894419230521e-04
8.797620236873626709e-02
2.531028091907501221e-01
5.468869209289550781e-01
3.311797380447387695e+00
9.523730874061584473e-01
1.685641527175903320e+00
6.940906643867492676e-01
2.358753919601440430e+00
9.921848177909851074e-01
4.352547228336334229e-02
7.984775304794311523e-01
6.692367792129516602e-01
4.440690856426954269e-03
4.342456758022308350e-01
2.502812147140502930e+00
8.706039786338806152e-01
3.959889989346265793e-03
8.064132928848266602e-01
0.000000000000000000e+00
2.305538177490234375e+00
4.017095565795898438e-01
7.852401733398437500e-01
6.676794290542602539e-01
0.000000000000000000e+00
1.029532790184020996e+00
1.256290197372436523e+00
6.082196533679962158e-02
3.580525517463684082e-02
0.000000000000000000e+00
1.367090195417404175e-01
2.266721241176128387e-02
1.483127474784851074e+00
7.140381634235382080e-02
3.610545024275779724e-02
1.337939798831939697e-01
0.000000000000000000e+00
1.861217170953750610e-01
1.838337898254394531e+00
5.475891754031181335e-02
8.748204261064529419e-02
2.152985483407974243e-01
1.695087313652038574e+00
0.000000000000000000e+00
9.613966345787048340e-01
1.946046352386474609e-01
1.443305015563964844e-01
9.061790704727172852e-01
4.124827384948730469e-01
1.392161607742309570e+00
7.027379870414733887e-01
1.045607849955558777e-01
2.884880602359771729e-01
7.620120644569396973e-01
3.566819727420806885e-01
2.259692549705505371e-01
4.424194991588592529e-01
1.253226161003112793e+00
8.483361601829528809e-01
1.405891124159097672e-02
2.170430868864059448e-02
9.533473849296569824e-02
7.330216169357299805e-01
1.143438577651977539e+00
4.950218498706817627e-01
1.116512268781661987e-01
4.823518395423889160e-01
3.104069828987121582e-01
1.926712989807128906e-01
5.023871064186096191e-01
8.934054970741271973e-01
5.996156692504882812e+00
4.071588516235351562e-01
3.673557043075561523e-01
7.152667641639709473e-01
0.000000000000000000e+00
7.246146444231271744e-03
4.659314081072807312e-02
8.338393643498420715e-03
0.000000000000000000e+00
2.641931176185607910e-01
4.311224818229675293e-01
8.431416749954223633e-01
1.255956478416919708e-02
1.939388215541839600e-01
7.856658697128295898e-01
2.104613631963729858e-01
1.029976487159729004e+00
0.000000000000000000e+00
1.968757212162017822e-01
1.064023852348327637e+00
2.042762562632560730e-02
1.891673803329467773e+00
0.000000000000000000e+00
0.000000000000000000e+00
4.014473557472229004e-01
0.000000000000000000e+00
2.354288697242736816e-01
1.742764115333557129e-01
0.000000000000000000e+00
5.886559486389160156e-01
9.254754185676574707e-01
5.857896991074085236e-03
0.000000000000000000e+00
1.835231781005859375e-01
2.120635658502578735e-01
2.932072093244642019e-04
9.276450872421264648e-01
1.618230938911437988e+00
4.025109708309173584e-01
1.122732877731323242e+00
7.007025480270385742e-01
6.264895945787429810e-02
8.076828904449939728e-03
2.877831757068634033e-01
1.639721095561981201e-01
6.848995089530944824e-01
7.491605281829833984e-01
3.062084503471851349e-02
9.833712130784988403e-03
6.593970060348510742e-01
5.489804148674011230e-01
1.274418830871582031e-01
2.897309064865112305e-01
3.360437974333763123e-02
0.000000000000000000e+00
0.000000000000000000e+00
8.821912407875061035e-01
0.000000000000000000e+00
2.873993217945098877e-01
0.000000000000000000e+00
5.713312625885009766e-01
1.151423335075378418e+00
5.703849456040188670e-05
7.833690643310546875e-01
5.941896438598632812e-01
1.136515498161315918e+00
7.779607772827148438e-01
7.966655492782592773e-01
1.675099611282348633e+00
2.112799167633056641e+00
0.000000000000000000e+00
3.939200043678283691e-01
1.152309060096740723e+00
8.676424622535705566e-01
3.769063353538513184e-01
8.564695119857788086e-01
2.114739269018173218e-02
2.935205101966857910e-01
0.000000000000000000e+00
4.055838286876678467e-01
9.018703699111938477e-01
1.161472499370574951e-01
3.304452657699584961e+00
1.817805409431457520e+00
1.058238625526428223e+00
7.729651988483965397e-04
7.021630406379699707e-01
1.837834529578685760e-02
0.000000000000000000e+00
0.000000000000000000e+00
2.330491542816162109e-01
2.356927841901779175e-01
2.540442394092679024e-03
0.000000000000000000e+00
1.515429560095071793e-02
9.645997732877731323e-02
7.875583767890930176e-01
1.780341863632202148e+00
4.663262516260147095e-04
1.625534743070602417e-01
1.335042357444763184e+00
4.790819808840751648e-02
3.691790401935577393e-01
0.000000000000000000e+00
2.048675864934921265e-01
8.979752063751220703e-01
9.886522591114044189e-02
1.254896521568298340e+00
4.639003798365592957e-02
1.852365612983703613e+00
5.242009162902832031e-01
8.990857750177383423e-02
0.000000000000000000e+00
7.435081601142883301e-01
2.147960901260375977e+00
3.354849815368652344e-01
3.274636864662170410e-01
3.208742141723632812e+00
3.417437672615051270e-01
4.981794953346252441e-01
6.653705984354019165e-02
2.137268185615539551e-01
2.169213145971298218e-01
0.000000000000000000e+00
4.008699893951416016e+00
6.504049301147460938e-01
6.004793643951416016e-01
1.680044293403625488e+00
1.216661214828491211e+00
1.240361109375953674e-02
1.325875759124755859e+00
1.233174651861190796e-01
1.551122367382049561e-01
2.462659478187561035e-01
0.000000000000000000e+00
1.997203193604946136e-02
5.030390806496143341e-03
4.035066068172454834e-01
0.000000000000000000e+00
1.198762375861406326e-02
6.514303684234619141e-01
1.555504560470581055e+00
0.000000000000000000e+00
3.562543392181396484e-01
2.434939146041870117e-01
1.299274921417236328e+00
1.695084944367408752e-02
0.000000000000000000e+00
5.254369601607322693e-02
1.916220635175704956e-01
4.844253957271575928e-01
6.329191923141479492e-01
5.910871028900146484e-01
1.417590022087097168e+00
0.000000000000000000e+00
8.293511271476745605e-01
1.378882080316543579e-01
1.324603520333766937e-02
5.896237492561340332e-02
0.000000000000000000e+00
2.591761350631713867e+00
2.484761476516723633e+00
4.275813996791839600e-01
3.040699243545532227e+00
0.000000000000000000e+00
1.151228547096252441e+00
0.000000000000000000e+00
3.924457430839538574e-01
2.920731008052825928e-01
1.943756818771362305e+00
5.287568569183349609e-01
0.000000000000000000e+00
1.210792779922485352e+00
5.145813226699829102e-01
1.085175052285194397e-01
3.631702184677124023e+00
4.593540132045745850e-01
2.469339594244956970e-02
4.113109707832336426e-01
9.053899347782135010e-02
3.727068603038787842e-01
7.530886530876159668e-01
7.388188503682613373e-03
1.961717605590820312e-01
1.551040649414062500e+00
3.888504505157470703e-01
0.000000000000000000e+00
1.459820717573165894e-01
2.970004081726074219e-02
1.443042993545532227e+00
3.519842028617858887e-01
3.217553794384002686e-01
3.413746356964111328e-01
2.658085431903600693e-03
8.649553358554840088e-02
1.653898596763610840e+00
0.000000000000000000e+00
1.046447530388832092e-01
2.059990406036376953e+00
1.100776642560958862e-01
3.343522176146507263e-02
1.439240872859954834e-01
7.204444408416748047e-01
7.968724966049194336e-01
5.406251922249794006e-02
5.277056694030761719e-01
2.123799324035644531e+00
2.007869720458984375e+00
1.025519967079162598e+00
7.360434532165527344e-02
3.668294847011566162e-01
0.000000000000000000e+00
0.000000000000000000e+00
