1.507746428251266479e-01
0.000000000000000000e+00
1.452968269586563110e-01
3.154441356658935547e+00
4.560801386833190918e-01
1.855465024709701538e-01
8.313418030738830566e-01
3.422892093658447266e+00
7.455851554870605469e+00
1.391672849655151367e+00
1.306382119655609131e-01
2.400989770889282227e+00
4.098320007324218750e-01
7.642496824264526367e-01
2.472180604934692383e+00
9.598879814147949219e-01
7.448370456695556641e-01
1.120301008224487305e+00
5.424279570579528809e-01
8.972823852673172951e-04
1.141497254371643066e+00
0.000000000000000000e+00
9.403146803379058838e-02
2.570683717727661133e+00
6.230796221643686295e-03
2.744252607226371765e-02
7.351682335138320923e-02
1.860373735427856445e+00
4.574211835861206055e-01
9.518023580312728882e-02
0.000000000000000000e+00
4.060006141662597656e-02
4.166952967643737793e-01
3.171983659267425537e-01
3.121357262134552002e-01
3.534903526306152344e+00
2.934127151966094971e-01
1.035005003213882446e-01
9.521561861038208008e-02
7.310196161270141602e-01
4.148867130279541016e-01
2.528834939002990723e-01
8.425735235214233398e-01
3.904679775238037109e+00
2.688287496566772461e-01
1.302807211875915527e+00
1.997466534376144409e-01
1.300522446632385254e+00
8.389483392238616943e-02
2.110536575317382812e+00
3.524897813796997070e+00
0.000000000000000000e+00
1.118084669113159180e+00
3.973758965730667114e-02
1.479845881462097168e+00
7.127243280410766602e-01
1.517979353666305542e-01
3.152852356433868408e-01
2.727472782135009766e+00
2.742939293384552002e-01
1.000965088605880737e-01
3.679203391075134277e-01
8.785120211541652679e-03
1.044429183006286621e+00
1.357033848762512207e+00
5.260682702064514160e-01
7.889717072248458862e-02
9.404782652854919434e-01
9.779892563819885254e-01
7.429057359695434570e-01
0.000000000000000000e+00
2.171109057962894440e-02
1.516918987035751343e-01
4.904602169990539551e-01
2.930742204189300537e-01
8.664163947105407715e-01
0.000000000000000000e+00
9.182051420211791992e-01
3.405078947544097900e-01
5.669187903404235840e-01
3.540399074554443359e-01
9.710251688957214355e-01
1.865025997161865234e+00
2.226900076493620872e-03
2.649435281753540039e+00
6.960691511631011963e-02
1.245978236198425293e+00
5.261952802538871765e-02
6.695495843887329102e-01
8.153317123651504517e-02
7.912863045930862427e-02
0.000000000000000000e+00
0.000000000000000000e+00
1.560016185976564884e-03
1.081415772438049316e+00
4.440104365348815918e-01
8.105749487876892090e-01
1.412001013755798340e+00
6.196160241961479187e-02
3.296471759676933289e-02
3.414648026227951050e-02
1.647424846887588501e-01
1.068087015300989151e-02
2.515124559402465820e+00
1.161657810211181641e+00
1.382203847169876099e-01
1.725900888442993164e+00
7.394130229949951172e-01
3.708198666572570801e-01
3.256848156452178955e-01
1.446407079696655273e+00
1.282529085874557495e-01
4.128096103668212891e-01
7.256202697753906250e-01
6.006958484649658203e-01
3.432489186525344849e-02
2.647060668095946312e-03
4.312409162521362305e-01
1.316948652267456055e+00
2.303126811981201172e+00
7.841011881828308105e-01
9.222371876239776611e-02
9.198193438351154327e-03
1.830379009246826172e+00
7.719886898994445801e-01
8.002581000328063965e-01
0.000000000000000000e+00
3.649555444717407227e-01
1.884470582008361816e+00
1.740137636661529541e-01
1.862007677555084229e-01
1.033417940139770508e+00
4.230914115905761719e-01
7.673609256744384766e-02
2.057047784328460693e-01
1.053122337907552719e-03
3.855267763137817383e-01
4.527438163757324219e+00
0.000000000000000000e+00
8.366332203149795532e-02
7.633966207504272461e-02
1.039662063121795654e-01
1.853590011596679688e+00
4.221342504024505615e-03
8.822724339552223682e-04
1.943382620811462402e-01
1.368381023406982422e+00
1.041386365890502930e+00
1.105856060981750488e+00
3.509949147701263428e-01
5.503128051757812500e+00
4.679011702537536621e-01
7.361571788787841797e-01
2.295156866312026978e-01
1.923251390457153320e+00
1.454083442687988281e+00
2.913912832736968994e-01
2.993084192276000977e-01
2.388447046279907227e+00
3.263275027275085449e-01
1.916402019560337067e-02
1.011175513267517090e+00
6.483741402626037598e-01
1.169221568852663040e-02
6.214148998260498047e-01
1.587945818901062012e-01
0.000000000000000000e+00
0.000000000000000000e+00
1.156946539878845215e+00
2.541778564453125000e+00
3.521383702754974365e-01
4.211797118186950684e-01
5.714381858706474304e-02
1.103633999824523926e+00
4.277845919132232666e-01
8.182848930358886719e+00
0.000000000000000000e+00
2.983609214425086975e-02
4.915323853492736816e-02
3.729253113269805908e-01
0.000000000000000000e+00
7.742212712764739990e-02
2.484958320856094360e-01
2.946828365325927734e+00
3.706108406186103821e-02
1.059638708829879761e-02
1.169035583734512329e-01
1.765466094017028809e+00
0.000000000000000000e+00
2.521513728424906731e-03
0.000000000000000000e+00
1.206647325307130814e-02
1.520109772682189941e+00
2.332190275192260742e-01
7.209994792938232422e-01
3.277899622917175293e-01
7.894086241722106934e-01
2.848193943500518799e-01
2.194798886775970459e-01
9.192517399787902832e-01
1.422178149223327637e+00
5.092116594314575195e-01
8.919586241245269775e-02
5.313004255294799805e-01
1.387137025594711304e-01
1.250125765800476074e-01
7.314532399177551270e-01
3.682723641395568848e-02
2.974279224872589111e-01
1.246598243713378906e+00
1.716474443674087524e-01
4.029783904552459717e-01
5.521701574325561523e-01
1.165778279304504395e+00
8.065528869628906250e-01
5.447611808776855469e-01
5.198970437049865723e-01
4.720490872859954834e-01
1.911320805549621582e+00
8.919044733047485352e-01
0.000000000000000000e+00
2.631784975528717041e-01
1.204434394836425781e+00
3.942138850688934326e-01
5.774945020675659180e-01
0.000000000000000000e+00
4.995762109756469727e-01
1.317503899335861206e-01
9.203240042552351952e-04
6.279081851243972778e-02
2.637088000774383545e-01
4.868007600307464600e-01
2.145105600357055664e+00
1.757327795028686523e+00
9.397039413452148438e-01
9.621091485023498535e-01
2.457265138626098633e+00
1.074723243713378906e+00
1.669187657535076141e-02
1.210587739944458008e+00
4.560440778732299805e-01
1.466184258460998535e-01
1.065783482044935226e-02
2.338949441909790039e+00
6.160682439804077148e-01
2.353709787130355835e-01
7.665128111839294434e-01
1.443126983940601349e-02
1.847536683082580566e+00
1.408252239227294922e+00
3.274929523468017578e-01
4.998613297939300537e-01
1.566900522448122501e-03
9.806059002876281738e-01
1.221676707267761230e+00
1.710095070302486420e-02
2.214411832392215729e-02
0.000000000000000000e+00
4.119342565536499023e-02
1.136992359533905983e-03
1.401223659515380859e+00
2.301098108291625977e-01
3.310283645987510681e-02
0.000000000000000000e+00
0.000000000000000000e+00
2.032509148120880127e-01
1.767454743385314941e+00
0.000000000000000000e+00
1.815738558769226074e+00
2.929247319698333740e-01
1.642287254333496094e+00
0.000000000000000000e+00
4.285876452922821045e-01
1.105406135320663452e-01
5.718441009521484375e-01
3.195747137069702148e-01
1.147909760475158691e-01
7.639275193214416504e-01
1.035179257392883301e+00
2.132164984941482544e-01
2.225745618343353271e-01
9.698685407638549805e-01
2.089801281690597534e-01
3.433994948863983154e-02
2.116994261741638184e-01
9.088733196258544922e-01
1.309770703315734863e+00
1.094386801123619080e-01
9.577310830354690552e-02
4.251047596335411072e-02
1.875669479370117188e+00
1.604675531387329102e+00
1.918094903230667114e-01
7.111808657646179199e-02
8.005940169095993042e-02
5.342019200325012207e-01
4.140414297580718994e-01
2.495795190334320068e-01
1.750569224357604980e+00
5.087522983551025391e+00
6.594334840774536133e-01
2.363870143890380859e-01
3.881977498531341553e-01
4.200292006134986877e-02
6.006177514791488647e-03
0.000000000000000000e+00
1.158913876861333847e-02
0.000000000000000000e+00
1.624703705310821533e-01
4.242875874042510986e-01
1.029971480369567871e+00
0.000000000000000000e+00
2.924633622169494629e-01
1.046660780906677246e+00
4.374219775199890137e-01
5.873852968215942383e-01
0.000000000000000000e+00
2.488474696874618530e-01
1.518067598342895508e+00
2.564018778502941132e-02
2.554746389389038086e+00
0.000000000000000000e+00
3.038495592772960663e-02
3.951703906059265137e-01
0.000000000000000000e+00
4.598550796508789062e-01
1.332918088883161545e-02
0.000000000000000000e+00
8.225075602531433105e-01
7.087578177452087402e-01
1.587165892124176025e-02
1.588301151059567928e-03
1.518902331590652466e-01
7.514973729848861694e-02
1.048995833843946457e-02
3.574113845825195312e-01
1.720889806747436523e+00
9.658367931842803955e-02
8.818916082382202148e-01
6.106921434402465820e-01
5.638108029961585999e-02
2.966523170471191406e-03
2.409831732511520386e-01
4.003633558750152588e-02
8.563089966773986816e-01
1.339117169380187988e+00
2.350948899984359741e-01
8.386279456317424774e-03
2.890972495079040527e-01
7.616323232650756836e-01
2.808797061443328857e-01
1.680760860443115234e+00
7.662368472665548325e-03
3.360764980316162109e-01
1.620691269636154175e-03
1.098543405532836914e+00
0.000000000000000000e+00
1.355756372213363647e-01
0.000000000000000000e+00
8.414924740791320801e-01
7.062830924987792969e-01
2.037792503833770752e-01
4.368355274200439453e-01
4.336319565773010254e-01
2.085024833679199219e+00
9.128848910331726074e-01
5.832811594009399414e-01
1.423579573631286621e+00
2.422759294509887695e+00
0.000000000000000000e+00
2.690744102001190186e-01
1.751560091972351074e+00
1.313856482505798340e+00
1.907029002904891968e-01
7.525924444198608398e-01
8.939171582460403442e-02
2.877858877182006836e-01
2.385216951370239258e-02
6.044719219207763672e-01
6.455330252647399902e-01
7.360581308603286743e-03
3.886468648910522461e+00
2.260752677917480469e+00
8.060755729675292969e-01
0.000000000000000000e+00
4.168530702590942383e-01
1.509950775653123856e-02
0.000000000000000000e+00
0.000000000000000000e+00
2.211319357156753540e-01
6.645979359745979309e-03
3.639159351587295532e-02
0.000000000000000000e+00
1.839742213487625122e-01
8.508507162332534790e-02
7.190343737602233887e-01
1.563309669494628906e+00
7.925961166620254517e-02
9.340381622314453125e-02
9.416031837463378906e-01
1.119643542915582657e-02
3.888195455074310303e-01
0.000000000000000000e+00
5.548470094799995422e-02
1.185800075531005859e+00
1.897334009408950806e-01
9.702630639076232910e-01
1.687866151332855225e-01
1.561928272247314453e+00
1.106527149677276611e-01
1.717642098665237427e-01
1.150962244719266891e-02
8.064441680908203125e-01
2.095781326293945312e+00
3.529175519943237305e-01
1.823733299970626831e-01
2.842991590499877930e+00
5.890475958585739136e-02
5.970344543457031250e-01
3.443275690078735352e-01
2.443643473088741302e-02
2.794939875602722168e-01
0.000000000000000000e+00
3.358650684356689453e+00
6.063768267631530762e-01
4.183620512485504150e-01
1.059267759323120117e+00
1.082870960235595703e+00
0.000000000000000000e+00
1.788963794708251953e+00
0.000000000000000000e+00
2.305587977170944214e-01
0.000000000000000000e+00
0.000000000000000000e+00
0.000000000000000000e+00
3.317341953516006470e-02
3.167037665843963623e-01
5.913995951414108276e-02
9.416222572326660156e-02
4.345948994159698486e-01
1.684261083602905273e+00
0.000000000000000000e+00
1.665988564491271973e-01
7.663441449403762817e-02
1.296032786369323730e+00
0.000000000000000000e+00
0.000000000000000000e+00
3.371356870047748089e-04
4.255243837833404541e-01
1.029349327087402344e+00
8.414244055747985840e-01
2.280733138322830200e-01
2.157649040222167969e+00
2.004992589354515076e-02
8.350270390510559082e-01
1.264739632606506348e-01
1.591876596212387085e-01
2.837143838405609131e-02
0.000000000000000000e+00
1.837266087532043457e+00
1.758138775825500488e+00
2.857236266136169434e-01
2.847509860992431641e+00
5.326984915882349014e-03
1.312233686447143555e+00
4.649604856967926025e-02
1.033658087253570557e-01
1.565466076135635376e-01
1.395355343818664551e+00
7.984740138053894043e-01
7.431070320308208466e-03
5.359502434730529785e-01
3.808455169200897217e-01
6.957576423883438110e-02
2.735881567001342773e+00
2.330999076366424561e-01
5.689592659473419189e-02
1.753453463315963745e-01
9.026338160037994385e-02
7.503004074096679688e-01
2.690639495849609375e-01
1.008498109877109528e-02
3.829138875007629395e-01
1.117590904235839844e+00
1.172515392303466797e+00
0.000000000000000000e+00
2.683036029338836670e-01
2.372259274125099182e-02
8.070302605628967285e-01
2.022728621959686279e-01
1.904948800802230835e-01
6.555421948432922363e-01
3.086416050791740417e-03
3.099113404750823975e-01
9.041249752044677734e-01
4.770195111632347107e-02
1.586664766073226929e-01
2.525809764862060547e+00
8.017192035913467407e-02
2.586053125560283661e-02
2.252389192581176758e-01
2.042520523071289062e+00
4.089864492416381836e-01
5.229696035385131836e-01
6.741536259651184082e-01
2.286249637603759766e+00
2.480812788009643555e+00
3.991440534591674805e-01
4.268912225961685181e-02
3.756861388683319092e-01
0.000000000000000000e+00
0.000000000000000000e+00
