1.014120727777481079e-01
0.000000000000000000e+00
9.972683340311050415e-02
2.604377508163452148e+00
2.723804712295532227e-01
4.565593898296356201e-01
1.312529921531677246e+00
3.230420112609863281e+00
7.660089969635009766e+00
9.586176872253417969e-01
1.275574266910552979e-01
2.109912395477294922e+00
2.417789101600646973e-01
1.025911092758178711e+00
2.006659269332885742e+00
1.404810547828674316e+00
6.323946118354797363e-01
1.021053194999694824e+00
1.708125025033950806e-01
9.320120327174663544e-03
1.533178806304931641e+00
1.562150078825652599e-03
6.202343106269836426e-01
2.935386657714843750e+00
1.074922606348991394e-01
0.000000000000000000e+00
0.000000000000000000e+00
1.756486177444458008e+00
4.690766632556915283e-01
5.151456221938133240e-02
4.278367385268211365e-03
1.018177047371864319e-01
4.934090077877044678e-01
1.059369087219238281e+00
1.080717206001281738e+00
3.036712646484375000e+00
2.453920692205429077e-01
1.569300591945648193e-01
3.391376882791519165e-02
1.212079048156738281e+00
3.762460350990295410e-01
8.682054281234741211e-02
5.720045566558837891e-01
4.421171188354492188e+00
3.238788545131683350e-01
1.086978554725646973e+00
4.357815980911254883e-01
1.310079932212829590e+00
3.177259059157222509e-04
1.786947369575500488e+00
3.417366504669189453e+00
0.000000000000000000e+00
1.578306078910827637e+00
1.801211982965469360e-01
1.392490267753601074e+00
2.288235723972320557e-01
3.836005330085754395e-01
1.362572908401489258e-01
2.444638490676879883e+00
1.189817301928997040e-02
1.075435057282447815e-01
1.673209220170974731e-01
6.887792050838470459e-02
2.674376964569091797e-01
1.370833754539489746e+00
4.530188143253326416e-01
7.812692970037460327e-02
2.128457725048065186e-01
1.155105829238891602e+00
6.914616823196411133e-01
0.000000000000000000e+00
2.020462788641452789e-02
1.079532727599143982e-01
4.725122451782226562e-01
1.743851602077484131e-01
6.327190399169921875e-01
0.000000000000000000e+00
1.044942378997802734e+00
3.458368033170700073e-02
6.125827431678771973e-01
5.886660516262054443e-02
1.370787262916564941e+00
1.809598803520202637e+00
2.377599775791168213e-01
2.252976417541503906e+00
5.729327201843261719e-01
1.027003407478332520e+00
5.283054336905479431e-02
4.515272080898284912e-01
2.743937447667121887e-02
1.404905784875154495e-02
0.000000000000000000e+00
4.622484557330608368e-03
1.795516000129282475e-03
1.195724248886108398e+00
6.658974289894104004e-01
5.017853975296020508e-01
1.037690639495849609e+00
3.424737975001335144e-02
2.589524909853935242e-02
1.251357141882181168e-02
5.275367200374603271e-02
7.107612676918506622e-03
1.893503904342651367e+00
1.490936279296875000e+00
1.312918365001678467e-01
1.538395404815673828e+00
6.771723031997680664e-01
3.436978459358215332e-01
6.204888224601745605e-01
1.315509080886840820e+00
1.325171440839767456e-01
3.486981689929962158e-01
6.878148317337036133e-01
4.862929284572601318e-01
8.573741652071475983e-04
1.970929652452468872e-01
4.278169572353363037e-01
1.696191072463989258e+00
2.206875085830688477e+00
1.421041488647460938e+00
3.192593157291412354e-01
1.806761487387120724e-03
2.434546947479248047e+00
6.702461242675781250e-01
4.920541942119598389e-01
0.000000000000000000e+00
5.247883200645446777e-01
1.521556258201599121e+00
7.899646647274494171e-03
1.190643385052680969e-01
7.458723187446594238e-01
3.362999558448791504e-01
2.535620629787445068e-01
2.794141173362731934e-01
1.184972897171974182e-01
6.221618875861167908e-02
4.391402721405029297e+00
0.000000000000000000e+00
9.692212939262390137e-02
9.243821841664612293e-05
8.975914120674133301e-02
1.784345149993896484e+00
9.563773870468139648e-03
0.000000000000000000e+00
9.722785651683807373e-02
1.044312953948974609e+00
9.380946159362792969e-01
9.025889635086059570e-01
1.727818846702575684e-01
5.503125190734863281e+00
3.957403898239135742e-01
4.265891015529632568e-01
3.534199893474578857e-01
1.255177259445190430e+00
2.018397331237792969e+00
2.084038108587265015e-01
1.900945752859115601e-01
2.728133201599121094e+00
2.771376371383666992e-01
1.573756150901317596e-02
6.194218993186950684e-01
3.971588611602783203e-01
0.000000000000000000e+00
8.053747415542602539e-01
4.395576715469360352e-01
3.913497552275657654e-03
0.000000000000000000e+00
1.157364130020141602e+00
1.880969524383544922e+00
3.829749226570129395e-01
4.441557526588439941e-01
2.080222405493259430e-02
8.127613067626953125e-01
8.861735463142395020e-01
7.061525821685791016e+00
0.000000000000000000e+00
1.553248334676027298e-02
3.527463704813271761e-04
3.605896532535552979e-01
2.197319874539971352e-03
2.397900223731994629e-01
3.691600561141967773e-01
4.033864974975585938e+00
3.023542650043964386e-02
7.357990834861993790e-03
6.646446138620376587e-02
6.360093355178833008e-01
0.000000000000000000e+00
4.609724972397089005e-03
0.000000000000000000e+00
0.000000000000000000e+00
1.335935950279235840e+00
2.210884243249893188e-01
1.122381806373596191e+00
2.968691289424896240e-01
1.233447790145874023e+00
3.459668755531311035e-01
9.867016971111297607e-02
5.791500806808471680e-01
9.930837750434875488e-01
2.628197968006134033e-01
2.193916887044906616e-01
3.090514540672302246e-01
7.295985221862792969e-01
9.955022484064102173e-02
1.362324237823486328e+00
0.000000000000000000e+00
7.081387639045715332e-01
1.170052289962768555e+00
2.371885254979133606e-02
3.988124728202819824e-01
5.346298813819885254e-01
9.285514950752258301e-01
5.892723798751831055e-01
6.160403490066528320e-01
3.758637011051177979e-01
4.386954009532928467e-01
1.936871290206909180e+00
5.589054822921752930e-01
0.000000000000000000e+00
2.539063096046447754e-01
8.498514890670776367e-01
4.800420701503753662e-01
4.429371058940887451e-01
0.000000000000000000e+00
2.867669165134429932e-01
5.868017077445983887e-01
1.612728089094161987e-01
1.653860062360763550e-01
1.468001008033752441e-01
3.479790091514587402e-01
2.349841117858886719e+00
1.344302296638488770e+00
1.305419921875000000e+00
1.238316059112548828e+00
2.818421602249145508e+00
1.028382420539855957e+00
1.893134787678718567e-02
9.906307458877563477e-01
2.525522112846374512e-01
0.000000000000000000e+00
2.033342272043228149e-01
2.224506139755249023e+00
5.042061805725097656e-01
3.409693539142608643e-01
6.895624399185180664e-01
7.779432460665702820e-03
1.913929820060729980e+00
9.091421961784362793e-01
3.535706177353858948e-02
8.374706506729125977e-01
0.000000000000000000e+00
1.196577906608581543e+00
1.277487277984619141e+00
1.657903380692005157e-02
1.573823392391204834e-01
0.000000000000000000e+00
1.023482307791709900e-01
3.678922774270176888e-03
1.487524628639221191e+00
5.815745592117309570e-01
0.000000000000000000e+00
5.355031415820121765e-02
0.000000000000000000e+00
2.748400345444679260e-02
1.229871630668640137e+00
1.164934784173965454e-02
7.474665641784667969e-01
1.565062254667282104e-01
1.812454700469970703e+00
1.538529613753780723e-05
3.941903710365295410e-01
6.499725580215454102e-02
7.180187851190567017e-02
4.842985868453979492e-01
4.037215840071439743e-03
9.825239181518554688e-01
1.036555647850036621e+00
2.815586030483245850e-01
1.797162592411041260e-01
5.169071555137634277e-01
1.925194263458251953e-02
9.156966209411621094e-02
1.097907900810241699e+00
6.983181834220886230e-01
1.170822262763977051e+00
1.504955440759658813e-01
4.017617553472518921e-02
1.312842313200235367e-02
1.544395685195922852e+00
1.131527423858642578e+00
3.451492488384246826e-01
1.442402750253677368e-01
2.066350579261779785e-01
3.898468017578125000e-01
2.656539082527160645e-01
1.110390052199363708e-01
1.367026805877685547e+00
5.484135150909423828e+00
4.917626082897186279e-01
1.900451332330703735e-01
7.801906466484069824e-01
1.392873078584671021e-01
6.561549007892608643e-02
0.000000000000000000e+00
7.026739884167909622e-03
0.000000000000000000e+00
7.706224173307418823e-02
2.645749449729919434e-01
4.208786189556121826e-01
5.859681591391563416e-02
1.273619830608367920e-01
1.357115864753723145e+00
3.063314259052276611e-01
6.090553998947143555e-01
0.000000000000000000e+00
1.696767061948776245e-01
1.289148569107055664e+00
5.628622137010097504e-03
1.711822509765625000e+00
0.000000000000000000e+00
1.949542909860610962e-01
2.570970356464385986e-01
0.000000000000000000e+00
1.844765394926071167e-01
1.886433362960815430e-01
0.000000000000000000e+00
9.123701453208923340e-01
4.694451689720153809e-01
4.107309505343437195e-03
0.000000000000000000e+00
3.597343266010284424e-01
2.388826198875904083e-02
0.000000000000000000e+00
4.441239833831787109e-01
1.996565341949462891e+00
4.843797683715820312e-01
9.374561309814453125e-01
1.193308234214782715e+00
1.132628396153450012e-01
4.735872521996498108e-02
4.425669312477111816e-01
4.124892055988311768e-01
8.135384917259216309e-01
1.119542956352233887e+00
8.668804913759231567e-02
9.376200847327709198e-03
1.919993758201599121e-01
1.008808970451354980e+00
0.000000000000000000e+00
9.416680932044982910e-01
1.745073944330215454e-01
3.575042821466922760e-03
3.081288374960422516e-02
6.186251640319824219e-01
0.000000000000000000e+00
2.950107455253601074e-01
0.000000000000000000e+00
6.746177673339843750e-01
7.421621084213256836e-01
1.078641857020556927e-03
5.261175632476806641e-01
7.734798192977905273e-01
1.313056349754333496e+00
1.694707274436950684e+00
4.041321277618408203e-01
1.702475070953369141e+00
2.183290481567382812e+00
0.000000000000000000e+00
1.483742594718933105e-01
1.160670638084411621e+00
5.552670359611511230e-01
9.838248044252395630e-02
1.469080090522766113e+00
1.312005240470170975e-02
1.520071923732757568e-01
8.698786608874797821e-03
1.781478226184844971e-01
7.917075753211975098e-01
1.647796928882598877e-01
3.893414735794067383e+00
1.363888144493103027e+00
6.180442571640014648e-01
0.000000000000000000e+00
6.016870141029357910e-01
6.656997650861740112e-02
0.000000000000000000e+00
0.000000000000000000e+00
6.472473032772541046e-03
6.335438787937164307e-02
1.052563041448593140e-01
0.000000000000000000e+00
3.675236832350492477e-03
9.280657768249511719e-02
1.104628205299377441e+00
1.667819261550903320e+00
3.544322680681943893e-03
2.002748101949691772e-01
1.008234143257141113e+00
3.102758200839161873e-04
7.164224982261657715e-03
4.237392451614141464e-03
1.264039278030395508e-01
1.333358168601989746e+00
2.456107586622238159e-01
1.335749387741088867e+00
1.291699409484863281e-01
9.770336151123046875e-01
2.857080101966857910e-01
3.089838624000549316e-01
1.344309188425540924e-02
8.757157325744628906e-01
2.237425565719604492e+00
3.938511386513710022e-02
0.000000000000000000e+00
2.408029556274414062e+00
2.326856553554534912e-01
5.481560826301574707e-01
5.625675916671752930e-01
1.506146192550659180e-01
4.274235069751739502e-01
0.000000000000000000e+00
3.175238132476806641e+00
2.430255264043807983e-01
6.905396580696105957e-01
1.037835717201232910e+00
1.363358736038208008e+00
0.000000000000000000e+00
1.746220350265502930e+00
0.000000000000000000e+00
2.264616340398788452e-01
5.785852298140525818e-02
0.000000000000000000e+00
0.000000000000000000e+00
3.834352642297744751e-02
2.062887847423553467e-01
4.214673768728971481e-03
9.308406710624694824e-02
6.888257861137390137e-01
1.295920491218566895e+00
0.000000000000000000e+00
2.202427834272384644e-01
4.943018555641174316e-01
9.112936854362487793e-01
0.000000000000000000e+00
5.786383524537086487e-03
4.286515712738037109e-02
1.360986381769180298e-01
2.646345794200897217e-01
4.774541854858398438e-01
5.240410566329956055e-01
1.367485761642456055e+00
0.000000000000000000e+00
8.852255344390869141e-01
1.828836351633071899e-01
7.766079902648925781e-02
2.015692181885242462e-02
0.000000000000000000e+00
1.413756728172302246e+00
1.481480836868286133e+00
1.115602850914001465e-01
2.732437372207641602e+00
2.156891115009784698e-02
1.153782844543457031e+00
1.020450145006179810e-01
3.725098073482513428e-01
8.180495351552963257e-02
1.550969004631042480e+00
1.082393884658813477e+00
0.000000000000000000e+00
4.065331220626831055e-01
1.291948854923248291e-01
2.803405933082103729e-02
2.508736610412597656e+00
2.546741366386413574e-01
6.266203243285417557e-03
1.955012679100036621e-01
2.296084165573120117e-02
6.515761613845825195e-01
1.321837157011032104e-01
8.980691432952880859e-02
9.457633644342422485e-02
7.399268746376037598e-01
9.915327429771423340e-01
1.816189736127853394e-01
1.077093854546546936e-01
8.496139198541641235e-02
1.269976019859313965e+00
1.711110770702362061e-01
5.225484073162078857e-02
1.148793548345565796e-01
1.265723351389169693e-02
2.834681048989295959e-02
1.160307765007019043e+00
0.000000000000000000e+00
3.513230979442596436e-01
1.808314800262451172e+00
1.901788115501403809e-01
2.020467817783355713e-02
1.176963895559310913e-01
1.906655430793762207e+00
9.159737229347229004e-01
6.816049814224243164e-01
7.678174972534179688e-01
2.733959197998046875e+00
1.789990425109863281e+00
2.339469194412231445e-01
5.512181296944618225e-02
3.752520084381103516e-01
0.000000000000000000e+00
0.000000000000000000e+00
