0.000000000000000000e+00
1.578311785124242306e-03
2.904832959175109863e-01
3.413900613784790039e+00
2.845871746540069580e-01
3.834964707493782043e-02
1.036950469017028809e+00
2.374793529510498047e+00
6.559642314910888672e+00
8.986346125602722168e-01
1.097831577062606812e-01
2.098445892333984375e+00
2.044289261102676392e-01
9.979991316795349121e-01
2.089514017105102539e+00
9.143596291542053223e-01
5.112085342407226562e-01
1.044085979461669922e+00
3.774148821830749512e-01
2.824136754497885704e-03
1.263101696968078613e+00
0.000000000000000000e+00
9.062241911888122559e-01
3.030414104461669922e+00
8.362017571926116943e-02
2.604784257709980011e-02
2.626724308356642723e-03
1.090889215469360352e+00
3.478372991085052490e-01
1.505184322595596313e-01
4.546473734080791473e-03
3.757376596331596375e-02
6.319329142570495605e-01
7.995069026947021484e-01
1.126917004585266113e+00
2.722462177276611328e+00
2.859794497489929199e-01
5.096903443336486816e-01
5.797405540943145752e-02
1.080824375152587891e+00
1.598060429096221924e-01
1.005426868796348572e-01
1.014357328414916992e+00
3.553583145141601562e+00
2.955962121486663818e-01
1.360275268554687500e+00
2.472029328346252441e-01
1.256174325942993164e+00
0.000000000000000000e+00
1.211606621742248535e+00
3.219846963882446289e+00
0.000000000000000000e+00
1.319543123245239258e+00
7.207978516817092896e-02
1.071877479553222656e+00
4.217883348464965820e-01
4.951887130737304688e-01
1.470769047737121582e-01
2.681345462799072266e+00
1.574831604957580566e-01
1.691036298871040344e-02
1.484723091125488281e-01
3.229970335960388184e-01
3.069331049919128418e-01
9.051342010498046875e-01
4.740704894065856934e-01
2.177070677280426025e-01
2.779923975467681885e-01
9.416809082031250000e-01
6.954046487808227539e-01
0.000000000000000000e+00
0.000000000000000000e+00
5.606218054890632629e-02
8.394961953163146973e-01
3.393850922584533691e-01
9.380429983139038086e-01
2.645109966397285461e-02
1.204060077667236328e+00
5.727066099643707275e-02
7.112900018692016602e-01
3.848226368427276611e-01
9.371518492698669434e-01
2.228925704956054688e+00
3.081488795578479767e-02
1.233286976814270020e+00
2.547492086887359619e-01
1.014481782913208008e+00
5.537211149930953979e-02
7.168138027191162109e-01
1.186371222138404846e-01
0.000000000000000000e+00
0.000000000000000000e+00
1.630492694675922394e-02
4.888460040092468262e-03
9.512841105461120605e-01
3.425433039665222168e-01
4.135632216930389404e-01
1.346027851104736328e+00
1.257593333721160889e-01
2.308370620012283325e-01
6.705532222986221313e-02
1.731170117855072021e-01
4.555359482765197754e-03
2.144892215728759766e+00
1.741094231605529785e+00
9.833387285470962524e-02
1.260300278663635254e+00
4.196386337280273438e-01
2.240401208400726318e-01
4.634593427181243896e-01
1.492575168609619141e+00
5.785315856337547302e-02
2.757739722728729248e-01
1.699461489915847778e-01
8.132730722427368164e-01
2.835873141884803772e-02
9.812612831592559814e-02
3.939503133296966553e-01
1.481966614723205566e+00
1.850398540496826172e+00
1.214156031608581543e+00
3.358659744262695312e-01
8.321796543896198273e-03
1.989618539810180664e+00
1.226551890373229980e+00
5.486488342285156250e-01
1.657818065723404288e-04
3.281026184558868408e-01
1.766289353370666504e+00
1.285293847322463989e-01
4.831338226795196533e-01
7.763151526451110840e-01
2.385100275278091431e-01
4.045887384563684464e-03
5.627201870083808899e-02
1.165069639682769775e-01
6.267325878143310547e-01
4.197950839996337891e+00
0.000000000000000000e+00
1.585773080587387085e-01
1.354382783174514771e-01
1.610891669988632202e-01
1.791034936904907227e+00
4.670737683773040771e-02
9.904735535383224487e-02
1.544180214405059814e-01
1.284228920936584473e+00
9.284577369689941406e-01
1.242768883705139160e+00
6.395222246646881104e-02
4.431757450103759766e+00
3.331340551376342773e-01
5.116638541221618652e-01
2.756535410881042480e-01
1.143045544624328613e+00
1.706691145896911621e+00
4.840571582317352295e-01
4.035786092281341553e-01
1.898689389228820801e+00
3.892475068569183350e-01
1.299453247338533401e-02
5.807585120201110840e-01
1.206922605633735657e-01
1.653772220015525818e-02
4.567048847675323486e-01
3.291369080543518066e-01
0.000000000000000000e+00
0.000000000000000000e+00
8.743479251861572266e-01
1.743651866912841797e+00
9.145668148994445801e-02
2.411658167839050293e-01
6.119230762124061584e-02
1.033216238021850586e+00
7.927102446556091309e-01
7.020562648773193359e+00
5.797041580080986023e-02
0.000000000000000000e+00
3.568031825125217438e-03
1.069432348012924194e-01
3.849709173664450645e-03
1.455496102571487427e-01
1.154048070311546326e-01
4.034594535827636719e+00
1.661052107810974121e-01
4.710092395544052124e-02
1.218982487916946411e-01
8.506287932395935059e-01
0.000000000000000000e+00
0.000000000000000000e+00
0.000000000000000000e+00
0.000000000000000000e+00
1.344601631164550781e+00
5.559648871421813965e-01
7.449152469635009766e-01
4.681773483753204346e-01
1.217547297477722168e+00
8.961852639913558960e-02
4.208287596702575684e-01
6.263492703437805176e-01
1.547906041145324707e+00
6.056761741638183594e-01
2.883251570165157318e-02
4.600468873977661133e-01
4.096387326717376709e-01
8.610813529230654240e-04
1.167735576629638672e+00
0.000000000000000000e+00
4.877243041992187500e-01
1.311033606529235840e+00
3.773643821477890015e-02
6.921720504760742188e-01
4.520327448844909668e-01
1.147881746292114258e+00
1.061481118202209473e+00
3.744776546955108643e-01
4.577986299991607666e-01
5.670301318168640137e-01
1.909289836883544922e+00
8.443759381771087646e-02
0.000000000000000000e+00
1.216556578874588013e-01
8.354151844978332520e-01
1.591444015502929688e-01
6.832461953163146973e-01
0.000000000000000000e+00
7.178400456905364990e-02
1.071395158767700195e+00
1.394496206194162369e-02
3.491147160530090332e-01
3.568741679191589355e-02
4.326938688755035400e-01
1.948227524757385254e+00
1.103896737098693848e+00
1.400307416915893555e+00
9.400686025619506836e-01
2.302489757537841797e+00
4.797189533710479736e-01
7.425779849290847778e-02
9.830300211906433105e-01
3.323869407176971436e-01
6.240375805646181107e-03
5.256181582808494568e-02
2.094909667968750000e+00
9.956752061843872070e-01
3.621676564216613770e-01
5.264007449150085449e-01
0.000000000000000000e+00
2.057656526565551758e+00
1.007847785949707031e+00
1.175169348716735840e-01
6.289427280426025391e-01
2.357156388461589813e-02
6.341064572334289551e-01
1.195590853691101074e+00
5.253203958272933960e-02
1.121020168066024780e-01
0.000000000000000000e+00
1.006691604852676392e-01
2.144441306591033936e-01
1.527376413345336914e+00
3.677685260772705078e-01
5.308184772729873657e-03
3.064482472836971283e-02
2.524818666279315948e-02
1.060881931334733963e-02
9.745485782623291016e-01
4.311547800898551941e-02
1.162660479545593262e+00
5.207023620605468750e-01
1.375518798828125000e+00
2.198912203311920166e-02
4.367113113403320312e-01
1.896079331636428833e-01
6.574558466672897339e-02
6.976557970046997070e-01
4.341734945774078369e-01
6.457586884498596191e-01
1.600526452064514160e+00
1.210353523492813110e-01
1.133634373545646667e-01
7.811241149902343750e-01
2.828590273857116699e-01
6.354089826345443726e-02
3.601256608963012695e-01
7.025861144065856934e-01
9.616988897323608398e-01
1.516141444444656372e-01
1.966235488653182983e-01
5.230123549699783325e-02
1.170198321342468262e+00
6.584242582321166992e-01
8.898978829383850098e-01
4.013935849070549011e-02
4.116413295269012451e-01
5.669744014739990234e-01
5.017881989479064941e-01
1.800145655870437622e-01
8.976268768310546875e-01
5.152474880218505859e+00
7.058215737342834473e-01
6.201024055480957031e-01
9.209137558937072754e-01
1.052695699036121368e-02
3.981940448284149170e-02
6.022676080465316772e-02
1.481037735939025879e-01
0.000000000000000000e+00
1.070689633488655090e-01
4.615588486194610596e-01
7.407274842262268066e-01
5.662247538566589355e-03
2.049980908632278442e-01
7.991992831230163574e-01
3.404384851455688477e-01
7.039319872856140137e-01
0.000000000000000000e+00
3.252951204776763916e-01
7.260158061981201172e-01
6.364018190652132034e-04
1.766306638717651367e+00
8.326231501996517181e-03
4.580629616975784302e-02
6.239178776741027832e-01
1.861133961938321590e-03
1.639006882905960083e-01
1.346551030874252319e-01
0.000000000000000000e+00
9.522832036018371582e-01
6.055015921592712402e-01
0.000000000000000000e+00
1.042521209456026554e-03
1.422602832317352295e-01
5.161134991794824600e-03
2.835552440956234932e-04
7.751340270042419434e-01
1.901411175727844238e+00
3.768429458141326904e-01
8.281561136245727539e-01
5.905208587646484375e-01
2.212797999382019043e-01
6.365462206304073334e-03
2.679139673709869385e-01
9.504611045122146606e-02
5.601698160171508789e-01
1.078263998031616211e+00
1.046458110213279724e-01
1.881172209978103638e-01
5.318075418472290039e-01
6.507986783981323242e-01
1.282937228679656982e-01
5.893083810806274414e-01
7.496067881584167480e-02
3.295375406742095947e-02
0.000000000000000000e+00
1.153846979141235352e+00
5.392745137214660645e-03
5.305908992886543274e-02
0.000000000000000000e+00
2.701620757579803467e-01
1.393723964691162109e+00
0.000000000000000000e+00
7.001790404319763184e-01
5.766730904579162598e-01
2.011365890502929688e+00
7.071411013603210449e-01
5.199893712997436523e-01
1.708229780197143555e+00
1.987484812736511230e+00
0.000000000000000000e+00
1.719540953636169434e-01
1.303452968597412109e+00
4.598531723022460938e-01
2.356515526771545410e-01
1.316187024116516113e+00
0.000000000000000000e+00
2.151766419410705566e-01
7.208918035030364990e-02
3.649183809757232666e-01
7.891864776611328125e-01
7.606494426727294922e-01
3.382848024368286133e+00
2.171592473983764648e+00
8.280125856399536133e-01
0.000000000000000000e+00
8.880096673965454102e-01
2.023250237107276917e-02
0.000000000000000000e+00
0.000000000000000000e+00
8.324066549539566040e-02
2.434515804052352905e-01
0.000000000000000000e+00
0.000000000000000000e+00
4.024334996938705444e-02
1.348322480916976929e-01
9.821274876594543457e-01
1.940777540206909180e+00
0.000000000000000000e+00
2.245079725980758667e-01
7.649025321006774902e-01
6.748970597982406616e-03
7.599485516548156738e-01
0.000000000000000000e+00
8.512992411851882935e-02
1.639287352561950684e+00
8.957243524491786957e-03
1.070730805397033691e+00
4.554123803973197937e-02
1.177967071533203125e+00
2.269107103347778320e-01
2.346506267786026001e-01
0.000000000000000000e+00
7.656192183494567871e-01
1.838862895965576172e+00
1.525356173515319824e-01
1.257608234882354736e-01
1.748768091201782227e+00
4.762461483478546143e-01
3.977864384651184082e-01
1.521860659122467041e-01
0.000000000000000000e+00
5.727289915084838867e-01
2.584458561614155769e-03
3.196454048156738281e+00
2.874233424663543701e-01
6.549831032752990723e-01
1.313290834426879883e+00
1.121544599533081055e+00
1.204998195171356201e-01
9.806420207023620605e-01
6.267773360013961792e-02
2.949316054582595825e-02
2.273880839347839355e-01
2.051154337823390961e-02
6.242226436734199524e-02
2.608881294727325439e-01
1.554540544748306274e-01
0.000000000000000000e+00
1.383977290242910385e-02
7.762166857719421387e-01
1.680062413215637207e+00
0.000000000000000000e+00
2.765845358371734619e-01
5.676055327057838440e-02
7.355088591575622559e-01
0.000000000000000000e+00
9.758113324642181396e-02
0.000000000000000000e+00
2.110101729631423950e-01
5.877156853675842285e-01
7.333013415336608887e-01
6.719316840171813965e-01
1.654053688049316406e+00
0.000000000000000000e+00
6.479329466819763184e-01
2.094636559486389160e-01
7.746214419603347778e-02
2.494930662214756012e-02
0.000000000000000000e+00
1.774083256721496582e+00
1.998654961585998535e+00
1.111942976713180542e-01
2.866628885269165039e+00
0.000000000000000000e+00
9.961456060409545898e-01
6.303939223289489746e-02
1.616703569889068604e-01
1.168728172779083252e-01
1.607767820358276367e+00
5.258275866508483887e-01
4.693415015935897827e-03
3.684594929218292236e-01
2.309686690568923950e-01
2.854803204536437988e-01
2.212099313735961914e+00
3.696956038475036621e-01
7.886652648448944092e-02
3.378538787364959717e-01
1.038254871964454651e-01
4.732005596160888672e-01
2.376290112733840942e-01
0.000000000000000000e+00
8.124765753746032715e-02
1.338757276535034180e+00
6.100627779960632324e-01
4.629778861999511719e-02
1.836561858654022217e-01
3.459226340055465698e-02
1.599903106689453125e+00
3.806926906108856201e-01
9.139240533113479614e-02
1.796576529741287231e-01
8.154762908816337585e-03
4.383662343025207520e-02
1.122549533843994141e+00
5.289679393172264099e-02
2.082509547472000122e-01
1.407703876495361328e+00
2.923033833503723145e-01
2.498776419088244438e-03
1.662325561046600342e-01
1.695638179779052734e+00
4.963937699794769287e-01
2.518908977508544922e-01
3.484050035476684570e-01
2.181464672088623047e+00
2.736182928085327148e+00
2.270317077636718750e-01
3.538267910480499268e-01
3.393926620483398438e-01
0.000000000000000000e+00
0.000000000000000000e+00
