2.636790648102760315e-02
3.921758383512496948e-03
3.696856498718261719e-01
3.217206001281738281e+00
3.029865324497222900e-01
9.711230546236038208e-02
1.258366823196411133e+00
2.727038860321044922e+00
6.644515514373779297e+00
1.212198138236999512e+00
2.986813187599182129e-01
1.927668452262878418e+00
1.124697774648666382e-01
7.341150641441345215e-01
2.371899366378784180e+00
1.019662141799926758e+00
7.551566958427429199e-01
5.408605933189392090e-01
8.704467415809631348e-01
1.023769825696945190e-01
1.182406902313232422e+00
7.843868806958198547e-03
3.781620562076568604e-01
2.371366262435913086e+00
8.526796102523803711e-02
1.368805114179849625e-02
8.438263088464736938e-03
1.853619337081909180e+00
2.865248322486877441e-01
5.900721624493598938e-02
3.850016742944717407e-02
4.670901689678430557e-03
6.613296270370483398e-01
3.758066892623901367e-01
5.546723604202270508e-01
3.405590295791625977e+00
3.888289332389831543e-01
1.395458430051803589e-01
1.233079954981803894e-01
7.256673574447631836e-01
2.725687026977539062e-01
9.033241868019104004e-02
6.210023164749145508e-01
3.609147548675537109e+00
2.900939583778381348e-01
1.557759165763854980e+00
2.618829905986785889e-01
1.183399081230163574e+00
6.999006960541009903e-03
1.557479619979858398e+00
2.445162773132324219e+00
0.000000000000000000e+00
9.516264200210571289e-01
1.746806502342224121e-01
1.181679725646972656e+00
5.567243099212646484e-01
4.002496302127838135e-01
2.757607996463775635e-01
1.955889940261840820e+00
6.995496153831481934e-02
3.347180411219596863e-02
4.919235706329345703e-01
3.421797975897789001e-02
6.432111263275146484e-01
9.487028121948242188e-01
3.414593338966369629e-01
1.166783645749092102e-01
4.476002156734466553e-01
1.156056642532348633e+00
7.343311309814453125e-01
0.000000000000000000e+00
5.430448800325393677e-03
2.005343437194824219e-01
4.261685013771057129e-01
3.576993942260742188e-01
1.019248843193054199e+00
1.904458180069923401e-02
1.445863485336303711e+00
3.246439397335052490e-01
6.009151339530944824e-01
3.893318027257919312e-02
1.010076999664306641e+00
2.111935377120971680e+00
4.901247471570968628e-02
2.239538908004760742e+00
2.953459024429321289e-01
7.151042222976684570e-01
1.235070973634719849e-01
1.023349285125732422e+00
1.331658363342285156e-01
5.227363109588623047e-02
5.063154269009828568e-03
0.000000000000000000e+00
1.351321768015623093e-02
7.469977140426635742e-01
2.662588059902191162e-01
5.254657268524169922e-01
9.637969732284545898e-01
3.351212665438652039e-02
3.848113119602203369e-02
0.000000000000000000e+00
9.446001052856445312e-02
4.096342995762825012e-02
2.140726566314697266e+00
1.102221727371215820e+00
5.550184845924377441e-02
1.876611471176147461e+00
5.445356369018554688e-01
4.542116224765777588e-01
8.280308544635772705e-02
1.136853337287902832e+00
9.859278798103332520e-02
6.287034153938293457e-01
3.105034530162811279e-01
5.318808555603027344e-01
3.836387023329734802e-02
2.773760557174682617e-01
5.487976670265197754e-01
1.032573223114013672e+00
1.325940728187561035e+00
8.884561061859130859e-01
2.374862283468246460e-01
4.998314008116722107e-02
1.797067999839782715e+00
3.938055634498596191e-01
7.399550080299377441e-01
0.000000000000000000e+00
3.238206803798675537e-01
1.340546846389770508e+00
5.378930270671844482e-02
3.073855638504028320e-01
6.317001581192016602e-01
4.537633955478668213e-01
3.302550017833709717e-01
6.040318608283996582e-01
8.332813158631324768e-03
4.423872530460357666e-01
4.102426052093505859e+00
0.000000000000000000e+00
2.748449891805648804e-02
2.753195166587829590e-01
2.941495478153228760e-01
1.244208216667175293e+00
0.000000000000000000e+00
9.010045230388641357e-02
1.941331773996353149e-01
9.784229397773742676e-01
1.296484112739562988e+00
1.926661252975463867e+00
7.329949736595153809e-02
5.529056549072265625e+00
2.245571762323379517e-01
1.071269631385803223e+00
2.551550865173339844e-01
2.202551603317260742e+00
1.308069348335266113e+00
6.084483861923217773e-01
4.056380689144134521e-01
2.127344131469726562e+00
3.275215625762939453e-02
2.677213773131370544e-02
7.946335673332214355e-01
2.834025323390960693e-01
4.159652814269065857e-02
8.082960247993469238e-01
1.950214505195617676e-01
6.600541062653064728e-03
0.000000000000000000e+00
9.678257107734680176e-01
2.241327285766601562e+00
4.109663069248199463e-01
5.593503639101982117e-02
1.451776456087827682e-02
1.217893481254577637e+00
6.834648251533508301e-01
7.259955883026123047e+00
0.000000000000000000e+00
0.000000000000000000e+00
8.199484087526798248e-03
6.197707355022430420e-02
4.034368321299552917e-02
1.932970583438873291e-01
3.556437790393829346e-02
3.183446168899536133e+00
5.073024705052375793e-02
6.294648163020610809e-03
5.577321723103523254e-02
1.849108338356018066e+00
8.977913297712802887e-03
2.205430995672941208e-03
0.000000000000000000e+00
0.000000000000000000e+00
8.673505187034606934e-01
4.327781796455383301e-01
4.544046521186828613e-01
2.808801233768463135e-01
7.679700255393981934e-01
4.048659205436706543e-01
2.932747602462768555e-01
8.295652866363525391e-01
1.654955267906188965e+00
2.665399312973022461e-01
2.154096215963363647e-02
3.812362849712371826e-01
3.474351465702056885e-01
7.029657810926437378e-02
9.412489533424377441e-01
1.254894025623798370e-02
5.797519087791442871e-01
1.438326001167297363e+00
4.069185629487037659e-02
3.721315264701843262e-01
9.075664281845092773e-01
1.428235054016113281e+00
7.428421974182128906e-01
5.894997715950012207e-01
1.027597859501838684e-01
3.483700454235076904e-01
1.902168393135070801e+00
3.335585892200469971e-01
2.361845970153808594e-02
2.193985283374786377e-01
7.512900233268737793e-01
1.511553972959518433e-01
7.010214328765869141e-01
0.000000000000000000e+00
2.026736736297607422e-01
3.466588258743286133e-01
1.199367940425872803e-01
0.000000000000000000e+00
2.628162205219268799e-01
5.559937953948974609e-01
2.343503236770629883e+00
1.373200654983520508e+00
1.213392615318298340e+00
1.113976240158081055e+00
2.537797689437866211e+00
6.158592700958251953e-01
5.706119537353515625e-02
1.287897109985351562e+00
4.685721099376678467e-01
4.343173280358314514e-02
9.580363519489765167e-03
2.610015869140625000e+00
7.560420632362365723e-01
3.613185286521911621e-01
6.261626482009887695e-01
0.000000000000000000e+00
1.671369552612304688e+00
5.738757252693176270e-01
1.799425333738327026e-01
2.978613674640655518e-01
2.566593885421752930e-02
1.151924371719360352e+00
1.548617720603942871e+00
2.665317058563232422e-02
2.972847595810890198e-02
0.000000000000000000e+00
4.460782185196876526e-02
0.000000000000000000e+00
1.395130038261413574e+00
5.293654799461364746e-01
1.280303597450256348e-01
1.903717778623104095e-02
0.000000000000000000e+00
5.025358870625495911e-02
1.910211205482482910e+00
0.000000000000000000e+00
1.249941229820251465e+00
1.108892410993576050e-01
1.585051536560058594e+00
3.213154897093772888e-02
9.376075863838195801e-01
1.318481415510177612e-01
1.681746095418930054e-01
3.262987136840820312e-01
1.411864608526229858e-01
5.985170602798461914e-01
1.237722754478454590e+00
2.084413617849349976e-01
9.132371097803115845e-02
5.415368080139160156e-01
1.973250955343246460e-01
4.092135280370712280e-02
3.115613162517547607e-01
8.474876284599304199e-01
1.421352624893188477e+00
2.975646033883094788e-02
1.858158856630325317e-01
4.123382270336151123e-03
1.032009601593017578e+00
1.233905076980590820e+00
2.427576631307601929e-01
2.964249113574624062e-03
2.115862518548965454e-01
4.482867121696472168e-01
2.436214685440063477e-01
3.693893179297447205e-02
1.442532539367675781e+00
5.220283031463623047e+00
8.956404328346252441e-01
3.490405380725860596e-01
6.292585730552673340e-01
1.204864606261253357e-01
2.061778679490089417e-02
3.401348367333412170e-03
5.370696634054183960e-02
0.000000000000000000e+00
2.338784560561180115e-02
3.065419793128967285e-01
7.472044825553894043e-01
0.000000000000000000e+00
5.649880170822143555e-01
1.154782772064208984e+00
3.016102910041809082e-01
7.460337877273559570e-01
0.000000000000000000e+00
2.784865498542785645e-01
8.047527074813842773e-01
7.008337229490280151e-02
2.239610433578491211e+00
0.000000000000000000e+00
1.204230040311813354e-01
2.043759077787399292e-01
9.198255720548331738e-04
7.825409770011901855e-01
1.535647362470626831e-01
0.000000000000000000e+00
8.556499481201171875e-01
5.235392451286315918e-01
1.890370808541774750e-02
0.000000000000000000e+00
3.271250426769256592e-01
1.669084727764129639e-01
3.857301920652389526e-02
5.004124641418457031e-01
1.527784705162048340e+00
7.268845289945602417e-02
8.882099390029907227e-01
6.459623575210571289e-01
1.062168553471565247e-01
1.503980834968388081e-03
1.997556239366531372e-01
1.379546523094177246e-01
4.028567671775817871e-01
1.355439901351928711e+00
4.113365709781646729e-02
1.881710253655910492e-02
2.752780318260192871e-01
6.691489815711975098e-01
1.496890932321548462e-01
6.716235876083374023e-01
1.054928824305534363e-01
2.392161078751087189e-02
0.000000000000000000e+00
6.568812131881713867e-01
0.000000000000000000e+00
2.142977900803089142e-02
0.000000000000000000e+00
4.878941774368286133e-01
9.019705653190612793e-01
2.823183685541152954e-02
2.639935910701751709e-01
9.697145819664001465e-01
1.581992030143737793e+00
9.078498482704162598e-01
6.100189089775085449e-01
1.650637984275817871e+00
1.970139384269714355e+00
2.828884404152631760e-03
4.528729021549224854e-01
1.665398836135864258e+00
9.308491945266723633e-01
4.712826386094093323e-02
1.338429927825927734e+00
0.000000000000000000e+00
1.459812559187412262e-02
5.731964483857154846e-03
4.580435752868652344e-01
9.601164460182189941e-01
1.831636577844619751e-01
3.663905382156372070e+00
2.128094434738159180e+00
8.457301855087280273e-01
0.000000000000000000e+00
4.361730515956878662e-01
4.921670258045196533e-02
3.623425960540771484e-03
0.000000000000000000e+00
1.517105102539062500e-01
4.402438402175903320e-01
0.000000000000000000e+00
0.000000000000000000e+00
8.470167219638824463e-02
9.301693737506866455e-02
7.217933535575866699e-01
2.230138301849365234e+00
4.990052897483110428e-03
1.068905591964721680e-01
1.401470541954040527e+00
1.403104513883590698e-01
9.318336248397827148e-01
0.000000000000000000e+00
1.523901820182800293e-01
9.264969229698181152e-01
1.524046808481216431e-01
1.446747779846191406e+00
1.268611550331115723e-01
1.455919504165649414e+00
2.716811299324035645e-01
2.284440696239471436e-01
0.000000000000000000e+00
5.370546579360961914e-01
2.063625097274780273e+00
6.869977712631225586e-02
6.512309610843658447e-02
2.649732828140258789e+00
3.399993181228637695e-01
2.529840469360351562e-01
9.683867543935775757e-02
1.550006121397018433e-02
3.594935536384582520e-01
0.000000000000000000e+00
2.704534292221069336e+00
5.231941938400268555e-01
8.199039697647094727e-01
1.123115897178649902e+00
1.119465351104736328e+00
0.000000000000000000e+00
1.561007738113403320e+00
5.133877042680978775e-03
2.907986566424369812e-02
5.618420615792274475e-02
0.000000000000000000e+00
6.649635266512632370e-03
1.788492500782012939e-01
7.898899167776107788e-02
0.000000000000000000e+00
1.282683759927749634e-01
4.599439501762390137e-01
1.452020168304443359e+00
0.000000000000000000e+00
4.603081047534942627e-01
1.239288002252578735e-01
1.389892220497131348e+00
0.000000000000000000e+00
2.171834558248519897e-02
5.443520378321409225e-03
1.117061451077461243e-01
8.140144944190979004e-01
4.580977261066436768e-01
2.922289371490478516e-01
1.987356662750244141e+00
0.000000000000000000e+00
1.050168752670288086e+00
1.539466083049774170e-01
4.250013083219528198e-02
1.177249401807785034e-01
0.000000000000000000e+00
1.078587889671325684e+00
1.434320330619812012e+00
8.981671184301376343e-02
2.587232589721679688e+00
0.000000000000000000e+00
1.612035632133483887e+00
1.541383471339941025e-02
2.085720002651214600e-02
1.023786664009094238e-01
1.640958189964294434e+00
5.152223706245422363e-01
0.000000000000000000e+00
2.533458471298217773e-01
1.973915696144104004e-01
1.707280725240707397e-01
2.849565982818603516e+00
4.017270505428314209e-01
4.931043367832899094e-03
4.473458826541900635e-01
3.740689530968666077e-02
1.189971327781677246e+00
1.119303777813911438e-01
3.692235052585601807e-02
4.563808739185333252e-01
1.049575090408325195e+00
8.888784646987915039e-01
0.000000000000000000e+00
2.274130433797836304e-01
9.304255247116088867e-03
7.100844979286193848e-01
2.148735076189041138e-01
4.668811857700347900e-01
5.247640609741210938e-01
1.219852082431316376e-02
2.023840844631195068e-01
9.521522521972656250e-01
0.000000000000000000e+00
2.504903376102447510e-01
2.298364400863647461e+00
4.473783448338508606e-02
0.000000000000000000e+00
2.702286243438720703e-01
1.792072176933288574e+00
5.946897268295288086e-01
7.542356848716735840e-01
3.308746516704559326e-01
2.468594312667846680e+00
2.235995054244995117e+00
7.613321542739868164e-01
2.960864901542663574e-01
1.220488995313644409e-01
0.000000000000000000e+00
6.917182356119155884e-02
