1.071132123470306396e-01
0.000000000000000000e+00
9.013164043426513672e-02
3.159410476684570312e+00
7.881091535091400146e-02
2.092812955379486084e-01
7.130437493324279785e-01
3.288129806518554688e+00
7.034399509429931641e+00
8.982699513435363770e-01
1.695902645587921143e-01
1.776820540428161621e+00
2.225811183452606201e-01
9.468036293983459473e-01
2.371484518051147461e+00
7.063593268394470215e-01
8.055313229560852051e-01
1.174966096878051758e+00
5.855524539947509766e-01
5.551562062464654446e-04
9.212939143180847168e-01
0.000000000000000000e+00
5.807748809456825256e-02
2.389626502990722656e+00
1.932229846715927124e-02
3.133199876174330711e-03
9.965958446264266968e-02
1.791361570358276367e+00
1.969233751296997070e-01
8.815330266952514648e-02
0.000000000000000000e+00
2.646694332361221313e-02
5.194005966186523438e-01
3.234559297561645508e-01
7.292087674140930176e-01
3.259984731674194336e+00
3.004535436630249023e-01
1.627535521984100342e-01
1.250212937593460083e-01
4.156129658222198486e-01
4.332030415534973145e-01
1.990054398775100708e-01
5.277109146118164062e-01
2.824302673339843750e+00
3.971579670906066895e-01
8.723737001419067383e-01
3.291795551776885986e-01
1.405617713928222656e+00
7.826901972293853760e-02
1.607773423194885254e+00
2.741985082626342773e+00
8.720380254089832306e-03
1.620063304901123047e+00
4.969349503517150879e-02
1.123156905174255371e+00
2.434925884008407593e-01
1.575087308883666992e-01
5.461191385984420776e-02
2.171886682510375977e+00
2.440305948257446289e-01
1.397525668144226074e-01
5.787254869937896729e-02
5.919905006885528564e-02
9.132261872291564941e-01
1.309170126914978027e+00
4.788064956665039062e-01
5.410193651914596558e-02
3.978926241397857666e-01
9.143704771995544434e-01
4.338492751121520996e-01
0.000000000000000000e+00
2.016437426209449768e-02
3.715630769729614258e-01
1.644641757011413574e-01
6.591316461563110352e-01
1.176452755928039551e+00
0.000000000000000000e+00
8.651804327964782715e-01
9.956027567386627197e-02
9.717195034027099609e-01
8.917354792356491089e-02
1.183418512344360352e+00
1.933250904083251953e+00
5.527933314442634583e-02
2.216428041458129883e+00
1.410427838563919067e-01
1.688969850540161133e+00
6.527177244424819946e-02
6.789379119873046875e-01
1.133081465959548950e-01
8.384472876787185669e-02
6.507790833711624146e-02
0.000000000000000000e+00
1.031372696161270142e-02
1.070119619369506836e+00
2.604820132255554199e-01
5.382614135742187500e-01
9.637045860290527344e-01
0.000000000000000000e+00
5.362744256854057312e-02
0.000000000000000000e+00
1.898394525051116943e-01
2.081289328634738922e-02
1.696100950241088867e+00
1.901758551597595215e+00
1.426845639944076538e-01
1.925915122032165527e+00
4.684466719627380371e-01
6.620070934295654297e-01
1.516508311033248901e-01
1.529099702835083008e+00
1.807131990790367126e-02
5.388397574424743652e-01
7.614885568618774414e-01
3.812481462955474854e-01
1.414248626679182053e-02
3.114733286201953888e-02
1.835219711065292358e-01
9.159827828407287598e-01
1.843011260032653809e+00
8.799226284027099609e-01
1.074845939874649048e-01
1.351720653474330902e-02
1.424976348876953125e+00
3.694126307964324951e-01
7.176170945167541504e-01
0.000000000000000000e+00
7.180280685424804688e-01
1.857638001441955566e+00
9.147215634584426880e-02
1.096731647849082947e-01
6.109858751296997070e-01
2.857698798179626465e-01
1.832110285758972168e-01
2.315454781055450439e-01
3.807533066719770432e-03
2.786761522293090820e-01
4.403070926666259766e+00
0.000000000000000000e+00
1.881275177001953125e-01
2.400158345699310303e-02
1.417163610458374023e-01
1.281615972518920898e+00
0.000000000000000000e+00
1.930524408817291260e-01
2.975903153419494629e-01
1.265801191329956055e+00
1.258156895637512207e+00
1.785684466361999512e+00
1.287021040916442871e-01
5.730501651763916016e+00
3.687016069889068604e-01
5.303110480308532715e-01
2.707079946994781494e-01
1.354543328285217285e+00
1.185006856918334961e+00
3.569309115409851074e-01
8.216197043657302856e-02
2.286747932434082031e+00
9.215456992387771606e-02
3.452511504292488098e-02
6.677536368370056152e-01
5.381354689598083496e-01
8.778020739555358887e-02
2.888192534446716309e-01
2.446893900632858276e-01
0.000000000000000000e+00
0.000000000000000000e+00
8.470182418823242188e-01
2.367699146270751953e+00
1.104532927274703979e-01
7.514686137437820435e-02
6.111225485801696777e-02
9.659979343414306641e-01
1.655960083007812500e-01
7.591904640197753906e+00
0.000000000000000000e+00
1.149735879153013229e-02
0.000000000000000000e+00
4.804046079516410828e-02
0.000000000000000000e+00
2.088532894849777222e-01
4.550153762102127075e-02
2.685359954833984375e+00
2.222556769847869873e-01
0.000000000000000000e+00
3.824312239885330200e-02
1.016719818115234375e+00
0.000000000000000000e+00
6.761271040886640549e-03
0.000000000000000000e+00
3.810210619121789932e-03
1.140507936477661133e+00
1.393632292747497559e-01
3.425453007221221924e-01
2.344830483198165894e-01
8.769178390502929688e-01
3.272369503974914551e-01
2.960030436515808105e-01
7.448791861534118652e-01
1.502700567245483398e+00
4.939403831958770752e-01
1.936047524213790894e-01
2.980021834373474121e-01
2.347806394100189209e-01
1.749820075929164886e-02
7.906274199485778809e-01
1.053573004901409149e-02
1.990797072649002075e-01
1.605910897254943848e+00
6.273393332958221436e-02
9.794863313436508179e-02
5.588600635528564453e-01
5.372421741485595703e-01
6.394183635711669922e-01
1.160775423049926758e+00
1.242594271898269653e-01
3.530415892601013184e-01
1.592045783996582031e+00
8.544633388519287109e-01
0.000000000000000000e+00
1.819776743650436401e-01
1.022014975547790527e+00
4.503386095166206360e-02
6.908608675003051758e-01
0.000000000000000000e+00
3.174544274806976318e-01
2.636570334434509277e-01
4.360686987638473511e-02
1.015681400895118713e-02
3.618411421775817871e-01
3.638041615486145020e-01
1.811334371566772461e+00
1.643739581108093262e+00
5.550850629806518555e-01
9.418655633926391602e-01
2.490426778793334961e+00
8.416219949722290039e-01
9.773399680852890015e-03
9.583420753479003906e-01
1.536614596843719482e-01
4.923880845308303833e-02
7.468837313354015350e-03
2.086582899093627930e+00
7.255581021308898926e-01
1.890134960412979126e-01
7.115598320960998535e-01
1.124188490211963654e-02
2.012224435806274414e+00
1.272282004356384277e+00
1.679682433605194092e-01
7.072967290878295898e-01
1.373307313770055771e-02
7.261704206466674805e-01
1.160263538360595703e+00
1.457419898360967636e-02
4.465265199542045593e-02
0.000000000000000000e+00
3.909441828727722168e-02
2.750930748879909515e-02
1.704508066177368164e+00
3.631493151187896729e-01
8.734422922134399414e-02
3.873001411557197571e-02
0.000000000000000000e+00
1.153286575572565198e-04
1.480929017066955566e+00
2.998830052092671394e-03
9.853130578994750977e-01
3.821981698274612427e-02
1.435961604118347168e+00
5.263620987534523010e-03
5.949338078498840332e-01
9.574852138757705688e-02
2.692200839519500732e-01
2.682923972606658936e-01
2.340848743915557861e-02
3.251570463180541992e-01
9.582275152206420898e-01
1.869937628507614136e-01
3.829787671566009521e-02
5.204880833625793457e-01
7.602366805076599121e-02
1.657972633838653564e-01
5.150181651115417480e-01
6.247507333755493164e-01
1.566583395004272461e+00
1.297111250460147858e-02
2.617807686328887939e-01
4.829299636185169220e-03
9.327782988548278809e-01
7.518088221549987793e-01
1.458944976329803467e-01
2.320459578186273575e-03
2.701139450073242188e-02
4.499233663082122803e-01
9.194756299257278442e-02
1.467843353748321533e-01
1.213480114936828613e+00
4.606314659118652344e+00
5.705137252807617188e-01
3.804462254047393799e-01
5.470776557922363281e-01
6.389199197292327881e-02
1.973028182983398438e-01
1.120940372347831726e-01
5.221322923898696899e-02
0.000000000000000000e+00
3.263773769140243530e-02
3.306581079959869385e-01
7.344469428062438965e-01
0.000000000000000000e+00
1.903983503580093384e-01
8.961513042449951172e-01
1.063890531659126282e-01
5.079851150512695312e-01
0.000000000000000000e+00
1.786405146121978760e-01
1.214275836944580078e+00
6.321563571691513062e-02
1.714252829551696777e+00
0.000000000000000000e+00
3.665135800838470459e-02
1.627834886312484741e-01
1.410898473113775253e-02
3.653509020805358887e-01
1.358668506145477295e-01
0.000000000000000000e+00
1.062759399414062500e+00
6.476039886474609375e-01
2.479013614356517792e-02
2.308337949216365814e-02
1.846578568220138550e-01
4.817359615117311478e-03
1.022591628134250641e-02
2.554180622100830078e-01
1.879235029220581055e+00
3.209349811077117920e-01
7.850279211997985840e-01
6.493958234786987305e-01
5.341178551316261292e-02
0.000000000000000000e+00
2.032035887241363525e-01
2.320090979337692261e-01
7.170908451080322266e-01
9.740455746650695801e-01
5.947837978601455688e-02
0.000000000000000000e+00
4.349377006292343140e-02
5.857053399085998535e-01
2.517722249031066895e-01
9.959472417831420898e-01
1.188188195228576660e-01
6.030419375747442245e-03
3.623224794864654541e-02
6.593089103698730469e-01
0.000000000000000000e+00
1.160961240530014038e-01
7.030589040368795395e-03
6.202433109283447266e-01
7.196288704872131348e-01
4.451596643775701523e-03
3.637272417545318604e-01
3.356050252914428711e-01
9.175239205360412598e-01
1.411027550697326660e+00
4.573878347873687744e-01
1.227847337722778320e+00
2.089093446731567383e+00
0.000000000000000000e+00
2.697943747043609619e-01
1.428367257118225098e+00
4.143178761005401611e-01
3.270278871059417725e-01
7.810758948326110840e-01
5.288049113005399704e-03
3.266612067818641663e-02
0.000000000000000000e+00
2.917167544364929199e-01
9.391015172004699707e-01
2.640564441680908203e-01
3.904930114746093750e+00
1.921473503112792969e+00
8.330875039100646973e-01
0.000000000000000000e+00
8.973963260650634766e-01
3.697729110717773438e-02
0.000000000000000000e+00
0.000000000000000000e+00
6.477260962128639221e-03
7.763604819774627686e-02
0.000000000000000000e+00
0.000000000000000000e+00
6.324222683906555176e-02
5.874302238225936890e-02
6.729387640953063965e-01
1.671842217445373535e+00
9.320365637540817261e-02
1.434840559959411621e-01
6.685269474983215332e-01
0.000000000000000000e+00
9.009038209915161133e-01
0.000000000000000000e+00
1.288070529699325562e-01
1.240892291069030762e+00
1.369910687208175659e-01
1.421376466751098633e+00
2.427812218666076660e-01
1.371375560760498047e+00
1.677508056163787842e-01
3.108525276184082031e-01
0.000000000000000000e+00
1.023289084434509277e+00
1.469815135002136230e+00
4.348725080490112305e-02
7.003008574247360229e-02
2.121514797210693359e+00
1.169326007366180420e-01
7.708659768104553223e-02
2.014909088611602783e-01
1.678828895092010498e-01
2.625117599964141846e-01
1.345754251815378666e-03
2.856329679489135742e+00
3.450437486171722412e-01
3.286967277526855469e-01
8.816548585891723633e-01
1.549552083015441895e+00
0.000000000000000000e+00
1.609681963920593262e+00
0.000000000000000000e+00
7.973343133926391602e-02
3.396356850862503052e-02
0.000000000000000000e+00
0.000000000000000000e+00
5.952915549278259277e-02
3.161975145339965820e-01
0.000000000000000000e+00
3.075342858210206032e-03
4.308177232742309570e-01
1.782720088958740234e+00
5.691413301974534988e-03
1.242606192827224731e-01
4.067991673946380615e-02
1.194159746170043945e+00
1.493296865373849869e-02
1.009970903396606445e-02
6.191651802510023117e-03
1.658764779567718506e-01
7.800896763801574707e-01
3.192267715930938721e-01
1.145429760217666626e-01
1.738621592521667480e+00
2.602343074977397919e-02
8.273618817329406738e-01
1.137080639600753784e-01
9.892044961452484131e-02
1.874235421419143677e-01
0.000000000000000000e+00
7.797701954841613770e-01
1.568072199821472168e+00
3.879158496856689453e-01
2.299647569656372070e+00
1.684344001114368439e-02
1.039308190345764160e+00
0.000000000000000000e+00
6.882649660110473633e-02
1.311954110860824585e-01
1.257220983505249023e+00
8.916552662849426270e-01
3.546525957062840462e-03
2.950642108917236328e-01
3.096636235713958740e-01
1.780145615339279175e-01
2.526443004608154297e+00
3.767264187335968018e-01
0.000000000000000000e+00
2.517748475074768066e-01
1.810510084033012390e-02
7.813963294029235840e-01
1.551667302846908569e-01
9.936569631099700928e-02
5.198092386126518250e-02
8.270807862281799316e-01
1.130846858024597168e+00
0.000000000000000000e+00
3.515259921550750732e-01
4.471980035305023193e-02
1.664163351058959961e+00
2.398334145545959473e-01
5.194566398859024048e-02
7.755666375160217285e-01
1.425899844616651535e-02
3.403300642967224121e-01
6.950594782829284668e-01
4.378153011202812195e-03
9.154368191957473755e-02
1.721865534782409668e+00
3.009614534676074982e-02
4.740710183978080750e-02
6.570497900247573853e-02
1.698341131210327148e+00
2.876967191696166992e-01
7.758588790893554688e-01
4.052406251430511475e-01
2.301038026809692383e+00
2.351185083389282227e+00
6.064143180847167969e-01
4.674408957362174988e-02
4.243693649768829346e-01
0.000000000000000000e+00
0.000000000000000000e+00
