2.062469422817230225e-01
0.000000000000000000e+00
4.562391340732574463e-02
2.327416896820068359e+00
4.797580242156982422e-01
2.049020379781723022e-01
9.026479721069335938e-01
2.605355501174926758e+00
6.746724128723144531e+00
1.502081394195556641e+00
9.012002497911453247e-02
1.729857921600341797e+00
2.858539819717407227e-01
5.241670012474060059e-01
2.571544408798217773e+00
5.175552368164062500e-01
7.787137627601623535e-01
1.075200319290161133e+00
5.301678180694580078e-01
4.746987298130989075e-02
1.724816083908081055e+00
0.000000000000000000e+00
1.580507904291152954e-01
1.762442231178283691e+00
1.897433847188949585e-01
1.059670597314834595e-01
3.086125105619430542e-02
1.830484509468078613e+00
3.875310420989990234e-01
1.536541525274515152e-02
8.475565165281295776e-02
1.553048752248287201e-02
7.974177598953247070e-01
7.091860175132751465e-01
1.012190222740173340e+00
3.762268543243408203e+00
2.613689601421356201e-01
5.452911555767059326e-02
4.821513295173645020e-01
7.661563754081726074e-01
2.626749575138092041e-01
6.702809929847717285e-01
4.690114259719848633e-01
3.519950628280639648e+00
4.469734430313110352e-01
1.539410948753356934e+00
6.375554800033569336e-01
1.152461886405944824e+00
1.361524760723114014e-01
1.291727900505065918e+00
2.679531097412109375e+00
0.000000000000000000e+00
1.376131772994995117e+00
1.331108510494232178e-01
1.340140223503112793e+00
5.061259493231773376e-02
6.214159727096557617e-01
4.816576540470123291e-01
1.560062885284423828e+00
1.428961902856826782e-01
6.203230097889900208e-02
2.727017700672149658e-01
8.840601891279220581e-02
6.448763608932495117e-01
6.527730822563171387e-01
7.612638175487518311e-02
3.195644821971654892e-03
3.141303956508636475e-01
1.491592884063720703e+00
9.194574505090713501e-02
1.026037643896415830e-04
4.971909895539283752e-02
4.265480637550354004e-01
1.211090445518493652e+00
2.226666361093521118e-01
8.549645543098449707e-01
0.000000000000000000e+00
1.356489658355712891e+00
3.389017581939697266e-01
1.013109087944030762e+00
0.000000000000000000e+00
1.020675897598266602e+00
2.649319887161254883e+00
2.012026868760585785e-02
2.267481803894042969e+00
7.745211571455001831e-02
1.682711482048034668e+00
5.778378108516335487e-04
1.160105943679809570e+00
7.193148136138916016e-03
5.268621724098920822e-03
0.000000000000000000e+00
0.000000000000000000e+00
0.000000000000000000e+00
1.158957839012145996e+00
3.507304191589355469e-01
1.401687622070312500e+00
5.850277543067932129e-01
2.458055764436721802e-01
0.000000000000000000e+00
0.000000000000000000e+00
1.009010970592498779e-01
4.471131134778261185e-03
1.825052022933959961e+00
1.143511652946472168e+00
2.183017730712890625e-01
2.330155611038208008e+00
1.166280627250671387e+00
8.292497992515563965e-01
1.686852127313613892e-01
1.836936712265014648e+00
8.929253555834293365e-03
5.288890004158020020e-01
6.349358558654785156e-01
7.680743932723999023e-01
7.224948704242706299e-02
1.437994241714477539e-01
3.912748992443084717e-01
7.113603949546813965e-01
2.176168441772460938e+00
6.572853326797485352e-01
3.895220458507537842e-01
6.933681201189756393e-03
2.050774097442626953e+00
9.276368618011474609e-01
7.991557121276855469e-01
0.000000000000000000e+00
4.855870604515075684e-01
1.925696492195129395e+00
9.016156196594238281e-02
4.061117023229598999e-02
6.610815525054931641e-01
1.975675076246261597e-01
3.509565070271492004e-02
3.893719017505645752e-01
5.193232791498303413e-04
1.241004019975662231e-01
5.181190967559814453e+00
0.000000000000000000e+00
5.514852236956357956e-03
7.850649952888488770e-02
8.922572135925292969e-01
1.291762471199035645e+00
1.818245393224060535e-03
3.096038699150085449e-01
5.988201498985290527e-02
9.226796627044677734e-01
1.121190071105957031e+00
1.443960309028625488e+00
5.766904354095458984e-02
5.744733333587646484e+00
9.447696059942245483e-02
9.420985579490661621e-01
3.849275410175323486e-01
2.165852546691894531e+00
1.781019568443298340e+00
2.401927709579467773e-01
3.367048799991607666e-01
2.522163152694702148e+00
3.046487569808959961e-01
3.546719998121261597e-02
1.451368927955627441e+00
8.284304141998291016e-01
0.000000000000000000e+00
1.402966856956481934e+00
3.364907801151275635e-01
0.000000000000000000e+00
0.000000000000000000e+00
1.285879135131835938e+00
2.423534393310546875e+00
9.718459099531173706e-02
3.547788560390472412e-01
2.663743123412132263e-02
1.256913185119628906e+00
6.277559399604797363e-01
7.324153900146484375e+00
2.232112688943743706e-03
4.721818119287490845e-02
2.173400670289993286e-02
1.947570890188217163e-01
0.000000000000000000e+00
2.304015606641769409e-01
3.500141501426696777e-01
3.145529270172119141e+00
1.374302506446838379e-01
0.000000000000000000e+00
9.475088119506835938e-02
1.214648365974426270e+00
0.000000000000000000e+00
0.000000000000000000e+00
0.000000000000000000e+00
1.588886417448520660e-02
8.553810119628906250e-01
7.704768180847167969e-01
8.062024712562561035e-01
3.236238956451416016e-01
7.288096547126770020e-01
3.206361532211303711e-01
1.230293735861778259e-01
1.212092518806457520e+00
1.736529111862182617e+00
2.129037976264953613e-01
1.846139430999755859e-01
5.856285095214843750e-01
3.702415227890014648e-01
1.022501382976770401e-02
5.636094212532043457e-01
8.557712659239768982e-03
3.448598086833953857e-01
1.348238348960876465e+00
6.095492094755172729e-02
1.841721832752227783e-01
7.957430481910705566e-01
1.443153023719787598e+00
9.800568819046020508e-01
4.192562401294708252e-01
8.273900300264358521e-02
2.102611213922500610e-01
2.229155063629150391e+00
9.355080723762512207e-01
9.961870312690734863e-02
1.250874600373208523e-03
4.560326933860778809e-01
1.737225614488124847e-02
4.869074821472167969e-01
0.000000000000000000e+00
1.192678287625312805e-01
2.117312699556350708e-01
5.680309608578681946e-03
3.069601766765117645e-02
2.886241674423217773e-01
1.773642301559448242e-01
2.387866497039794922e+00
1.828701376914978027e+00
8.497734069824218750e-01
1.780191540718078613e+00
2.706827640533447266e+00
3.177551031112670898e-01
2.760316729545593262e-01
8.853353261947631836e-01
5.078127384185791016e-01
6.514176726341247559e-02
9.561344981193542480e-02
2.533704996109008789e+00
6.969500184059143066e-01
1.951044946908950806e-01
3.479709029197692871e-01
0.000000000000000000e+00
1.380405306816101074e+00
1.327167868614196777e+00
1.877319440245628357e-02
3.077186644077301025e-01
1.668474264442920685e-02
1.245012640953063965e+00
1.362339258193969727e+00
0.000000000000000000e+00
8.712778240442276001e-02
0.000000000000000000e+00
1.878259629011154175e-01
2.091574668884277344e-02
1.432528257369995117e+00
5.131473541259765625e-01
5.635445192456245422e-02
0.000000000000000000e+00
0.000000000000000000e+00
6.267819553613662720e-03
2.493458032608032227e+00
0.000000000000000000e+00
5.578593611717224121e-01
1.299064233899116516e-02
1.625333070755004883e+00
0.000000000000000000e+00
1.190562129020690918e+00
1.750822067260742188e-01
5.189465358853340149e-02
2.766130268573760986e-01
2.177159190177917480e-01
1.215604424476623535e+00
1.126197814941406250e+00
2.191541790962219238e-01
6.291475147008895874e-03
1.538060456514358521e-01
5.329871177673339844e-01
4.893523082137107849e-02
4.418417513370513916e-01
1.226858973503112793e+00
1.870015263557434082e+00
5.448217038065195084e-03
0.000000000000000000e+00
0.000000000000000000e+00
1.714654088020324707e+00
2.048676729202270508e+00
2.812096774578094482e-01
3.251544386148452759e-02
2.473690211772918701e-01
5.084514617919921875e-01
3.329594731330871582e-01
8.250787109136581421e-02
1.268885016441345215e+00
5.606571197509765625e+00
5.196987986564636230e-01
5.874013900756835938e-01
4.174521863460540771e-01
6.268795132637023926e-01
2.770389057695865631e-02
1.020932272076606750e-01
3.084402531385421753e-02
0.000000000000000000e+00
4.294405505061149597e-02
1.227729767560958862e-01
7.083692550659179688e-01
0.000000000000000000e+00
1.371571719646453857e-01
1.254258155822753906e+00
4.862443506717681885e-01
1.909832060337066650e-01
0.000000000000000000e+00
1.826428920030593872e-01
1.256724596023559570e+00
1.487782038748264313e-02
1.389813423156738281e+00
0.000000000000000000e+00
2.618757784366607666e-01
1.137823835015296936e-01
0.000000000000000000e+00
7.561454772949218750e-01
3.044620715081691742e-02
0.000000000000000000e+00
6.076385974884033203e-01
1.087182760238647461e+00
7.462525274604558945e-03
0.000000000000000000e+00
3.179945647716522217e-01
9.490571171045303345e-02
3.311425447463989258e-02
6.380041837692260742e-01
1.975991845130920410e+00
2.311760559678077698e-02
1.433584690093994141e+00
1.130023837089538574e+00
1.608410030603408813e-01
0.000000000000000000e+00
5.154066681861877441e-01
4.866920039057731628e-02
7.874016761779785156e-01
7.441108822822570801e-01
1.693253368139266968e-01
1.257216930389404297e-02
6.032323241233825684e-01
7.791321277618408203e-01
1.223307773470878601e-01
1.294355273246765137e+00
3.777154088020324707e-01
1.317527592182159424e-01
8.446133881807327271e-02
3.838810622692108154e-01
0.000000000000000000e+00
1.119049564003944397e-01
0.000000000000000000e+00
7.450296878814697266e-01
5.050813555717468262e-01
5.583344958722591400e-03
7.416616678237915039e-01
7.591359615325927734e-01
1.550160408020019531e+00
1.234640121459960938e+00
7.151323556900024414e-01
1.141826629638671875e+00
2.187651634216308594e+00
0.000000000000000000e+00
4.181680083274841309e-01
1.669749140739440918e+00
5.945336222648620605e-01
4.920737817883491516e-02
9.251999855041503906e-01
0.000000000000000000e+00
5.423237755894660950e-02
1.110444217920303345e-02
1.885045468807220459e-01
6.628291606903076172e-01
2.080937027931213379e-01
3.582628250122070312e+00
2.255218982696533203e+00
8.249156475067138672e-01
0.000000000000000000e+00
2.678525149822235107e-01
7.725437730550765991e-02
0.000000000000000000e+00
0.000000000000000000e+00
1.077441051602363586e-01
8.858320116996765137e-02
2.118742652237415314e-02
0.000000000000000000e+00
1.814239770174026489e-01
0.000000000000000000e+00
8.529655337333679199e-01
1.931693553924560547e+00
9.409356862306594849e-04
3.889809921383857727e-02
1.318765521049499512e+00
7.780553400516510010e-02
8.838028907775878906e-01
0.000000000000000000e+00
2.089503109455108643e-01
9.008441567420959473e-01
2.760113179683685303e-01
1.488057971000671387e+00
3.660001754760742188e-01
1.707382917404174805e+00
3.654309511184692383e-01
3.250208497047424316e-01
0.000000000000000000e+00
5.742254853248596191e-01
1.675899028778076172e+00
1.960796490311622620e-02
0.000000000000000000e+00
3.890918254852294922e+00
2.160231322050094604e-01
9.052963256835937500e-01
4.265566542744636536e-02
1.845475137233734131e-01
2.288132309913635254e-01
2.275891974568367004e-02
3.599559545516967773e+00
6.103299260139465332e-01
4.577125012874603271e-01
9.956103563308715820e-01
1.463137269020080566e+00
0.000000000000000000e+00
2.095273733139038086e+00
0.000000000000000000e+00
6.990128010511398315e-02
5.562960356473922729e-02
0.000000000000000000e+00
1.928809583187103271e-01
1.323095858097076416e-01
2.124242186546325684e-01
1.049159211106598377e-03
5.862806439399719238e-01
4.350515007972717285e-01
1.568154335021972656e+00
0.000000000000000000e+00
3.747058808803558350e-01
2.071697264909744263e-01
1.035948157310485840e+00
0.000000000000000000e+00
0.000000000000000000e+00
4.186633974313735962e-02
1.853868365287780762e-01
8.016127347946166992e-01
7.124961614608764648e-01
1.023679748177528381e-01
2.174257755279541016e+00
0.000000000000000000e+00
5.194878578186035156e-01
4.606620594859123230e-02
5.720614641904830933e-02
6.070696283131837845e-03
0.000000000000000000e+00
1.079604625701904297e+00
1.114654779434204102e+00
8.697205036878585815e-02
3.042258024215698242e+00
1.124382466077804565e-01
1.302616596221923828e+00
0.000000000000000000e+00
1.489552706480026245e-01
2.175382822751998901e-01
2.337210416793823242e+00
6.338557004928588867e-01
2.285108668729662895e-03
4.206474721431732178e-01
9.322747588157653809e-01
1.535650193691253662e-01
2.574505567550659180e+00
5.670873522758483887e-01
1.664964854717254639e-01
6.882119178771972656e-01
2.147548459470272064e-02
1.349967718124389648e+00
1.457740664482116699e-01
7.460032403469085693e-02
1.447953432798385620e-01
1.234218358993530273e+00
8.805469274520874023e-01
5.207919329404830933e-02
3.053945600986480713e-01
6.618807674385607243e-04
1.170749068260192871e+00
2.912960648536682129e-01
4.631118774414062500e-01
3.861616849899291992e-01
0.000000000000000000e+00
3.176470994949340820e-01
1.140724897384643555e+00
9.525603801012039185e-02
8.600525856018066406e-01
1.919830560684204102e+00
5.347782000899314880e-02
0.000000000000000000e+00
8.494561165571212769e-02
2.269500732421875000e+00
5.510295033454895020e-01
1.138921022415161133e+00
5.425879955291748047e-01
2.490192890167236328e+00
2.385802030563354492e+00
1.027459025382995605e+00
6.953921169042587280e-02
3.548380434513092041e-01
0.000000000000000000e+00
1.283229561522603035e-03
