4.745304882526397705e-01
0.000000000000000000e+00
1.218492314219474792e-01
2.514635324478149414e+00
4.811279773712158203e-01
1.244736239314079285e-01
9.139397144317626953e-01
2.348436594009399414e+00
7.888151168823242188e+00
1.298889040946960449e+00
2.124203294515609741e-01
2.387013912200927734e+00
6.717216372489929199e-01
4.499335587024688721e-01
2.399319648742675781e+00
7.012204527854919434e-01
7.629634737968444824e-01
2.142979145050048828e+00
6.318552494049072266e-01
4.883400630205869675e-03
2.074662685394287109e+00
0.000000000000000000e+00
1.873393952846527100e-01
3.236663818359375000e+00
9.547895193099975586e-02
0.000000000000000000e+00
3.158560954034328461e-03
2.359614849090576172e+00
5.625029206275939941e-01
0.000000000000000000e+00
2.711452078074216843e-03
6.066337227821350098e-03
2.339309304952621460e-01
7.715282440185546875e-01
7.841728329658508301e-01
4.013373374938964844e+00
9.329010546207427979e-02
7.217379659414291382e-02
3.558311760425567627e-01
9.382755160331726074e-01
4.643616080284118652e-01
1.356984376907348633e-01
4.022031128406524658e-01
3.964153051376342773e+00
9.015134572982788086e-01
9.928482174873352051e-01
5.247389078140258789e-01
1.266694188117980957e+00
3.550110459327697754e-01
1.418882250785827637e+00
3.569041252136230469e+00
8.454429917037487030e-03
1.853829503059387207e+00
1.053995564579963684e-01
1.467480421066284180e+00
7.481547072529792786e-03
8.301540464162826538e-02
3.286823332309722900e-01
1.760692834854125977e+00
2.509374320507049561e-01
5.831957235932350159e-02
1.527873277664184570e-01
0.000000000000000000e+00
1.483003139495849609e+00
1.159535765647888184e+00
5.140880942344665527e-01
0.000000000000000000e+00
4.454444348812103271e-01
9.087291359901428223e-01
2.207158058881759644e-01
4.038334824144840240e-03
1.606074273586273193e-01
2.044434845447540283e-01
4.164594411849975586e-01
2.669705450534820557e-01
1.562295675277709961e+00
1.443294808268547058e-03
5.563808083534240723e-01
1.949756592512130737e-01
1.578267931938171387e+00
8.485889062285423279e-03
8.539670109748840332e-01
2.381690025329589844e+00
1.189204826951026917e-01
2.681827068328857422e+00
1.471657305955886841e-01
1.686978697776794434e+00
4.939816892147064209e-02
6.697772741317749023e-01
2.815762721002101898e-02
2.671528374776244164e-03
1.445881556719541550e-02
0.000000000000000000e+00
4.260346759110689163e-03
1.409000635147094727e+00
9.436256885528564453e-01
7.686010003089904785e-01
9.704227447509765625e-01
0.000000000000000000e+00
0.000000000000000000e+00
1.718995161354541779e-02
2.358358055353164673e-01
7.412214577198028564e-02
1.112505674362182617e+00
1.449567675590515137e+00
2.526942268013954163e-02
1.787280201911926270e+00
6.227536797523498535e-01
4.179045259952545166e-01
4.431255757808685303e-01
1.678682446479797363e+00
3.922236338257789612e-02
5.617327690124511719e-01
5.897417664527893066e-01
7.072379589080810547e-01
6.317571736872196198e-03
2.649592459201812744e-01
9.493695199489593506e-02
1.508973240852355957e+00
2.391426086425781250e+00
8.888176083564758301e-01
1.296519488096237183e-01
1.338698156177997589e-02
1.285657167434692383e+00
4.805436730384826660e-01
9.202383160591125488e-01
0.000000000000000000e+00
4.951870143413543701e-01
1.670411348342895508e+00
5.403828690759837627e-04
0.000000000000000000e+00
1.042567133903503418e+00
1.712145060300827026e-01
1.280795782804489136e-01
6.005200147628784180e-01
0.000000000000000000e+00
2.917569279670715332e-01
4.677349567413330078e+00
0.000000000000000000e+00
2.326653301715850830e-01
2.248531281948089600e-01
4.118324220180511475e-01
1.978678584098815918e+00
1.820196746848523617e-03
2.372699230909347534e-02
4.855840802192687988e-01
1.434851765632629395e+00
5.522552132606506348e-01
1.488358497619628906e+00
1.464085578918457031e-01
6.447664260864257812e+00
4.315679073333740234e-01
2.082287073135375977e-01
3.450237512588500977e-01
2.068491697311401367e+00
9.955018162727355957e-01
6.337127834558486938e-02
2.866650000214576721e-02
2.731224060058593750e+00
2.051499672234058380e-02
2.843970805406570435e-02
9.163804054260253906e-01
9.007177352905273438e-01
1.016135811805725098e-01
8.338786363601684570e-01
2.206909209489822388e-01
6.018035113811492920e-03
0.000000000000000000e+00
1.019071340560913086e+00
3.639440059661865234e+00
4.481735527515411377e-01
2.980012595653533936e-01
4.855489823967218399e-03
6.748795509338378906e-01
4.255645871162414551e-01
7.823385238647460938e+00
0.000000000000000000e+00
2.536555053666234016e-03
1.759925335645675659e-01
1.620345562696456909e-01
0.000000000000000000e+00
2.223987504839897156e-02
2.351968735456466675e-01
3.174313783645629883e+00
2.408209443092346191e-01
0.000000000000000000e+00
3.588572144508361816e-01
1.359130024909973145e+00
1.003042794764041901e-03
0.000000000000000000e+00
0.000000000000000000e+00
6.440551951527595520e-03
1.317467331886291504e+00
5.151042938232421875e-01
1.109806299209594727e+00
3.303426206111907959e-01
1.551603794097900391e+00
1.940448880195617676e-01
3.582990467548370361e-01
7.326315045356750488e-01
1.533930182456970215e+00
4.355298876762390137e-01
1.823752373456954956e-01
7.435468435287475586e-01
3.314761221408843994e-01
7.320065051317214966e-03
1.101840376853942871e+00
5.587305407971143723e-03
3.194881975650787354e-02
1.514481186866760254e+00
7.099825888872146606e-02
2.518986165523529053e-01
5.514762401580810547e-01
7.821415066719055176e-01
7.063385844230651855e-01
6.393343210220336914e-01
1.447218954563140869e-01
6.949956715106964111e-02
1.920543670654296875e+00
6.748579144477844238e-01
1.044838968664407730e-02
2.502726614475250244e-01
4.619991779327392578e-01
4.866722598671913147e-02
1.711534708738327026e-01
0.000000000000000000e+00
4.757836833596229553e-02
2.773427963256835938e-01
3.899854794144630432e-02
1.071070209145545959e-01
9.043493866920471191e-02
1.804084330797195435e-01
2.108037471771240234e+00
1.628497362136840820e+00
3.491733372211456299e-01
1.153049230575561523e+00
2.737146377563476562e+00
6.800990104675292969e-01
1.342379152774810791e-01
8.818898200988769531e-01
5.553399026393890381e-02
2.386401034891605377e-02
1.476308852434158325e-01
2.392140626907348633e+00
8.754405975341796875e-01
4.524346888065338135e-01
6.504793763160705566e-01
1.157631748355925083e-03
2.247984886169433594e+00
1.150704979896545410e+00
1.213498506695032120e-02
8.575454354286193848e-01
6.762445438653230667e-03
7.021141052246093750e-01
1.058547019958496094e+00
7.314535789191722870e-03
1.800323128700256348e-01
0.000000000000000000e+00
3.661765903234481812e-02
1.528072729706764221e-02
1.275977015495300293e+00
6.010013222694396973e-01
0.000000000000000000e+00
1.980259642004966736e-02
0.000000000000000000e+00
0.000000000000000000e+00
2.045350313186645508e+00
0.000000000000000000e+00
4.760881364345550537e-01
1.010404080152511597e-01
1.619410634040832520e+00
0.000000000000000000e+00
7.726526856422424316e-01
1.370877474546432495e-01
1.537111997604370117e-01
6.144337654113769531e-01
5.929303541779518127e-02
6.374593377113342285e-01
1.234511971473693848e+00
2.340572625398635864e-01
1.815423667430877686e-01
4.603781402111053467e-01
2.418416291475296021e-01
1.249689608812332153e-01
8.699857592582702637e-01
8.803726434707641602e-01
1.158602952957153320e+00
5.430340021848678589e-02
1.798795014619827271e-01
6.056253612041473389e-02
1.723342418670654297e+00
1.124452352523803711e+00
3.402011096477508545e-01
0.000000000000000000e+00
1.018270924687385559e-01
2.572992146015167236e-01
1.269477009773254395e-01
1.283791810274124146e-01
1.919776201248168945e+00
5.375668048858642578e+00
8.450750112533569336e-01
1.280495822429656982e-01
5.353810191154479980e-01
3.350297361612319946e-02
0.000000000000000000e+00
2.381741628050804138e-02
0.000000000000000000e+00
0.000000000000000000e+00
2.914808876812458038e-02
4.858002960681915283e-01
6.541815400123596191e-01
2.448065439239144325e-03
5.234477296471595764e-02
1.092593073844909668e+00
4.308815300464630127e-01
5.191200971603393555e-01
0.000000000000000000e+00
1.123547405004501343e-01
1.386240839958190918e+00
4.331319034099578857e-02
1.571233391761779785e+00
0.000000000000000000e+00
1.877219229936599731e-01
2.863029241561889648e-01
2.522366493940353394e-02
8.040436506271362305e-01
4.372235015034675598e-02
0.000000000000000000e+00
1.115717291831970215e+00
6.943014860153198242e-01
1.861787959933280945e-02
0.000000000000000000e+00
2.610062658786773682e-01
3.656785562634468079e-02
3.114976454526185989e-03
2.367293983697891235e-01
1.534955024719238281e+00
3.442453444004058838e-01
6.627321839332580566e-01
1.524471044540405273e+00
1.585997343063354492e-01
0.000000000000000000e+00
1.313216835260391235e-01
1.566130369901657104e-01
1.142695069313049316e+00
1.357589483261108398e+00
3.688419759273529053e-01
1.794503256678581238e-02
1.033706218004226685e-01
5.264192819595336914e-01
1.223750878125429153e-02
8.834624886512756348e-01
5.396435409784317017e-02
2.168465591967105865e-02
3.447077050805091858e-02
6.330145001411437988e-01
0.000000000000000000e+00
3.373314142227172852e-01
0.000000000000000000e+00
6.095169186592102051e-01
2.783025205135345459e-01
1.155609264969825745e-02
7.966851592063903809e-01
3.811799287796020508e-01
1.868397831916809082e+00
1.252813935279846191e+00
4.677405655384063721e-01
1.287006258964538574e+00
2.090451478958129883e+00
0.000000000000000000e+00
3.023408055305480957e-01
1.012824654579162598e+00
9.894941449165344238e-01
3.936325609683990479e-01
6.332226991653442383e-01
0.000000000000000000e+00
8.797200396656990051e-03
2.566811256110668182e-02
4.458166658878326416e-02
8.480977416038513184e-01
9.769897907972335815e-02
4.988872051239013672e+00
1.968294978141784668e+00
1.056740999221801758e+00
0.000000000000000000e+00
6.940489411354064941e-01
7.147864904254674911e-03
0.000000000000000000e+00
0.000000000000000000e+00
0.000000000000000000e+00
7.728868722915649414e-02
2.287801541388034821e-02
0.000000000000000000e+00
2.643108740448951721e-02
1.174940541386604309e-01
5.878086090087890625e-01
1.814440965652465820e+00
6.498649716377258301e-02
4.913591220974922180e-02
7.894273996353149414e-01
2.078902721405029297e-02
9.959180355072021484e-01
0.000000000000000000e+00
1.449652910232543945e-01
1.060653328895568848e+00
4.374093711376190186e-01
1.817750811576843262e+00
3.736720383167266846e-01
1.241611719131469727e+00
4.140587449073791504e-01
2.205006331205368042e-01
9.031848050653934479e-03
3.283908069133758545e-01
2.017668962478637695e+00
5.522442609071731567e-02
2.685202658176422119e-02
2.891303062438964844e+00
8.833828568458557129e-02
2.355231642723083496e-01
1.824213862419128418e-01
2.725121974945068359e-01
7.247474789619445801e-01
0.000000000000000000e+00
2.972171306610107422e+00
3.973215520381927490e-01
3.789106905460357666e-01
2.565156519412994385e-01
2.088773965835571289e+00
0.000000000000000000e+00
1.593081593513488770e+00
0.000000000000000000e+00
9.351023286581039429e-02
1.497983485460281372e-01
0.000000000000000000e+00
4.321153834462165833e-02
5.721753463149070740e-02
3.337796628475189209e-01
0.000000000000000000e+00
1.270098835229873657e-01
5.850213170051574707e-01
1.705501317977905273e+00
0.000000000000000000e+00
6.063043698668479919e-02
1.662932634353637695e-01
9.820312857627868652e-01
0.000000000000000000e+00
0.000000000000000000e+00
2.044009417295455933e-02
4.768589437007904053e-01
1.000609636306762695e+00
1.089973449707031250e+00
5.312878265976905823e-02
2.081147193908691406e+00
0.000000000000000000e+00
1.059281826019287109e+00
7.078939676284790039e-02
5.593036115169525146e-02
2.209699004888534546e-01
0.000000000000000000e+00
1.477487921714782715e+00
1.708209991455078125e+00
2.651122808456420898e-01
3.478741645812988281e+00
2.400626800954341888e-02
9.067696332931518555e-01
2.177697233855724335e-02
4.672459140419960022e-02
5.804355815052986145e-02
1.868861556053161621e+00
1.177241086959838867e+00
0.000000000000000000e+00
5.362066030502319336e-01
5.517321228981018066e-01
2.743204534053802490e-01
2.382675647735595703e+00
5.837262868881225586e-01
0.000000000000000000e+00
3.607908785343170166e-01
3.504585847258567810e-02
7.157326340675354004e-01
1.179758459329605103e-01
1.162431836128234863e-01
2.146053314208984375e-02
7.684224843978881836e-01
1.033331751823425293e+00
1.130901928991079330e-02
5.429477095603942871e-01
0.000000000000000000e+00
1.044881224632263184e+00
1.548451930284500122e-01
1.734329462051391602e-01
3.184385895729064941e-01
0.000000000000000000e+00
4.310756623744964600e-01
4.691740572452545166e-01
0.000000000000000000e+00
3.498120903968811035e-01
2.628048896789550781e+00
4.922870546579360962e-02
0.000000000000000000e+00
3.623422682285308838e-01
1.352921128273010254e+00
5.755837559700012207e-01
1.053448438644409180e+00
5.847987532615661621e-01
2.588785886764526367e+00
2.353198289871215820e+00
2.034778594970703125e-01
1.909567713737487793e-01
8.511841297149658203e-01
0.000000000000000000e+00
1.538826432079076767e-02
