1.753897219896316528e-02
0.000000000000000000e+00
3.546182215213775635e-01
3.402258157730102539e+00
8.301760554313659668e-01
1.890881359577178955e-01
1.702792882919311523e+00
3.408625364303588867e+00
5.855900764465332031e+00
1.707115411758422852e+00
2.065004035830497742e-02
1.813259959220886230e+00
9.417832829058170319e-03
1.217097163200378418e+00
2.278623342514038086e+00
1.267160892486572266e+00
1.184900045394897461e+00
1.450666308403015137e+00
1.160272717475891113e+00
2.077368795871734619e-01
1.277794003486633301e+00
0.000000000000000000e+00
7.485665082931518555e-01
3.480041503906250000e+00
3.959712386131286621e-01
0.000000000000000000e+00
2.985299006104469299e-02
1.122367382049560547e+00
3.324519395828247070e-01
8.106236159801483154e-02
2.132170600816607475e-03
0.000000000000000000e+00
5.904544591903686523e-01
7.180972695350646973e-01
3.785790205001831055e-01
3.392462491989135742e+00
4.310478270053863525e-01
8.004338145256042480e-01
1.362855881452560425e-01
4.239354729652404785e-01
2.689990997314453125e-01
2.267987579107284546e-01
1.075339198112487793e+00
4.479498386383056641e+00
6.908325552940368652e-01
1.868398308753967285e+00
5.468358844518661499e-02
9.098742008209228516e-01
1.669441312551498413e-01
1.059028863906860352e+00
3.863332748413085938e+00
0.000000000000000000e+00
1.793600201606750488e+00
1.177483573555946350e-01
1.867307066917419434e+00
6.026069521903991699e-01
8.425947427749633789e-01
1.585065126419067383e-01
2.456054210662841797e+00
1.535506825894117355e-02
1.208002772182226181e-02
7.187194377183914185e-02
2.597492933273315430e-01
1.721431016921997070e-01
8.393948674201965332e-01
6.615013480186462402e-01
9.484905004501342773e-01
2.496726959943771362e-01
1.048468708992004395e+00
1.106822133064270020e+00
0.000000000000000000e+00
3.655548021197319031e-02
4.340195953845977783e-01
5.827124118804931641e-01
4.913171231746673584e-01
8.325040936470031738e-01
0.000000000000000000e+00
1.348206162452697754e+00
6.555770635604858398e-01
8.120599985122680664e-01
9.909367188811302185e-03
1.022643208503723145e+00
3.046800136566162109e+00
1.131836697459220886e-02
1.761694908142089844e+00
1.364508420228958130e-01
8.686359524726867676e-01
3.319891914725303650e-02
1.023351430892944336e+00
1.760393828153610229e-01
2.606694959104061127e-02
0.000000000000000000e+00
2.393910847604274750e-02
0.000000000000000000e+00
1.938012361526489258e+00
1.383353769779205322e-01
8.501342535018920898e-01
1.858746290206909180e+00
2.080189436674118042e-01
6.579201668500900269e-02
0.000000000000000000e+00
1.126251816749572754e-01
1.595346070826053619e-02
1.982139825820922852e+00
1.674082994461059570e+00
1.103976368904113770e-01
1.298697113990783691e+00
5.466691851615905762e-01
6.434175372123718262e-01
2.902509272098541260e-02
1.864419698715209961e+00
1.014730781316757202e-01
1.280501037836074829e-01
5.148006081581115723e-01
7.903116941452026367e-01
3.343787416815757751e-02
1.897013932466506958e-01
6.470902562141418457e-01
2.116140604019165039e+00
2.301098108291625977e+00
1.504400134086608887e+00
4.256128370761871338e-01
7.641647011041641235e-03
2.276458263397216797e+00
1.400995492935180664e+00
5.948190093040466309e-01
0.000000000000000000e+00
3.730278313159942627e-01
2.147370815277099609e+00
3.488023951649665833e-02
2.563503980636596680e-01
6.282066106796264648e-01
5.593873262405395508e-01
9.660318493843078613e-02
2.556483447551727295e-01
2.823159396648406982e-01
5.822908878326416016e-01
5.778957843780517578e+00
0.000000000000000000e+00
1.837338134646415710e-02
8.144656568765640259e-02
7.123822569847106934e-01
1.286161422729492188e+00
0.000000000000000000e+00
4.631795920431613922e-03
8.968340605497360229e-02
1.302932500839233398e+00
6.010026335716247559e-01
2.070006847381591797e+00
1.474640816450119019e-01
4.429651737213134766e+00
2.239235788583755493e-01
5.170416831970214844e-01
3.600244224071502686e-01
1.969829559326171875e+00
1.263875484466552734e+00
5.766927003860473633e-01
8.010669350624084473e-01
2.286186695098876953e+00
7.798709273338317871e-01
2.347355782985687256e-01
1.275360345840454102e+00
1.348962187767028809e-01
0.000000000000000000e+00
4.129862487316131592e-01
5.517013669013977051e-01
1.343788765370845795e-02
0.000000000000000000e+00
9.511882066726684570e-01
1.991298437118530273e+00
3.102160096168518066e-01
3.588183522224426270e-01
2.647854387760162354e-03
1.016899108886718750e+00
6.915416717529296875e-01
8.021603584289550781e+00
9.711362421512603760e-02
1.419465690851211548e-01
1.913409307599067688e-02
2.119398713111877441e-01
4.462862852960824966e-03
3.606471121311187744e-01
7.676067352294921875e-01
3.693501710891723633e+00
7.905837148427963257e-02
2.195433154702186584e-02
1.495050489902496338e-01
8.768488764762878418e-01
0.000000000000000000e+00
4.221904557198286057e-03
0.000000000000000000e+00
0.000000000000000000e+00
1.127797126770019531e+00
7.827906608581542969e-01
6.755874156951904297e-01
4.579204618930816650e-01
4.627544581890106201e-01
4.979686141014099121e-01
1.775540709495544434e-01
1.839792013168334961e+00
1.184862732887268066e+00
1.416308581829071045e-01
1.180317699909210205e-01
1.358436703681945801e+00
4.238931238651275635e-01
0.000000000000000000e+00
7.152385711669921875e-01
4.058737307786941528e-03
8.764690160751342773e-01
1.224807858467102051e+00
1.578208208084106445e-01
4.560678303241729736e-01
5.015703439712524414e-01
1.283998608589172363e+00
7.232351303100585938e-01
1.831621378660202026e-01
1.267298609018325806e-01
4.180836379528045654e-01
1.899432897567749023e+00
1.269326925277709961e+00
0.000000000000000000e+00
4.947413802146911621e-01
6.750023961067199707e-01
3.932616412639617920e-01
4.836943447589874268e-01
0.000000000000000000e+00
3.645182847976684570e-01
8.301822096109390259e-02
0.000000000000000000e+00
3.783312439918518066e-02
5.836567878723144531e-01
6.444971561431884766e-01
3.021844387054443359e+00
9.444662332534790039e-01
2.018064498901367188e+00
1.008622169494628906e+00
2.309894800186157227e+00
8.553853034973144531e-01
1.807389967143535614e-02
1.073443531990051270e+00
5.935857892036437988e-01
1.755063384771347046e-01
4.514998793601989746e-01
3.550974130630493164e+00
7.817198634147644043e-01
1.370066553354263306e-01
3.562185764312744141e-01
0.000000000000000000e+00
2.387948989868164062e+00
5.409925580024719238e-01
8.545125722885131836e-01
3.486262261867523193e-01
0.000000000000000000e+00
1.740348935127258301e+00
1.340256690979003906e+00
4.679500684142112732e-02
0.000000000000000000e+00
0.000000000000000000e+00
5.232627391815185547e-01
3.439226746559143066e-02
9.384532570838928223e-01
4.214602708816528320e-01
8.411306142807006836e-02
1.177799627184867859e-01
0.000000000000000000e+00
4.565839655697345734e-03
1.699221968650817871e+00
0.000000000000000000e+00
2.055921964347362518e-02
2.879528105258941650e-01
1.845298290252685547e+00
2.002834575250744820e-03
1.157766938209533691e+00
5.552041158080101013e-02
9.229388087987899780e-02
7.699265480041503906e-01
4.601438343524932861e-01
7.968234419822692871e-01
7.691831588745117188e-01
2.900310456752777100e-01
2.914700210094451904e-01
2.742589116096496582e-01
3.875763416290283203e-01
8.939511328935623169e-02
5.247058272361755371e-01
1.683336496353149414e+00
1.336141586303710938e+00
2.380937337875366211e-03
1.240154951810836792e-01
8.302345871925354004e-03
1.273133277893066406e+00
1.492763042449951172e+00
4.707100093364715576e-01
1.040957331657409668e+00
4.152747988700866699e-01
1.832553446292877197e-01
8.641164749860763550e-02
2.539589703083038330e-01
1.597794771194458008e+00
6.787473678588867188e+00
2.125174403190612793e-01
1.997555643320083618e-01
7.352322936058044434e-01
7.034324109554290771e-02
4.644683375954627991e-02
2.750248275697231293e-02
7.270363718271255493e-02
0.000000000000000000e+00
9.140443056821823120e-03
4.508959650993347168e-01
7.016900181770324707e-01
4.281504079699516296e-03
2.037072181701660156e-01
1.360976696014404297e+00
4.227611422538757324e-01
8.731099367141723633e-01
0.000000000000000000e+00
3.672691583633422852e-01
1.111529827117919922e+00
9.575590491294860840e-02
1.874223351478576660e+00
4.042887303512543440e-04
3.495875000953674316e-01
1.728054732084274292e-01
0.000000000000000000e+00
5.449933409690856934e-01
2.093704342842102051e-01
0.000000000000000000e+00
8.720698952674865723e-01
7.544025182723999023e-01
0.000000000000000000e+00
0.000000000000000000e+00
4.812215566635131836e-01
3.952582180500030518e-01
6.376241892576217651e-02
1.069611787796020508e+00
1.853041291236877441e+00
4.291024506092071533e-01
6.483520269393920898e-01
1.150456666946411133e+00
2.689869999885559082e-01
0.000000000000000000e+00
3.366862535476684570e-01
1.004470959305763245e-01
1.069714069366455078e+00
7.374705076217651367e-01
1.028568390756845474e-02
9.965937584638595581e-02
6.487330198287963867e-01
7.212779521942138672e-01
6.751785427331924438e-02
1.092009902000427246e+00
1.476192027330398560e-01
1.985748261213302612e-01
0.000000000000000000e+00
5.216096043586730957e-01
0.000000000000000000e+00
2.948822677135467529e-01
0.000000000000000000e+00
7.875495553016662598e-01
7.168529629707336426e-01
0.000000000000000000e+00
8.246936202049255371e-01
7.818956971168518066e-01
2.428254842758178711e+00
6.975411176681518555e-01
8.900098204612731934e-01
1.470157980918884277e+00
1.787132978439331055e+00
9.335339069366455078e-03
3.458638787269592285e-01
2.504433155059814453e+00
1.227779984474182129e+00
1.307489275932312012e-01
1.245192408561706543e+00
1.396087929606437683e-03
2.537272572517395020e-01
0.000000000000000000e+00
4.760507047176361084e-01
6.719691753387451172e-01
5.180969834327697754e-02
3.115509271621704102e+00
2.631780385971069336e+00
1.355640172958374023e+00
0.000000000000000000e+00
8.529421687126159668e-01
2.506649121642112732e-02
0.000000000000000000e+00
0.000000000000000000e+00
2.035728283226490021e-02
1.391771286725997925e-01
1.933171064592897892e-03
0.000000000000000000e+00
1.415377855300903320e-01
1.718825101852416992e-01
5.509405732154846191e-01
2.846381187438964844e+00
0.000000000000000000e+00
1.464621424674987793e-01
1.721774935722351074e+00
0.000000000000000000e+00
4.274916648864746094e-01
0.000000000000000000e+00
1.973768919706344604e-01
1.179415464401245117e+00
8.543069660663604736e-02
1.435970067977905273e+00
1.278727874159812927e-02
1.807374119758605957e+00
8.730999231338500977e-01
1.570967771112918854e-02
0.000000000000000000e+00
7.342211604118347168e-01
1.902515649795532227e+00
2.627180516719818115e-02
1.263783872127532959e-01
2.940579175949096680e+00
1.165987476706504822e-01
7.864359617233276367e-01
2.314918860793113708e-02
0.000000000000000000e+00
1.018824577331542969e+00
0.000000000000000000e+00
4.115612983703613281e+00
5.477199554443359375e-01
1.738079905509948730e+00
1.359138250350952148e+00
1.366088867187500000e+00
2.591523574665188789e-03
2.065155982971191406e+00
6.337471306324005127e-02
3.684323281049728394e-02
1.298145204782485962e-01
3.740854188799858093e-02
7.166118174791336060e-02
1.085660681128501892e-01
3.689773678779602051e-01
0.000000000000000000e+00
2.712220847606658936e-01
6.501255035400390625e-01
1.281360864639282227e+00
0.000000000000000000e+00
2.885313630104064941e-01
5.009074807167053223e-01
1.204082250595092773e+00
5.649779736995697021e-02
2.181870630010962486e-03
7.876008749008178711e-02
1.771007031202316284e-01
7.975471615791320801e-01
7.262510657310485840e-01
4.872480928897857666e-01
1.693535566329956055e+00
0.000000000000000000e+00
8.536182045936584473e-01
8.938734978437423706e-02
2.569417469203472137e-02
5.212623625993728638e-03
0.000000000000000000e+00
2.592964172363281250e+00
1.778125286102294922e+00
7.632091641426086426e-02
2.432144641876220703e+00
5.423552822321653366e-03
1.171930670738220215e+00
8.751613495405763388e-05
5.956337451934814453e-01
3.780280947685241699e-01
1.930505037307739258e+00
4.478591084480285645e-01
0.000000000000000000e+00
1.326107025146484375e+00
3.811385035514831543e-01
4.213487505912780762e-01
3.379155635833740234e+00
3.118369914591312408e-02
0.000000000000000000e+00
5.237559676170349121e-01
3.632805868983268738e-02
8.962978124618530273e-01
5.482615232467651367e-01
6.768918596208095551e-03
1.405444554984569550e-02
1.163233995437622070e+00
2.736502289772033691e-01
1.930301194079220295e-03
1.967570185661315918e-01
5.322436615824699402e-02
1.072150468826293945e+00
2.440712749958038330e-01
7.099483609199523926e-01
2.819063067436218262e-01
9.780576080083847046e-02
2.326440438628196716e-02
1.357834458351135254e+00
0.000000000000000000e+00
4.043979942798614502e-01
1.883178353309631348e+00
1.407456099987030029e-01
2.194602414965629578e-02
1.801081597805023193e-01
1.380661249160766602e+00
7.373055815696716309e-01
3.207151591777801514e-01
4.960433840751647949e-01
2.170727491378784180e+00
2.570767402648925781e+00
7.524485588073730469e-01
3.793030083179473877e-01
7.197037935256958008e-01
0.000000000000000000e+00
9.434902458451688290e-04
