4.388463795185089111e-01
0.000000000000000000e+00
6.774552166461944580e-02
2.587846994400024414e+00
2.461127191781997681e-01
2.636323273181915283e-01
3.647458851337432861e-01
3.030666112899780273e+00
8.161355972290039062e+00
1.305712580680847168e+00
1.079113185405731201e-01
2.465369224548339844e+00
6.125981807708740234e-01
6.355853676795959473e-01
2.254297256469726562e+00
5.558301806449890137e-01
7.801941037178039551e-01
1.207476258277893066e+00
2.060861736536026001e-01
3.634827584028244019e-02
1.459131121635437012e+00
0.000000000000000000e+00
3.104271367192268372e-02
1.210569262504577637e+00
1.504415122326463461e-04
7.718483451753854752e-03
0.000000000000000000e+00
1.039099335670471191e+00
2.398767024278640747e-01
4.373534582555294037e-03
1.132686994969844818e-02
1.126744667999446392e-03
2.650449275970458984e-01
6.544243693351745605e-01
4.248385131359100342e-01
3.554568529129028320e+00
3.238913118839263916e-01
1.175637990236282349e-01
2.421481162309646606e-01
1.136412978172302246e+00
7.917202115058898926e-01
3.733011782169342041e-01
7.311571836471557617e-01
4.102630615234375000e+00
2.140903472900390625e-01
1.799163818359375000e+00
2.004737854003906250e-01
2.176576137542724609e+00
3.098199963569641113e-01
1.386100769042968750e+00
3.571356773376464844e+00
0.000000000000000000e+00
1.142365932464599609e+00
1.623068703338503838e-03
1.287853598594665527e+00
1.188570410013198853e-01
7.971637696027755737e-02
6.333446502685546875e-01
2.258301019668579102e+00
3.427293151617050171e-02
0.000000000000000000e+00
4.054516255855560303e-01
4.175081476569175720e-02
7.553734183311462402e-01
1.408171653747558594e+00
3.095375597476959229e-01
1.194171682000160217e-01
8.494772315025329590e-01
1.383540272712707520e+00
9.270913898944854736e-02
1.188534544780850410e-03
0.000000000000000000e+00
2.294626384973526001e-01
1.108962535858154297e+00
1.481203883886337280e-01
8.980634808540344238e-01
9.308993816375732422e-02
1.041025042533874512e+00
1.415394991636276245e-01
1.332172870635986328e+00
8.199876546859741211e-02
1.289702057838439941e+00
2.201455831527709961e+00
5.600119009613990784e-03
2.901056289672851562e+00
1.574514508247375488e-01
1.807788133621215820e+00
5.137931555509567261e-02
5.140834450721740723e-01
1.821648515760898590e-02
3.730540722608566284e-02
8.933436125516891479e-03
0.000000000000000000e+00
6.483728531748056412e-03
7.325938940048217773e-01
1.163792848587036133e+00
1.177152037620544434e+00
8.204931020736694336e-01
2.690618038177490234e-01
1.773748174309730530e-02
2.076223120093345642e-02
7.589389383792877197e-02
5.715162307024002075e-02
2.177752494812011719e+00
5.647099614143371582e-01
3.652194142341613770e-01
2.332219362258911133e+00
1.419405102729797363e+00
8.480036258697509766e-01
2.418065369129180908e-01
1.293692469596862793e+00
0.000000000000000000e+00
6.117374300956726074e-01
2.674669623374938965e-01
8.036184310913085938e-01
2.552126825321465731e-04
2.046407312154769897e-01
8.195600509643554688e-01
1.783224225044250488e+00
3.588017702102661133e+00
3.193354904651641846e-01
7.551775872707366943e-02
0.000000000000000000e+00
1.490547299385070801e+00
1.210628628730773926e+00
7.131175398826599121e-01
0.000000000000000000e+00
8.704701662063598633e-01
1.672563791275024414e+00
2.350143529474735260e-02
4.139726981520652771e-02
7.729133963584899902e-01
2.070402055978775024e-01
2.576861679553985596e-01
5.686186552047729492e-01
1.123299300670623779e-01
7.424605637788772583e-02
5.514935970306396484e+00
0.000000000000000000e+00
4.001601040363311768e-01
4.008253291249275208e-02
5.530217289924621582e-01
1.794608712196350098e+00
0.000000000000000000e+00
6.211179494857788086e-02
4.410095810890197754e-01
1.030930280685424805e+00
1.232576966285705566e+00
1.367646813392639160e+00
0.000000000000000000e+00
6.105194568634033203e+00
7.170296739786863327e-03
1.011567711830139160e+00
8.217768669128417969e-01
1.196658253669738770e+00
2.075546026229858398e+00
2.370549589395523071e-01
1.202568039298057556e-02
1.919894456863403320e+00
8.925915509462356567e-02
7.547950744628906250e-02
1.134161233901977539e+00
6.072968840599060059e-01
1.509289350360631943e-02
8.656003475189208984e-01
1.907426416873931885e-01
0.000000000000000000e+00
0.000000000000000000e+00
9.605187773704528809e-01
2.542182207107543945e+00
5.568757057189941406e-01
2.317174971103668213e-01
1.295900195837020874e-01
1.165043354034423828e+00
6.545975804328918457e-01
7.942996025085449219e+00
0.000000000000000000e+00
4.801912698894739151e-03
0.000000000000000000e+00
1.812501996755599976e-01
1.328456331975758076e-03
1.126515492796897888e-01
1.205690503120422363e-01
3.298056125640869141e+00
8.987408131361007690e-02
0.000000000000000000e+00
4.515921771526336670e-01
1.456576824188232422e+00
0.000000000000000000e+00
7.912568002939224243e-02
0.000000000000000000e+00
1.441617608070373535e-01
1.545685291290283203e+00
5.744619965553283691e-01
1.118704438209533691e+00
5.378543734550476074e-01
1.329022407531738281e+00
9.501209110021591187e-02
3.793116211891174316e-01
5.589788556098937988e-01
1.517876386642456055e+00
4.112291932106018066e-01
6.104087084531784058e-02
4.427213668823242188e-01
3.506380021572113037e-01
1.507230009883642197e-02
8.060117363929748535e-01
5.295111332088708878e-03
5.601943284273147583e-02
1.407830357551574707e+00
8.006188273429870605e-02
2.052861750125885010e-01
9.218999147415161133e-01
1.476923108100891113e+00
1.123700857162475586e+00
4.422215819358825684e-01
5.016024038195610046e-02
1.290602385997772217e-01
1.954588890075683594e+00
3.585473895072937012e-01
1.293292921036481857e-02
1.969858109951019287e-01
2.542310655117034912e-01
2.287908457219600677e-02
5.607239007949829102e-01
0.000000000000000000e+00
2.057480216026306152e-01
6.643221974372863770e-01
6.989463418722152710e-02
4.589341580867767334e-01
1.388649549335241318e-02
2.332999110221862793e-01
2.530910730361938477e+00
2.284173488616943359e+00
1.555655300617218018e-01
1.810377597808837891e+00
2.843446016311645508e+00
4.697987735271453857e-01
3.476079702377319336e-01
1.286767601966857910e+00
1.837140917778015137e-01
2.096624672412872314e-02
2.129470556974411011e-01
2.173131227493286133e+00
1.332914948463439941e+00
7.114160805940628052e-02
4.341714382171630859e-01
1.315956562757492065e-02
1.869040131568908691e+00
1.723347544670104980e+00
0.000000000000000000e+00
5.770854949951171875e-01
0.000000000000000000e+00
1.270594239234924316e+00
1.119216084480285645e+00
7.939884066581726074e-02
1.232040226459503174e-01
0.000000000000000000e+00
3.070032894611358643e-01
1.189478859305381775e-01
1.076740622520446777e+00
3.136926293373107910e-01
1.494189258664846420e-02
7.593906018882989883e-03
0.000000000000000000e+00
0.000000000000000000e+00
2.300101518630981445e+00
0.000000000000000000e+00
1.475969195365905762e+00
1.456800699234008789e-01
1.946534276008605957e+00
0.000000000000000000e+00
5.605344176292419434e-01
5.659022554755210876e-02
5.186438560485839844e-02
1.467335969209671021e-01
2.277706265449523926e-01
9.072561860084533691e-01
1.077347278594970703e+00
2.765484154224395752e-01
2.046014070510864258e-01
4.814412295818328857e-01
3.455861657857894897e-02
1.408688724040985107e-01
2.773104012012481689e-01
1.175569891929626465e+00
1.947940349578857422e+00
2.752976957708597183e-03
3.199547901749610901e-02
8.212733082473278046e-03
2.223018884658813477e+00
1.240265488624572754e+00
2.610592246055603027e-01
0.000000000000000000e+00
3.071568161249160767e-02
4.387554228305816650e-01
2.574497163295745850e-01
7.417687214910984039e-03
1.349781990051269531e+00
5.462780475616455078e+00
9.618556499481201172e-01
1.741899400949478149e-01
6.825205087661743164e-01
2.569434344768524170e-01
1.245461627840995789e-01
7.571286708116531372e-02
9.449706226587295532e-02
0.000000000000000000e+00
1.757617443799972534e-01
3.498788774013519287e-01
4.780071675777435303e-01
0.000000000000000000e+00
4.236995801329612732e-02
9.663920402526855469e-01
2.608309686183929443e-01
6.653450131416320801e-01
0.000000000000000000e+00
2.557130157947540283e-01
1.346027135848999023e+00
1.382313072681427002e-01
2.212379217147827148e+00
0.000000000000000000e+00
2.154780924320220947e-01
2.035717368125915527e-01
0.000000000000000000e+00
4.238114058971405029e-01
1.217862963676452637e-02
0.000000000000000000e+00
5.804206728935241699e-01
2.522735297679901123e-01
2.418970456346869469e-03
0.000000000000000000e+00
2.726624011993408203e-01
4.706988856196403503e-02
3.163707628846168518e-02
3.136124908924102783e-01
1.606962561607360840e+00
2.892617881298065186e-01
9.902507066726684570e-01
7.874980568885803223e-01
3.217974305152893066e-02
0.000000000000000000e+00
3.516518771648406982e-01
3.092831075191497803e-01
7.278054356575012207e-01
1.428701281547546387e+00
2.584369853138923645e-02
9.872927330434322357e-04
2.138163447380065918e-01
7.951470017433166504e-01
1.826636679470539093e-02
1.191141963005065918e+00
1.901115328073501587e-01
1.788738556206226349e-02
1.402423018589615822e-03
6.695388555526733398e-01
0.000000000000000000e+00
1.005466878414154053e-01
2.208164520561695099e-02
9.309061765670776367e-01
1.707366853952407837e-01
0.000000000000000000e+00
3.240723609924316406e-01
1.996182352304458618e-01
1.742671489715576172e+00
1.891411900520324707e+00
5.211675167083740234e-01
1.376789927482604980e+00
1.553302288055419922e+00
8.003631955944001675e-05
3.304450213909149170e-01
1.583173036575317383e+00
3.703308105468750000e-01
5.815393850207328796e-02
6.877922415733337402e-01
1.947597973048686981e-02
0.000000000000000000e+00
1.002531126141548157e-02
1.252074688673019409e-01
9.402270913124084473e-01
4.609823226928710938e-01
5.313319683074951172e+00
2.214495658874511719e+00
9.621493220329284668e-01
0.000000000000000000e+00
1.108035326004028320e+00
5.064673349261283875e-02
0.000000000000000000e+00
0.000000000000000000e+00
1.374169141054153442e-01
1.600953489542007446e-01
0.000000000000000000e+00
0.000000000000000000e+00
2.287280187010765076e-02
1.145398616790771484e-01
1.045223951339721680e+00
1.308571577072143555e+00
0.000000000000000000e+00
1.102981939911842346e-01
7.808609008789062500e-01
0.000000000000000000e+00
6.200090050697326660e-01
0.000000000000000000e+00
1.769716851413249969e-02
1.399098396301269531e+00
3.843244016170501709e-01
1.472702741622924805e+00
2.918092012405395508e-01
1.232005357742309570e+00
6.581418961286544800e-02
3.494276106357574463e-01
0.000000000000000000e+00
6.949521303176879883e-01
2.010175466537475586e+00
0.000000000000000000e+00
0.000000000000000000e+00
3.230303525924682617e+00
9.330566227436065674e-02
8.982735276222229004e-01
3.803144395351409912e-01
1.825667321681976318e-01
5.312321782112121582e-01
0.000000000000000000e+00
3.208702087402343750e+00
4.359696209430694580e-01
3.355247378349304199e-01
8.898492455482482910e-01
1.417382001876831055e+00
0.000000000000000000e+00
2.277368068695068359e+00
0.000000000000000000e+00
2.258047461509704590e-03
2.255606055259704590e-01
0.000000000000000000e+00
7.722502946853637695e-02
2.056917361915111542e-02
1.273752003908157349e-01
8.662990480661392212e-02
3.819983825087547302e-02
7.956742644309997559e-01
1.431495308876037598e+00
4.880507010966539383e-03
1.431481540203094482e-01
2.263940274715423584e-01
1.051538228988647461e+00
0.000000000000000000e+00
1.059155818074941635e-02
0.000000000000000000e+00
2.680013477802276611e-01
8.791255354881286621e-01
1.547461390495300293e+00
6.764827668666839600e-02
2.064203739166259766e+00
2.826802665367722511e-04
3.381774127483367920e-01
1.778586655855178833e-01
5.614059045910835266e-02
2.805128097534179688e-01
2.538727130740880966e-03
1.151399970054626465e+00
1.941904306411743164e+00
1.640201508998870850e-01
3.440996885299682617e+00
0.000000000000000000e+00
8.760163784027099609e-01
1.670576445758342743e-02
1.052963882684707642e-01
2.725005522370338440e-02
2.114780426025390625e+00
6.209330558776855469e-01
0.000000000000000000e+00
8.727795630693435669e-02
6.695571541786193848e-01
2.390619367361068726e-01
1.638301610946655273e+00
3.920073211193084717e-01
6.852994859218597412e-02
2.637310028076171875e-01
2.436569146811962128e-02
8.456081151962280273e-01
4.279620200395584106e-02
6.140695139765739441e-02
4.298043996095657349e-02
5.769079327583312988e-01
1.694589972496032715e+00
0.000000000000000000e+00
2.845788300037384033e-01
4.051916673779487610e-02
7.907786369323730469e-01
1.665758192539215088e-01
3.297484517097473145e-01
7.417200803756713867e-01
0.000000000000000000e+00
3.524568974971771240e-01
1.035822272300720215e+00
3.288126317784190178e-03
3.450357913970947266e-01
2.399735927581787109e+00
1.331663131713867188e-01
0.000000000000000000e+00
6.011874228715896606e-02
2.377539157867431641e+00
7.409490346908569336e-01
1.212075710296630859e+00
6.584185957908630371e-01
2.785001754760742188e+00
3.400569200515747070e+00
2.318397760391235352e-01
3.995330259203910828e-02
4.218147397041320801e-01
0.000000000000000000e+00
1.251517534255981445e-01
