1.100576519966125488e-01
0.000000000000000000e+00
1.272297799587249756e-01
3.055232048034667969e+00
4.780568778514862061e-01
7.205721735954284668e-01
8.339396119117736816e-01
2.859837055206298828e+00
7.279116153717041016e+00
1.543120265007019043e+00
7.997914403676986694e-02
2.394936323165893555e+00
2.678750157356262207e-01
4.920083582401275635e-01
2.282927513122558594e+00
5.961440205574035645e-01
9.088942408561706543e-01
1.478832602500915527e+00
8.710409402847290039e-01
3.564643487334251404e-02
1.459213852882385254e+00
6.878894288092851639e-03
3.917026519775390625e-02
1.882345676422119141e+00
3.958242237567901611e-01
1.020271703600883484e-01
3.922527655959129333e-02
2.076672554016113281e+00
4.172168076038360596e-01
2.110679447650909424e-02
0.000000000000000000e+00
0.000000000000000000e+00
1.403734803199768066e+00
7.887485623359680176e-01
9.980641603469848633e-01
3.755782604217529297e+00
2.412190437316894531e-01
2.926477976143360138e-02
1.288544416427612305e+00
1.207353711128234863e+00
8.134591579437255859e-01
8.251572251319885254e-01
2.211917787790298462e-01
3.687767028808593750e+00
3.003532886505126953e-01
1.602346777915954590e+00
7.879341244697570801e-01
1.523003816604614258e+00
1.694367080926895142e-01
2.184534788131713867e+00
2.819724559783935547e+00
0.000000000000000000e+00
8.807913661003112793e-01
5.297677591443061829e-02
1.216016650199890137e+00
5.212440341711044312e-02
7.473741769790649414e-01
4.251596927642822266e-01
8.427450656890869141e-01
1.156251598149538040e-02
0.000000000000000000e+00
3.085186183452606201e-01
6.931434385478496552e-03
3.140848875045776367e-01
1.454869031906127930e+00
5.523596704006195068e-02
4.740046337246894836e-03
6.476074457168579102e-01
1.503258824348449707e+00
5.703349411487579346e-02
6.303912401199340820e-02
0.000000000000000000e+00
3.682557642459869385e-01
1.294368147850036621e+00
5.597516521811485291e-02
6.217088103294372559e-01
0.000000000000000000e+00
1.407038807868957520e+00
5.309572815895080566e-01
1.583992719650268555e+00
0.000000000000000000e+00
1.191283702850341797e+00
1.765065550804138184e+00
1.443793475627899170e-01
2.896513223648071289e+00
3.312648534774780273e-01
1.221779465675354004e+00
1.992095634341239929e-02
6.618894338607788086e-01
2.591583132743835449e-02
7.805392891168594360e-02
3.725419193506240845e-02
0.000000000000000000e+00
4.306120797991752625e-03
2.355344742536544800e-01
1.598161906003952026e-01
1.500182151794433594e+00
1.821207404136657715e-01
2.480532974004745483e-01
0.000000000000000000e+00
1.424201112240552902e-02
1.127871219068765640e-02
3.234237059950828552e-02
1.438061714172363281e+00
8.501218557357788086e-01
1.950811296701431274e-01
2.676717281341552734e+00
1.284040331840515137e+00
5.461888909339904785e-01
5.154432058334350586e-01
1.199138402938842773e+00
0.000000000000000000e+00
9.780101776123046875e-01
7.854298949241638184e-01
8.607356548309326172e-01
1.621318310499191284e-01
4.274388551712036133e-01
4.386252462863922119e-01
7.455768585205078125e-01
2.467420339584350586e+00
5.543875098228454590e-01
2.114863395690917969e-01
2.514426782727241516e-02
1.900250554084777832e+00
6.180420517921447754e-01
6.252182126045227051e-01
0.000000000000000000e+00
5.645587444305419922e-01
2.296417713165283203e+00
6.725869327783584595e-02
4.537886008620262146e-02
1.278541207313537598e+00
6.297488212585449219e-01
5.059927105903625488e-01
6.102240085601806641e-01
4.959442093968391418e-02
9.356351941823959351e-02
5.537474155426025391e+00
0.000000000000000000e+00
1.214063018560409546e-01
3.080341517925262451e-01
5.363562107086181641e-01
1.244971275329589844e+00
1.208355184644460678e-02
4.331389500293880701e-04
1.161440014839172363e-01
9.071782827377319336e-01
1.505210638046264648e+00
4.725696742534637451e-01
0.000000000000000000e+00
6.603701591491699219e+00
8.344410359859466553e-02
7.650361061096191406e-01
4.653774201869964600e-01
2.225913763046264648e+00
3.428203821182250977e+00
1.089205443859100342e-01
2.608365714550018311e-01
2.710331201553344727e+00
6.136661171913146973e-01
1.689179837703704834e-01
1.683902144432067871e+00
1.200389504432678223e+00
5.025272816419601440e-02
8.564004302024841309e-01
3.050252795219421387e-01
4.224391595926135778e-04
0.000000000000000000e+00
1.754369378089904785e+00
3.183833360671997070e+00
9.236868619918823242e-01
2.113386094570159912e-01
1.411748975515365601e-01
1.859923601150512695e+00
6.766622066497802734e-01
7.786890029907226562e+00
5.267520900815725327e-03
2.779693529009819031e-02
1.821251064538955688e-01
3.172076940536499023e-01
6.642232649028301239e-03
2.909595891833305359e-02
5.476756095886230469e-01
3.599387645721435547e+00
1.892575025558471680e-01
5.290018022060394287e-02
3.699427247047424316e-01
1.244603872299194336e+00
0.000000000000000000e+00
1.183405593037605286e-01
0.000000000000000000e+00
3.113805502653121948e-02
1.049142003059387207e+00
6.616622805595397949e-01
1.534478425979614258e+00
4.764848053455352783e-01
7.164583802223205566e-01
3.336789309978485107e-01
2.646197378635406494e-01
7.935948371887207031e-01
1.993451714515686035e+00
3.013235628604888916e-01
3.419937491416931152e-01
3.897462487220764160e-01
1.056407928466796875e+00
3.095624744892120361e-01
1.039394259452819824e+00
4.805852472782135010e-02
2.921266853809356689e-01
1.724865794181823730e+00
2.283827587962150574e-02
2.671303451061248779e-01
1.589890480041503906e+00
1.727028489112854004e+00
1.774198412895202637e+00
9.425638914108276367e-01
8.407022058963775635e-02
3.311640396714210510e-02
2.359625577926635742e+00
7.333374023437500000e-01
0.000000000000000000e+00
9.576019644737243652e-02
7.101384997367858887e-01
4.451565444469451904e-03
3.579905331134796143e-01
0.000000000000000000e+00
2.865170687437057495e-02
7.424205541610717773e-01
1.339391916990280151e-01
1.474441401660442352e-02
1.806952506303787231e-01
1.824758648872375488e-01
2.530422449111938477e+00
2.592120409011840820e+00
5.059971809387207031e-01
2.048075675964355469e+00
3.328764438629150391e+00
2.465797662734985352e-01
4.128606319427490234e-01
1.118438363075256348e+00
3.673411309719085693e-01
3.986287117004394531e-02
5.113937705755233765e-02
2.330274581909179688e+00
1.308418512344360352e+00
5.375860333442687988e-01
4.223170280456542969e-01
4.523143544793128967e-02
1.087177157402038574e+00
2.065318584442138672e+00
0.000000000000000000e+00
3.152636885643005371e-01
0.000000000000000000e+00
1.905529737472534180e+00
1.509753942489624023e+00
0.000000000000000000e+00
2.568657994270324707e-01
0.000000000000000000e+00
1.188718453049659729e-01
3.400344774127006531e-02
1.594447255134582520e+00
6.762974858283996582e-01
3.288612700998783112e-03
0.000000000000000000e+00
0.000000000000000000e+00
0.000000000000000000e+00
3.052462816238403320e+00
5.614408757537603378e-03
1.202952861785888672e+00
1.369865238666534424e-01
2.325864553451538086e+00
0.000000000000000000e+00
9.086123704910278320e-01
2.498248815536499023e-01
1.400023349560797215e-03
4.223659336566925049e-01
2.647813176736235619e-03
1.101326704025268555e+00
1.660935997962951660e+00
2.419769912958145142e-01
4.049747809767723083e-02
1.272849440574645996e-01
1.826481074094772339e-01
3.617932498455047607e-01
6.288828849792480469e-01
1.675208806991577148e+00
2.656689643859863281e+00
5.269976332783699036e-03
3.591498732566833496e-02
6.490355823189020157e-03
2.356891870498657227e+00
2.404308795928955078e+00
9.069914370775222778e-02
0.000000000000000000e+00
6.271030008792877197e-02
6.895447373390197754e-01
1.080071091651916504e+00
5.229813978075981140e-02
1.989743709564208984e+00
5.465478897094726562e+00
7.415274381637573242e-01
4.886237978935241699e-01
5.560225844383239746e-01
7.343191504478454590e-01
2.090705558657646179e-02
1.719663143157958984e-01
3.465277329087257385e-02
0.000000000000000000e+00
2.897705510258674622e-02
9.876211732625961304e-02
1.223804950714111328e+00
0.000000000000000000e+00
0.000000000000000000e+00
1.802138209342956543e+00
4.163697659969329834e-01
3.453362882137298584e-01
0.000000000000000000e+00
5.333783105015754700e-02
1.791527509689331055e+00
5.081668496131896973e-01
1.371344208717346191e+00
0.000000000000000000e+00
4.505787193775177002e-01
2.669614553451538086e-01
0.000000000000000000e+00
8.226473927497863770e-01
2.709457278251647949e-02
0.000000000000000000e+00
8.147443532943725586e-01
3.034354448318481445e-01
1.371085457503795624e-02
0.000000000000000000e+00
1.161711812019348145e+00
1.753230094909667969e-01
1.738042198121547699e-02
3.879243731498718262e-01
1.608953118324279785e+00
1.909998245537281036e-02
1.254128217697143555e+00
1.135276556015014648e+00
3.470524251461029053e-01
2.527750330045819283e-03
5.515798926353454590e-01
7.348327338695526123e-02
4.187069237232208252e-01
1.351854920387268066e+00
1.893390715122222900e-01
0.000000000000000000e+00
3.330866992473602295e-01
1.361348628997802734e+00
1.566825360059738159e-01
1.710466623306274414e+00
5.795295834541320801e-01
1.493783444166183472e-01
9.530933201313018799e-02
3.777230679988861084e-01
0.000000000000000000e+00
1.218102127313613892e-01
0.000000000000000000e+00
1.491581797599792480e+00
1.771218776702880859e-01
3.262355551123619080e-02
4.602736830711364746e-01
8.311082124710083008e-01
1.750174999237060547e+00
1.632956981658935547e+00
7.207947969436645508e-01
1.517831087112426758e+00
2.224903106689453125e+00
8.105990476906299591e-03
8.722404837608337402e-01
1.956526756286621094e+00
8.679916858673095703e-01
3.442433848977088928e-02
1.275855064392089844e+00
2.486111782491207123e-02
1.170587539672851562e-02
3.906488791108131409e-02
3.584887832403182983e-03
5.258938670158386230e-01
2.450756728649139404e-01
3.425118446350097656e+00
2.062566280364990234e+00
1.084559202194213867e+00
0.000000000000000000e+00
2.806853950023651123e-01
0.000000000000000000e+00
9.475214406847953796e-03
0.000000000000000000e+00
2.181762158870697021e-01
1.497896462678909302e-01
4.229287803173065186e-02
0.000000000000000000e+00
1.230775937438011169e-01
7.377130445092916489e-03
1.089107155799865723e+00
1.799244165420532227e+00
1.810282701626420021e-03
1.111963391304016113e-01
1.281707525253295898e+00
8.846868574619293213e-02
1.335779547691345215e+00
1.866037957370281219e-03
4.301511868834495544e-02
1.179055094718933105e+00
4.446675777435302734e-01
1.077398061752319336e+00
3.376870974898338318e-02
1.298497676849365234e+00
2.071752101182937622e-01
2.560394704341888428e-01
0.000000000000000000e+00
4.152533113956451416e-01
1.863204240798950195e+00
5.429406836628913879e-02
0.000000000000000000e+00
4.458204746246337891e+00
3.542416095733642578e-01
1.258907318115234375e+00
2.540838122367858887e-01
1.548192203044891357e-01
5.730047821998596191e-01
3.424827242270112038e-03
2.921007156372070312e+00
6.169125437736511230e-01
3.731876313686370850e-01
7.902696132659912109e-01
1.700476169586181641e+00
0.000000000000000000e+00
2.429602384567260742e+00
0.000000000000000000e+00
1.052902042865753174e-01
4.580656886100769043e-01
0.000000000000000000e+00
3.454995751380920410e-01
1.692486554384231567e-01
9.665481001138687134e-02
3.846935182809829712e-02
6.189069747924804688e-01
8.249114751815795898e-01
1.102690339088439941e+00
0.000000000000000000e+00
3.232758641242980957e-01
3.248916566371917725e-01
6.868433952331542969e-01
0.000000000000000000e+00
0.000000000000000000e+00
0.000000000000000000e+00
2.770151793956756592e-01
1.927377581596374512e+00
1.208025097846984863e+00
5.320755392313003540e-02
1.879149317741394043e+00
2.535940706729888916e-02
5.735934972763061523e-01
6.582497954368591309e-01
5.294253826141357422e-01
2.596668712794780731e-02
0.000000000000000000e+00
1.637324690818786621e+00
1.575502276420593262e+00
2.347436547279357910e-01
3.064882516860961914e+00
2.251167595386505127e-02
1.094141602516174316e+00
2.846795134246349335e-02
1.926826089620590210e-01
3.355973586440086365e-02
2.484522342681884766e+00
7.063968777656555176e-01
0.000000000000000000e+00
7.850974798202514648e-02
3.679872155189514160e-01
4.129603207111358643e-01
2.723814010620117188e+00
6.908550262451171875e-01
1.569998711347579956e-01
5.405520796775817871e-01
9.864344447851181030e-02
1.272165656089782715e+00
7.821979373693466187e-02
6.405767053365707397e-02
6.526337563991546631e-02
1.607064962387084961e+00
1.015271902084350586e+00
5.502406507730484009e-03
1.788528114557266235e-01
2.239116467535495758e-02
1.444076180458068848e+00
3.669396936893463135e-01
9.170585274696350098e-01
4.558276534080505371e-01
0.000000000000000000e+00
7.183403521776199341e-02
1.269677162170410156e+00
2.019859999418258667e-01
4.893709123134613037e-01
2.898228883743286133e+00
1.487637013196945190e-01
0.000000000000000000e+00
2.682687640190124512e-01
3.615152120590209961e+00
1.296902060508728027e+00
1.809326171875000000e+00
7.613325119018554688e-01
2.781261444091796875e+00
1.745967268943786621e+00
1.026058673858642578e+00
2.899327315390110016e-02
5.837770700454711914e-01
0.000000000000000000e+00
1.589130610227584839e-01
