1.117969281040132046e-03
0.000000000000000000e+00
4.621765613555908203e-01
2.274597167968750000e+00
8.622069954872131348e-01
1.507602930068969727e-01
1.224442124366760254e+00
3.180481433868408203e+00
7.214927196502685547e+00
1.334889650344848633e+00
1.028031855821609497e-01
1.718312144279479980e+00
3.685909807682037354e-01
1.298801302909851074e+00
2.516821861267089844e+00
1.011404156684875488e+00
8.663057684898376465e-01
1.886784076690673828e+00
1.558006763458251953e+00
1.886954605579376221e-01
1.220864295959472656e+00
0.000000000000000000e+00
2.737686596810817719e-02
2.669859647750854492e+00
4.917011559009552002e-01
4.720173403620719910e-02
1.895717717707157135e-02
2.223005294799804688e+00
3.650467395782470703e-01
1.906298846006393433e-01
2.292729681357741356e-03
2.367559447884559631e-02
8.577027320861816406e-01
2.512908577919006348e-01
4.855389520525932312e-02
3.008454799652099609e+00
2.925116121768951416e-01
1.958513408899307251e-01
8.819701075553894043e-01
7.162922024726867676e-01
6.033370494842529297e-01
4.482342302799224854e-01
6.110670566558837891e-01
3.981782674789428711e+00
5.987327098846435547e-01
1.717072129249572754e+00
6.964404881000518799e-02
7.696515917778015137e-01
2.949685156345367432e-01
1.434840440750122070e+00
2.446868658065795898e+00
0.000000000000000000e+00
7.689089179039001465e-01
1.705814450979232788e-01
1.434494018554687500e+00
2.337347418069839478e-01
1.063035488128662109e+00
4.499672651290893555e-01
9.053536057472229004e-01
1.004378031939268112e-02
5.057346820831298828e-02
7.745842337608337402e-01
7.486288668587803841e-04
5.024632215499877930e-01
1.562877655029296875e+00
8.083240129053592682e-03
4.337221384048461914e-03
3.471190333366394043e-01
5.020005106925964355e-01
5.785343647003173828e-01
0.000000000000000000e+00
2.069085603579878807e-03
2.863722443580627441e-01
3.993038833141326904e-01
6.149139404296875000e-01
7.149806022644042969e-01
1.558305579237639904e-03
9.716355800628662109e-01
1.059862732887268066e+00
8.187556266784667969e-01
0.000000000000000000e+00
1.139199495315551758e+00
1.878425359725952148e+00
4.855078086256980896e-02
2.570902824401855469e+00
1.313809603452682495e-01
4.483830630779266357e-01
2.380943484604358673e-02
6.511713266372680664e-01
2.935836650431156158e-02
1.017883569002151489e-01
3.898877277970314026e-02
0.000000000000000000e+00
0.000000000000000000e+00
1.325470685958862305e+00
4.199467226862907410e-02
1.155029773712158203e+00
1.073464632034301758e+00
1.885485053062438965e-01
8.392561227083206177e-03
7.079918403178453445e-03
2.403226941823959351e-01
9.888842701911926270e-02
9.696004390716552734e-01
8.702784180641174316e-01
4.774268567562103271e-01
1.753431200981140137e+00
3.971022367477416992e-01
1.543308794498443604e-01
3.557608425617218018e-01
1.511664509773254395e+00
3.981509804725646973e-02
9.834681153297424316e-01
8.507583737373352051e-01
7.003033757209777832e-01
6.680089235305786133e-02
3.755333274602890015e-02
1.979595124721527100e-01
1.158780694007873535e+00
2.167856931686401367e+00
8.116912841796875000e-01
6.202169135212898254e-02
3.977021202445030212e-02
1.644620776176452637e+00
5.592713952064514160e-01
6.383110880851745605e-01
0.000000000000000000e+00
1.217760369181632996e-01
2.410785436630249023e+00
0.000000000000000000e+00
0.000000000000000000e+00
8.669427037239074707e-01
2.891046106815338135e-01
1.826073527336120605e-01
3.854721412062644958e-02
6.040604785084724426e-02
3.290234208106994629e-01
4.809624195098876953e+00
0.000000000000000000e+00
0.000000000000000000e+00
1.196076124906539917e-01
3.651919364929199219e-01
1.777616024017333984e+00
0.000000000000000000e+00
1.479097604751586914e-01
4.013142362236976624e-02
5.323500037193298340e-01
1.398451805114746094e+00
4.558951258659362793e-01
1.242950260639190674e-01
5.698409557342529297e+00
2.583369910717010498e-01
6.384742259979248047e-01
5.470353364944458008e-01
3.037856101989746094e+00
1.695665717124938965e+00
1.370379626750946045e-01
3.489236235618591309e-01
2.479752779006958008e+00
2.799242734909057617e-01
3.816743567585945129e-02
1.492389082908630371e+00
7.959776520729064941e-01
1.091426089406013489e-01
7.400203347206115723e-01
1.205416545271873474e-01
0.000000000000000000e+00
0.000000000000000000e+00
1.035120844841003418e+00
3.009272098541259766e+00
8.897075057029724121e-01
2.723143436014652252e-02
0.000000000000000000e+00
1.263048768043518066e+00
3.547692000865936279e-01
7.595386505126953125e+00
0.000000000000000000e+00
9.437516564503312111e-04
1.063931733369827271e-02
1.772534996271133423e-01
1.613314263522624969e-02
2.760712616145610809e-02
4.599861502647399902e-01
2.703151702880859375e+00
1.461193412542343140e-01
6.180797144770622253e-02
2.943972647190093994e-01
1.426017880439758301e+00
0.000000000000000000e+00
9.587934613227844238e-02
0.000000000000000000e+00
3.728180378675460815e-02
8.225708007812500000e-01
2.312303632497787476e-01
4.546907246112823486e-01
2.732185125350952148e-01
7.015770077705383301e-01
3.563257157802581787e-01
5.395899713039398193e-02
1.772221684455871582e+00
1.409669518470764160e+00
8.420905470848083496e-02
1.225253865122795105e-01
8.533949255943298340e-01
2.724760770797729492e-01
2.982360497117042542e-02
3.207592070102691650e-01
1.030964078381657600e-03
5.035281181335449219e-01
1.354293465614318848e+00
2.567438408732414246e-03
3.647785186767578125e-01
1.035567164421081543e+00
1.597562074661254883e+00
1.046845912933349609e+00
4.210380017757415771e-01
2.407832741737365723e-01
3.351814448833465576e-01
1.611228704452514648e+00
1.357923984527587891e+00
2.838710090145468712e-03
9.571170806884765625e-02
7.877709865570068359e-01
2.908463776111602783e-02
5.255961418151855469e-01
0.000000000000000000e+00
4.864948391914367676e-01
2.680096924304962158e-01
0.000000000000000000e+00
0.000000000000000000e+00
5.145761966705322266e-01
2.540492713451385498e-01
2.490435838699340820e+00
1.555128455162048340e+00
1.242139935493469238e+00
9.144310355186462402e-01
2.235804557800292969e+00
6.231687664985656738e-01
0.000000000000000000e+00
8.801722526550292969e-01
5.645983815193176270e-01
7.024952024221420288e-02
1.893137954175472260e-02
3.311210632324218750e+00
7.992607951164245605e-01
4.590213894844055176e-01
9.999148249626159668e-01
2.729510143399238586e-02
1.656795740127563477e+00
1.249261975288391113e+00
1.792498379945755005e-01
1.781791597604751587e-01
0.000000000000000000e+00
9.441574811935424805e-01
1.040467739105224609e+00
0.000000000000000000e+00
1.534809824079275131e-02
0.000000000000000000e+00
3.405132144689559937e-02
2.847949229180812836e-02
5.550168156623840332e-01
5.708168148994445801e-01
4.002342000603675842e-02
3.141150251030921936e-02
0.000000000000000000e+00
0.000000000000000000e+00
2.479764223098754883e+00
0.000000000000000000e+00
1.132710218429565430e+00
0.000000000000000000e+00
1.620300292968750000e+00
0.000000000000000000e+00
1.204487562179565430e+00
1.564617082476615906e-02
1.263197604566812515e-02
6.153984069824218750e-01
0.000000000000000000e+00
3.288566768169403076e-01
6.655268669128417969e-01
3.935848549008369446e-02
1.508737821131944656e-02
5.203049778938293457e-01
1.722250133752822876e-01
2.124343514442443848e-01
3.392006158828735352e-01
1.363225460052490234e+00
1.361116647720336914e+00
1.213156385347247124e-03
2.752647399902343750e-01
1.741281710565090179e-02
1.737072944641113281e+00
1.847918510437011719e+00
2.449181526899337769e-01
3.131731878966093063e-03
1.599781662225723267e-01
4.855852127075195312e-01
5.299533009529113770e-01
6.851488351821899414e-02
1.891209602355957031e+00
5.497466087341308594e+00
5.899637937545776367e-01
1.394712030887603760e-01
9.752369485795497894e-03
3.355492651462554932e-01
8.262027800083160400e-02
3.468836471438407898e-02
9.239857085049152374e-03
0.000000000000000000e+00
1.601642817258834839e-01
6.877388060092926025e-02
1.160862922668457031e+00
0.000000000000000000e+00
2.608959972858428955e-01
1.490583777427673340e+00
8.694386482238769531e-02
1.109926581382751465e+00
0.000000000000000000e+00
2.599937617778778076e-01
1.676660299301147461e+00
5.036470666527748108e-02
2.207297325134277344e+00
0.000000000000000000e+00
9.448678791522979736e-02
2.101094871759414673e-01
0.000000000000000000e+00
9.706078171730041504e-01
1.776110194623470306e-02
0.000000000000000000e+00
8.997411727905273438e-01
2.700966298580169678e-01
0.000000000000000000e+00
0.000000000000000000e+00
1.747982203960418701e-01
1.332032680511474609e-01
1.168485730886459351e-01
5.398032665252685547e-01
1.999212861061096191e+00
1.870055496692657471e-02
3.924594223499298096e-01
1.055925250053405762e+00
1.087897494435310364e-01
0.000000000000000000e+00
3.221544027328491211e-01
1.387040615081787109e-01
7.963616251945495605e-01
8.010684847831726074e-01
2.424063906073570251e-02
0.000000000000000000e+00
2.538918554782867432e-01
9.696658253669738770e-01
1.469821780920028687e-01
1.311530470848083496e+00
4.151862561702728271e-01
2.437479645013809204e-01
1.867193281650543213e-01
1.091318607330322266e+00
0.000000000000000000e+00
3.000659942626953125e-01
4.033970646560192108e-03
8.869010806083679199e-01
1.463243663311004639e-01
1.840487122535705566e-01
1.584032624959945679e-01
8.233180046081542969e-01
2.406303882598876953e+00
1.013509511947631836e+00
1.001991331577301025e-01
1.375657916069030762e+00
1.676519751548767090e+00
0.000000000000000000e+00
7.844789028167724609e-01
1.335617542266845703e+00
5.364747047424316406e-01
5.947808735072612762e-03
7.495511174201965332e-01
3.493186086416244507e-03
1.225053444504737854e-01
0.000000000000000000e+00
1.473272442817687988e-01
6.023927330970764160e-01
0.000000000000000000e+00
2.637638568878173828e+00
2.308360576629638672e+00
6.504889130592346191e-01
0.000000000000000000e+00
5.012225508689880371e-01
6.134877447038888931e-03
0.000000000000000000e+00
0.000000000000000000e+00
2.892981842160224915e-02
2.620289027690887451e-01
7.264351844787597656e-02
7.732451194897294044e-04
1.877715736627578735e-01
0.000000000000000000e+00
3.623226583003997803e-01
2.801067352294921875e+00
3.714097663760185242e-02
4.515533894300460815e-02
1.053417563438415527e+00
9.257003664970397949e-02
1.312551975250244141e+00
3.923051059246063232e-02
6.801514327526092529e-02
1.052202701568603516e+00
2.606738507747650146e-01
6.052523255348205566e-01
1.991551071405410767e-01
1.732073664665222168e+00
5.492917299270629883e-01
9.279225766658782959e-02
0.000000000000000000e+00
5.557348132133483887e-01
1.824312329292297363e+00
2.616064995527267456e-02
2.327105589210987091e-02
3.642772912979125977e+00
0.000000000000000000e+00
6.677819490432739258e-01
1.327493041753768921e-01
3.640534728765487671e-02
5.273544192314147949e-01
2.625936176627874374e-03
2.634163618087768555e+00
7.319390773773193359e-01
6.953875422477722168e-01
1.129722118377685547e+00
7.269416451454162598e-01
1.090315170586109161e-02
2.000728845596313477e+00
1.922093518078327179e-02
9.319064766168594360e-02
7.382253557443618774e-02
0.000000000000000000e+00
9.353448636829853058e-03
5.736773610115051270e-01
1.969670057296752930e-01
0.000000000000000000e+00
6.472690701484680176e-01
6.264289617538452148e-01
1.357015252113342285e+00
0.000000000000000000e+00
1.527721732854843140e-01
3.083462826907634735e-02
1.006593227386474609e+00
2.055825665593147278e-03
8.542710565961897373e-04
1.433989852666854858e-01
2.917162775993347168e-01
1.092987775802612305e+00
1.429508924484252930e+00
1.104062870144844055e-01
1.881500720977783203e+00
0.000000000000000000e+00
1.170131802558898926e+00
5.055798888206481934e-01
1.119294986128807068e-01
2.996058203279972076e-03
0.000000000000000000e+00
1.565827369689941406e+00
1.283272862434387207e+00
7.117843627929687500e-02
3.004516124725341797e+00
0.000000000000000000e+00
1.723587274551391602e+00
0.000000000000000000e+00
4.291487485170364380e-02
1.703559234738349915e-02
1.614582061767578125e+00
7.327520847320556641e-01
0.000000000000000000e+00
4.864519834518432617e-01
2.132373154163360596e-01
7.959248125553131104e-02
3.113696575164794922e+00
4.891439974308013916e-01
1.131748314946889877e-03
5.625276565551757812e-01
1.757111847400665283e-01
1.277979969978332520e+00
6.245524287223815918e-01
1.708338409662246704e-02
1.798503547906875610e-01
1.814937114715576172e+00
6.241170167922973633e-01
0.000000000000000000e+00
2.873198091983795166e-01
1.803873479366302490e-02
7.989194989204406738e-01
3.894197344779968262e-01
8.623067736625671387e-01
3.060161769390106201e-01
9.907865896821022034e-03
1.088832840323448181e-01
1.044485926628112793e+00
0.000000000000000000e+00
5.093917250633239746e-01
2.332346916198730469e+00
3.510473668575286865e-02
6.351295858621597290e-03
6.385102272033691406e-01
3.043523073196411133e+00
5.468755364418029785e-01
6.607271432876586914e-01
5.215229988098144531e-01
2.300973892211914062e+00
2.160114049911499023e+00
7.295020818710327148e-01
1.781599819660186768e-01
5.145103335380554199e-01
0.000000000000000000e+00
7.327283266931772232e-03
