5.270645618438720703e-01
0.000000000000000000e+00
4.273818433284759521e-01
3.053803920745849609e+00
7.165572643280029297e-01
4.127099514007568359e-01
6.244885325431823730e-01
2.364534854888916016e+00
6.182002544403076172e+00
1.543106079101562500e+00
2.475617686286568642e-03
2.190803766250610352e+00
1.498644053936004639e-02
9.543662071228027344e-01
2.322182655334472656e+00
9.082641601562500000e-01
1.381266713142395020e+00
1.555451154708862305e+00
1.118591666221618652e+00
8.112267591059207916e-03
2.013668298721313477e+00
1.146533247083425522e-02
4.095556139945983887e-01
3.397671699523925781e+00
2.706446051597595215e-01
1.597456075251102448e-02
1.510243415832519531e-01
2.552914381027221680e+00
1.917811185121536255e-01
8.144809305667877197e-02
2.474398165941238403e-02
1.965282708406448364e-01
5.886635780334472656e-01
8.961644172668457031e-01
2.740894258022308350e-01
3.596390008926391602e+00
5.824139118194580078e-01
2.599371671676635742e-01
3.465560078620910645e-01
5.724040269851684570e-01
5.247774347662925720e-02
2.931314408779144287e-01
1.019129633903503418e+00
3.532099962234497070e+00
6.157076358795166016e-01
1.226081252098083496e+00
2.660240530967712402e-01
4.390106201171875000e-01
7.085243612527847290e-02
8.748586177825927734e-01
2.893365383148193359e+00
0.000000000000000000e+00
1.404844760894775391e+00
1.003291606903076172e-01
1.265634179115295410e+00
8.281072378158569336e-01
9.885104298591613770e-01
1.050864346325397491e-03
2.314606904983520508e+00
1.736893057823181152e-01
8.743935823440551758e-02
1.066900864243507385e-01
2.893701493740081787e-01
1.039500117301940918e+00
1.286795854568481445e+00
2.098304927349090576e-01
6.774914264678955078e-02
5.578811764717102051e-01
8.362081050872802734e-01
7.666766047477722168e-01
0.000000000000000000e+00
4.347726237028837204e-03
3.664844930171966553e-01
1.177635431289672852e+00
1.891071498394012451e-01
1.641669273376464844e+00
0.000000000000000000e+00
9.708316922187805176e-01
3.112381994724273682e-01
5.680434703826904297e-01
1.393562997691333294e-03
5.519995093345642090e-01
1.858075499534606934e+00
2.079011499881744385e-01
1.494608759880065918e+00
1.057557389140129089e-01
1.068017005920410156e+00
2.637488022446632385e-02
1.587637782096862793e+00
4.841136746108531952e-03
8.804372698068618774e-02
4.785715788602828979e-02
0.000000000000000000e+00
0.000000000000000000e+00
5.955030918121337891e-01
2.056174278259277344e-01
1.072422266006469727e+00
6.905009746551513672e-01
9.079243987798690796e-02
0.000000000000000000e+00
1.737375743687152863e-02
5.094192624092102051e-01
8.446330903097987175e-04
1.095727920532226562e+00
1.185767650604248047e+00
5.150438845157623291e-02
1.265528321266174316e+00
4.396881461143493652e-01
8.666508793830871582e-01
2.423300445079803467e-01
1.301628828048706055e+00
7.049430161714553833e-02
1.203067779541015625e+00
3.456622362136840820e-01
7.771363258361816406e-01
1.566086150705814362e-02
2.700235322117805481e-02
3.806837797164916992e-01
1.055560469627380371e+00
3.052277565002441406e+00
1.745117783546447754e+00
5.944269895553588867e-01
1.839571148157119751e-01
1.869830846786499023e+00
1.428395748138427734e+00
5.733494758605957031e-01
1.632497995160520077e-03
4.350913465023040771e-01
2.082721948623657227e+00
2.907046079635620117e-01
7.080809026956558228e-02
1.159221768379211426e+00
4.311651885509490967e-01
9.385368227958679199e-02
4.448008537292480469e-01
6.364550907164812088e-03
4.732505679130554199e-01
5.514892578125000000e+00
0.000000000000000000e+00
2.170824259519577026e-01
2.300905436277389526e-01
2.306124567985534668e-01
7.217512726783752441e-01
9.629642590880393982e-03
1.437190622091293335e-01
5.296929478645324707e-01
9.669690728187561035e-01
7.912244200706481934e-01
7.426040768623352051e-01
2.009514570236206055e-01
5.187390804290771484e+00
4.133475124835968018e-01
3.298711776733398438e-01
4.774977564811706543e-01
2.528407335281372070e+00
1.147093057632446289e+00
6.156246662139892578e-01
4.440610408782958984e-01
1.706641197204589844e+00
6.316043734550476074e-01
3.000681698322296143e-01
1.457903265953063965e+00
6.606730818748474121e-01
7.810788601636886597e-02
8.158351778984069824e-01
4.367729425430297852e-01
1.265837717801332474e-02
0.000000000000000000e+00
1.777776837348937988e+00
2.925424575805664062e+00
2.471008002758026123e-01
3.253579735755920410e-01
1.048013493418693542e-01
7.064052224159240723e-01
5.386999249458312988e-01
7.652301311492919922e+00
8.055783808231353760e-02
6.701705860905349255e-04
4.535632953047752380e-02
3.986209034919738770e-01
5.063584446907043457e-02
8.726781606674194336e-02
8.617198467254638672e-02
3.121519088745117188e+00
1.385881658643484116e-02
0.000000000000000000e+00
1.021982505917549133e-01
1.510787963867187500e+00
0.000000000000000000e+00
2.553332149982452393e-01
0.000000000000000000e+00
1.302267462015151978e-01
1.110443353652954102e+00
3.903314173221588135e-01
5.689051151275634766e-01
9.105458855628967285e-01
4.500848352909088135e-01
2.226099073886871338e-01
4.410094022750854492e-01
8.800288438796997070e-01
1.798442840576171875e+00
5.990532636642456055e-01
1.676452159881591797e-01
5.926330089569091797e-01
5.043151378631591797e-01
4.524019360542297363e-02
2.523733377456665039e-01
3.416246734559535980e-03
5.618540644645690918e-01
1.293812513351440430e+00
3.988111913204193115e-01
6.111114621162414551e-01
7.083039283752441406e-01
1.088677167892456055e+00
9.692902565002441406e-01
8.793452978134155273e-01
4.965724050998687744e-01
3.429293334484100342e-01
1.320335507392883301e+00
9.185004830360412598e-01
5.178678315132856369e-03
2.225068658590316772e-01
5.682814717292785645e-01
4.940190538763999939e-02
3.151286542415618896e-01
0.000000000000000000e+00
1.769095659255981445e-01
5.862468481063842773e-01
1.239000540226697922e-02
5.523869767785072327e-02
1.167467534542083740e-01
4.035062491893768311e-01
1.362506508827209473e+00
1.961387276649475098e+00
6.438919901847839355e-01
8.669696450233459473e-01
2.493136405944824219e+00
5.649610161781311035e-01
0.000000000000000000e+00
1.389585852622985840e+00
1.873295754194259644e-01
2.080772966146469116e-01
8.419211953878402710e-02
3.182334423065185547e+00
8.087375760078430176e-01
2.252466976642608643e-01
5.369346737861633301e-01
0.000000000000000000e+00
1.200097084045410156e+00
7.668364048004150391e-01
4.850125014781951904e-01
3.955729007720947266e-01
5.728723108768463135e-02
1.238490700721740723e+00
1.251039385795593262e+00
9.126628749072551727e-03
9.680769406259059906e-03
0.000000000000000000e+00
2.763384282588958740e-01
6.252661347389221191e-02
1.385039210319519043e+00
5.045101046562194824e-02
5.522980540990829468e-02
9.989433921873569489e-03
0.000000000000000000e+00
7.782376557588577271e-02
1.576835274696350098e+00
6.359988451004028320e-02
5.780646950006484985e-02
1.794608682394027710e-01
1.510014772415161133e+00
1.329476572573184967e-02
9.270886778831481934e-01
4.424214065074920654e-01
7.144182175397872925e-02
4.864946240559220314e-04
3.440812528133392334e-01
8.805150985717773438e-01
1.220854878425598145e+00
6.794306635856628418e-02
9.736576676368713379e-02
3.331701159477233887e-01
7.730181515216827393e-02
7.351554930210113525e-02
2.121443748474121094e-01
1.320995330810546875e+00
1.095648884773254395e+00
0.000000000000000000e+00
6.051236391067504883e-01
1.742606796324253082e-02
1.681911230087280273e+00
1.455036640167236328e+00
2.943492233753204346e-01
1.721298992633819580e-01
4.397654235363006592e-01
4.398918747901916504e-01
6.543291211128234863e-01
1.065660193562507629e-01
1.610372543334960938e+00
5.084380149841308594e+00
8.497767448425292969e-01
5.115393996238708496e-01
4.340363144874572754e-01
4.132596850395202637e-01
3.449891926720738411e-03
1.114932913333177567e-02
3.535439819097518921e-02
0.000000000000000000e+00
0.000000000000000000e+00
5.922722220420837402e-01
8.727207183837890625e-01
0.000000000000000000e+00
1.590403169393539429e-01
1.271904230117797852e+00
1.348217278718948364e-01
1.113958716392517090e+00
0.000000000000000000e+00
2.067117393016815186e-01
5.955500602722167969e-01
2.534831762313842773e-01
1.789904952049255371e+00
0.000000000000000000e+00
2.039836794137954712e-01
3.311597108840942383e-01
7.277061045169830322e-02
8.685041069984436035e-01
8.846719749271869659e-03
0.000000000000000000e+00
8.514021039009094238e-01
4.824098050594329834e-01
0.000000000000000000e+00
0.000000000000000000e+00
1.248456314206123352e-01
5.200266838073730469e-03
1.415677554905414581e-02
3.691774308681488037e-01
1.253019213676452637e+00
3.593560457229614258e-01
8.921875357627868652e-01
9.509766697883605957e-01
9.245621971786022186e-03
2.870622836053371429e-02
4.496377706527709961e-01
2.770422399044036865e-02
6.167439818382263184e-01
8.289293646812438965e-01
1.410184204578399658e-01
2.115991525352001190e-02
7.557112574577331543e-01
7.693352699279785156e-01
8.014307171106338501e-02
1.099974751472473145e+00
5.317184329032897949e-02
1.874597743153572083e-02
1.036852821707725525e-01
8.526503443717956543e-01
9.208461269736289978e-03
1.731170713901519775e-01
8.815947920083999634e-03
3.877341374754905701e-02
6.734748482704162598e-01
2.009136788547039032e-02
1.071417570114135742e+00
9.013872742652893066e-01
1.545546412467956543e+00
4.910103976726531982e-01
2.592534720897674561e-01
1.722973823547363281e+00
2.389546155929565430e+00
0.000000000000000000e+00
4.682110249996185303e-01
1.647634625434875488e+00
9.553303718566894531e-01
2.555991709232330322e-01
1.278311133384704590e+00
2.983342856168746948e-02
1.569263488054275513e-01
5.365975084714591503e-04
4.213060438632965088e-01
9.370793700218200684e-01
1.705934852361679077e-02
2.577294826507568359e+00
1.523808836936950684e+00
9.856957197189331055e-01
7.358377333730459213e-03
5.057526826858520508e-01
0.000000000000000000e+00
0.000000000000000000e+00
0.000000000000000000e+00
7.298883795738220215e-02
1.355113238096237183e-01
0.000000000000000000e+00
3.071095125051215291e-05
1.604781448841094971e-01
2.462674528360366821e-01
3.530554473400115967e-01
2.074398756027221680e+00
2.231306210160255432e-02
3.034527413547039032e-02
1.444106698036193848e+00
1.987594962120056152e-01
1.634291648864746094e+00
0.000000000000000000e+00
2.333267331123352051e-01
9.166900515556335449e-01
7.262305915355682373e-02
1.220556139945983887e+00
1.765256971120834351e-01
1.361596584320068359e+00
2.093610912561416626e-01
3.084020614624023438e-01
3.339786489959806204e-04
2.706455290317535400e-01
1.702275753021240234e+00
1.100766956806182861e-01
5.560793280601501465e-01
3.034064292907714844e+00
1.654822677373886108e-01
6.530939340591430664e-01
3.535498678684234619e-01
2.901548892259597778e-02
3.696289062500000000e-01
0.000000000000000000e+00
2.265688896179199219e+00
1.346771240234375000e+00
8.656805753707885742e-01
1.230517745018005371e+00
1.390462756156921387e+00
2.676482498645782471e-02
1.045434474945068359e+00
3.276091068983078003e-02
2.062577307224273682e-01
1.147702243179082870e-02
8.395181968808174133e-03
4.150246828794479370e-02
2.809668183326721191e-01
1.084341853857040405e-01
0.000000000000000000e+00
1.812324672937393188e-01
3.640994429588317871e-01
2.149921178817749023e+00
0.000000000000000000e+00
3.834785521030426025e-01
5.086407661437988281e-01
8.336192369461059570e-01
0.000000000000000000e+00
1.147332228720188141e-02
2.017518579959869385e-01
8.072993755340576172e-01
1.727507710456848145e+00
5.539177060127258301e-01
3.408944308757781982e-01
1.414590001106262207e+00
5.022682994604110718e-02
1.097609639167785645e+00
4.051702469587326050e-02
2.228704392910003662e-01
3.546684384346008301e-01
1.366056734696030617e-03
1.883988380432128906e+00
1.858707189559936523e+00
2.021186947822570801e-01
2.630481958389282227e+00
5.261783674359321594e-02
9.835549592971801758e-01
2.255649864673614502e-01
1.334152519702911377e-01
8.618029952049255371e-01
1.192680120468139648e+00
4.736048877239227295e-01
1.385300606489181519e-01
5.692096352577209473e-01
2.820571959018707275e-01
9.306285530328750610e-02
3.156594276428222656e+00
7.685010433197021484e-01
2.063470929861068726e-01
2.387237101793289185e-01
1.281103640794754028e-01
4.967795014381408691e-01
1.272437721490859985e-01
9.377819485962390900e-03
9.105086326599121094e-03
1.423714280128479004e+00
4.922398030757904053e-01
9.727092832326889038e-02
1.372280623763799667e-02
7.332251965999603271e-02
1.663298726081848145e+00
3.309228122234344482e-01
5.527215451002120972e-02
4.278844967484474182e-02
5.260818079113960266e-02
4.410317242145538330e-01
7.810380458831787109e-01
2.733893692493438721e-02
3.896348178386688232e-01
2.428204774856567383e+00
2.385393977165222168e-01
2.892530709505081177e-02
1.305727213621139526e-01
2.292313098907470703e+00
2.614806890487670898e-01
3.909741044044494629e-01
5.559703111648559570e-01
2.214927434921264648e+00
1.555991053581237793e+00
6.960234045982360840e-01
2.810901403427124023e-01
7.518252134323120117e-01
0.000000000000000000e+00
1.816754112951457500e-03
