9.537160396575927734e-02
0.000000000000000000e+00
1.326826214790344238e-01
2.904946804046630859e+00
6.284598112106323242e-01
6.780372560024261475e-02
8.146586418151855469e-01
1.962902903556823730e+00
6.136504173278808594e+00
1.207496404647827148e+00
2.588604986667633057e-01
2.245345115661621094e+00
4.486794769763946533e-01
1.187587499618530273e+00
2.827421188354492188e+00
5.149613618850708008e-01
8.859331607818603516e-01
2.461282253265380859e+00
1.313950538635253906e+00
7.973457127809524536e-02
1.597656846046447754e+00
0.000000000000000000e+00
1.054405868053436279e-01
1.719257831573486328e+00
2.732681334018707275e-01
2.362697385251522064e-02
6.633868068456649780e-02
1.709369540214538574e+00
4.868371784687042236e-01
3.015156090259552002e-02
4.584791138768196106e-02
0.000000000000000000e+00
6.938485503196716309e-01
4.443184435367584229e-01
3.053184449672698975e-01
3.605296134948730469e+00
5.597885847091674805e-01
1.839636713266372681e-01
1.479741573333740234e+00
4.470528364181518555e-01
5.570185184478759766e-01
7.693157196044921875e-01
6.868646144866943359e-01
3.544276475906372070e+00
6.273373365402221680e-01
1.554050683975219727e+00
3.722441494464874268e-01
9.374921917915344238e-01
4.509584605693817139e-02
1.931524634361267090e+00
2.047069787979125977e+00
0.000000000000000000e+00
1.045182704925537109e+00
7.835292816162109375e-02
1.507455706596374512e+00
1.808987371623516083e-02
2.899121940135955811e-01
4.586807191371917725e-01
1.209177613258361816e+00
1.236702725291252136e-01
1.710133552551269531e-01
5.075110793113708496e-01
9.820321429288014770e-05
1.060687184333801270e+00
1.890146613121032715e+00
4.953286945819854736e-01
0.000000000000000000e+00
7.169175148010253906e-01
8.301743268966674805e-01
3.090558946132659912e-01
0.000000000000000000e+00
7.458812743425369263e-02
3.597485721111297607e-01
2.869488298892974854e-01
2.143631875514984131e-01
6.732348799705505371e-01
6.963747437112033367e-04
1.110030055046081543e+00
9.128919839859008789e-01
1.008164167404174805e+00
2.960028825327754021e-03
1.345018267631530762e+00
2.173452138900756836e+00
8.787668496370315552e-02
2.331969738006591797e+00
4.814612120389938354e-02
4.140321314334869385e-01
3.067589364945888519e-03
4.705414175987243652e-01
8.083972334861755371e-02
1.019323989748954773e-01
1.033060159534215927e-02
0.000000000000000000e+00
0.000000000000000000e+00
5.534572005271911621e-01
5.411743000149726868e-02
1.668772101402282715e+00
9.208961576223373413e-02
1.708923876285552979e-01
0.000000000000000000e+00
0.000000000000000000e+00
6.060470640659332275e-02
2.347194403409957886e-02
1.503792524337768555e+00
1.121296167373657227e+00
4.845060408115386963e-01
2.073785305023193359e+00
7.612262368202209473e-01
6.248982548713684082e-01
5.070374011993408203e-01
7.558922171592712402e-01
1.510673612356185913e-01
9.657212495803833008e-01
1.219262838363647461e+00
1.068371653556823730e+00
7.995045930147171021e-02
8.065255731344223022e-02
1.920531690120697021e-01
4.402813613414764404e-01
2.112664937973022461e+00
4.087731838226318359e-01
1.400636732578277588e-01
8.444023318588733673e-03
9.981661438941955566e-01
9.603286981582641602e-01
1.159289240837097168e+00
0.000000000000000000e+00
2.437921017408370972e-01
1.979238390922546387e+00
1.929236948490142822e-02
1.445277314633131027e-02
1.064064502716064453e+00
5.579917430877685547e-01
7.624584436416625977e-02
3.050664067268371582e-01
6.036182120442390442e-02
2.458035945892333984e-01
5.321124076843261719e+00
0.000000000000000000e+00
1.110402271151542664e-01
2.182922661304473877e-01
6.080661416053771973e-01
1.878322482109069824e+00
0.000000000000000000e+00
1.349413543939590454e-01
1.267792135477066040e-01
5.708785057067871094e-01
1.410907983779907227e+00
8.526419401168823242e-01
6.195354461669921875e-02
5.704873085021972656e+00
4.948295056819915771e-01
6.513357162475585938e-01
9.599021673202514648e-01
2.048135519027709961e+00
1.804152488708496094e+00
1.702054589986801147e-01
1.501276940107345581e-01
2.438786745071411133e+00
1.846953779458999634e-01
1.665040850639343262e-01
2.261424064636230469e+00
1.075705170631408691e+00
2.342174053192138672e-01
8.496435284614562988e-01
5.266726016998291016e-02
0.000000000000000000e+00
0.000000000000000000e+00
1.303761005401611328e+00
3.800192594528198242e+00
8.473545312881469727e-01
3.339232206344604492e-01
2.913653850555419922e-02
1.080924034118652344e+00
4.104105830192565918e-01
7.898084640502929688e+00
0.000000000000000000e+00
4.959753248840570450e-03
5.198731087148189545e-03
4.713194668292999268e-01
1.956104114651679993e-02
1.088245809078216553e-01
1.716952174901962280e-01
2.956294059753417969e+00
5.341586843132972717e-02
6.933588534593582153e-02
2.435234561562538147e-02
1.270335912704467773e+00
0.000000000000000000e+00
1.459175944328308105e-01
0.000000000000000000e+00
8.372882753610610962e-02
8.859229683876037598e-01
5.215950608253479004e-01
6.403475403785705566e-01
4.871681928634643555e-01
5.500373244285583496e-01
3.374367952346801758e-01
6.646189093589782715e-01
1.366658091545104980e+00
2.167274951934814453e+00
1.733894497156143188e-01
2.257061302661895752e-01
6.185114979743957520e-01
9.102021157741546631e-02
8.674228191375732422e-02
4.919983148574829102e-01
2.430402040481567383e-01
1.302921921014785767e-01
1.611749768257141113e+00
0.000000000000000000e+00
3.710858821868896484e-01
1.293813347816467285e+00
1.304398059844970703e+00
1.486447930335998535e+00
1.165980458259582520e+00
4.358060956001281738e-01
2.066449671983718872e-01
1.538611888885498047e+00
1.233648896217346191e+00
2.681407332420349121e-02
1.443496048450469971e-01
3.586936295032501221e-01
1.584214419126510620e-01
4.346300065517425537e-01
0.000000000000000000e+00
1.935453414916992188e-01
5.241702795028686523e-01
2.470426494255661964e-03
6.947208940982818604e-02
5.398611426353454590e-01
2.930424213409423828e-01
2.087490558624267578e+00
2.690488576889038086e+00
7.961477041244506836e-01
1.131257414817810059e+00
2.613597631454467773e+00
4.114621877670288086e-01
5.053988099098205566e-01
1.100478172302246094e+00
5.247271060943603516e-01
7.353533059358596802e-02
2.471798509359359741e-01
2.987656593322753906e+00
4.473460018634796143e-01
5.269961953163146973e-01
8.413892388343811035e-01
4.555165767669677734e-02
1.199410438537597656e+00
1.530699133872985840e+00
1.530622877180576324e-02
2.191365063190460205e-01
0.000000000000000000e+00
1.310924410820007324e+00
1.399843096733093262e+00
0.000000000000000000e+00
1.090835332870483398e-01
0.000000000000000000e+00
8.866834454238414764e-03
1.273414236493408680e-03
9.050016403198242188e-01
5.555353760719299316e-01
1.036967337131500244e-01
0.000000000000000000e+00
6.129104644060134888e-03
9.093286097049713135e-02
2.605713367462158203e+00
1.515852403827011585e-03
1.817030549049377441e+00
6.420067697763442993e-02
1.555276989936828613e+00
0.000000000000000000e+00
5.918583869934082031e-01
2.630496323108673096e-01
1.037238761782646179e-01
6.725193858146667480e-01
1.792908646166324615e-02
3.837557435035705566e-01
1.279599785804748535e+00
1.439938545227050781e-01
0.000000000000000000e+00
7.408176064491271973e-01
2.891450822353363037e-01
2.491398900747299194e-01
4.283552169799804688e-01
8.810226917266845703e-01
1.393864870071411133e+00
2.470350451767444611e-02
2.013899683952331543e-01
2.539270499255508184e-04
1.494696736335754395e+00
1.878215789794921875e+00
8.609601110219955444e-02
0.000000000000000000e+00
7.903625257313251495e-03
4.554849267005920410e-01
7.964398264884948730e-01
1.909237653017044067e-01
1.865302562713623047e+00
5.403379917144775391e+00
1.221784949302673340e+00
6.403248310089111328e-01
1.304663270711898804e-01
3.313456475734710693e-01
7.080776151269674301e-03
1.224514469504356384e-01
4.105198197066783905e-03
0.000000000000000000e+00
1.657905615866184235e-02
2.989141270518302917e-03
6.493504643440246582e-01
2.821358479559421539e-02
0.000000000000000000e+00
1.391433954238891602e+00
5.113128423690795898e-01
3.525192439556121826e-01
0.000000000000000000e+00
2.431397438049316406e-01
1.251507282257080078e+00
1.609858870506286621e-01
1.482525587081909180e+00
0.000000000000000000e+00
2.157774716615676880e-01
1.940553635358810425e-01
3.451193450018763542e-03
6.350392699241638184e-01
4.261323437094688416e-02
0.000000000000000000e+00
5.450618863105773926e-01
8.334602713584899902e-01
1.049152691848576069e-03
0.000000000000000000e+00
2.314345240592956543e-01
4.805485308170318604e-01
1.219224706292152405e-01
1.618801355361938477e-01
1.814205169677734375e+00
1.167323142290115356e-01
1.650466561317443848e+00
9.253615140914916992e-01
1.738775335252285004e-02
1.983596943318843842e-03
1.018495038151741028e-01
1.893313974142074585e-01
6.715965867042541504e-01
1.352848768234252930e+00
1.362082641571760178e-02
1.830227226018905640e-01
5.585492849349975586e-01
1.153097271919250488e+00
3.197659850120544434e-01
1.593646407127380371e+00
1.838228404521942139e-01
7.727616280317306519e-02
7.965265959501266479e-02
6.555970311164855957e-01
0.000000000000000000e+00
3.433718979358673096e-01
0.000000000000000000e+00
7.319796085357666016e-01
1.017272323369979858e-01
5.210335850715637207e-01
4.492792189121246338e-01
9.112615585327148438e-01
2.309733629226684570e+00
1.163415312767028809e+00
4.235392510890960693e-01
1.240406990051269531e+00
2.231401920318603516e+00
1.025631949305534363e-01
8.141720890998840332e-01
2.698894262313842773e+00
5.717999339103698730e-01
2.764276973903179169e-02
8.579204082489013672e-01
8.864045143127441406e-03
2.152519524097442627e-01
6.814602762460708618e-03
1.354165077209472656e-01
9.645434617996215820e-01
6.620826572179794312e-02
3.579618215560913086e+00
2.700080156326293945e+00
1.033890485763549805e+00
0.000000000000000000e+00
1.065093502402305603e-01
5.276693031191825867e-02
0.000000000000000000e+00
0.000000000000000000e+00
1.149956434965133667e-01
3.327611982822418213e-01
9.832930564880371094e-02
0.000000000000000000e+00
3.773606717586517334e-01
0.000000000000000000e+00
9.153397083282470703e-01
1.740436077117919922e+00
3.222417831420898438e-02
1.232021078467369080e-01
1.015900969505310059e+00
0.000000000000000000e+00
1.713497996330261230e+00
2.270094677805900574e-02
8.960472792387008667e-02
1.298270344734191895e+00
9.161890745162963867e-01
1.053688764572143555e+00
5.157646536827087402e-01
1.808707356452941895e+00
7.362557649612426758e-01
7.427527308464050293e-01
0.000000000000000000e+00
2.676450014114379883e-01
1.639649748802185059e+00
3.031916320323944092e-01
5.025328695774078369e-02
4.028456687927246094e+00
1.488209962844848633e-01
9.460701942443847656e-01
1.089575439691543579e-01
2.067763209342956543e-01
3.534725606441497803e-01
0.000000000000000000e+00
2.330401420593261719e+00
8.727822899818420410e-01
4.810961484909057617e-01
9.567599892616271973e-01
1.072089076042175293e+00
1.636835932731628418e-02
1.645174860954284668e+00
3.613223787397146225e-03
1.423811614513397217e-01
1.012370884418487549e-01
0.000000000000000000e+00
1.328931152820587158e-01
1.583746820688247681e-01
1.966879814863204956e-01
1.979125663638114929e-02
5.120626688003540039e-01
4.153856337070465088e-01
2.106365442276000977e+00
5.465685389935970306e-03
2.075135707855224609e-01
2.126124948263168335e-01
6.489118933677673340e-01
3.588358312845230103e-02
0.000000000000000000e+00
4.306446760892868042e-02
7.782136201858520508e-01
1.343750596046447754e+00
1.175866603851318359e+00
9.479247382842004299e-04
1.545406103134155273e+00
1.490688323974609375e-02
6.443849802017211914e-01
3.274532556533813477e-01
1.374610811471939087e-01
6.316836923360824585e-02
0.000000000000000000e+00
1.067749023437500000e+00
9.251153469085693359e-01
9.699814766645431519e-02
2.563986778259277344e+00
2.591906785964965820e-01
1.358940243721008301e+00
1.423760354518890381e-01
2.115873247385025024e-01
4.871113225817680359e-02
1.598958253860473633e+00
1.477362513542175293e+00
0.000000000000000000e+00
4.929916188120841980e-02
6.378197669982910156e-01
7.986202836036682129e-02
2.025106668472290039e+00
2.952990531921386719e-01
1.784458383917808533e-02
6.589130163192749023e-01
2.585177682340145111e-02
1.710209369659423828e+00
9.617935866117477417e-02
1.141939312219619751e-01
1.019698530435562134e-01
1.467952251434326172e+00
1.149483442306518555e+00
0.000000000000000000e+00
2.079716920852661133e-01
0.000000000000000000e+00
1.535258054733276367e+00
1.648399531841278076e-01
7.419394254684448242e-01
5.066918730735778809e-01
0.000000000000000000e+00
6.477672457695007324e-01
1.156794190406799316e+00
1.050389632582664490e-01
6.870756745338439941e-01
2.417653322219848633e+00
2.354554831981658936e-03
1.274718064814805984e-02
3.403194844722747803e-01
2.550921916961669922e+00
4.061855673789978027e-01
5.753324627876281738e-01
6.691736578941345215e-01
1.952071785926818848e+00
2.959628343582153320e+00
1.622675299644470215e+00
9.051650762557983398e-03
6.848238706588745117e-01
0.000000000000000000e+00
3.713895678520202637e-01
