1.166546270251274109e-01
0.000000000000000000e+00
1.350907385349273682e-01
2.529788494110107422e+00
7.352390289306640625e-01
4.531905055046081543e-01
1.208003282546997070e+00
1.845448613166809082e+00
7.061762332916259766e+00
1.483716964721679688e+00
1.021105200052261353e-01
1.800300836563110352e+00
4.581014513969421387e-01
8.167732357978820801e-01
2.982347726821899414e+00
9.627101421356201172e-01
1.211622953414916992e+00
1.765864491462707520e+00
1.332921266555786133e+00
2.125912308692932129e-01
2.588565111160278320e+00
2.572841010987758636e-02
2.068060636520385742e-01
2.728862762451171875e+00
6.223326325416564941e-01
5.114572122693061829e-02
0.000000000000000000e+00
1.548967599868774414e+00
5.257459282875061035e-01
2.013853518292307854e-03
1.070712134242057800e-01
6.842111051082611084e-02
1.137683629989624023e+00
6.789644360542297363e-01
9.556755423545837402e-01
4.255218505859375000e+00
3.362981677055358887e-01
2.022735029458999634e-01
1.245157957077026367e+00
8.550648689270019531e-01
5.684524774551391602e-01
4.996981322765350342e-01
3.262271285057067871e-01
4.119375705718994141e+00
8.011000156402587891e-01
2.096007585525512695e+00
3.957945406436920166e-01
1.154086709022521973e+00
2.435286790132522583e-01
1.589625477790832520e+00
2.776831626892089844e+00
0.000000000000000000e+00
1.189325094223022461e+00
4.284270405769348145e-01
1.234494090080261230e+00
6.451227236539125443e-04
8.896033167839050293e-01
5.482831001281738281e-01
7.973932623863220215e-01
9.304978698492050171e-02
0.000000000000000000e+00
5.777280330657958984e-01
1.130506172776222229e-01
1.091573715209960938e+00
1.303011178970336914e+00
4.876335337758064270e-02
0.000000000000000000e+00
8.242361545562744141e-01
1.429214477539062500e+00
3.271981775760650635e-01
8.243943750858306885e-02
4.648833710234612226e-04
2.321141809225082397e-01
1.491336107254028320e+00
2.118286192417144775e-01
7.094603180885314941e-01
0.000000000000000000e+00
9.250217080116271973e-01
5.020225644111633301e-01
1.501743793487548828e+00
0.000000000000000000e+00
1.096952438354492188e+00
1.628758907318115234e+00
8.365482091903686523e-02
2.211294889450073242e+00
1.649280488491058350e-01
1.127383828163146973e+00
3.974297642707824707e-02
1.067804336547851562e+00
1.955915708094835281e-03
1.827116757631301880e-01
2.184019684791564941e-01
0.000000000000000000e+00
4.005338624119758606e-02
9.624596238136291504e-01
1.474211961030960083e-01
1.454495787620544434e+00
6.334933042526245117e-01
2.853402495384216309e-01
5.290592089295387268e-04
6.258061528205871582e-02
4.581156373023986816e-02
1.092953383922576904e-01
9.957286715507507324e-01
4.832058250904083252e-01
2.192729413509368896e-01
2.113661050796508789e+00
9.026054739952087402e-01
3.752764463424682617e-01
4.087490141391754150e-01
2.011387109756469727e+00
2.665826759766787291e-04
1.491563081741333008e+00
8.670716285705566406e-01
1.166124224662780762e+00
8.412349224090576172e-02
2.368818968534469604e-01
2.666040956974029541e-01
1.034994959831237793e+00
1.707771778106689453e+00
1.207899212837219238e+00
4.104960560798645020e-01
7.246867753565311432e-03
1.737823605537414551e+00
7.449501156806945801e-01
8.167937994003295898e-01
0.000000000000000000e+00
3.681707084178924561e-01
2.085316896438598633e+00
7.555171102285385132e-02
4.726009815931320190e-02
9.324835538864135742e-01
3.931033015251159668e-01
2.654803097248077393e-01
3.212448656558990479e-01
3.845198452472686768e-02
1.410672366619110107e-01
4.891191482543945312e+00
0.000000000000000000e+00
0.000000000000000000e+00
1.676536798477172852e-01
1.023628354072570801e+00
1.479095458984375000e+00
0.000000000000000000e+00
2.833258360624313354e-02
4.009454324841499329e-02
1.423843622207641602e+00
7.612117528915405273e-01
1.747072458267211914e+00
0.000000000000000000e+00
5.690448284149169922e+00
2.274862378835678101e-01
8.991679549217224121e-01
3.115361630916595459e-01
2.541594982147216797e+00
2.017765283584594727e+00
1.811802238225936890e-01
3.619160056114196777e-01
2.986110925674438477e+00
4.128114283084869385e-01
1.461873203516006470e-01
1.547916293144226074e+00
8.985644578933715820e-01
8.920928835868835449e-02
1.016427874565124512e+00
4.307658970355987549e-01
0.000000000000000000e+00
0.000000000000000000e+00
1.529611468315124512e+00
2.686842918395996094e+00
9.786946773529052734e-01
6.941968798637390137e-01
7.154996693134307861e-02
1.414691448211669922e+00
7.105948925018310547e-01
7.858468055725097656e+00
0.000000000000000000e+00
2.279448509216308594e-02
1.271851211786270142e-01
1.931126564741134644e-01
0.000000000000000000e+00
1.018664315342903137e-01
2.734204530715942383e-01
3.790605068206787109e+00
1.162245571613311768e-01
5.193384364247322083e-02
6.054959297180175781e-01
1.369809627532958984e+00
0.000000000000000000e+00
1.163589656352996826e-01
0.000000000000000000e+00
1.455958634614944458e-01
3.928945958614349365e-01
2.854143679141998291e-01
1.252466082572937012e+00
6.345198154449462891e-01
8.775816559791564941e-01
3.462718129158020020e-01
3.067055940628051758e-01
7.773401737213134766e-01
1.741952538490295410e+00
2.383569926023483276e-01
4.544303119182586670e-01
9.763779640197753906e-01
9.742193818092346191e-01
1.089983806014060974e-02
8.929986357688903809e-01
5.067026708275079727e-03
3.273475766181945801e-01
1.224629402160644531e+00
7.093043997883796692e-03
2.547524571418762207e-01
1.174495458602905273e+00
1.690747141838073730e+00
1.537418603897094727e+00
3.265188932418823242e-01
1.535119265317916870e-01
3.343413025140762329e-02
1.472316503524780273e+00
1.451354026794433594e+00
0.000000000000000000e+00
3.455529361963272095e-02
6.885895729064941406e-01
7.740333676338195801e-03
3.611440658569335938e-01
0.000000000000000000e+00
1.005258336663246155e-01
3.832645714282989502e-01
1.111949750338681042e-04
4.591710492968559265e-02
5.399881303310394287e-02
4.915852248668670654e-01
2.714396476745605469e+00
2.152808904647827148e+00
6.803439259529113770e-01
1.564193367958068848e+00
2.799313545227050781e+00
2.261142879724502563e-01
7.655144482851028442e-02
1.020890712738037109e+00
1.324138343334197998e-01
5.407931283116340637e-02
1.107838302850723267e-01
2.868727922439575195e+00
8.530606627464294434e-01
7.180633544921875000e-01
5.030144453048706055e-01
0.000000000000000000e+00
1.285345077514648438e+00
1.630669355392456055e+00
9.010164998471736908e-03
4.251321852207183838e-01
1.267565879970788956e-02
1.714375734329223633e+00
1.235728979110717773e+00
0.000000000000000000e+00
2.469480037689208984e-01
0.000000000000000000e+00
3.961121737957000732e-01
1.460151746869087219e-02
1.116999268531799316e+00
3.496660888195037842e-01
2.804475836455821991e-02
3.507655113935470581e-02
5.109980702400207520e-03
2.216205559670925140e-02
3.115384340286254883e+00
0.000000000000000000e+00
5.476495027542114258e-01
1.644045859575271606e-01
2.511294364929199219e+00
0.000000000000000000e+00
1.066538810729980469e+00
1.896619498729705811e-01
2.730050124228000641e-02
6.490412950515747070e-01
1.482614576816558838e-01
1.024800062179565430e+00
1.291362166404724121e+00
2.839940786361694336e-01
1.008659973740577698e-01
1.767079830169677734e-01
5.387038588523864746e-01
3.451672792434692383e-01
8.870645165443420410e-01
1.639518976211547852e+00
1.398818612098693848e+00
0.000000000000000000e+00
2.359041571617126465e-02
4.318100586533546448e-02
2.052308320999145508e+00
2.594524145126342773e+00
5.036212205886840820e-01
0.000000000000000000e+00
5.356512665748596191e-01
6.501880288124084473e-01
6.485970020294189453e-01
9.684097021818161011e-02
1.967861890792846680e+00
5.937201023101806641e+00
5.007421374320983887e-01
3.382516801357269287e-01
5.396912097930908203e-01
5.409540534019470215e-01
1.810557022690773010e-02
3.099744915962219238e-01
4.792083427309989929e-02
0.000000000000000000e+00
1.109805703163146973e-01
3.645565211772918701e-01
8.692980408668518066e-01
0.000000000000000000e+00
1.931517869234085083e-01
1.361757516860961914e+00
2.928377985954284668e-01
7.359363436698913574e-01
0.000000000000000000e+00
1.078768149018287659e-01
1.441034078598022461e+00
2.898434698581695557e-01
1.779931187629699707e+00
0.000000000000000000e+00
5.404775738716125488e-01
2.038952112197875977e-01
0.000000000000000000e+00
6.577522158622741699e-01
0.000000000000000000e+00
0.000000000000000000e+00
8.178884387016296387e-01
6.299982666969299316e-01
2.350247278809547424e-02
0.000000000000000000e+00
9.296685457229614258e-01
6.110417097806930542e-02
3.212961181998252869e-02
4.534506797790527344e-01
1.708638072013854980e+00
3.594678640365600586e-02
9.412458539009094238e-01
2.217317104339599609e+00
5.397031903266906738e-01
3.536903765052556992e-03
1.864381134510040283e-01
1.485849916934967041e-01
5.323135852813720703e-01
1.116218805313110352e+00
1.550747007131576538e-01
8.211723715066909790e-02
6.837971806526184082e-01
1.406400561332702637e+00
1.751565337181091309e-01
1.475796699523925781e+00
4.415320456027984619e-01
1.582404673099517822e-01
1.858246177434921265e-01
9.879122376441955566e-01
0.000000000000000000e+00
2.985089719295501709e-01
0.000000000000000000e+00
1.390599489212036133e+00
3.287911713123321533e-01
1.823248527944087982e-02
4.369769096374511719e-01
1.348244309425354004e+00
1.468501210212707520e+00
1.173205733299255371e+00
5.005664825439453125e-01
1.348917603492736816e+00
2.090708494186401367e+00
0.000000000000000000e+00
7.386929392814636230e-01
1.870174407958984375e+00
8.638042211532592773e-01
1.252868920564651489e-01
1.603414893150329590e+00
3.097099019214510918e-03
1.704263240098953247e-01
3.347407281398773193e-02
1.601829677820205688e-01
5.471314787864685059e-01
4.989572241902351379e-02
2.653037548065185547e+00
2.524197816848754883e+00
1.255981683731079102e+00
0.000000000000000000e+00
6.695877313613891602e-01
3.479469800367951393e-03
0.000000000000000000e+00
0.000000000000000000e+00
4.371710121631622314e-02
4.371657967567443848e-02
1.308494806289672852e-01
0.000000000000000000e+00
5.068395733833312988e-01
0.000000000000000000e+00
8.548114895820617676e-01
2.133116960525512695e+00
2.651589224115014076e-03
8.949226886034011841e-02
1.858623743057250977e+00
1.681094244122505188e-02
1.938799142837524414e+00
0.000000000000000000e+00
4.415545985102653503e-02
9.760967493057250977e-01
2.204400002956390381e-01
1.108388304710388184e+00
2.256082147359848022e-01
1.398005843162536621e+00
6.216511130332946777e-01
2.899960875511169434e-01
0.000000000000000000e+00
4.284738600254058838e-01
2.220504760742187500e+00
1.083502080291509628e-02
7.826846092939376831e-03
4.755676269531250000e+00
1.847050897777080536e-02
1.147167325019836426e+00
6.849061250686645508e-01
1.379799004644155502e-02
9.913101196289062500e-01
0.000000000000000000e+00
3.087920427322387695e+00
9.316792488098144531e-01
6.098384857177734375e-01
6.666432619094848633e-01
1.470847010612487793e+00
0.000000000000000000e+00
2.189216375350952148e+00
6.811146438121795654e-02
5.346163734793663025e-02
4.514259397983551025e-01
0.000000000000000000e+00
2.661935389041900635e-01
4.207254946231842041e-02
3.367855250835418701e-01
0.000000000000000000e+00
1.119295954704284668e+00
1.005422592163085938e+00
1.684940218925476074e+00
0.000000000000000000e+00
3.028450310230255127e-01
3.701990842819213867e-01
5.416510105133056641e-01
3.692018566653132439e-03
1.589600346051156521e-03
0.000000000000000000e+00
7.093304991722106934e-01
1.506595969200134277e+00
4.333770871162414551e-01
7.045003026723861694e-02
2.567164659500122070e+00
2.559779584407806396e-02
9.745013117790222168e-01
3.610495328903198242e-01
1.638322174549102783e-01
1.039457321166992188e-01
0.000000000000000000e+00
1.641240000724792480e+00
1.653293132781982422e+00
2.194578796625137329e-01
3.773884057998657227e+00
3.871338069438934326e-02
1.628484129905700684e+00
2.457321621477603912e-02
4.616484940052032471e-01
7.844700664281845093e-02
2.522884845733642578e+00
5.596652626991271973e-01
0.000000000000000000e+00
3.624159395694732666e-01
4.742250144481658936e-01
3.713324069976806641e-01
3.405177116394042969e+00
1.085424065589904785e+00
8.375578373670578003e-02
2.285202592611312866e-01
1.608130782842636108e-01
1.841458678245544434e+00
3.794158399105072021e-01
1.525349915027618408e-01
2.103128843009471893e-02
1.412673473358154297e+00
5.747351050376892090e-01
7.736821193248033524e-03
1.837214380502700806e-01
4.774227738380432129e-02
9.060710668563842773e-01
4.608142375946044922e-01
6.742561459541320801e-01
1.935010850429534912e-01
2.237063646316528320e-02
1.802004575729370117e-01
8.139542937278747559e-01
2.949702925980091095e-02
9.901644587516784668e-01
2.979326248168945312e+00
2.111291438341140747e-01
0.000000000000000000e+00
5.736229419708251953e-01
2.580744266510009766e+00
6.926710605621337891e-01
7.802537083625793457e-01
7.192891240119934082e-01
2.238150358200073242e+00
1.402015447616577148e+00
5.617453455924987793e-01
1.010212004184722900e-01
6.925008296966552734e-01
0.000000000000000000e+00
3.383682668209075928e-02
