2.427704632282257080e-01
0.000000000000000000e+00
1.952431350946426392e-01
2.431038379669189453e+00
6.889975070953369141e-01
4.141933917999267578e-01
6.145095825195312500e-01
2.393918037414550781e+00
6.998472690582275391e+00
1.674874663352966309e+00
3.093697503209114075e-02
1.346138715744018555e+00
2.055602967739105225e-01
9.762944579124450684e-01
2.314533710479736328e+00
1.064080238342285156e+00
7.096909880638122559e-01
2.307090759277343750e+00
1.014283776283264160e+00
9.851562790572643280e-03
1.509774208068847656e+00
0.000000000000000000e+00
3.819048032164573669e-02
2.158607244491577148e+00
4.458024799823760986e-01
6.349671632051467896e-03
0.000000000000000000e+00
1.791319727897644043e+00
1.038337200880050659e-01
0.000000000000000000e+00
5.085020326077938080e-03
3.096945350989699364e-03
9.121501445770263672e-01
4.413406848907470703e-01
7.712827324867248535e-01
3.311602830886840820e+00
3.396017551422119141e-01
6.480807811021804810e-02
9.462435841560363770e-01
5.175835490226745605e-01
6.429733037948608398e-01
2.794049382209777832e-01
1.488753408193588257e-01
3.825214147567749023e+00
3.591297566890716553e-01
1.377899169921875000e+00
3.330800235271453857e-01
1.205759406089782715e+00
5.126098394393920898e-01
1.071308374404907227e+00
2.661784172058105469e+00
0.000000000000000000e+00
1.371302008628845215e+00
2.833371758460998535e-01
1.530222654342651367e+00
1.382736414670944214e-01
6.011718511581420898e-01
1.328876018524169922e-01
6.264403462409973145e-01
4.439673852175474167e-03
0.000000000000000000e+00
1.582830697298049927e-01
2.014535292983055115e-02
6.120970845222473145e-01
5.734859108924865723e-01
1.653271317481994629e-01
0.000000000000000000e+00
2.960987389087677002e-01
6.212379932403564453e-01
2.154795676469802856e-01
1.301725767552852631e-02
2.417415380477905273e-02
1.943499296903610229e-01
1.618168711662292480e+00
1.759376227855682373e-01
9.971820712089538574e-01
0.000000000000000000e+00
9.602257609367370605e-01
1.443291306495666504e-01
1.514292478561401367e+00
3.915071953088045120e-03
6.274632811546325684e-01
2.411458492279052734e+00
8.902490884065628052e-02
2.620696306228637695e+00
6.824561208486557007e-02
1.409045696258544922e+00
5.633648484945297241e-03
6.873169541358947754e-01
1.903492212295532227e-02
1.000779569149017334e-01
2.083510532975196838e-02
0.000000000000000000e+00
0.000000000000000000e+00
5.536243319511413574e-01
2.628563940525054932e-01
1.365973353385925293e+00
4.174908399581909180e-01
5.152005329728126526e-02
0.000000000000000000e+00
0.000000000000000000e+00
1.801674664020538330e-01
4.655127599835395813e-02
5.194761157035827637e-01
1.357175350189208984e+00
7.408686727285385132e-02
1.923124432563781738e+00
8.688411712646484375e-01
6.383761763572692871e-01
5.182434916496276855e-01
1.501459836959838867e+00
0.000000000000000000e+00
3.619522750377655029e-01
6.293842792510986328e-01
5.505752563476562500e-01
1.584962457418441772e-01
9.680484980344772339e-02
6.323022395372390747e-02
1.485646724700927734e+00
2.281113624572753906e+00
1.147898077964782715e+00
1.316903531551361084e-01
1.108411699533462524e-02
1.284903883934020996e+00
7.629133462905883789e-01
4.290257990360260010e-01
0.000000000000000000e+00
7.443924546241760254e-01
2.247576236724853516e+00
1.622385345399379730e-02
0.000000000000000000e+00
8.440586328506469727e-01
9.175857156515121460e-02
5.917767807841300964e-02
1.130909398198127747e-01
1.011631637811660767e-02
1.295612156391143799e-01
4.921873569488525391e+00
0.000000000000000000e+00
7.203125953674316406e-02
2.525031268596649170e-01
2.178671211004257202e-01
1.326523423194885254e+00
0.000000000000000000e+00
1.134345680475234985e-01
8.470573276281356812e-02
1.081844568252563477e+00
7.602690458297729492e-01
1.327895164489746094e+00
8.517304062843322754e-02
5.715655803680419922e+00
1.121035292744636536e-01
4.219829440116882324e-01
7.639990448951721191e-01
1.921623349189758301e+00
1.921880364418029785e+00
1.611931473016738892e-01
6.683813780546188354e-02
2.099005460739135742e+00
1.973828673362731934e-01
1.183948200196027756e-02
1.270760655403137207e+00
1.013034820556640625e+00
8.768006414175033569e-02
7.198825478553771973e-01
3.241092562675476074e-01
0.000000000000000000e+00
0.000000000000000000e+00
9.871056079864501953e-01
2.592301845550537109e+00
5.830906629562377930e-01
4.024045765399932861e-01
0.000000000000000000e+00
1.514269590377807617e+00
4.572195708751678467e-01
7.214725494384765625e+00
0.000000000000000000e+00
3.398466482758522034e-02
6.995616853237152100e-02
2.626648843288421631e-01
3.438782179728150368e-03
6.225615367293357849e-02
4.865268766880035400e-01
3.193706750869750977e+00
2.154808044433593750e-01
2.379414252936840057e-02
1.606910824775695801e-01
1.381741046905517578e+00
0.000000000000000000e+00
6.035617366433143616e-02
0.000000000000000000e+00
1.108722295612096786e-02
7.734279036521911621e-01
4.563999474048614502e-01
1.069516062736511230e+00
5.501692295074462891e-01
1.074518084526062012e+00
2.041333466768264771e-01
2.453635632991790771e-01
1.147152543067932129e+00
1.325683593750000000e+00
2.202156931161880493e-01
3.948299288749694824e-01
7.616189122200012207e-01
4.714472293853759766e-01
1.576918293721973896e-03
7.380898594856262207e-01
2.200884930789470673e-02
3.389802575111389160e-01
1.372049450874328613e+00
8.129826933145523071e-02
1.755174249410629272e-01
7.176114916801452637e-01
9.548360109329223633e-01
1.161153078079223633e+00
8.974851369857788086e-01
8.685351908206939697e-02
1.028172969818115234e-01
1.554593086242675781e+00
1.300098299980163574e+00
0.000000000000000000e+00
7.522602379322052002e-02
2.510822713375091553e-01
0.000000000000000000e+00
2.895272374153137207e-01
0.000000000000000000e+00
1.217673998326063156e-02
1.362419277429580688e-01
9.840530110523104668e-04
3.223001956939697266e-02
9.789665788412094116e-02
2.221670448780059814e-01
1.649931788444519043e+00
1.348644137382507324e+00
3.978890180587768555e-01
1.570865154266357422e+00
2.765405178070068359e+00
1.451205015182495117e-01
4.810339957475662231e-02
1.135574817657470703e+00
1.055724248290061951e-01
1.122449636459350586e-01
1.982546970248222351e-02
2.736799478530883789e+00
1.044601917266845703e+00
3.272343873977661133e-01
2.488711029291152954e-01
3.024532832205295563e-02
1.455245494842529297e+00
1.571227550506591797e+00
0.000000000000000000e+00
3.983231186866760254e-01
2.894577570259571075e-02
1.438701152801513672e+00
1.140016078948974609e+00
0.000000000000000000e+00
1.274548918008804321e-01
0.000000000000000000e+00
2.308433651924133301e-01
1.750784367322921753e-02
9.570517539978027344e-01
6.455189585685729980e-01
0.000000000000000000e+00
1.127753555774688721e-01
0.000000000000000000e+00
0.000000000000000000e+00
2.340054750442504883e+00
0.000000000000000000e+00
1.857419013977050781e-01
5.371642857789993286e-02
1.868431568145751953e+00
0.000000000000000000e+00
1.009584665298461914e+00
3.922880887985229492e-01
1.219089254736900330e-01
2.959381341934204102e-01
9.374352172017097473e-03
7.330337166786193848e-01
1.028420567512512207e+00
1.528959274291992188e-01
2.317459555342793465e-03
2.064987458288669586e-02
2.917847633361816406e-01
2.994228899478912354e-01
7.378633022308349609e-01
1.304700493812561035e+00
1.883014082908630371e+00
1.125835720449686050e-02
1.116654183715581894e-02
0.000000000000000000e+00
2.343472242355346680e+00
1.775856018066406250e+00
2.660593688488006592e-01
1.324102431535720825e-01
4.807234555482864380e-02
3.572352528572082520e-01
4.817922115325927734e-01
6.577014178037643433e-02
1.481055855751037598e+00
4.921354770660400391e+00
7.319875955581665039e-01
1.137985959649085999e-01
6.009792089462280273e-01
4.730637371540069580e-01
3.677221015095710754e-02
3.805409967899322510e-01
2.472412213683128357e-02
0.000000000000000000e+00
1.235462538897991180e-02
3.750925064086914062e-01
8.398618102073669434e-01
1.763495802879333496e-02
3.408583626151084900e-02
1.488971114158630371e+00
7.832668721675872803e-02
6.001836657524108887e-01
0.000000000000000000e+00
8.060943335294723511e-02
1.651386141777038574e+00
3.198021352291107178e-01
1.264144301414489746e+00
0.000000000000000000e+00
2.151280939579010010e-01
4.548498615622520447e-02
1.013232115656137466e-02
5.859365463256835938e-01
1.839863881468772888e-02
0.000000000000000000e+00
6.898114681243896484e-01
5.075677633285522461e-01
5.780026316642761230e-03
0.000000000000000000e+00
7.533018589019775391e-01
4.481254145503044128e-02
8.983826637268066406e-02
2.404035329818725586e-01
1.713124513626098633e+00
1.500113122165203094e-02
4.521844685077667236e-01
1.225315570831298828e+00
1.746251136064529419e-01
1.659302227199077606e-02
3.726566135883331299e-01
2.076662927865982056e-01
6.738798618316650391e-01
7.042469978332519531e-01
7.234071195125579834e-02
1.260357536375522614e-02
3.254017233848571777e-01
8.979566693305969238e-01
1.491917520761489868e-01
1.690858125686645508e+00
6.614585518836975098e-01
5.981105938553810120e-02
3.369294281583279371e-04
6.609945297241210938e-01
0.000000000000000000e+00
1.908373534679412842e-01
1.634906395338475704e-03
1.048561692237854004e+00
3.650314211845397949e-01
1.848133048042654991e-03
8.404561281204223633e-01
3.969376981258392334e-01
1.947244048118591309e+00
1.618153810501098633e+00
5.816150307655334473e-01
1.012169361114501953e+00
1.662055969238281250e+00
0.000000000000000000e+00
5.371497869491577148e-01
1.583442449569702148e+00
5.139470696449279785e-01
1.472072005271911621e-01
7.126459479331970215e-01
2.287261560559272766e-02
2.229365054517984390e-03
7.744449656456708908e-03
5.113310180604457855e-03
5.489755272865295410e-01
1.532565057277679443e-01
3.098637819290161133e+00
1.959809422492980957e+00
6.501712799072265625e-01
0.000000000000000000e+00
7.189581394195556641e-01
2.784436754882335663e-02
0.000000000000000000e+00
0.000000000000000000e+00
0.000000000000000000e+00
7.472654432058334351e-02
3.183111920952796936e-02
8.136715739965438843e-03
1.522303521633148193e-01
1.080400589853525162e-02
5.248750448226928711e-01
1.937296509742736816e+00
1.047916989773511887e-02
9.236917644739151001e-02
9.500161409378051758e-01
5.255456641316413879e-02
1.738272190093994141e+00
0.000000000000000000e+00
2.361512184143066406e-02
1.094436526298522949e+00
2.512344121932983398e-01
8.797038793563842773e-01
1.414504051208496094e-01
1.045960545539855957e+00
7.705917209386825562e-02
1.939765363931655884e-01
0.000000000000000000e+00
5.558010935783386230e-01
1.270988941192626953e+00
0.000000000000000000e+00
0.000000000000000000e+00
3.237500190734863281e+00
1.416132748126983643e-01
4.405011832714080811e-01
2.198437750339508057e-01
2.320737242698669434e-01
7.179352641105651855e-01
0.000000000000000000e+00
2.675239562988281250e+00
6.170817017555236816e-01
4.882539808750152588e-01
6.928785443305969238e-01
1.719197273254394531e+00
0.000000000000000000e+00
2.285658121109008789e+00
0.000000000000000000e+00
7.897413522005081177e-02
1.642930060625076294e-01
0.000000000000000000e+00
1.135143041610717773e-01
1.749821454286575317e-01
4.602568447589874268e-01
3.751823678612709045e-02
2.314108759164810181e-01
6.673551797866821289e-01
1.500586032867431641e+00
0.000000000000000000e+00
2.548093497753143311e-01
2.874452173709869385e-01
5.887098908424377441e-01
0.000000000000000000e+00
0.000000000000000000e+00
0.000000000000000000e+00
2.513756752014160156e-01
1.528844356536865234e+00
8.567392826080322266e-01
2.977247349917888641e-02
1.978051424026489258e+00
0.000000000000000000e+00
6.798797845840454102e-01
3.467930257320404053e-01
1.717471629381179810e-01
1.802432686090469360e-01
0.000000000000000000e+00
1.453056454658508301e+00
1.744328975677490234e+00
1.983361691236495972e-01
2.975910902023315430e+00
1.251979321241378784e-01
9.904083609580993652e-01
0.000000000000000000e+00
3.620698750019073486e-01
1.001928467303514481e-02
2.084710359573364258e+00
3.770537078380584717e-01
0.000000000000000000e+00
2.481314390897750854e-01
4.077393114566802979e-01
3.184366226196289062e-01
2.719359397888183594e+00
7.317894101142883301e-01
6.003942340612411499e-02
3.373066484928131104e-01
1.562613546848297119e-01
5.220871567726135254e-01
9.187778830528259277e-02
5.708143860101699829e-02
7.792294770479202271e-02
1.078147172927856445e+00
5.302035212516784668e-01
2.760443836450576782e-02
4.582350850105285645e-01
9.264128655195236206e-02
1.062651991844177246e+00
3.737537264823913574e-01
3.314426243305206299e-01
1.812404841184616089e-01
0.000000000000000000e+00
1.551800966262817383e-01
5.812340974807739258e-01
1.989795081317424774e-02
3.058081865310668945e-01
1.919001460075378418e+00
1.017480045557022095e-01
0.000000000000000000e+00
2.099515944719314575e-01
2.566913366317749023e+00
6.489886641502380371e-01
1.413591146469116211e+00
8.654642701148986816e-01
2.218668937683105469e+00
1.678776979446411133e+00
7.034152746200561523e-01
3.168022260069847107e-02
6.559178829193115234e-01
0.000000000000000000e+00
3.213292732834815979e-02
