3.235933184623718262e-02
0.000000000000000000e+00
8.840942382812500000e-02
2.463991165161132812e+00
5.439307093620300293e-01
5.733628869056701660e-01
7.174881100654602051e-01
1.723173499107360840e+00
6.973227024078369141e+00
1.045915842056274414e+00
1.771174073219299316e-01
1.838234901428222656e+00
4.225412309169769287e-01
1.217460274696350098e+00
2.460769653320312500e+00
1.012446999549865723e+00
8.408130407333374023e-01
1.711384057998657227e+00
1.527053475379943848e+00
1.137345004826784134e-02
1.989168047904968262e+00
0.000000000000000000e+00
1.254086345434188843e-01
1.738493084907531738e+00
1.776543855667114258e-01
1.906039565801620483e-01
1.117575317621231079e-01
2.391091823577880859e+00
5.465387105941772461e-01
1.955050230026245117e-02
1.441597752273082733e-02
1.619548350572586060e-01
7.265651226043701172e-01
5.001602768898010254e-01
1.057312726974487305e+00
3.699997186660766602e+00
2.360638976097106934e-01
1.450617462396621704e-01
1.397904992103576660e+00
5.374196171760559082e-01
5.078434944152832031e-01
6.708542108535766602e-01
5.872450470924377441e-01
4.031199932098388672e+00
9.585787653923034668e-01
1.450606226921081543e+00
8.639435768127441406e-01
1.098423480987548828e+00
2.362521588802337646e-01
1.187750697135925293e+00
2.476794958114624023e+00
0.000000000000000000e+00
1.165162563323974609e+00
3.705165088176727295e-01
1.159341335296630859e+00
1.281819343566894531e-01
9.614400863647460938e-01
5.089424252510070801e-01
8.581690192222595215e-01
1.727282814681529999e-02
5.578645970672369003e-03
1.964516341686248779e-01
1.578266471624374390e-01
6.776089668273925781e-01
1.280754923820495605e+00
1.730427592992782593e-01
0.000000000000000000e+00
4.319443106651306152e-01
1.223925471305847168e+00
5.825988575816154480e-02
0.000000000000000000e+00
1.015426963567733765e-01
2.174884974956512451e-01
1.121581912040710449e+00
5.020142197608947754e-01
4.337495565414428711e-01
0.000000000000000000e+00
7.435585260391235352e-01
3.464441895484924316e-01
1.165841341018676758e+00
1.563672674819827080e-03
1.075650691986083984e+00
1.629517197608947754e+00
7.681123167276382446e-02
1.884234905242919922e+00
1.015558019280433655e-01
1.176545619964599609e+00
1.468490576371550560e-03
7.490544915199279785e-01
0.000000000000000000e+00
2.229031920433044434e-01
9.586394578218460083e-02
0.000000000000000000e+00
0.000000000000000000e+00
9.893730878829956055e-01
8.375083096325397491e-03
1.617829561233520508e+00
2.763688862323760986e-01
1.212106794118881226e-01
0.000000000000000000e+00
2.804076857864856720e-02
2.233739197254180908e-01
4.922204464673995972e-02
9.236354827880859375e-01
1.366055727005004883e+00
2.699583768844604492e-01
1.948513388633728027e+00
9.680890440940856934e-01
5.767115354537963867e-01
3.438259661197662354e-01
1.645362496376037598e+00
1.227295398712158203e-02
4.316318333148956299e-01
7.368179559707641602e-01
8.206062912940979004e-01
1.071082875132560730e-01
2.072200328111648560e-01
8.365193754434585571e-02
8.033465743064880371e-01
1.784280061721801758e+00
1.166853547096252441e+00
1.051669418811798096e-01
1.625858433544635773e-02
1.316167950630187988e+00
6.688889861106872559e-01
6.074587106704711914e-01
0.000000000000000000e+00
5.212911367416381836e-01
2.350059032440185547e+00
4.263951443135738373e-03
0.000000000000000000e+00
9.675917029380798340e-01
4.303820431232452393e-01
1.423235684633255005e-01
3.078396320343017578e-01
5.018869042396545410e-02
2.920193672180175781e-01
4.668458938598632812e+00
0.000000000000000000e+00
7.104699499905109406e-03
1.104872897267341614e-01
6.428224444389343262e-01
1.546524167060852051e+00
0.000000000000000000e+00
3.987702727317810059e-02
1.437760144472122192e-02
1.101635575294494629e+00
1.084614396095275879e+00
1.103262424468994141e+00
1.555650532245635986e-01
5.641150474548339844e+00
2.090475857257843018e-01
5.656124353408813477e-01
5.321561694145202637e-01
2.243025064468383789e+00
2.261173486709594727e+00
1.365244686603546143e-01
3.611729741096496582e-01
2.266990184783935547e+00
4.711001217365264893e-01
1.397962570190429688e-01
1.606514453887939453e+00
1.147644042968750000e+00
2.668710649013519287e-01
3.888884186744689941e-01
9.174261242151260376e-02
6.208112929016351700e-03
0.000000000000000000e+00
1.431953549385070801e+00
3.316289663314819336e+00
3.116594851016998291e-01
5.112639069557189941e-01
9.867122769355773926e-02
1.684991478919982910e+00
3.909583091735839844e-01
7.069442749023437500e+00
0.000000000000000000e+00
4.437178745865821838e-02
2.269482612609863281e-02
4.134606122970581055e-01
0.000000000000000000e+00
1.696325540542602539e-01
1.316401213407516479e-01
3.264439344406127930e+00
8.978721499443054199e-02
1.013618186116218567e-01
2.108485698699951172e-01
1.659362912178039551e+00
0.000000000000000000e+00
1.594276912510395050e-02
0.000000000000000000e+00
3.142434358596801758e-01
1.196137905120849609e+00
5.873565673828125000e-01
9.722214341163635254e-01
4.307328760623931885e-01
8.768694996833801270e-01
2.688671648502349854e-01
7.810636758804321289e-01
9.340071082115173340e-01
1.986603379249572754e+00
3.492575585842132568e-01
3.983223438262939453e-01
5.969676971435546875e-01
5.385778546333312988e-01
1.068284511566162109e-01
1.142827749252319336e+00
1.578034460544586182e-01
2.909420430660247803e-01
9.882168173789978027e-01
1.094030141830444336e-01
1.795447617769241333e-01
9.021434783935546875e-01
1.054399609565734863e+00
1.840175986289978027e+00
8.872333168983459473e-01
3.264442980289459229e-01
9.248673170804977417e-02
1.446937680244445801e+00
1.392634749412536621e+00
0.000000000000000000e+00
8.571626245975494385e-02
6.060593724250793457e-01
5.255866795778274536e-03
3.747243881225585938e-01
1.469474378973245621e-02
3.644602894783020020e-01
4.853730499744415283e-01
1.023214086890220642e-01
2.882397267967462540e-03
2.531003057956695557e-01
4.804229736328125000e-01
1.574594736099243164e+00
1.613164186477661133e+00
4.855792224407196045e-01
1.363533020019531250e+00
2.239412784576416016e+00
2.613714933395385742e-01
1.950944364070892334e-01
1.670494675636291504e+00
1.390252411365509033e-01
2.735542505979537964e-02
5.310140177607536316e-02
3.078644752502441406e+00
7.838013768196105957e-01
4.315426051616668701e-01
9.362257122993469238e-01
6.436706054955720901e-03
9.316309690475463867e-01
1.400236487388610840e+00
5.035490915179252625e-02
3.605321347713470459e-01
1.074134260416030884e-01
1.680522799491882324e+00
1.090816140174865723e+00
2.819662680849432945e-03
3.768551945686340332e-01
0.000000000000000000e+00
1.014176756143569946e-02
0.000000000000000000e+00
1.412317156791687012e+00
4.773723781108856201e-01
1.904614735394716263e-03
7.656256854534149170e-02
0.000000000000000000e+00
0.000000000000000000e+00
2.208488225936889648e+00
2.868920192122459412e-02
5.112596750259399414e-01
0.000000000000000000e+00
1.565634846687316895e+00
0.000000000000000000e+00
3.211504518985748291e-01
3.902369737625122070e-01
2.298528328537940979e-02
4.210779964923858643e-01
3.526429086923599243e-02
9.050153493881225586e-01
1.803730010986328125e+00
1.220709830522537231e-01
6.446865200996398926e-02
1.751456111669540405e-01
3.263940513134002686e-01
1.732034385204315186e-01
6.668174862861633301e-01
1.383274912834167480e+00
1.466834187507629395e+00
5.458519235253334045e-02
3.181919753551483154e-01
0.000000000000000000e+00
2.124319791793823242e+00
2.219268560409545898e+00
2.060008496046066284e-01
7.960677146911621094e-03
1.604727506637573242e-01
6.983414888381958008e-01
7.739133834838867188e-01
1.520763635635375977e-01
2.194588899612426758e+00
5.116214752197265625e+00
5.638698339462280273e-01
5.142202973365783691e-01
5.372782349586486816e-01
3.977181017398834229e-01
3.000181540846824646e-02
2.195639461278915405e-01
9.676467627286911011e-03
0.000000000000000000e+00
6.338647007942199707e-02
1.549897193908691406e-01
1.127636432647705078e+00
0.000000000000000000e+00
1.135438084602355957e-01
1.310331463813781738e+00
5.343491435050964355e-01
3.863904476165771484e-01
0.000000000000000000e+00
1.653109937906265259e-01
1.758570790290832520e+00
4.963706135749816895e-01
1.225257515907287598e+00
0.000000000000000000e+00
2.754435539245605469e-01
5.512297898530960083e-02
6.385619286447763443e-03
1.122464299201965332e+00
0.000000000000000000e+00
0.000000000000000000e+00
7.546186447143554688e-01
6.590043306350708008e-01
4.768314305692911148e-03
3.750424133613705635e-03
1.002046108245849609e+00
6.071343645453453064e-02
1.232960820198059082e-01
1.665712445974349976e-01
1.467277050018310547e+00
8.843678981065750122e-02
1.023755311965942383e+00
1.443811178207397461e+00
2.602845728397369385e-01
7.553648948669433594e-02
2.985338866710662842e-01
2.086058408021926880e-01
9.775563478469848633e-01
5.745860934257507324e-01
4.715932607650756836e-01
8.748477324843406677e-03
4.062145948410034180e-01
1.214129924774169922e+00
2.864701747894287109e-01
1.531054735183715820e+00
4.820910692214965820e-01
4.602643847465515137e-02
4.745278656482696533e-01
7.350368499755859375e-01
0.000000000000000000e+00
1.362268477678298950e-01
1.697710901498794556e-02
7.529754638671875000e-01
5.557587742805480957e-01
0.000000000000000000e+00
6.804896593093872070e-01
8.431625366210937500e-01
2.290798425674438477e+00
1.118901729583740234e+00
3.392105698585510254e-01
1.546842098236083984e+00
2.381174325942993164e+00
0.000000000000000000e+00
6.667826175689697266e-01
1.555049061775207520e+00
8.550893068313598633e-01
1.669920235872268677e-01
1.262454271316528320e+00
2.377759106457233429e-02
1.096379943192005157e-02
9.179545938968658447e-02
2.089052461087703705e-02
5.116988420486450195e-01
1.281646937131881714e-01
2.784200191497802734e+00
1.942469835281372070e+00
9.067564606666564941e-01
0.000000000000000000e+00
4.439533054828643799e-01
5.795951560139656067e-02
7.041248027235269547e-03
0.000000000000000000e+00
9.572995454072952271e-02
1.126067936420440674e-01
5.544598679989576340e-03
0.000000000000000000e+00
3.427001237869262695e-01
2.379958750680088997e-03
9.443726539611816406e-01
1.642314314842224121e+00
6.001377105712890625e-02
1.135666668415069580e-01
5.046949386596679688e-01
1.504730582237243652e-01
1.797088742256164551e+00
0.000000000000000000e+00
3.995135426521301270e-02
1.300745487213134766e+00
5.744998455047607422e-01
8.042421936988830566e-01
1.761545836925506592e-01
1.437928676605224609e+00
1.894856691360473633e-01
4.406984150409698486e-01
0.000000000000000000e+00
4.012400507926940918e-01
1.654883861541748047e+00
1.621941290795803070e-02
6.343524903059005737e-02
4.403860092163085938e+00
4.096937775611877441e-01
7.717691659927368164e-01
2.967567443847656250e-01
1.325048655271530151e-01
3.226771056652069092e-01
0.000000000000000000e+00
2.739974498748779297e+00
9.075425267219543457e-01
2.050810456275939941e-01
6.665674448013305664e-01
1.064944624900817871e+00
0.000000000000000000e+00
1.667862057685852051e+00
0.000000000000000000e+00
7.302225381135940552e-02
6.951568275690078735e-02
0.000000000000000000e+00
3.496937155723571777e-01
1.529219597578048706e-01
3.575616180896759033e-01
0.000000000000000000e+00
8.159240484237670898e-01
5.723026990890502930e-01
1.361907601356506348e+00
0.000000000000000000e+00
3.925932347774505615e-01
1.896070390939712524e-01
2.678607702255249023e-01
0.000000000000000000e+00
1.037003938108682632e-02
2.552689984440803528e-02
8.037353157997131348e-01
1.472002267837524414e+00
8.408786654472351074e-01
7.333125174045562744e-02
1.780013561248779297e+00
6.438750308007001877e-03
1.040240406990051270e+00
3.326691091060638428e-01
2.175237983465194702e-01
2.576609551906585693e-01
0.000000000000000000e+00
1.566651344299316406e+00
1.518719673156738281e+00
1.727213561534881592e-01
2.829887390136718750e+00
4.473033249378204346e-01
1.030662894248962402e+00
1.219126433134078979e-01
9.112337231636047363e-02
1.467497795820236206e-01
1.833269357681274414e+00
9.413055181503295898e-01
0.000000000000000000e+00
1.316661387681961060e-01
4.103630781173706055e-01
5.350267887115478516e-01
2.627115726470947266e+00
7.892929315567016602e-01
2.249218970537185669e-01
5.176837444305419922e-01
6.110087409615516663e-02
1.214010119438171387e+00
4.088423848152160645e-01
1.438058763742446899e-01
1.572907716035842896e-02
1.516175866127014160e+00
7.301459908485412598e-01
1.820047050714492798e-01
3.333919346332550049e-01
1.614222861826419830e-02
1.466493248939514160e+00
4.372735321521759033e-01
2.546082735061645508e-01
2.251602113246917725e-01
2.597279613837599754e-03
1.131684258580207825e-01
6.028436422348022461e-01
2.772043086588382721e-02
9.578987956047058105e-01
2.525277853012084961e+00
7.927186042070388794e-02
1.220003981143236160e-02
2.661905884742736816e-01
2.511932849884033203e+00
7.251091599464416504e-01
9.332383275032043457e-01
4.947636425495147705e-01
2.281435251235961914e+00
1.483930945396423340e+00
5.325940251350402832e-01
9.442193061113357544e-02
5.866717696189880371e-01
0.000000000000000000e+00
3.709090873599052429e-02
