8.645747601985931396e-02
0.000000000000000000e+00
2.929694354534149170e-01
2.447067260742187500e+00
2.768110930919647217e-01
2.215981185436248779e-01
1.101856946945190430e+00
2.771615505218505859e+00
6.388209819793701172e+00
1.343553423881530762e+00
5.863422993570566177e-03
1.936935544013977051e+00
2.652176916599273682e-01
1.291054368019104004e+00
2.523093700408935547e+00
1.079022169113159180e+00
8.055548071861267090e-01
1.142528295516967773e+00
8.782668709754943848e-01
3.558820113539695740e-02
1.653396129608154297e+00
0.000000000000000000e+00
8.475868701934814453e-01
2.843333005905151367e+00
7.648081332445144653e-02
0.000000000000000000e+00
7.676595356315374374e-03
1.358187317848205566e+00
3.023557960987091064e-01
4.298119843006134033e-01
6.813236977905035019e-04
1.654101535677909851e-02
6.519744396209716797e-01
8.124668002128601074e-01
1.780658006668090820e+00
3.253513813018798828e+00
2.142933011054992676e-01
9.207910299301147461e-02
1.773029193282127380e-02
1.210506796836853027e+00
5.101807713508605957e-01
2.400881648063659668e-01
5.232748389244079590e-01
3.718477964401245117e+00
2.779992222785949707e-01
1.687726974487304688e+00
4.245286583900451660e-01
1.301811218261718750e+00
2.385340332984924316e-01
1.181840538978576660e+00
3.847473621368408203e+00
1.263113785535097122e-02
1.648956298828125000e+00
2.311615049839019775e-01
7.658078074455261230e-01
4.625799953937530518e-01
1.556751430034637451e-01
2.907477319240570068e-01
2.210953712463378906e+00
3.140604496002197266e-02
8.260811120271682739e-02
1.345486789941787720e-01
1.238701641559600830e-01
4.243144094944000244e-01
1.590744256973266602e+00
3.811691403388977051e-01
2.249488532543182373e-01
3.822390437126159668e-01
1.294321537017822266e+00
6.759321093559265137e-01
0.000000000000000000e+00
0.000000000000000000e+00
2.993842065334320068e-01
7.332509756088256836e-01
1.683000028133392334e-01
1.412490844726562500e+00
0.000000000000000000e+00
1.319780707359313965e+00
2.001096755266189575e-01
7.116155028343200684e-01
3.592469692230224609e-01
1.156485676765441895e+00
1.793643355369567871e+00
2.129220962524414062e-02
1.775663733482360840e+00
3.167404532432556152e-01
1.031245589256286621e+00
7.697191089391708374e-02
1.000087618827819824e+00
1.272264122962951660e-02
5.807270109653472900e-02
0.000000000000000000e+00
2.935541560873389244e-03
3.537261486053466797e-02
8.968493342399597168e-01
6.192806959152221680e-01
4.427787065505981445e-01
1.072084546089172363e+00
2.319522351026535034e-01
1.184174269437789917e-01
0.000000000000000000e+00
4.746808409690856934e-01
2.592391148209571838e-02
1.754764914512634277e+00
1.448381781578063965e+00
7.698248326778411865e-02
1.692726373672485352e+00
7.531614899635314941e-01
3.724715411663055420e-01
3.800544142723083496e-01
1.744553565979003906e+00
8.249695599079132080e-02
7.408615946769714355e-01
6.763738393783569336e-01
7.706248760223388672e-01
2.414976246654987335e-02
3.216861784458160400e-01
7.657872438430786133e-01
2.477874279022216797e+00
2.249500513076782227e+00
6.921366453170776367e-01
5.367943048477172852e-01
4.799771010875701904e-01
1.827375769615173340e+00
8.629268407821655273e-01
7.091403603553771973e-01
0.000000000000000000e+00
5.967823266983032227e-01
1.780427813529968262e+00
1.155766770243644714e-01
2.212232351303100586e-02
7.562699317932128906e-01
3.092286288738250732e-01
1.555030792951583862e-01
3.028627336025238037e-01
6.982466578483581543e-02
4.978725686669349670e-02
4.573087692260742188e+00
0.000000000000000000e+00
1.274460703134536743e-01
1.454800963401794434e-01
1.775947809219360352e-01
1.508355736732482910e+00
2.045098319649696350e-02
9.514396637678146362e-02
8.741448819637298584e-02
1.314111471176147461e+00
7.853529453277587891e-01
1.277966499328613281e+00
3.203473519533872604e-03
5.627469539642333984e+00
7.776574790477752686e-02
4.546758532524108887e-01
3.185992538928985596e-01
1.580417037010192871e+00
1.883835077285766602e+00
4.565567672252655029e-01
3.848248124122619629e-01
2.458606004714965820e+00
9.676943719387054443e-02
1.372485309839248657e-01
8.277542591094970703e-01
2.745950222015380859e-02
8.609152585268020630e-02
8.147839903831481934e-01
6.252809762954711914e-01
0.000000000000000000e+00
0.000000000000000000e+00
1.395793914794921875e+00
2.196123361587524414e+00
1.648943275213241577e-01
3.899485766887664795e-01
1.135260239243507385e-01
1.100484728813171387e+00
1.409773945808410645e+00
7.340338230133056641e+00
5.355772003531455994e-02
8.258071728050708771e-03
3.531557321548461914e-02
2.253892272710800171e-01
4.391127265989780426e-03
3.601409792900085449e-01
4.529553651809692383e-01
3.792621374130249023e+00
9.267425537109375000e-02
3.031310392543673515e-03
9.109394997358322144e-02
7.595849037170410156e-01
0.000000000000000000e+00
2.875884529203176498e-03
0.000000000000000000e+00
1.205933652818202972e-02
8.155395984649658203e-01
4.200809299945831299e-01
1.065077066421508789e+00
7.144951224327087402e-01
5.732722878456115723e-01
1.247186809778213501e-01
5.901126936078071594e-02
9.050396084785461426e-01
1.589101433753967285e+00
2.003770172595977783e-01
2.260935604572296143e-01
3.967383801937103271e-01
8.704614043235778809e-01
3.696246445178985596e-02
3.955684900283813477e-01
0.000000000000000000e+00
9.903461337089538574e-01
1.204375386238098145e+00
3.128522038459777832e-01
6.422241926193237305e-01
6.961429715156555176e-01
1.999675035476684570e+00
5.299587249755859375e-01
2.857145667076110840e-01
5.518542528152465820e-01
5.799436569213867188e-01
1.833263158798217773e+00
4.423418641090393066e-01
1.708612404763698578e-02
1.646719574928283691e-01
9.144541621208190918e-01
0.000000000000000000e+00
3.020956218242645264e-01
0.000000000000000000e+00
7.072973996400833130e-02
6.128942966461181641e-01
4.888587072491645813e-02
2.120512127876281738e-01
6.010381877422332764e-02
5.815104246139526367e-01
2.549672126770019531e+00
1.507022738456726074e+00
9.720101356506347656e-01
9.497744441032409668e-01
2.388108730316162109e+00
1.993673294782638550e-01
9.375029057264328003e-02
1.148191213607788086e+00
1.889256089925765991e-01
0.000000000000000000e+00
5.418460071086883545e-02
2.134967327117919922e+00
8.318610787391662598e-01
2.245265692472457886e-01
3.673586547374725342e-01
2.452380256727337837e-03
1.750555872917175293e+00
1.340540170669555664e+00
2.878717780113220215e-01
6.426621675491333008e-01
2.959705144166946411e-02
1.860879659652709961e+00
9.470925927162170410e-01
2.493357099592685699e-02
2.026636153459548950e-01
0.000000000000000000e+00
6.983004212379455566e-01
2.232376337051391602e-01
1.419506788253784180e+00
7.099533081054687500e-01
0.000000000000000000e+00
2.428581416606903076e-01
0.000000000000000000e+00
5.277983844280242920e-02
1.536423683166503906e+00
0.000000000000000000e+00
9.774398803710937500e-01
3.272256553173065186e-01
1.961887836456298828e+00
9.220160543918609619e-03
9.985620975494384766e-01
7.090133428573608398e-02
1.468869745731353760e-01
2.737550139427185059e-01
3.033454716205596924e-01
1.479748487472534180e+00
1.005361795425415039e+00
1.838136911392211914e-01
2.571513950824737549e-01
1.415487527847290039e-01
2.968744933605194092e-01
4.207372069358825684e-01
5.830586552619934082e-01
1.318557739257812500e+00
1.285692095756530762e+00
9.121170639991760254e-02
1.333554536104202271e-01
9.337054565548896790e-03
1.406114459037780762e+00
1.011737585067749023e+00
5.939012169837951660e-01
0.000000000000000000e+00
2.967407703399658203e-01
4.232755601406097412e-01
2.374558895826339722e-01
1.693369001150131226e-01
7.983056306838989258e-01
5.462320804595947266e+00
1.865335404872894287e-01
1.852770745754241943e-01
1.371787548065185547e+00
1.006409432739019394e-02
4.112942144274711609e-02
1.282695829868316650e-01
1.742300838232040405e-01
0.000000000000000000e+00
2.837696298956871033e-02
8.869025111198425293e-01
7.172399759292602539e-01
2.297813445329666138e-02
1.736297905445098877e-01
9.011794924736022949e-01
1.004696190357208252e-01
7.890549898147583008e-01
0.000000000000000000e+00
3.405806720256805420e-01
1.358797907829284668e+00
6.343288719654083252e-02
1.945929408073425293e+00
0.000000000000000000e+00
8.328803628683090210e-02
2.632348239421844482e-01
1.326081901788711548e-02
1.250123083591461182e-01
5.319921299815177917e-02
0.000000000000000000e+00
1.077161550521850586e+00
6.178166270256042480e-01
0.000000000000000000e+00
0.000000000000000000e+00
2.898025512695312500e-01
2.714412808418273926e-01
5.473211407661437988e-03
7.833089232444763184e-01
1.684383869171142578e+00
3.027159720659255981e-02
1.084658741950988770e+00
1.231264948844909668e+00
6.033798456192016602e-01
3.526925295591354370e-02
5.368288755416870117e-01
1.969556510448455811e-02
1.040908694267272949e+00
1.204159021377563477e+00
2.007234096527099609e-01
1.602306583663448691e-04
6.318656206130981445e-01
1.020150184631347656e+00
8.198902755975723267e-02
3.747711777687072754e-01
3.873535692691802979e-01
2.983763627707958221e-02
8.447558502666652203e-04
3.957372307777404785e-01
0.000000000000000000e+00
3.948029875755310059e-01
9.819459170103073120e-03
2.440002411603927612e-01
1.057876706123352051e+00
2.330339484615251422e-04
4.070012569427490234e-01
8.941217064857482910e-01
1.442928671836853027e+00
1.062533497810363770e+00
3.647786378860473633e-01
1.648190736770629883e+00
1.592551350593566895e+00
3.346706740558147430e-03
1.689106971025466919e-01
1.215589642524719238e+00
5.687062740325927734e-01
3.920415639877319336e-01
1.227553963661193848e+00
0.000000000000000000e+00
3.391238451004028320e-01
3.208236396312713623e-02
6.441872715950012207e-01
1.008522272109985352e+00
3.641438186168670654e-01
3.531819105148315430e+00
1.481090068817138672e+00
9.496143460273742676e-01
0.000000000000000000e+00
7.414556741714477539e-01
0.000000000000000000e+00
3.061754815280437469e-02
0.000000000000000000e+00
1.611875742673873901e-01
7.227674871683120728e-02
1.191933825612068176e-01
0.000000000000000000e+00
8.477106690406799316e-02
4.527594894170761108e-02
1.388277292251586914e+00
1.721578240394592285e+00
0.000000000000000000e+00
1.656508147716522217e-01
1.855545639991760254e+00
1.819729432463645935e-02
4.113726317882537842e-01
0.000000000000000000e+00
1.979304105043411255e-01
1.194283723831176758e+00
1.067343875765800476e-01
1.260817408561706543e+00
2.132322639226913452e-01
1.395567417144775391e+00
5.911698937416076660e-01
1.127827167510986328e-01
4.352509975433349609e-02
2.285911887884140015e-01
1.936235308647155762e+00
2.580853179097175598e-02
1.363155059516429901e-02
2.474330663681030273e+00
1.738725304603576660e-01
6.437586545944213867e-01
2.656770050525665283e-01
1.512473523616790771e-01
6.049579381942749023e-01
4.573305603116750717e-03
3.540594339370727539e+00
5.764457583427429199e-01
1.164654016494750977e+00
6.672707200050354004e-01
2.752942085266113281e+00
1.017869822680950165e-02
1.618233799934387207e+00
0.000000000000000000e+00
2.514894865453243256e-02
1.366569846868515015e-01
0.000000000000000000e+00
8.064213395118713379e-02
3.083258494734764099e-02
2.692480087280273438e-01
1.449641189537942410e-03
1.992977857589721680e-01
8.914647102355957031e-01
1.311960935592651367e+00
0.000000000000000000e+00
2.827225327491760254e-01
2.868478298187255859e-01
9.845604896545410156e-01
0.000000000000000000e+00
1.118543930351734161e-02
0.000000000000000000e+00
2.502460479736328125e-01
7.971363067626953125e-01
4.232311248779296875e-01
4.126345813274383545e-01
1.442741513252258301e+00
2.186740934848785400e-02
4.268299341201782227e-01
2.378770858049392700e-01
4.060472548007965088e-01
3.867022693157196045e-02
0.000000000000000000e+00
1.374060988426208496e+00
1.973814845085144043e+00
1.172754317522048950e-01
2.990154504776000977e+00
3.800103673711419106e-03
1.099234819412231445e+00
2.620056504383683205e-03
1.315592378377914429e-01
6.557893753051757812e-02
2.118705034255981445e+00
5.854659676551818848e-01
2.203780971467494965e-02
6.151913404464721680e-01
4.589983820915222168e-01
2.620450556278228760e-01
2.870832204818725586e+00
2.215911597013473511e-01
1.976263895630836487e-02
1.255097389221191406e-01
6.688526272773742676e-02
6.111254692077636719e-01
1.914920359849929810e-01
1.459821015596389771e-01
1.585578322410583496e-01
1.111336469650268555e+00
4.039140641689300537e-01
3.915246576070785522e-03
1.611274182796478271e-01
9.980262070894241333e-02
1.590047240257263184e+00
1.320104598999023438e-01
2.815991640090942383e-01
8.632673323154449463e-02
5.650591105222702026e-02
1.705843061208724976e-01
1.478251338005065918e+00
4.829943645745515823e-03
4.964779317378997803e-01
2.513933658599853516e+00
1.427759677171707153e-01
3.970035165548324585e-02
2.827309370040893555e-01
1.042105078697204590e+00
6.892752051353454590e-01
2.998087704181671143e-01
5.945470333099365234e-01
3.251550674438476562e+00
1.983667731285095215e+00
2.716483175754547119e-01
3.051667511463165283e-01
5.285938382148742676e-01
0.000000000000000000e+00
0.000000000000000000e+00
