4.439113661646842957e-02
0.000000000000000000e+00
4.357250630855560303e-01
2.479097843170166016e+00
3.452482223510742188e-01
1.348488926887512207e-01
6.575706005096435547e-01
3.348053216934204102e+00
6.639061450958251953e+00
1.093109965324401855e+00
1.096957251429557800e-01
2.071927070617675781e+00
3.812857568264007568e-01
1.230737209320068359e+00
2.771390914916992188e+00
1.030418992042541504e+00
7.873927354812622070e-01
1.689699411392211914e+00
4.162142276763916016e-01
8.945193141698837280e-02
1.212853670120239258e+00
0.000000000000000000e+00
1.546096503734588623e-01
3.040596723556518555e+00
8.928026258945465088e-02
0.000000000000000000e+00
0.000000000000000000e+00
1.472672224044799805e+00
3.434447646141052246e-01
8.380132913589477539e-02
6.533871870487928391e-03
5.435395054519176483e-03
9.604286551475524902e-01
5.227119326591491699e-01
6.514226198196411133e-01
3.131528854370117188e+00
2.127538025379180908e-01
2.005851864814758301e-01
2.209234833717346191e-01
8.801681995391845703e-01
6.996002197265625000e-01
2.584967315196990967e-01
5.511040091514587402e-01
3.680285930633544922e+00
6.267761588096618652e-01
1.416636705398559570e+00
2.057604193687438965e-01
7.001178264617919922e-01
1.227191761136054993e-01
1.354017853736877441e+00
3.176414012908935547e+00
0.000000000000000000e+00
1.069357037544250488e+00
1.150587573647499084e-01
7.725549936294555664e-01
4.547424912452697754e-01
4.332318156957626343e-02
1.676833778619766235e-01
2.509994029998779297e+00
1.874400079250335693e-01
1.311843693256378174e-01
1.407960951328277588e-01
9.949038736522197723e-03
7.005842924118041992e-01
1.865782141685485840e+00
4.899713695049285889e-01
1.953940689563751221e-01
5.136008858680725098e-01
7.984071969985961914e-01
8.185134530067443848e-01
0.000000000000000000e+00
7.121905684471130371e-02
5.339673161506652832e-01
9.412284940481185913e-02
1.081147864460945129e-01
1.355745911598205566e+00
0.000000000000000000e+00
9.674299359321594238e-01
3.020485937595367432e-01
4.938474297523498535e-01
6.140868365764617920e-02
1.624501466751098633e+00
2.185430526733398438e+00
1.082682460546493530e-01
1.727572679519653320e+00
2.828405201435089111e-01
1.274400830268859863e+00
3.597033023834228516e-02
1.079667806625366211e+00
6.774991005659103394e-02
6.550194812007248402e-04
3.301599621772766113e-02
8.594402112066745758e-03
0.000000000000000000e+00
9.436267018318176270e-01
5.993329882621765137e-01
4.081104397773742676e-01
8.775368332862854004e-01
9.303582832217216492e-03
3.311330080032348633e-02
4.889082908630371094e-02
2.285228669643402100e-01
3.378960862755775452e-02
2.217717885971069336e+00
1.565199851989746094e+00
1.658381223678588867e-01
1.728089332580566406e+00
4.853576123714447021e-01
6.167480349540710449e-01
1.373387128114700317e-01
1.746790051460266113e+00
0.000000000000000000e+00
7.162059545516967773e-01
5.146102905273437500e-01
4.169425964355468750e-01
2.669665962457656860e-02
4.596833586692810059e-01
4.284471571445465088e-01
1.204968214035034180e+00
2.457129478454589844e+00
9.757465124130249023e-01
1.153840869665145874e-01
1.698659919202327728e-02
1.617620348930358887e+00
6.114149689674377441e-01
5.703718662261962891e-01
0.000000000000000000e+00
5.008935928344726562e-01
2.301588058471679688e+00
1.892280578613281250e-01
2.617802917957305908e-01
6.940423250198364258e-01
4.237028956413269043e-01
1.155785247683525085e-01
1.633868813514709473e-01
5.139683932065963745e-02
6.780437380075454712e-02
4.205552101135253906e+00
0.000000000000000000e+00
1.049433648586273193e-02
1.813397109508514404e-01
2.628221511840820312e-01
1.639722824096679688e+00
8.332249708473682404e-03
7.687877118587493896e-02
2.898756861686706543e-01
9.171411991119384766e-01
7.269273996353149414e-01
1.571197748184204102e+00
6.813087314367294312e-02
5.698306083679199219e+00
2.470233291387557983e-01
3.108043670654296875e-01
2.080675959587097168e-01
1.354682683944702148e+00
1.084659576416015625e+00
2.951774001121520996e-01
1.872602552175521851e-01
2.467832326889038086e+00
5.465152114629745483e-02
2.239411622285842896e-01
1.076049923896789551e+00
4.378887414932250977e-01
2.156155258417129517e-01
4.281831085681915283e-01
6.718239188194274902e-01
0.000000000000000000e+00
0.000000000000000000e+00
1.070187568664550781e+00
2.522046804428100586e+00
2.633573412895202637e-01
9.297251701354980469e-02
9.941846132278442383e-02
1.256351113319396973e+00
7.153738737106323242e-01
7.372813701629638672e+00
1.121516153216362000e-02
7.427146192640066147e-03
9.468097984790802002e-02
6.090550869703292847e-02
0.000000000000000000e+00
1.493421941995620728e-01
2.316040843725204468e-01
3.708562612533569336e+00
1.310672909021377563e-01
3.775993827730417252e-04
1.018068343400955200e-01
2.784597873687744141e-01
0.000000000000000000e+00
0.000000000000000000e+00
0.000000000000000000e+00
1.691400259733200073e-02
9.375311136245727539e-01
1.462494134902954102e-01
6.582619547843933105e-01
7.342543005943298340e-01
9.012906551361083984e-01
2.398607581853866577e-01
3.390962481498718262e-01
6.085541248321533203e-01
1.271736025810241699e+00
4.684975445270538330e-01
4.647175222635269165e-02
7.703109979629516602e-01
3.895925283432006836e-01
0.000000000000000000e+00
6.840910315513610840e-01
7.490080781280994415e-03
4.660997092723846436e-01
1.120649695396423340e+00
6.848406046628952026e-02
3.188933730125427246e-01
4.403039515018463135e-01
9.940798878669738770e-01
6.306232810020446777e-01
5.075045228004455566e-01
1.595274060964584351e-01
5.081049799919128418e-01
2.090277671813964844e+00
6.083444356918334961e-01
0.000000000000000000e+00
3.898633643984794617e-02
5.715548396110534668e-01
3.607691526412963867e-01
6.996274590492248535e-01
0.000000000000000000e+00
6.524243205785751343e-02
7.423709034919738770e-01
2.779248543083667755e-02
6.832180172204971313e-02
2.372719794511795044e-01
2.069980353116989136e-01
2.806015968322753906e+00
1.871908068656921387e+00
8.988447785377502441e-01
8.172063827514648438e-01
2.038985490798950195e+00
6.387794017791748047e-01
0.000000000000000000e+00
7.262190580368041992e-01
4.620366692543029785e-01
9.809908224269747734e-04
4.429683834314346313e-02
2.434316396713256836e+00
9.902880787849426270e-01
3.314509391784667969e-01
5.463687181472778320e-01
0.000000000000000000e+00
2.625218629837036133e+00
9.713555574417114258e-01
2.084403932094573975e-01
6.786880493164062500e-01
4.175205901265144348e-02
1.178994417190551758e+00
9.773523807525634766e-01
1.201544236391782761e-02
4.496961459517478943e-02
0.000000000000000000e+00
7.407984137535095215e-02
1.003617793321609497e-01
8.397113084793090820e-01
6.560600548982620239e-02
0.000000000000000000e+00
3.038752824068069458e-02
0.000000000000000000e+00
5.121134966611862183e-02
1.891284823417663574e+00
7.501566782593727112e-03
2.550725638866424561e-01
1.156871169805526733e-01
1.264451622962951660e+00
0.000000000000000000e+00
1.010132551193237305e+00
1.291300822049379349e-02
1.437107324600219727e-01
4.362296462059020996e-01
8.141624182462692261e-02
1.812452375888824463e-01
1.205727100372314453e+00
1.161602139472961426e-01
2.632524371147155762e-01
5.353579521179199219e-01
1.433508545160293579e-01
1.359262764453887939e-01
4.520191252231597900e-01
9.705134630203247070e-01
1.248096823692321777e+00
1.155603379011154175e-01
3.972097933292388916e-01
1.356320828199386597e-02
6.282780170440673828e-01
1.018155217170715332e+00
3.686192035675048828e-01
0.000000000000000000e+00
6.236156076192855835e-02
4.386119246482849121e-01
4.741528332233428955e-01
4.655319452285766602e-01
1.090873003005981445e+00
5.665379524230957031e+00
5.501270294189453125e-01
2.287873625755310059e-01
4.724377989768981934e-01
2.176833897829055786e-02
6.809410452842712402e-02
1.175557151436805725e-01
1.558679650770500302e-04
0.000000000000000000e+00
1.070037484169006348e-01
1.385900080204010010e-01
5.060241222381591797e-01
0.000000000000000000e+00
4.458454623818397522e-02
1.119499921798706055e+00
7.964392006397247314e-02
8.003818392753601074e-01
0.000000000000000000e+00
1.418638974428176880e-01
1.091214776039123535e+00
5.048689781688153744e-04
1.858746409416198730e+00
0.000000000000000000e+00
6.740204244852066040e-02
7.928682863712310791e-02
6.540361791849136353e-02
2.872151732444763184e-01
1.919353753328323364e-01
0.000000000000000000e+00
9.702690243721008301e-01
3.314983546733856201e-01
6.320212502032518387e-03
0.000000000000000000e+00
2.477529793977737427e-01
7.328464090824127197e-02
1.962358504533767700e-02
3.062517642974853516e-01
1.882319450378417969e+00
2.555986344814300537e-01
5.707278251647949219e-01
8.607124686241149902e-01
4.632658883929252625e-02
1.985684037208557129e-03
3.230467438697814941e-01
4.032541066408157349e-02
7.777228951454162598e-01
1.235301256179809570e+00
1.153053343296051025e-01
1.414800412021577358e-03
4.347200095653533936e-01
6.231860518455505371e-01
9.328253567218780518e-02
6.101448535919189453e-01
2.167412452399730682e-02
0.000000000000000000e+00
6.052242964506149292e-02
8.277212381362915039e-01
0.000000000000000000e+00
3.589729070663452148e-01
0.000000000000000000e+00
3.237250447273254395e-01
9.922525882720947266e-01
2.381914993748068810e-03
5.439830422401428223e-01
3.292391300201416016e-01
1.551365613937377930e+00
9.502142667770385742e-01
6.237910389900207520e-01
1.712484240531921387e+00
1.911282539367675781e+00
0.000000000000000000e+00
1.318664699792861938e-01
1.403887510299682617e+00
7.678186893463134766e-01
2.348841726779937744e-01
9.764400720596313477e-01
2.217314392328262329e-02
1.790941953659057617e-01
0.000000000000000000e+00
7.477213442325592041e-02
9.828050136566162109e-01
2.666893005371093750e-01
3.739379405975341797e+00
1.906019806861877441e+00
6.413661837577819824e-01
0.000000000000000000e+00
6.223429441452026367e-01
2.099976688623428345e-02
5.173579789698123932e-03
0.000000000000000000e+00
1.151420697569847107e-01
1.071792617440223694e-01
3.209387138485908508e-02
0.000000000000000000e+00
3.190552815794944763e-02
2.846181020140647888e-02
5.002089142799377441e-01
2.202341079711914062e+00
6.598241161555051804e-03
2.637342549860477448e-02
1.038431286811828613e+00
5.268256366252899170e-02
5.074217319488525391e-01
0.000000000000000000e+00
2.375906705856323242e-01
1.500890016555786133e+00
2.758087217807769775e-01
1.300227165222167969e+00
1.565565913915634155e-01
1.338171362876892090e+00
4.807413816452026367e-01
1.870140135288238525e-01
0.000000000000000000e+00
4.340001344680786133e-01
2.505170822143554688e+00
3.088981509208679199e-01
4.577845707535743713e-02
2.548011779785156250e+00
2.480763047933578491e-01
2.609249651432037354e-01
1.354965418577194214e-01
1.659408211708068848e-01
4.905198514461517334e-01
0.000000000000000000e+00
3.580329895019531250e+00
4.154177308082580566e-01
9.585102200508117676e-01
6.437472105026245117e-01
2.252374410629272461e+00
0.000000000000000000e+00
1.528750061988830566e+00
0.000000000000000000e+00
8.833234198391437531e-03
4.800847917795181274e-02
0.000000000000000000e+00
0.000000000000000000e+00
5.016443505883216858e-02
3.838891163468360901e-02
0.000000000000000000e+00
1.270761042833328247e-01
5.424987673759460449e-01
1.535969495773315430e+00
0.000000000000000000e+00
1.196305677294731140e-01
1.167842522263526917e-01
1.378518581390380859e+00
0.000000000000000000e+00
1.142502296715974808e-03
8.885047398507595062e-03
1.202294379472732544e-01
6.751694679260253906e-01
5.250707268714904785e-01
2.020036727190017700e-01
1.672914147377014160e+00
1.420469395816326141e-02
9.828488826751708984e-01
2.168455421924591064e-01
2.269873619079589844e-01
1.177455335855484009e-01
0.000000000000000000e+00
1.195363402366638184e+00
1.590178489685058594e+00
2.612010240554809570e-01
3.012355089187622070e+00
6.481882184743881226e-02
1.356019854545593262e+00
2.682822011411190033e-02
0.000000000000000000e+00
3.161555901169776917e-02
8.982939124107360840e-01
4.201422631740570068e-01
0.000000000000000000e+00
7.699205875396728516e-01
5.116059258580207825e-02
7.997293025255203247e-02
3.013209581375122070e+00
8.606056123971939087e-02
3.989554010331630707e-03
3.432173430919647217e-01
1.431864351034164429e-01
8.639684915542602539e-01
7.097816467285156250e-02
0.000000000000000000e+00
7.721499353647232056e-02
1.595335125923156738e+00
6.615058779716491699e-01
0.000000000000000000e+00
2.006754875183105469e-01
3.866620128974318504e-03
1.440721631050109863e+00
2.258300781250000000e-01
2.017386704683303833e-01
4.163060784339904785e-01
7.833908498287200928e-02
1.954949200153350830e-01
6.323793530464172363e-01
0.000000000000000000e+00
1.569784283638000488e-01
2.005228519439697266e+00
4.914776235818862915e-02
0.000000000000000000e+00
1.892065107822418213e-01
1.400192499160766602e+00
3.564272522926330566e-01
5.567702651023864746e-01
3.230798542499542236e-01
2.500414609909057617e+00
2.482191324234008789e+00
3.355814814567565918e-01
1.964366286993026733e-01
3.211519420146942139e-01
0.000000000000000000e+00
0.000000000000000000e+00
