1.251550763845443726e-01
2.202540338039398193e-01
1.170270681381225586e+00
3.642194509506225586e+00
8.168791234493255615e-02
1.484967768192291260e-01
5.048503875732421875e-01
2.509561538696289062e+00
5.899967193603515625e+00
2.355211526155471802e-01
0.000000000000000000e+00
1.735733747482299805e+00
2.248007431626319885e-02
8.536186814308166504e-01
1.754246711730957031e+00
8.527858257293701172e-01
1.235658764839172363e+00
4.972924888134002686e-01
1.956234872341156006e-01
9.756803512573242188e-03
2.699032425880432129e-01
4.000216722488403320e-03
6.792986989021301270e-01
3.395784616470336914e+00
4.051210358738899231e-02
0.000000000000000000e+00
0.000000000000000000e+00
1.157544016838073730e+00
2.199366837739944458e-01
5.441199988126754761e-02
2.251108437776565552e-01
1.911500990390777588e-01
1.137243360280990601e-01
7.821111083030700684e-01
6.749537587165832520e-01
1.833980560302734375e+00
2.955552637577056885e-01
9.907311201095581055e-01
1.991007179021835327e-01
4.089754223823547363e-01
2.838893532752990723e-01
1.306366408243775368e-03
7.602038979530334473e-01
2.043868780136108398e+00
7.807017564773559570e-01
1.613809227943420410e+00
6.184368208050727844e-02
3.084283769130706787e-01
3.800114500336349010e-04
1.659271240234375000e+00
2.222989082336425781e+00
0.000000000000000000e+00
5.896778106689453125e-01
3.085223399102687836e-02
4.229791760444641113e-01
2.017644941806793213e-01
3.397968411445617676e-02
0.000000000000000000e+00
3.365410566329956055e+00
2.209366858005523682e-01
6.714896857738494873e-02
6.284325569868087769e-02
1.416174620389938354e-01
8.350044488906860352e-01
1.391142487525939941e+00
1.499938517808914185e-01
4.823782444000244141e-01
4.862639904022216797e-01
4.565815329551696777e-01
8.334013819694519043e-01
0.000000000000000000e+00
1.786802522838115692e-02
2.228369563817977905e-01
1.371490508317947388e-01
7.747812867164611816e-01
2.303092002868652344e+00
0.000000000000000000e+00
7.305657267570495605e-01
7.091491222381591797e-01
9.107828140258789062e-02
6.565785408020019531e-01
5.507352352142333984e-01
2.016259670257568359e+00
2.303030714392662048e-02
5.153495669364929199e-01
6.110361218452453613e-01
1.099830746650695801e+00
7.047254443168640137e-01
1.524167060852050781e+00
3.690688684582710266e-02
0.000000000000000000e+00
2.354118041694164276e-02
2.497210726141929626e-02
2.121171448379755020e-03
1.690123558044433594e+00
3.883270621299743652e-01
2.788915336132049561e-01
1.571602344512939453e+00
1.344997286796569824e-01
1.009777411818504333e-01
5.020230077207088470e-03
1.225174069404602051e-01
0.000000000000000000e+00
2.491515159606933594e+00
1.374966382980346680e+00
4.320256412029266357e-03
1.214990973472595215e+00
1.736119836568832397e-01
1.139345671981573105e-02
6.139076873660087585e-02
1.527923703193664551e+00
5.778091773390769958e-02
5.309318304061889648e-01
3.601036965847015381e-02
2.953347861766815186e-01
2.355372905731201172e-02
1.675326973199844360e-01
5.318282246589660645e-01
5.606020092964172363e-01
1.509027123451232910e+00
2.141249418258666992e+00
5.921053290367126465e-01
0.000000000000000000e+00
1.505175232887268066e+00
4.795441925525665283e-01
6.327643990516662598e-01
1.570038795471191406e-01
4.838654696941375732e-01
1.268263220787048340e+00
2.240184843540191650e-01
7.891286611557006836e-01
7.819184064865112305e-01
5.385670065879821777e-01
1.703839004039764404e-01
6.161782145500183105e-01
1.106656994670629501e-02
7.237595915794372559e-01
3.520220994949340820e+00
0.000000000000000000e+00
4.822648596018552780e-03
5.696853995323181152e-01
3.377544879913330078e-02
8.167853951454162598e-01
8.007634431123733521e-02
1.025818586349487305e-01
2.724423706531524658e-01
1.209971070289611816e+00
1.124430060386657715e+00
8.128060102462768555e-01
7.312849909067153931e-02
4.239391803741455078e+00
4.899684190750122070e-01
1.975664943456649780e-01
8.128440380096435547e-02
1.153601050376892090e+00
5.245400667190551758e-01
3.301380574703216553e-01
2.277566939592361450e-01
2.295641899108886719e+00
2.102348357439041138e-01
0.000000000000000000e+00
4.313013553619384766e-01
1.798771321773529053e-02
2.728083170950412750e-02
1.378680020570755005e-01
1.037137866020202637e+00
0.000000000000000000e+00
0.000000000000000000e+00
7.822548151016235352e-01
1.127226352691650391e+00
5.821659695357084274e-03
1.514197289943695068e-01
2.839537560939788818e-01
4.096092283725738525e-01
1.171690106391906738e+00
6.526385784149169922e+00
1.476065907627344131e-02
1.830118894577026367e-02
4.547664150595664978e-02
6.298690289258956909e-02
0.000000000000000000e+00
3.517340496182441711e-02
0.000000000000000000e+00
3.679625749588012695e+00
1.129009053111076355e-01
0.000000000000000000e+00
2.557355538010597229e-02
4.051150083541870117e-01
0.000000000000000000e+00
1.556015224196016788e-03
0.000000000000000000e+00
5.060667395591735840e-01
5.763423442840576172e-01
1.321958601474761963e-01
1.479494124650955200e-01
6.377692818641662598e-01
6.395882964134216309e-01
3.323162496089935303e-01
4.423520267009735107e-01
3.960283994674682617e-01
9.242016077041625977e-01
3.836828172206878662e-01
1.599385961890220642e-02
2.827596962451934814e-01
2.138944715261459351e-01
2.117761783301830292e-02
5.368388295173645020e-01
0.000000000000000000e+00
1.288843750953674316e+00
9.541499614715576172e-01
4.266005456447601318e-01
4.590997397899627686e-01
4.599081724882125854e-02
6.888773441314697266e-01
2.562068700790405273e-01
6.623400449752807617e-01
4.917786642909049988e-02
4.818287193775177002e-01
1.746392011642456055e+00
1.499166488647460938e-01
6.082944673835299909e-05
7.368040829896926880e-02
1.117560744285583496e+00
3.304723501205444336e-01
1.494808435440063477e+00
0.000000000000000000e+00
2.496833205223083496e-01
9.408581852912902832e-01
1.353328581899404526e-02
1.438410137780010700e-03
8.778091520071029663e-02
4.801938533782958984e-01
1.687339544296264648e+00
1.219557881355285645e+00
6.287674903869628906e-01
1.965130567550659180e-01
1.856702208518981934e+00
6.207213997840881348e-01
2.277172636240720749e-03
1.141842842102050781e+00
4.558862149715423584e-01
2.133926609531044960e-03
0.000000000000000000e+00
2.033053636550903320e+00
5.220877528190612793e-01
3.799215853214263916e-01
4.532879590988159180e-01
0.000000000000000000e+00
2.025612592697143555e+00
4.809091612696647644e-02
6.642633676528930664e-01
4.161621332168579102e-01
2.960944771766662598e-01
8.858087062835693359e-01
8.546512126922607422e-01
7.152689248323440552e-02
3.238795325160026550e-02
0.000000000000000000e+00
2.681706845760345459e-02
1.159646138548851013e-01
2.096724033355712891e+00
2.340930327773094177e-02
2.461659163236618042e-02
5.959088355302810669e-02
0.000000000000000000e+00
4.695923626422882080e-01
2.329837232828140259e-01
2.673293650150299072e-02
6.499463319778442383e-01
8.462201952934265137e-01
7.384634017944335938e-01
3.599464595317840576e-01
8.224189877510070801e-01
1.833045035600662231e-01
3.671188354492187500e-01
6.924655437469482422e-01
5.166104435920715332e-01
6.310696601867675781e-01
6.696057915687561035e-01
1.596731394529342651e-01
6.700129061937332153e-02
1.011602759361267090e+00
7.577606290578842163e-02
0.000000000000000000e+00
2.172516435384750366e-01
5.532968044281005859e-01
4.418898224830627441e-01
7.646627724170684814e-02
6.372398138046264648e-01
9.805893152952194214e-02
4.586522579193115234e-01
1.049550533294677734e+00
3.413129448890686035e-01
7.563875260530039668e-05
2.572735846042633057e-01
2.319879829883575439e-01
6.580254435539245605e-01
8.327655196189880371e-01
4.332952201366424561e-01
3.022150754928588867e+00
5.898336768150329590e-01
6.744328737258911133e-01
5.285789370536804199e-01
0.000000000000000000e+00
6.857835501432418823e-02
1.208951473236083984e-01
3.101460076868534088e-02
0.000000000000000000e+00
2.025578171014785767e-01
6.812612414360046387e-01
2.720769643783569336e-01
0.000000000000000000e+00
1.075739026069641113e+00
7.077149152755737305e-01
9.904747456312179565e-02
1.027919888496398926e+00
0.000000000000000000e+00
4.129861295223236084e-01
0.000000000000000000e+00
0.000000000000000000e+00
1.494510173797607422e+00
0.000000000000000000e+00
0.000000000000000000e+00
1.934678405523300171e-01
0.000000000000000000e+00
3.647640645503997803e-01
1.713271588087081909e-01
0.000000000000000000e+00
9.843730926513671875e-01
3.283167481422424316e-01
0.000000000000000000e+00
9.976098313927650452e-03
9.938579052686691284e-03
0.000000000000000000e+00
9.228803217411041260e-02
1.055667757987976074e+00
7.163880467414855957e-01
1.623141765594482422e-01
4.486578106880187988e-01
2.182135283946990967e-01
4.204503260552883148e-03
1.676095277070999146e-02
2.588098347187042236e-01
7.228341419249773026e-03
4.460501670837402344e-01
9.734333157539367676e-01
4.494193568825721741e-02
0.000000000000000000e+00
9.659429639577865601e-02
4.329807758331298828e-01
3.742054849863052368e-02
1.745951920747756958e-01
7.259755395352840424e-03
0.000000000000000000e+00
1.358968168497085571e-01
8.802050948143005371e-01
1.833743602037429810e-02
1.978395581245422363e-01
5.156538635492324829e-02
3.241416439414024353e-02
1.692351937294006348e+00
0.000000000000000000e+00
2.342165112495422363e-01
6.013376116752624512e-01
1.258082985877990723e+00
5.991457700729370117e-01
5.080235600471496582e-01
2.216508865356445312e+00
1.716013789176940918e+00
2.205272950232028961e-02
2.844422357156872749e-03
9.522729516029357910e-01
7.662646174430847168e-01
1.096229791641235352e+00
1.233203053474426270e+00
8.928951807320117950e-03
1.185913234949111938e-01
0.000000000000000000e+00
1.477159112691879272e-01
7.761267423629760742e-01
8.362624049186706543e-02
2.587104082107543945e+00
2.397037267684936523e+00
1.065767645835876465e+00
6.806415040045976639e-03
2.928256094455718994e-01
1.017773617058992386e-02
0.000000000000000000e+00
0.000000000000000000e+00
1.763246767222881317e-02
3.712598085403442383e-01
0.000000000000000000e+00
0.000000000000000000e+00
1.201559379696846008e-01
3.251629471778869629e-01
8.641613125801086426e-01
1.671299457550048828e+00
1.858666837215423584e-01
1.528173387050628662e-01
1.738708257675170898e+00
3.150006830692291260e-01
1.634871065616607666e-01
0.000000000000000000e+00
4.602554738521575928e-01
1.427693843841552734e+00
5.926191434264183044e-02
1.827530503273010254e+00
2.679881453514099121e-01
1.525063633918762207e+00
3.563523888587951660e-01
2.501605153083801270e-01
4.338994249701499939e-02
3.947708010673522949e-01
2.235774517059326172e+00
3.940422534942626953e-01
3.258597552776336670e-01
1.195882081985473633e+00
5.287667512893676758e-01
2.895122021436691284e-02
5.404448509216308594e-01
0.000000000000000000e+00
6.281286478042602539e-02
0.000000000000000000e+00
1.738122582435607910e+00
4.309783279895782471e-01
9.732837080955505371e-01
1.163392543792724609e+00
1.490024924278259277e+00
1.155001372098922729e-01
4.127395749092102051e-01
2.041658312082290649e-01
2.984767220914363861e-02
3.604403231292963028e-03
0.000000000000000000e+00
0.000000000000000000e+00
9.523522108793258667e-03
9.049113094806671143e-02
0.000000000000000000e+00
5.758019164204597473e-03
3.285676538944244385e-01
2.257650136947631836e+00
0.000000000000000000e+00
2.874883413314819336e-01
2.153139263391494751e-01
1.080039501190185547e+00
0.000000000000000000e+00
2.015647888183593750e-01
4.848331212997436523e-02
3.444139063358306885e-01
4.820360243320465088e-01
1.383872423321008682e-02
6.946104168891906738e-01
1.749217152595520020e+00
1.452750153839588165e-02
9.005085229873657227e-01
4.194865003228187561e-02
4.832342267036437988e-01
3.965543508529663086e-01
0.000000000000000000e+00
1.342420578002929688e+00
1.474936842918395996e+00
4.480833709239959717e-01
1.299366831779479980e+00
0.000000000000000000e+00
1.378437280654907227e+00
2.562008202075958252e-01
3.078411519527435303e-02
2.922359704971313477e-01
1.088832378387451172e+00
1.168688237667083740e-01
2.274910546839237213e-02
4.472229778766632080e-01
1.449265629053115845e-01
4.117504656314849854e-01
3.120888710021972656e+00
1.930455565452575684e-01
0.000000000000000000e+00
2.722600698471069336e-01
2.735316157341003418e-01
8.269398808479309082e-01
3.729472681879997253e-02
0.000000000000000000e+00
1.180953457951545715e-01
1.248080134391784668e+00
7.493968605995178223e-01
6.129273679107427597e-03
6.087560579180717468e-02
3.759738430380821228e-02
1.482126355171203613e+00
4.530874192714691162e-01
1.824974082410335541e-02
5.070086121559143066e-01
2.717688083648681641e-01
2.503387629985809326e-01
3.506518006324768066e-01
4.897835664451122284e-03
4.748559370636940002e-02
2.874312877655029297e+00
4.405455589294433594e-01
1.981185935437679291e-02
1.902825087308883667e-01
5.721188783645629883e-01
2.695416808128356934e-01
0.000000000000000000e+00
1.258822828531265259e-01
2.298289775848388672e+00
1.533813476562500000e+00
6.023279428482055664e-01
4.500007927417755127e-01
2.478696256875991821e-01
0.000000000000000000e+00
1.736325398087501526e-02
