9.737904369831085205e-02
1.368434401229023933e-03
1.731247901916503906e-01
3.111471891403198242e+00
3.082792162895202637e-01
1.129689365625381470e-01
9.407436251640319824e-01
3.256348848342895508e+00
7.384046554565429688e+00
1.507401704788208008e+00
1.215557456016540527e-01
2.318354129791259766e+00
2.062762528657913208e-01
7.974566817283630371e-01
2.036378145217895508e+00
9.586997032165527344e-01
5.915621519088745117e-01
1.300782799720764160e+00
7.040174603462219238e-01
1.228500083088874817e-01
1.473711609840393066e+00
0.000000000000000000e+00
1.756627112627029419e-01
2.367396354675292969e+00
2.782868444919586182e-01
1.640918292105197906e-02
4.232765641063451767e-03
1.802903175354003906e+00
4.503830075263977051e-01
1.980391098186373711e-03
0.000000000000000000e+00
0.000000000000000000e+00
3.970192372798919678e-01
5.997041463851928711e-01
5.791593790054321289e-01
3.484161615371704102e+00
2.361942231655120850e-01
4.227603375911712646e-01
4.271026849746704102e-01
9.785592555999755859e-01
6.688886284828186035e-01
4.271544516086578369e-01
4.077814817428588867e-01
4.147304058074951172e+00
3.046422600746154785e-01
1.261350274085998535e+00
4.270402491092681885e-01
1.707332611083984375e+00
2.981448769569396973e-01
1.549281954765319824e+00
3.235222578048706055e+00
0.000000000000000000e+00
1.402560114860534668e+00
1.600508987903594971e-01
1.457474470138549805e+00
1.540380716323852539e-01
3.269150257110595703e-01
3.503970503807067871e-01
1.765707135200500488e+00
2.880830690264701843e-02
3.213236108422279358e-02
2.509541213512420654e-01
3.509698063135147095e-02
6.368741393089294434e-01
9.884486198425292969e-01
1.887850165367126465e-01
2.278161048889160156e-02
5.721749663352966309e-01
1.170199036598205566e+00
2.728019654750823975e-01
0.000000000000000000e+00
1.005404163151979446e-02
1.979338377714157104e-01
9.360746741294860840e-01
3.638010621070861816e-01
7.171521186828613281e-01
0.000000000000000000e+00
9.999145269393920898e-01
1.184318587183952332e-01
1.171452760696411133e+00
1.747486181557178497e-02
1.530246019363403320e+00
2.430405378341674805e+00
8.607875555753707886e-02
2.389460325241088867e+00
2.949058711528778076e-01
9.662581086158752441e-01
1.106662396341562271e-02
8.430190682411193848e-01
1.101777702569961548e-02
3.057300299406051636e-02
0.000000000000000000e+00
0.000000000000000000e+00
0.000000000000000000e+00
1.256080627441406250e+00
5.239244699478149414e-01
1.044928073883056641e+00
1.087921023368835449e+00
1.439518481492996216e-01
0.000000000000000000e+00
0.000000000000000000e+00
1.702692806720733643e-01
1.020373683422803879e-02
1.653799176216125488e+00
1.298582792282104492e+00
5.824499949812889099e-02
2.183710813522338867e+00
7.582396268844604492e-01
5.169671177864074707e-01
3.753366172313690186e-01
1.456635713577270508e+00
2.697284100577235222e-03
3.633922636508941650e-01
5.731704235076904297e-01
1.015840291976928711e+00
1.020075455307960510e-01
1.268414314836263657e-02
5.663381218910217285e-01
1.350274801254272461e+00
2.310501337051391602e+00
8.298861980438232422e-01
9.180750697851181030e-02
0.000000000000000000e+00
1.978811860084533691e+00
8.469384312629699707e-01
6.708348989486694336e-01
0.000000000000000000e+00
6.156608462333679199e-01
2.135151624679565430e+00
8.912045508623123169e-03
1.117252632975578308e-01
9.372915029525756836e-01
4.697361290454864502e-01
1.090973615646362305e-01
2.116740047931671143e-01
1.198854595422744751e-01
1.169994994997978210e-01
5.259296417236328125e+00
0.000000000000000000e+00
4.312604665756225586e-02
8.271253854036331177e-02
2.700937092304229736e-01
1.346121907234191895e+00
4.691655281931161880e-03
1.219633501023054123e-02
1.823068596422672272e-02
1.139377951622009277e+00
9.759723544120788574e-01
1.097287893295288086e+00
5.861338600516319275e-02
6.001052379608154297e+00
1.857297271490097046e-01
9.567564725875854492e-01
5.843669772148132324e-01
1.486989855766296387e+00
1.954629302024841309e+00
1.128357425332069397e-01
4.042653441429138184e-01
2.775413513183593750e+00
1.122567951679229736e-01
3.608947619795799255e-02
1.262086510658264160e+00
3.151199519634246826e-01
4.449877515435218811e-02
4.632007479667663574e-01
2.993672490119934082e-01
1.568955369293689728e-02
0.000000000000000000e+00
1.140179634094238281e+00
2.200983524322509766e+00
4.769046008586883545e-01
5.071623325347900391e-01
3.808464854955673218e-02
1.699477434158325195e+00
6.156036853790283203e-01
7.781764507293701172e+00
2.488609403371810913e-03
5.371211841702461243e-02
7.111535407602787018e-03
8.557863533496856689e-02
0.000000000000000000e+00
2.551672458648681641e-01
5.891289710998535156e-01
4.068889141082763672e+00
1.273906081914901733e-01
4.572861269116401672e-02
1.636583656072616577e-01
1.251716375350952148e+00
0.000000000000000000e+00
0.000000000000000000e+00
0.000000000000000000e+00
5.126602575182914734e-02
1.163255333900451660e+00
6.904488205909729004e-01
1.416477203369140625e+00
6.520369648933410645e-01
7.626254558563232422e-01
2.665169239044189453e-01
4.530454427003860474e-02
1.039476513862609863e+00
1.337981581687927246e+00
2.558965682983398438e-01
8.910080045461654663e-02
4.387227296829223633e-01
7.497177124023437500e-01
0.000000000000000000e+00
1.007111668586730957e+00
0.000000000000000000e+00
3.730525374412536621e-01
1.287456154823303223e+00
3.857690468430519104e-02
2.250823080539703369e-01
4.209372103214263916e-01
1.118700146675109863e+00
1.456053376197814941e+00
4.234968125820159912e-01
1.965338587760925293e-01
1.081231236457824707e-01
2.218739509582519531e+00
1.096425771713256836e+00
0.000000000000000000e+00
8.585826307535171509e-02
4.761008024215698242e-01
1.671873927116394043e-01
4.297943413257598877e-01
0.000000000000000000e+00
1.770795732736587524e-01
7.372652888298034668e-01
7.594419643282890320e-03
1.162848249077796936e-02
3.670907616615295410e-01
3.338448703289031982e-01
2.922906637191772461e+00
1.332101941108703613e+00
9.051803946495056152e-01
1.410610675811767578e+00
2.729168176651000977e+00
4.634711444377899170e-01
1.165313795208930969e-01
1.492049574851989746e+00
2.568678557872772217e-01
4.176539555191993713e-02
2.197397500276565552e-01
2.170443534851074219e+00
7.614373564720153809e-01
1.739905178546905518e-01
4.582349658012390137e-01
1.063550449907779694e-02
1.918367743492126465e+00
1.559921383857727051e+00
1.480429712682962418e-02
6.453883647918701172e-01
0.000000000000000000e+00
1.700132250785827637e+00
1.760394334793090820e+00
0.000000000000000000e+00
8.134710043668746948e-02
0.000000000000000000e+00
5.761314928531646729e-02
7.076545804738998413e-02
1.293743133544921875e+00
2.437052577733993530e-01
2.198378369212150574e-02
9.184949845075607300e-02
0.000000000000000000e+00
9.052736684679985046e-03
2.619898557662963867e+00
0.000000000000000000e+00
1.145415663719177246e+00
9.153500199317932129e-02
1.862386584281921387e+00
0.000000000000000000e+00
9.541023373603820801e-01
1.184805557131767273e-01
7.145953178405761719e-02
4.353676438331604004e-01
8.024886250495910645e-03
8.077125549316406250e-01
9.120832681655883789e-01
3.648381531238555908e-01
3.959697112441062927e-02
3.562912344932556152e-01
2.219070047140121460e-01
6.520035862922668457e-02
9.149534106254577637e-01
1.102277159690856934e+00
2.219585418701171875e+00
4.242694005370140076e-03
5.461732670664787292e-02
1.362902820110321045e-01
1.945732831954956055e+00
1.755638360977172852e+00
3.490173518657684326e-01
1.906356774270534515e-02
1.804580837488174438e-01
3.903210759162902832e-01
2.843090295791625977e-01
1.524140834808349609e-01
1.772275567054748535e+00
5.952177047729492188e+00
5.398048162460327148e-01
3.953127861022949219e-01
8.018163442611694336e-01
3.044970631599426270e-01
1.981163024902343750e-02
9.619862586259841919e-02
1.267795730382204056e-02
0.000000000000000000e+00
5.896926298737525940e-02
1.903619170188903809e-01
9.603378772735595703e-01
0.000000000000000000e+00
5.730906128883361816e-02
1.408258795738220215e+00
2.998262941837310791e-01
7.921763658523559570e-01
0.000000000000000000e+00
3.146697282791137695e-01
1.503456234931945801e+00
7.983518391847610474e-02
1.886855125427246094e+00
0.000000000000000000e+00
2.977989017963409424e-01
2.178959921002388000e-02
0.000000000000000000e+00
6.541534662246704102e-01
1.595757901668548584e-01
0.000000000000000000e+00
3.732874989509582520e-01
6.960076689720153809e-01
6.907152943313121796e-03
0.000000000000000000e+00
4.398423731327056885e-01
8.855435997247695923e-02
7.330604363232851028e-03
5.824058055877685547e-01
1.600451350212097168e+00
3.097661733627319336e-01
7.823244929313659668e-01
1.061828851699829102e+00
8.855625241994857788e-02
9.514847624814137816e-05
4.722133576869964600e-01
6.935780495405197144e-02
8.228843808174133301e-01
9.459757804870605469e-01
1.409415453672409058e-01
1.028524618595838547e-02
2.823137640953063965e-01
1.217054963111877441e+00
1.028498634696006775e-01
1.504014730453491211e+00
1.126636341214179993e-01
2.969402447342872620e-02
2.012828551232814789e-02
7.585082650184631348e-01
0.000000000000000000e+00
2.272611111402511597e-01
0.000000000000000000e+00
9.721739292144775391e-01
5.821191072463989258e-01
3.291416168212890625e-02
5.260924696922302246e-01
6.188367605209350586e-01
2.236126184463500977e+00
1.417100191116333008e+00
4.775324761867523193e-01
1.579901576042175293e+00
2.005354881286621094e+00
0.000000000000000000e+00
3.613998591899871826e-01
1.521799802780151367e+00
5.551112890243530273e-01
1.630834788084030151e-01
9.094973206520080566e-01
0.000000000000000000e+00
6.133150309324264526e-02
2.741932868957519531e-02
8.105324208736419678e-02
6.792753934860229492e-01
3.497970998287200928e-01
3.990084886550903320e+00
2.635556459426879883e+00
9.265338778495788574e-01
0.000000000000000000e+00
8.415850996971130371e-01
3.345612669363617897e-03
0.000000000000000000e+00
0.000000000000000000e+00
5.560578033328056335e-02
6.903203576803207397e-02
3.052733372896909714e-03
0.000000000000000000e+00
4.681656137108802795e-02
2.181715797632932663e-03
7.550238370895385742e-01
2.141302824020385742e+00
5.560095887631177902e-03
5.384346842765808105e-02
1.417097091674804688e+00
0.000000000000000000e+00
5.988892316818237305e-01
0.000000000000000000e+00
5.925795435905456543e-02
1.381979465484619141e+00
2.201336771249771118e-01
1.491067051887512207e+00
1.418805420398712158e-01
1.691552281379699707e+00
3.657620549201965332e-01
3.562001883983612061e-01
0.000000000000000000e+00
7.199347019195556641e-01
1.963080286979675293e+00
1.664718613028526306e-02
3.215745091438293457e-03
2.974254369735717773e+00
2.995644509792327881e-01
5.793310403823852539e-01
2.792521715164184570e-01
9.497439116239547729e-02
6.095696687698364258e-01
0.000000000000000000e+00
3.154466152191162109e+00
3.196616768836975098e-01
3.960324525833129883e-01
8.458791971206665039e-01
1.232622027397155762e+00
0.000000000000000000e+00
2.491861343383789062e+00
6.631247699260711670e-03
8.576611988246440887e-03
5.688499286770820618e-02
0.000000000000000000e+00
6.997808068990707397e-02
9.521018713712692261e-02
2.643699347972869873e-01
1.101609598845243454e-02
4.476374983787536621e-01
7.688494920730590820e-01
1.101598024368286133e+00
0.000000000000000000e+00
2.420772314071655273e-01
2.348076552152633667e-01
1.046154260635375977e+00
2.273291163146495819e-02
3.312714979983866215e-04
7.447998970746994019e-03
3.622678816318511963e-01
7.344905138015747070e-01
1.188161134719848633e+00
1.980122327804565430e-01
1.998725414276123047e+00
5.040929187089204788e-03
7.364237308502197266e-01
2.868304550647735596e-01
2.018026262521743774e-01
5.257816053926944733e-03
0.000000000000000000e+00
1.656766414642333984e+00
1.310969114303588867e+00
2.413482964038848877e-01
3.019114255905151367e+00
0.000000000000000000e+00
1.104437947273254395e+00
1.526306732557713985e-03
2.514850497245788574e-01
0.000000000000000000e+00
2.204112529754638672e+00
4.960067868232727051e-01
0.000000000000000000e+00
2.751869559288024902e-01
2.570218145847320557e-01
4.410035312175750732e-01
3.018798112869262695e+00
4.340033233165740967e-01
0.000000000000000000e+00
4.537221789360046387e-01
2.693545259535312653e-02
1.284463405609130859e+00
1.007496938109397888e-01
0.000000000000000000e+00
1.902166008949279785e-01
8.261282444000244141e-01
9.752231240272521973e-01
0.000000000000000000e+00
1.606181710958480835e-01
8.136433362960815430e-02
1.240294456481933594e+00
1.072196513414382935e-01
4.165122210979461670e-01
3.824848830699920654e-01
5.241833627223968506e-03
2.290680557489395142e-01
1.072701692581176758e+00
0.000000000000000000e+00
3.769851028919219971e-01
2.332878112792968750e+00
6.457758694887161255e-02
0.000000000000000000e+00
3.748232722282409668e-01
2.430555343627929688e+00
8.141576647758483887e-01
8.996844291687011719e-01
8.133459687232971191e-01
2.492015600204467773e+00
2.605619192123413086e+00
6.317552328109741211e-01
1.175580099225044250e-01
4.076485931873321533e-01
0.000000000000000000e+00
1.166962552815675735e-03
