4.016553163528442383e-01
1.645936281420290470e-03
3.239388167858123779e-01
2.598117113113403320e+00
9.457773715257644653e-02
1.143151670694351196e-01
3.512218296527862549e-01
2.659471035003662109e+00
5.739937782287597656e+00
5.429899692535400391e-01
3.220893815159797668e-02
1.594545960426330566e+00
8.782912482274696231e-05
1.349669814109802246e+00
1.758206367492675781e+00
1.481911420822143555e+00
4.819667339324951172e-01
1.556441426277160645e+00
7.336500883102416992e-01
1.212257668375968933e-01
9.790585637092590332e-01
7.145868241786956787e-02
5.190914273262023926e-01
3.066874027252197266e+00
2.139996439218521118e-01
0.000000000000000000e+00
0.000000000000000000e+00
2.004719495773315430e+00
7.133767604827880859e-01
1.204972863197326660e-01
0.000000000000000000e+00
2.809587493538856506e-02
4.446021318435668945e-01
8.176027536392211914e-01
5.031793117523193359e-01
1.208958864212036133e+00
3.079389631748199463e-01
4.576482772827148438e-01
7.301740348339080811e-02
3.429886400699615479e-01
3.502005338668823242e-02
9.512765333056449890e-03
1.351540327072143555e+00
3.790362596511840820e+00
5.442070960998535156e-01
1.089703798294067383e+00
4.764290452003479004e-01
7.205213904380798340e-01
1.170201040804386139e-02
1.005667567253112793e+00
2.825121879577636719e+00
0.000000000000000000e+00
8.534015417098999023e-01
2.930848859250545502e-02
1.201902508735656738e+00
4.308052062988281250e-01
4.484153091907501221e-01
6.541513651609420776e-02
2.321480274200439453e+00
2.705414891242980957e-01
1.026520133018493652e-01
3.557424992322921753e-02
1.075167298316955566e+00
5.956542491912841797e-01
6.761132478713989258e-01
6.312850117683410645e-01
4.820188283920288086e-01
2.223445475101470947e-01
4.698692262172698975e-01
9.470930099487304688e-01
0.000000000000000000e+00
0.000000000000000000e+00
3.834842890501022339e-02
4.230592846870422363e-01
8.478262424468994141e-01
1.147930622100830078e+00
2.186512947082519531e-02
8.610194921493530273e-01
6.372981667518615723e-01
6.315510869026184082e-01
2.258576899766921997e-01
3.699610531330108643e-01
2.573091506958007812e+00
2.988401241600513458e-02
7.378509044647216797e-01
8.445240557193756104e-02
8.892512321472167969e-01
1.109018474817276001e-01
1.228352904319763184e+00
6.108772940933704376e-03
2.930903434753417969e-02
4.596967250108718872e-03
1.241384539753198624e-02
0.000000000000000000e+00
1.193317413330078125e+00
1.789853721857070923e-01
2.869842946529388428e-01
2.166406631469726562e+00
3.245904669165611267e-02
3.680960088968276978e-02
0.000000000000000000e+00
1.276019364595413208e-01
7.914021611213684082e-02
1.778884887695312500e+00
2.238454580307006836e+00
2.885154448449611664e-02
8.564925789833068848e-01
1.255131363868713379e-01
2.886705398559570312e-01
2.682642638683319092e-01
1.280754685401916504e+00
2.161193788051605225e-01
6.367145478725433350e-02
2.030238211154937744e-01
3.711417019367218018e-01
5.814887955784797668e-02
6.596770137548446655e-02
5.555057525634765625e-01
9.168412685394287109e-01
1.816169261932373047e+00
2.784382343292236328e+00
3.991634249687194824e-01
2.610583975911140442e-02
1.711820125579833984e+00
1.089674353599548340e+00
4.682483971118927002e-01
0.000000000000000000e+00
3.949336409568786621e-01
8.292090296745300293e-01
6.659295875579118729e-03
8.403912186622619629e-02
4.158156812191009521e-01
2.806540131568908691e-01
3.170621814206242561e-03
1.508227437734603882e-01
3.022427484393119812e-02
6.069165468215942383e-01
3.749456405639648438e+00
0.000000000000000000e+00
4.111169837415218353e-03
1.569029316306114197e-02
3.800942748785018921e-02
7.500242590904235840e-01
4.327982664108276367e-02
8.610004186630249023e-02
1.554559618234634399e-01
9.655894041061401367e-01
8.982874751091003418e-01
5.547790527343750000e-01
8.719087243080139160e-01
3.375369310379028320e+00
4.179844260215759277e-01
1.312026828527450562e-01
4.459325075149536133e-01
1.381024122238159180e+00
1.700359582901000977e-01
2.300261855125427246e-01
4.976356625556945801e-01
1.358641028404235840e+00
2.079957425594329834e-01
2.496193163096904755e-02
4.357468783855438232e-01
3.657654225826263428e-01
4.114073887467384338e-02
3.886454701423645020e-01
8.024154901504516602e-01
1.783504616469144821e-03
0.000000000000000000e+00
3.261117339134216309e-01
7.969503998756408691e-01
5.300132930278778076e-02
5.249600410461425781e-01
7.864373922348022461e-02
2.037720382213592529e-01
4.537671804428100586e-01
5.249025344848632812e+00
3.042556345462799072e-02
1.548160682432353497e-03
3.933107480406761169e-02
5.166148021817207336e-02
9.843362495303153992e-03
3.009953796863555908e-01
2.466584295034408569e-01
3.364728927612304688e+00
1.595451496541500092e-02
3.037987090647220612e-02
7.172303646802902222e-02
7.616953849792480469e-01
8.407779969274997711e-03
0.000000000000000000e+00
6.081298366189002991e-02
2.532873861491680145e-02
1.228325366973876953e+00
1.320813179016113281e+00
4.850405454635620117e-01
5.781202316284179688e-01
3.443933129310607910e-01
1.846775412559509277e-01
6.970023363828659058e-02
3.163345754146575928e-01
1.450554609298706055e+00
1.292574107646942139e-01
2.345104515552520752e-01
5.025253891944885254e-01
2.238438427448272705e-01
0.000000000000000000e+00
9.391563534736633301e-01
1.144671346992254257e-03
3.244152069091796875e-01
6.913444399833679199e-01
3.468525409698486328e-01
5.304555892944335938e-01
1.742675714194774628e-02
6.529009342193603516e-01
6.403574347496032715e-01
4.510521292686462402e-01
4.661980271339416504e-01
7.082440257072448730e-01
1.776261329650878906e+00
5.768371224403381348e-01
9.354508668184280396e-02
1.159849539399147034e-01
4.676439762115478516e-01
5.715849995613098145e-01
5.905035138130187988e-01
5.937821045517921448e-02
2.442907989025115967e-01
2.257264107465744019e-01
5.371470749378204346e-02
6.505324970930814743e-03
1.584720760583877563e-01
6.430009007453918457e-01
2.052917242050170898e+00
3.633912503719329834e-01
1.175722360610961914e+00
7.856540083885192871e-01
1.720285058021545410e+00
7.024157643318176270e-01
3.414519503712654114e-02
9.237602353096008301e-01
8.443685621023178101e-02
1.380509883165359497e-02
6.693758368492126465e-01
2.348116397857666016e+00
9.529056549072265625e-01
5.771087482571601868e-02
4.597051143646240234e-01
0.000000000000000000e+00
2.115511894226074219e+00
2.353809922933578491e-01
1.362190723419189453e+00
3.930061459541320801e-01
4.886665381491184235e-03
6.306730508804321289e-01
8.297119736671447754e-01
1.948629021644592285e-01
1.814319044351577759e-01
0.000000000000000000e+00
2.900405228137969971e-01
9.674866497516632080e-02
1.068872094154357910e+00
4.505424201488494873e-02
3.161384025588631630e-03
1.843948066234588623e-01
0.000000000000000000e+00
6.095959246158599854e-02
6.533809304237365723e-01
2.785086035728454590e-01
1.042544394731521606e-01
7.384794354438781738e-01
7.972199916839599609e-01
9.362787753343582153e-02
7.190999984741210938e-01
2.379470318555831909e-01
4.873583316802978516e-01
5.491279959678649902e-01
8.766149282455444336e-01
6.102362275123596191e-01
3.685969114303588867e-01
8.544843643903732300e-02
5.112216621637344360e-02
1.289016246795654297e+00
2.845153212547302246e-01
2.595740258693695068e-01
4.282605946063995361e-01
6.636106371879577637e-01
2.508960068225860596e-01
1.404937058687210083e-01
1.600937359035015106e-02
0.000000000000000000e+00
7.035411000251770020e-01
4.091805219650268555e-01
1.666881740093231201e-01
3.227204978466033936e-01
4.694674611091613770e-01
2.238483428955078125e-01
1.114973202347755432e-01
3.519270718097686768e-01
6.250330209732055664e-01
4.186858654022216797e+00
6.703153252601623535e-01
2.832340076565742493e-02
8.363199830055236816e-01
0.000000000000000000e+00
1.527625173330307007e-01
0.000000000000000000e+00
1.085569560527801514e-01
1.297093112953007221e-03
8.886113017797470093e-02
3.892167210578918457e-01
3.727577328681945801e-01
2.655901610851287842e-01
3.887419998645782471e-01
2.435248196125030518e-01
3.246665000915527344e-01
9.712600708007812500e-01
0.000000000000000000e+00
6.784982085227966309e-01
6.532270312309265137e-01
1.097216550260782242e-02
1.318693518638610840e+00
2.593407034873962402e-02
0.000000000000000000e+00
4.324087798595428467e-01
2.640395658090710640e-03
3.144176304340362549e-01
2.067091315984725952e-01
0.000000000000000000e+00
6.028093695640563965e-01
3.292641341686248779e-01
0.000000000000000000e+00
5.754050333052873611e-03
4.413020610809326172e-02
1.134115308523178101e-01
3.932029358111321926e-04
7.327773571014404297e-01
1.357926964759826660e+00
4.372897148132324219e-01
4.999257922172546387e-01
3.795118331909179688e-01
6.148868426680564880e-02
1.094536930322647095e-01
5.539469122886657715e-01
3.358232602477073669e-02
3.685625791549682617e-01
2.764189541339874268e-01
1.644037961959838867e-01
0.000000000000000000e+00
2.833064198493957520e-01
3.508560657501220703e-01
7.196741551160812378e-02
4.163444042205810547e-02
8.504944853484630585e-03
0.000000000000000000e+00
3.183381631970405579e-03
6.412388086318969727e-01
6.339163333177566528e-02
2.454288452863693237e-01
2.120579332113265991e-01
4.121816158294677734e-01
1.181288719177246094e+00
2.745916321873664856e-02
6.936414837837219238e-01
2.476844340562820435e-01
1.711051225662231445e+00
8.347690701484680176e-01
5.274978280067443848e-01
1.065521359443664551e+00
1.271875500679016113e+00
0.000000000000000000e+00
8.989413827657699585e-02
4.108110964298248291e-01
5.095822811126708984e-01
3.323857784271240234e-01
7.022609114646911621e-01
2.461616322398185730e-02
1.318128556013107300e-01
1.303522437810897827e-01
3.175874054431915283e-01
6.009550094604492188e-01
1.020861789584159851e-01
2.474507570266723633e+00
1.427311778068542480e+00
6.128491759300231934e-01
1.778693050146102905e-01
2.536933124065399170e-01
0.000000000000000000e+00
0.000000000000000000e+00
0.000000000000000000e+00
1.624137461185455322e-01
7.056673616170883179e-02
3.250153735280036926e-02
8.627539500594139099e-03
9.130660444498062134e-02
1.780904233455657959e-01
6.214184761047363281e-01
1.640700578689575195e+00
3.026503883302211761e-02
4.627194721251726151e-03
9.599500894546508789e-01
4.462186396121978760e-01
6.901013255119323730e-01
0.000000000000000000e+00
4.585882723331451416e-01
1.012495994567871094e+00
6.982533633708953857e-02
1.263813734054565430e+00
6.938671320676803589e-02
1.176771759986877441e+00
3.768056333065032959e-01
1.726064085960388184e-01
0.000000000000000000e+00
5.864430069923400879e-01
1.639251828193664551e+00
5.533967018127441406e-01
4.870941936969757080e-01
1.347492456436157227e+00
9.199410080909729004e-01
1.178908944129943848e-01
2.484077811241149902e-01
0.000000000000000000e+00
1.997578591108322144e-01
0.000000000000000000e+00
3.575478076934814453e+00
3.693807125091552734e-01
4.932574331760406494e-01
9.867042899131774902e-01
9.059213995933532715e-01
7.994809001684188843e-02
9.307853579521179199e-01
4.243728518486022949e-02
1.892425566911697388e-01
2.695211675018072128e-03
1.789881736040115356e-01
0.000000000000000000e+00
3.319236040115356445e-01
7.732178270816802979e-02
3.477164311334490776e-03
0.000000000000000000e+00
5.277349948883056641e-01
1.850153923034667969e+00
0.000000000000000000e+00
2.095470428466796875e-01
5.235673785209655762e-01
9.597191214561462402e-01
4.838594421744346619e-02
5.193918943405151367e-02
1.665151864290237427e-02
5.932717919349670410e-01
1.604795157909393311e-01
5.968514084815979004e-01
1.234504699707031250e+00
1.306826710700988770e+00
0.000000000000000000e+00
8.965492844581604004e-01
5.586454272270202637e-02
8.716602623462677002e-02
0.000000000000000000e+00
0.000000000000000000e+00
2.483503580093383789e+00
1.407930731773376465e+00
5.441417694091796875e-01
1.617657661437988281e+00
4.027072712779045105e-02
9.120261073112487793e-01
1.171991080045700073e-01
6.655292958021163940e-02
5.374402403831481934e-01
1.128273725509643555e+00
4.038130640983581543e-01
1.127342879772186279e-01
9.948238134384155273e-01
2.882803082466125488e-01
7.495750188827514648e-01
3.001389026641845703e+00
2.822103500366210938e-01
1.986416988074779510e-02
4.154730737209320068e-01
4.795798286795616150e-02
3.925392627716064453e-01
6.096723675727844238e-01
3.989392891526222229e-02
5.516300350427627563e-02
7.702326774597167969e-01
3.298075497150421143e-01
1.050115600228309631e-01
3.577326238155364990e-02
1.189144910313189030e-03
1.376348137855529785e+00
3.977645337581634521e-01
1.164534017443656921e-01
3.038213402032852173e-02
5.880640354007482529e-03
2.850409448146820068e-01
1.422844409942626953e+00
2.428778260946273804e-02
1.110967714339494705e-03
1.709180235862731934e+00
1.141698658466339111e-01
0.000000000000000000e+00
2.751753032207489014e-01
7.409505844116210938e-01
2.680427730083465576e-01
2.198060005903244019e-01
3.721470236778259277e-01
1.994933366775512695e+00
1.508791565895080566e+00
9.255067110061645508e-01
3.460089266300201416e-01
5.699042081832885742e-01
0.000000000000000000e+00
5.641283094882965088e-02
