4.122601076960563660e-02
6.058276165276765823e-03
9.653114527463912964e-02
2.762590885162353516e+00
2.952376008033752441e-01
1.032505780458450317e-01
1.051513552665710449e+00
2.802671194076538086e+00
6.770209789276123047e+00
1.155144333839416504e+00
1.217197533696889877e-02
1.937806367874145508e+00
2.710599601268768311e-01
6.516036391258239746e-01
2.799604654312133789e+00
1.166552662849426270e+00
9.147400856018066406e-01
1.414711952209472656e+00
7.147634029388427734e-01
1.204981952905654907e-01
1.214906215667724609e+00
1.307332073338329792e-03
1.410691291093826294e-01
2.716717004776000977e+00
5.366315692663192749e-02
4.853000864386558533e-03
9.480095654726028442e-02
1.807180762290954590e+00
7.076429128646850586e-01
1.331064291298389435e-02
3.093723766505718231e-02
5.587391182780265808e-02
1.980541199445724487e-01
2.592830359935760498e-01
4.645452201366424561e-01
2.921836853027343750e+00
3.497504293918609619e-01
2.615123391151428223e-01
1.341657191514968872e-01
5.535001158714294434e-01
4.374070465564727783e-01
5.434745550155639648e-02
1.153446197509765625e+00
4.208621025085449219e+00
7.711262702941894531e-01
1.508689045906066895e+00
6.791310012340545654e-02
1.194132685661315918e+00
4.989975690841674805e-02
1.448947906494140625e+00
3.272462129592895508e+00
0.000000000000000000e+00
1.350521445274353027e+00
1.932070106267929077e-01
1.160735011100769043e+00
6.650675535202026367e-01
4.188956320285797119e-01
2.390276342630386353e-01
2.229507207870483398e+00
2.658020555973052979e-01
1.801552772521972656e-01
1.978190094232559204e-01
2.066420614719390869e-01
1.137006878852844238e+00
1.226370096206665039e+00
7.401325106620788574e-01
1.679127663373947144e-01
4.985216856002807617e-01
8.026263117790222168e-01
8.354871869087219238e-01
0.000000000000000000e+00
0.000000000000000000e+00
7.205828279256820679e-02
1.953314095735549927e-01
6.671506762504577637e-01
1.090091109275817871e+00
0.000000000000000000e+00
8.059038519859313965e-01
2.338490337133407593e-01
6.857717037200927734e-01
4.113072156906127930e-02
1.017226696014404297e+00
1.897940874099731445e+00
5.715349689126014709e-02
1.748626232147216797e+00
1.711427271366119385e-01
1.053581714630126953e+00
1.225663274526596069e-01
8.687326908111572266e-01
3.292404487729072571e-02
1.030343845486640930e-01
0.000000000000000000e+00
3.297891840338706970e-02
0.000000000000000000e+00
1.354330897331237793e+00
3.813587501645088196e-02
4.580880403518676758e-01
1.418773531913757324e+00
1.750432513654232025e-02
2.112933546304702759e-01
7.476764149032533169e-04
4.178380370140075684e-01
6.510039418935775757e-02
1.531826972961425781e+00
1.407772064208984375e+00
1.750064343214035034e-01
1.374989986419677734e+00
3.371171653270721436e-01
6.166308000683784485e-02
1.455948203802108765e-01
1.189403533935546875e+00
2.275738306343555450e-02
3.373717367649078369e-01
6.206760406494140625e-01
4.029784500598907471e-01
3.773705661296844482e-02
3.113592602312564850e-02
1.792003065347671509e-01
1.058367133140563965e+00
1.724828243255615234e+00
1.271964192390441895e+00
3.880682885646820068e-01
9.130141139030456543e-02
1.643151283264160156e+00
4.207570552825927734e-01
7.106392383575439453e-01
0.000000000000000000e+00
4.124609827995300293e-01
1.964403390884399414e+00
2.520588934421539307e-01
2.279021590948104858e-02
7.079859375953674316e-01
2.162896692752838135e-01
1.045917496085166931e-01
5.072807669639587402e-01
7.252398878335952759e-02
3.595682978630065918e-01
4.505892753601074219e+00
0.000000000000000000e+00
1.513389497995376587e-02
1.139576733112335205e-01
1.340776234865188599e-01
1.830822348594665527e+00
0.000000000000000000e+00
1.020802184939384460e-01
1.747929304838180542e-01
1.085932016372680664e+00
1.124205589294433594e+00
1.688670992851257324e+00
2.152163982391357422e-01
5.623011112213134766e+00
3.343536853790283203e-01
6.036722064018249512e-01
5.948315858840942383e-01
1.725959539413452148e+00
9.832514524459838867e-01
2.761569917201995850e-01
4.001610279083251953e-01
1.991578698158264160e+00
7.108570635318756104e-02
2.098592668771743774e-01
6.856821775436401367e-01
1.216452717781066895e-01
1.030964702367782593e-01
1.233404353260993958e-01
1.261970102787017822e-01
0.000000000000000000e+00
0.000000000000000000e+00
6.310840845108032227e-01
2.047297954559326172e+00
2.166434824466705322e-01
4.641393125057220459e-01
3.187160938978195190e-02
9.111196994781494141e-01
4.182316064834594727e-01
7.707964897155761719e+00
0.000000000000000000e+00
0.000000000000000000e+00
1.648631505668163300e-02
4.086459577083587646e-01
2.798923291265964508e-02
5.878672003746032715e-02
9.856671839952468872e-02
2.894054651260375977e+00
2.394416183233261108e-01
0.000000000000000000e+00
7.757402956485748291e-02
1.560047507286071777e+00
0.000000000000000000e+00
2.851996105164289474e-03
0.000000000000000000e+00
1.190975606441497803e-01
9.519966244697570801e-01
2.169082760810852051e-01
3.017370700836181641e-01
3.657774031162261963e-01
5.044403076171875000e-01
3.412001132965087891e-01
4.199801012873649597e-02
9.062411189079284668e-01
7.429515123367309570e-01
1.998890191316604614e-01
6.597303599119186401e-02
5.215387344360351562e-01
8.093837648630142212e-02
3.970567137002944946e-03
4.963872432708740234e-01
1.321332603693008423e-01
3.579524159431457520e-01
1.310456275939941406e+00
2.740370929241180420e-01
1.157200485467910767e-01
3.408950567245483398e-01
9.058342576026916504e-01
5.180783271789550781e-01
5.338995456695556641e-01
3.728052079677581787e-01
7.846679687500000000e-01
1.842755317687988281e+00
8.404877185821533203e-01
3.098323754966259003e-02
4.520048201084136963e-02
1.069483637809753418e+00
1.032157912850379944e-01
4.301830828189849854e-01
0.000000000000000000e+00
8.848781585693359375e-01
9.437386691570281982e-02
1.415394013747572899e-03
2.718599885702133179e-02
3.054954409599304199e-01
5.834082365036010742e-01
2.304528236389160156e+00
1.214719772338867188e+00
7.565325498580932617e-01
4.501809775829315186e-01
2.144586324691772461e+00
1.017822504043579102e+00
2.668716711923480034e-03
9.237220883369445801e-01
3.572174608707427979e-01
4.704816266894340515e-02
3.410560488700866699e-01
2.689969062805175781e+00
4.780226349830627441e-01
4.882959425449371338e-01
9.337486624717712402e-01
0.000000000000000000e+00
1.984973430633544922e+00
6.156961917877197266e-01
7.812225818634033203e-01
7.050415277481079102e-01
1.952675054781138897e-03
1.069277644157409668e+00
9.894616007804870605e-01
4.068663716316223145e-02
7.553232461214065552e-02
0.000000000000000000e+00
1.886723376810550690e-02
2.149040251970291138e-02
1.324966669082641602e+00
2.499196864664554596e-02
3.548613516613841057e-03
1.240411326289176941e-01
0.000000000000000000e+00
1.873559877276420593e-02
1.711531639099121094e+00
1.806148327887058258e-03
9.894142746925354004e-01
1.017796546220779419e-01
1.430700421333312988e+00
1.474477499723434448e-01
3.921994566917419434e-01
3.220212087035179138e-02
2.949680089950561523e-01
6.691975593566894531e-01
1.600727885961532593e-01
6.414689421653747559e-01
6.929776072502136230e-01
2.910737395286560059e-01
1.491675972938537598e-01
7.704215645790100098e-01
1.641980707645416260e-01
1.791461603716015816e-03
5.302934646606445312e-01
1.068090915679931641e+00
6.396477818489074707e-01
3.087732754647731781e-02
1.814987063407897949e-01
1.362910568714141846e-01
1.302136540412902832e+00
1.716584563255310059e+00
2.720451541244983673e-02
0.000000000000000000e+00
9.488872438669204712e-02
1.702460497617721558e-01
1.787635982036590576e-01
2.753803133964538574e-01
1.643798112869262695e+00
5.022305965423583984e+00
5.627425909042358398e-01
1.036576703190803528e-01
5.056180357933044434e-01
1.533432281576097012e-03
1.841913163661956787e-02
0.000000000000000000e+00
0.000000000000000000e+00
0.000000000000000000e+00
9.410268068313598633e-02
6.045265197753906250e-01
5.696989893913269043e-01
0.000000000000000000e+00
5.210899710655212402e-01
8.318383097648620605e-01
2.910154461860656738e-01
5.678862333297729492e-01
0.000000000000000000e+00
4.565729200839996338e-01
8.886814117431640625e-01
6.813594140112400055e-03
2.173045873641967773e+00
0.000000000000000000e+00
3.188799694180488586e-02
4.918566346168518066e-02
0.000000000000000000e+00
1.736146360635757446e-01
4.883788898587226868e-02
0.000000000000000000e+00
7.960450053215026855e-01
8.404632806777954102e-01
1.635549776256084442e-02
0.000000000000000000e+00
1.710299998521804810e-01
2.295501083135604858e-01
4.037488251924514771e-03
2.410427182912826538e-01
1.371600389480590820e+00
1.900899410247802734e-01
9.964087009429931641e-01
9.853068590164184570e-01
1.009847782552242279e-02
8.516325615346431732e-03
2.680347263813018799e-01
2.527231574058532715e-01
7.186881899833679199e-01
8.307984471321105957e-01
2.583455145359039307e-01
8.371371775865554810e-02
3.274096548557281494e-01
3.962711989879608154e-01
1.562223285436630249e-01
1.103054881095886230e+00
1.096152421087026596e-02
1.521714627742767334e-01
1.814769022166728973e-02
1.256020545959472656e+00
0.000000000000000000e+00
2.243971526622772217e-01
2.987418847624212503e-04
3.100177943706512451e-01
4.730142652988433838e-01
1.049781683832406998e-02
4.257680773735046387e-01
5.954551696777343750e-01
2.343898296356201172e+00
8.989681005477905273e-01
5.308122038841247559e-01
1.498785614967346191e+00
1.900570631027221680e+00
0.000000000000000000e+00
8.565162867307662964e-02
1.750272870063781738e+00
9.947635531425476074e-01
2.604101002216339111e-01
1.074327826499938965e+00
0.000000000000000000e+00
4.051159620285034180e-01
0.000000000000000000e+00
5.192578434944152832e-01
8.258046507835388184e-01
2.864371612668037415e-02
3.882547616958618164e+00
2.378532409667968750e+00
7.619056701660156250e-01
0.000000000000000000e+00
7.607038021087646484e-01
1.469202153384685516e-02
0.000000000000000000e+00
0.000000000000000000e+00
2.283928683027625084e-03
1.322453469038009644e-01
6.340481806546449661e-03
0.000000000000000000e+00
6.045423075556755066e-02
3.937762603163719177e-02
4.913157224655151367e-01
2.100853681564331055e+00
9.003961086273193359e-02
8.485028147697448730e-02
6.076546907424926758e-01
8.024083822965621948e-02
6.491315960884094238e-01
1.057717134244740009e-03
2.298725098371505737e-01
1.105669736862182617e+00
1.796426475048065186e-01
1.321217298507690430e+00
1.429047584533691406e-01
1.537128925323486328e+00
5.847558379173278809e-01
2.134130746126174927e-01
6.409586407244205475e-03
7.084605693817138672e-01
1.773826718330383301e+00
1.338304132223129272e-01
3.059953451156616211e-03
2.643774271011352539e+00
1.082197055220603943e-01
1.966703981161117554e-01
4.522234797477722168e-01
1.177162304520606995e-02
3.156064152717590332e-01
0.000000000000000000e+00
3.570589065551757812e+00
4.678190946578979492e-01
8.727855682373046875e-01
1.412085652351379395e+00
1.450961351394653320e+00
2.308472990989685059e-03
1.414039015769958496e+00
1.371376216411590576e-01
3.998613357543945312e-02
5.993865430355072021e-02
4.274520557373762131e-03
0.000000000000000000e+00
3.304873034358024597e-02
4.595411121845245361e-01
1.766271702945232391e-02
2.638587541878223419e-02
5.851275324821472168e-01
1.309004783630371094e+00
0.000000000000000000e+00
1.011941730976104736e-01
1.162249073386192322e-01
1.507626533508300781e+00
5.895039439201354980e-02
5.010837689042091370e-03
7.535295560956001282e-03
5.733118653297424316e-01
7.940388917922973633e-01
4.330394864082336426e-01
5.094393491744995117e-01
2.055156230926513672e+00
0.000000000000000000e+00
9.587075710296630859e-01
1.187065616250038147e-01
6.923441775143146515e-03
2.216043695807456970e-02
0.000000000000000000e+00
1.461854696273803711e+00
1.243664503097534180e+00
2.086360603570938110e-01
2.680214881896972656e+00
1.380307823419570923e-01
1.546621799468994141e+00
1.017839610576629639e-01
8.576772361993789673e-02
1.027013733983039856e-01
9.858010411262512207e-01
8.582883477210998535e-01
0.000000000000000000e+00
3.928721547126770020e-01
7.247362732887268066e-01
2.978382110595703125e-01
2.768803834915161133e+00
2.492921501398086548e-01
0.000000000000000000e+00
1.198032721877098083e-01
1.193284988403320312e-01
8.716868758201599121e-01
3.821039795875549316e-01
5.414314568042755127e-02
6.649153679609298706e-02
8.854953646659851074e-01
8.460398316383361816e-01
0.000000000000000000e+00
4.583113789558410645e-01
1.081519573926925659e-02
1.352845191955566406e+00
7.118638604879379272e-02
2.306438535451889038e-01
4.279041886329650879e-01
0.000000000000000000e+00
3.057074248790740967e-01
1.008575797080993652e+00
1.883666217327117920e-02
8.476814627647399902e-02
2.039728641510009766e+00
1.099900528788566589e-01
9.618729818612337112e-04
3.325223922729492188e-01
1.104171037673950195e+00
1.810454726219177246e-01
9.944955259561538696e-02
9.657807350158691406e-01
2.270428419113159180e+00
2.245634078979492188e+00
2.483123540878295898e-01
7.746182382106781006e-02
2.851343750953674316e-01
0.000000000000000000e+00
3.117118775844573975e-02
