8.084209263324737549e-02
0.000000000000000000e+00
9.566047787666320801e-02
2.826669454574584961e+00
2.663158476352691650e-01
1.283739358186721802e-01
9.138119816780090332e-01
2.669921159744262695e+00
6.625468254089355469e+00
1.758083105087280273e+00
2.532823979854583740e-01
1.957630395889282227e+00
8.727141022682189941e-01
3.979538083076477051e-01
3.055020570755004883e+00
7.212402820587158203e-01
8.112520575523376465e-01
1.640218257904052734e+00
9.838390350341796875e-01
1.891002617776393890e-02
1.603297114372253418e+00
6.196576636284589767e-03
2.191571295261383057e-01
1.983134627342224121e+00
2.585697770118713379e-01
8.265962824225425720e-03
0.000000000000000000e+00
1.207772970199584961e+00
4.159225821495056152e-01
0.000000000000000000e+00
1.057890476658940315e-03
0.000000000000000000e+00
7.494949102401733398e-01
3.380589187145233154e-01
5.700347423553466797e-01
4.248279571533203125e+00
2.295560240745544434e-01
7.121174782514572144e-02
4.168860614299774170e-01
8.775863647460937500e-01
4.928902089595794678e-01
4.655694663524627686e-01
3.414905369281768799e-01
3.749263048171997070e+00
3.691949844360351562e-01
1.287825226783752441e+00
1.582028269767761230e-01
1.738802075386047363e+00
1.088441014289855957e-01
1.757630944252014160e+00
2.548940420150756836e+00
0.000000000000000000e+00
1.443355917930603027e+00
2.017007172107696533e-01
1.173533797264099121e+00
2.193959057331085205e-01
3.731506764888763428e-01
3.467653989791870117e-01
1.124326944351196289e+00
5.719508975744247437e-02
2.700869366526603699e-02
5.333281159400939941e-01
8.972811698913574219e-02
9.678052663803100586e-01
1.710693120956420898e+00
2.946274280548095703e-01
0.000000000000000000e+00
4.698228836059570312e-01
1.437217354774475098e+00
4.320117235183715820e-01
0.000000000000000000e+00
0.000000000000000000e+00
5.314832329750061035e-01
3.247464895248413086e-01
1.324483752250671387e-01
7.239433526992797852e-01
7.535989861935377121e-03
8.426350951194763184e-01
1.882309168577194214e-01
8.025230765342712402e-01
1.392433885484933853e-02
1.151763319969177246e+00
1.735917448997497559e+00
1.747309416532516479e-01
2.765646219253540039e+00
6.504177302122116089e-02
1.028805613517761230e+00
5.138506740331649780e-02
6.621897220611572266e-01
0.000000000000000000e+00
0.000000000000000000e+00
0.000000000000000000e+00
5.835669580847024918e-04
0.000000000000000000e+00
1.050773262977600098e+00
1.823120117187500000e-01
1.125038862228393555e+00
4.573324322700500488e-01
1.650929749011993408e-01
0.000000000000000000e+00
9.353458136320114136e-02
2.435425817966461182e-01
4.981587640941143036e-03
1.785083293914794922e+00
6.828576326370239258e-01
1.556630581617355347e-01
2.141427755355834961e+00
6.272397637367248535e-01
1.652259081602096558e-01
3.036839067935943604e-01
1.940533638000488281e+00
1.368488967418670654e-01
6.977469921112060547e-01
1.543950557708740234e+00
5.943315625190734863e-01
1.042497903108596802e-01
8.777422457933425903e-02
3.229310214519500732e-01
1.376734137535095215e+00
1.624545574188232422e+00
6.926747560501098633e-01
2.985835373401641846e-01
0.000000000000000000e+00
1.649796128273010254e+00
4.076905548572540283e-01
6.592909097671508789e-01
0.000000000000000000e+00
7.227075099945068359e-01
2.015762329101562500e+00
1.801561266183853149e-01
0.000000000000000000e+00
8.432445526123046875e-01
3.667291700839996338e-01
3.025756031274795532e-02
4.932812973856925964e-02
2.451073145493865013e-03
1.931168884038925171e-01
4.295104980468750000e+00
0.000000000000000000e+00
2.331563085317611694e-02
9.484081715345382690e-02
8.466772437095642090e-01
1.497682213783264160e+00
7.248038891702890396e-03
8.407815359532833099e-03
5.911470204591751099e-02
1.199620008468627930e+00
1.412370920181274414e+00
1.280261158943176270e+00
1.542927473783493042e-01
5.728220462799072266e+00
1.747801452875137329e-01
5.855453610420227051e-01
9.011777043342590332e-01
1.931082963943481445e+00
1.752974152565002441e+00
3.599745333194732666e-01
7.468893527984619141e-01
3.066453218460083008e+00
4.442155659198760986e-01
1.626472771167755127e-01
1.566277146339416504e+00
6.448526382446289062e-01
2.844552509486675262e-02
3.467797040939331055e-01
4.536754786968231201e-01
4.659691825509071350e-03
0.000000000000000000e+00
1.281925559043884277e+00
2.203700780868530273e+00
2.534609436988830566e-01
2.328138500452041626e-01
1.580932177603244781e-02
1.624017477035522461e+00
3.882367610931396484e-01
7.849104881286621094e+00
0.000000000000000000e+00
2.261123387143015862e-03
0.000000000000000000e+00
2.618883550167083740e-01
6.365023087710142136e-03
1.255833916366100311e-02
5.387821421027183533e-02
3.156051158905029297e+00
1.267632395029067993e-01
1.244344860315322876e-01
0.000000000000000000e+00
1.438391566276550293e+00
0.000000000000000000e+00
0.000000000000000000e+00
0.000000000000000000e+00
3.537029400467872620e-02
7.569805979728698730e-01
2.890743911266326904e-01
3.167520463466644287e-01
2.626135051250457764e-01
7.297487854957580566e-01
2.034642100334167480e-01
1.245808452367782593e-01
1.274071574211120605e+00
1.537753462791442871e+00
2.393948435783386230e-01
1.700295209884643555e-01
1.942759752273559570e-01
1.413714289665222168e-01
1.103272009640932083e-02
5.277032256126403809e-01
9.773071110248565674e-02
3.188794553279876709e-01
1.443443775177001953e+00
2.284027077257633209e-02
2.170379012823104858e-01
6.232287883758544922e-01
1.750632882118225098e+00
8.197676539421081543e-01
6.656507849693298340e-01
1.518558412790298462e-01
4.090900719165802002e-01
1.442721009254455566e+00
7.071940302848815918e-01
0.000000000000000000e+00
1.122774835675954819e-02
9.490214586257934570e-01
1.971532851457595825e-01
7.931238412857055664e-01
0.000000000000000000e+00
1.222179830074310303e-01
3.066436946392059326e-01
0.000000000000000000e+00
4.827110562473535538e-03
1.211708188056945801e-01
2.573641836643218994e-01
2.221081018447875977e+00
2.023891448974609375e+00
1.073158502578735352e+00
1.699880242347717285e+00
2.176825761795043945e+00
6.472712159156799316e-01
3.267698362469673157e-02
6.959341168403625488e-01
2.468972802162170410e-01
5.552215501666069031e-03
1.653737425804138184e-01
1.694042205810546875e+00
3.459157645702362061e-01
5.985413193702697754e-01
5.097854137420654297e-01
0.000000000000000000e+00
1.491045832633972168e+00
2.124931573867797852e+00
1.021381095051765442e-01
1.613421291112899780e-01
8.232912048697471619e-03
1.664406299591064453e+00
1.121584534645080566e+00
0.000000000000000000e+00
1.659352630376815796e-01
0.000000000000000000e+00
1.651895791292190552e-02
3.210467984899878502e-03
1.375377416610717773e+00
4.716787040233612061e-01
0.000000000000000000e+00
7.457423489540815353e-03
0.000000000000000000e+00
5.273893848061561584e-02
2.986940860748291016e+00
0.000000000000000000e+00
1.145226240158081055e+00
1.490814089775085449e-01
2.123521089553833008e+00
0.000000000000000000e+00
7.619212269783020020e-01
8.199721574783325195e-02
3.151105344295501709e-01
2.750923037528991699e-01
7.796411961317062378e-02
7.849775552749633789e-01
1.683559894561767578e+00
4.220421314239501953e-01
1.919906586408615112e-01
3.740442991256713867e-01
8.350027203559875488e-01
9.864490479230880737e-02
4.827673733234405518e-01
1.166409730911254883e+00
1.435361146926879883e+00
2.182527035474777222e-01
1.046274527907371521e-01
1.351720988750457764e-01
1.161665320396423340e+00
1.983641862869262695e+00
3.425365984439849854e-01
6.229766644537448883e-03
0.000000000000000000e+00
7.911816835403442383e-01
1.564817577600479126e-01
5.493533015251159668e-01
1.766504168510437012e+00
5.709113597869873047e+00
6.107168197631835938e-01
1.890487670898437500e-01
2.393189817667007446e-01
3.719692528247833252e-01
1.253169961273670197e-02
1.201624944806098938e-01
2.436357736587524414e-02
0.000000000000000000e+00
1.129976958036422729e-01
1.936775445938110352e-02
7.158493995666503906e-01
0.000000000000000000e+00
1.705255210399627686e-01
1.182153344154357910e+00
7.798889279365539551e-01
3.207053542137145996e-01
0.000000000000000000e+00
1.002137809991836548e-01
1.779299855232238770e+00
2.229747325181961060e-01
1.726543784141540527e+00
0.000000000000000000e+00
2.934893667697906494e-01
3.638366460800170898e-01
9.705763310194015503e-03
4.147523939609527588e-01
1.624260284006595612e-02
0.000000000000000000e+00
4.084835350513458252e-01
1.197925686836242676e+00
6.456443108618259430e-03
5.846593528985977173e-02
4.153720736503601074e-01
7.539288699626922607e-02
4.453534260392189026e-02
4.269212186336517334e-01
1.856412529945373535e+00
3.196895355358719826e-03
1.104700803756713867e+00
1.005578517913818359e+00
1.286442130804061890e-01
2.643562853336334229e-02
2.599831521511077881e-01
2.789059281349182129e-01
9.066613316535949707e-01
1.228143334388732910e+00
1.059343069791793823e-01
1.318161096423864365e-02
7.373147010803222656e-01
1.020678758621215820e+00
3.939357995986938477e-01
1.746409654617309570e+00
2.958976626396179199e-01
4.341749101877212524e-02
8.940485119819641113e-02
6.015650033950805664e-01
0.000000000000000000e+00
3.131195306777954102e-01
4.277891479432582855e-03
1.138043165206909180e+00
5.605692267417907715e-01
0.000000000000000000e+00
5.410972237586975098e-01
6.939408183097839355e-01
1.686405658721923828e+00
1.382899045944213867e+00
5.478450059890747070e-01
1.150796771049499512e+00
2.425472497940063477e+00
1.490392372943460941e-03
5.287746787071228027e-01
1.812206268310546875e+00
4.630666077136993408e-01
3.907382115721702576e-02
6.884301304817199707e-01
0.000000000000000000e+00
3.189834356307983398e-01
0.000000000000000000e+00
2.517873346805572510e-01
7.074264287948608398e-01
3.604222089052200317e-02
2.794681072235107422e+00
3.008623361587524414e+00
7.354060411453247070e-01
0.000000000000000000e+00
5.000383257865905762e-01
2.715872973203659058e-02
1.679360680282115936e-02
0.000000000000000000e+00
4.520979151129722595e-02
2.757109105587005615e-01
3.961357101798057556e-02
0.000000000000000000e+00
1.719457805156707764e-01
0.000000000000000000e+00
1.291265130043029785e+00
1.498164653778076172e+00
3.065676894038915634e-03
6.660106778144836426e-02
1.945163488388061523e+00
0.000000000000000000e+00
9.882188439369201660e-01
3.740430995821952820e-02
3.100591525435447693e-02
1.690614819526672363e+00
4.573019146919250488e-01
8.538307547569274902e-01
3.347143828868865967e-01
1.935975313186645508e+00
1.491343826055526733e-01
2.238205224275588989e-01
0.000000000000000000e+00
6.878922581672668457e-01
2.149050712585449219e+00
2.434018850326538086e-01
6.370092183351516724e-02
3.320416450500488281e+00
1.333447992801666260e-01
4.375179111957550049e-01
1.439587473869323730e-01
6.197042763233184814e-02
3.825758993625640869e-01
3.027539933100342751e-03
3.386774063110351562e+00
5.961459279060363770e-01
6.592476367950439453e-01
9.005602598190307617e-01
1.262730836868286133e+00
2.368984714848920703e-04
2.017026662826538086e+00
0.000000000000000000e+00
4.215314239263534546e-02
2.675553224980831146e-02
0.000000000000000000e+00
1.184713467955589294e-01
3.103640489280223846e-02
1.574915200471878052e-01
0.000000000000000000e+00
4.180928468704223633e-01
4.002774357795715332e-01
1.691054344177246094e+00
0.000000000000000000e+00
7.565485686063766479e-02
2.361773997545242310e-01
9.670299291610717773e-01
5.796694010496139526e-02
0.000000000000000000e+00
0.000000000000000000e+00
6.181565523147583008e-01
1.080734252929687500e+00
3.034014105796813965e-01
7.008809596300125122e-02
2.359036922454833984e+00
0.000000000000000000e+00
6.715385913848876953e-01
5.877098068594932556e-02
5.950489267706871033e-02
4.280224442481994629e-02
0.000000000000000000e+00
1.086069941520690918e+00
1.186337709426879883e+00
2.666206955909729004e-01
2.249439477920532227e+00
1.384852360934019089e-02
1.682541489601135254e+00
5.441433284431695938e-03
7.625003159046173096e-02
8.420694619417190552e-02
1.507985353469848633e+00
5.635764598846435547e-01
0.000000000000000000e+00
9.442949295043945312e-02
2.906885147094726562e-01
1.090220734477043152e-01
2.886912345886230469e+00
4.876561760902404785e-01
0.000000000000000000e+00
1.341409981250762939e-01
7.995878905057907104e-02
1.559839844703674316e+00
1.019558236002922058e-01
1.522946055047214031e-03
1.220368891954421997e-01
1.305099844932556152e+00
1.148559570312500000e+00
0.000000000000000000e+00
2.970346212387084961e-01
2.026307582855224609e-02
9.456574916839599609e-01
2.706077098846435547e-01
7.895769476890563965e-01
5.211963653564453125e-01
1.179798785597085953e-02
2.450755387544631958e-01
8.207716345787048340e-01
1.620933711528778076e-01
9.135717749595642090e-01
2.698042869567871094e+00
7.430452853441238403e-02
0.000000000000000000e+00
3.173608183860778809e-01
2.190520524978637695e+00
6.210072040557861328e-01
8.456770777702331543e-01
5.365803837776184082e-01
2.397817134857177734e+00
2.296103954315185547e+00
9.234002232551574707e-01
9.985062479972839355e-02
4.374424219131469727e-01
0.000000000000000000e+00
1.143606528639793396e-01
