6.319903582334518433e-02
0.000000000000000000e+00
1.667374223470687866e-01
3.220783948898315430e+00
4.710484743118286133e-01
1.487423628568649292e-01
1.028129100799560547e+00
2.333489179611206055e+00
6.801568984985351562e+00
1.235240578651428223e+00
7.927860319614410400e-02
1.632736802101135254e+00
4.585843905806541443e-02
9.357239007949829102e-01
2.263384819030761719e+00
7.923922538757324219e-01
1.152927160263061523e+00
1.566724777221679688e+00
7.606416940689086914e-01
0.000000000000000000e+00
1.377894639968872070e+00
0.000000000000000000e+00
1.801040172576904297e-01
2.496455430984497070e+00
6.037640944123268127e-02
0.000000000000000000e+00
7.954152533784508705e-04
1.960544347763061523e+00
4.247306883335113525e-01
1.843125373125076294e-02
9.621886536478996277e-03
0.000000000000000000e+00
4.796834290027618408e-01
2.001943290233612061e-01
4.411263167858123779e-01
3.067491054534912109e+00
5.583315491676330566e-01
1.336620002985000610e-01
4.951112568378448486e-01
4.149825274944305420e-01
1.523539125919342041e-01
2.081090211868286133e-01
1.163977503776550293e+00
3.898010253906250000e+00
7.000246644020080566e-01
1.687656641006469727e+00
2.829033136367797852e-01
1.089572906494140625e+00
4.050455614924430847e-02
1.515164971351623535e+00
2.821698904037475586e+00
0.000000000000000000e+00
1.340992689132690430e+00
1.359066218137741089e-01
1.672037482261657715e+00
2.646553218364715576e-01
3.072558641433715820e-01
6.743282079696655273e-02
2.233327150344848633e+00
3.971851766109466553e-01
8.293712511658668518e-03
2.750975787639617920e-01
8.295632898807525635e-02
1.272353172302246094e+00
8.875992298126220703e-01
3.573136031627655029e-01
7.926603406667709351e-02
6.604591012001037598e-01
7.735215425491333008e-01
6.988324522972106934e-01
0.000000000000000000e+00
1.380051970481872559e-01
1.142379939556121826e-01
6.547312736511230469e-01
6.127814650535583496e-01
1.041978120803833008e+00
0.000000000000000000e+00
9.903427958488464355e-01
4.204788208007812500e-01
8.520416021347045898e-01
5.436684563755989075e-02
6.864827871322631836e-01
2.476258516311645508e+00
3.177336975932121277e-02
2.141505718231201172e+00
1.356451958417892456e-02
1.646594166755676270e+00
9.162451326847076416e-02
8.364008665084838867e-01
3.004346042871475220e-02
8.525084704160690308e-03
7.682653144001960754e-03
0.000000000000000000e+00
0.000000000000000000e+00
1.433124423027038574e+00
2.970813512802124023e-01
1.192714452743530273e+00
1.260945200920104980e+00
1.170635968446731567e-01
7.121746987104415894e-02
0.000000000000000000e+00
2.201543748378753662e-01
3.193098306655883789e-02
1.481746673583984375e+00
1.080535769462585449e+00
2.955848574638366699e-01
1.458801269531250000e+00
2.921078205108642578e-01
6.553199291229248047e-01
9.554966539144515991e-02
1.728485703468322754e+00
2.371137887239456177e-01
3.543871641159057617e-01
5.022565126419067383e-01
5.116133093833923340e-01
5.249044671654701233e-02
1.843356527388095856e-02
3.355388939380645752e-01
8.060064315795898438e-01
2.384287118911743164e+00
4.865391552448272705e-01
2.040267884731292725e-01
1.346032973378896713e-02
1.075536966323852539e+00
6.446146965026855469e-01
8.186554908752441406e-01
0.000000000000000000e+00
1.545631587505340576e-01
2.054956912994384766e+00
2.299170754849910736e-02
1.550965663045644760e-02
7.123829722404479980e-01
4.932551383972167969e-01
3.598340973258018494e-02
2.876811921596527100e-01
0.000000000000000000e+00
2.793121933937072754e-01
5.363987445831298828e+00
0.000000000000000000e+00
2.158049261197447777e-03
1.628457009792327881e-01
3.659213185310363770e-01
1.341727733612060547e+00
0.000000000000000000e+00
2.903959155082702637e-01
3.619389832019805908e-01
9.606524109840393066e-01
8.770309686660766602e-01
1.467110157012939453e+00
1.498225629329681396e-01
5.773832798004150391e+00
7.279021739959716797e-01
5.485600829124450684e-01
2.388235032558441162e-01
2.255454301834106445e+00
1.176669239997863770e+00
1.421934813261032104e-01
9.289023280143737793e-02
2.362557888031005859e+00
3.579726517200469971e-01
1.063057128340005875e-02
1.381344795227050781e+00
4.912426173686981201e-01
3.770899400115013123e-02
3.765490949153900146e-01
2.464693039655685425e-01
0.000000000000000000e+00
0.000000000000000000e+00
7.646845579147338867e-01
2.138349056243896484e+00
7.299843430519104004e-01
3.299669325351715088e-01
0.000000000000000000e+00
7.484467029571533203e-01
2.105833888053894043e-01
8.126792907714843750e+00
0.000000000000000000e+00
2.513113059103488922e-02
1.026009097695350647e-01
1.369571685791015625e-01
0.000000000000000000e+00
1.180023849010467529e-01
1.724097132682800293e-01
2.249436855316162109e+00
8.418987691402435303e-02
6.371519993990659714e-03
9.189395606517791748e-02
1.555450439453125000e+00
0.000000000000000000e+00
3.809276968240737915e-02
0.000000000000000000e+00
1.012373529374599457e-02
9.904608130455017090e-01
5.698803663253784180e-01
4.626350998878479004e-01
2.793285846710205078e-01
6.521415710449218750e-01
4.310368001461029053e-01
1.904843598604202271e-01
1.576671957969665527e+00
1.673091292381286621e+00
4.229933917522430420e-01
2.887059748172760010e-01
8.637480139732360840e-01
3.705903291702270508e-01
1.104676574468612671e-01
2.148129194974899292e-01
1.912859827280044556e-01
2.440051734447479248e-01
1.206959724426269531e+00
7.803090661764144897e-02
6.370345950126647949e-01
8.241275548934936523e-01
1.119734525680541992e+00
9.335529208183288574e-01
4.188022613525390625e-01
3.938382863998413086e-01
2.774004638195037842e-01
1.959677577018737793e+00
1.081519007682800293e+00
2.562038367614150047e-03
1.860731840133666992e-01
7.170678377151489258e-01
1.462722718715667725e-01
4.244918823242187500e-01
0.000000000000000000e+00
5.574744939804077148e-01
1.719352006912231445e-01
0.000000000000000000e+00
0.000000000000000000e+00
5.498329401016235352e-01
3.739421069622039795e-01
1.929820775985717773e+00
1.472562432289123535e+00
9.076032042503356934e-01
7.766370773315429688e-01
1.972944140434265137e+00
7.454188466072082520e-01
1.901867426931858063e-02
9.367696642875671387e-01
3.340233862400054932e-01
2.313582412898540497e-02
2.528584003448486328e-01
2.649062395095825195e+00
7.878909707069396973e-01
1.322618722915649414e-01
1.716472506523132324e-01
2.424736879765987396e-02
2.019412517547607422e+00
8.100982308387756348e-01
2.887584567070007324e-01
3.268288671970367432e-01
1.601189002394676208e-02
9.306345582008361816e-01
9.079102277755737305e-01
2.105030417442321777e-02
1.486049313098192215e-02
0.000000000000000000e+00
9.310989826917648315e-02
3.700028406456112862e-03
1.164714694023132324e+00
2.128707617521286011e-01
5.119863152503967285e-02
7.682313770055770874e-02
0.000000000000000000e+00
8.245097845792770386e-02
1.605027794837951660e+00
2.238000929355621338e-02
6.105446815490722656e-01
9.172201156616210938e-03
1.466532468795776367e+00
0.000000000000000000e+00
9.289422035217285156e-01
9.018211066722869873e-02
2.161602675914764404e-01
5.705935955047607422e-01
1.553128659725189209e-01
5.148906111717224121e-01
1.093516469001770020e+00
1.181096583604812622e-01
1.601279526948928833e-02
3.081335127353668213e-01
2.165594696998596191e-01
9.648700803518295288e-02
4.438517689704895020e-01
1.107042193412780762e+00
1.109250307083129883e+00
7.345234509557485580e-03
8.547876030206680298e-02
0.000000000000000000e+00
1.397100448608398438e+00
1.621542811393737793e+00
1.669960021972656250e-01
6.653288006782531738e-02
2.328241318464279175e-01
5.393795967102050781e-01
2.434738874435424805e-01
2.179744392633438110e-01
1.437042713165283203e+00
5.327898025512695312e+00
6.475090980529785156e-01
2.776447534561157227e-01
1.691912412643432617e-01
1.837744712829589844e-01
1.370180747471749783e-03
9.539458900690078735e-02
1.881741546094417572e-02
0.000000000000000000e+00
3.547528758645057678e-02
4.473132491111755371e-01
4.814378619194030762e-01
5.121596902608871460e-02
1.854013502597808838e-01
9.045357704162597656e-01
2.237841635942459106e-01
4.928729236125946045e-01
0.000000000000000000e+00
6.155065894126892090e-01
4.760134518146514893e-01
1.527598351240158081e-01
1.771879315376281738e+00
0.000000000000000000e+00
4.122012853622436523e-02
1.741021722555160522e-01
5.566073115915060043e-03
7.815933823585510254e-01
1.075162366032600403e-01
0.000000000000000000e+00
1.394268989562988281e+00
5.238907337188720703e-01
0.000000000000000000e+00
0.000000000000000000e+00
9.969311207532882690e-02
9.621350467205047607e-02
8.024629950523376465e-02
4.118364155292510986e-01
1.493956923484802246e+00
3.366348445415496826e-01
5.830614566802978516e-01
7.005519866943359375e-01
2.350687980651855469e-02
1.728541916236281395e-03
1.575157046318054199e-01
1.110063027590513229e-02
1.112982988357543945e+00
8.956151604652404785e-01
2.647278010845184326e-01
0.000000000000000000e+00
4.226377308368682861e-01
5.903227329254150391e-01
1.992110460996627808e-01
6.041662693023681641e-01
7.054357975721359253e-02
1.026167944073677063e-01
0.000000000000000000e+00
1.147803187370300293e+00
0.000000000000000000e+00
1.654834002256393433e-01
0.000000000000000000e+00
4.635240137577056885e-01
1.061599254608154297e-01
4.893486201763153076e-02
3.799007833003997803e-01
7.167087197303771973e-01
2.288545131683349609e+00
7.158417105674743652e-01
6.024544835090637207e-01
9.328148365020751953e-01
1.504945397377014160e+00
1.434394624084234238e-03
3.484199345111846924e-01
1.810992121696472168e+00
9.882040023803710938e-01
2.980999648571014404e-01
7.779386639595031738e-01
2.667907252907752991e-02
1.126328483223915100e-01
0.000000000000000000e+00
5.914785265922546387e-01
8.637882471084594727e-01
6.684015039354562759e-03
3.631445884704589844e+00
2.352149963378906250e+00
7.444675564765930176e-01
0.000000000000000000e+00
8.161821961402893066e-01
1.629248075187206268e-02
0.000000000000000000e+00
0.000000000000000000e+00
4.138465225696563721e-02
1.138266399502754211e-01
0.000000000000000000e+00
3.111749887466430664e-03
1.828259080648422241e-01
2.145316600799560547e-01
1.673265099525451660e-01
2.733960390090942383e+00
1.062512118369340897e-02
0.000000000000000000e+00
1.074623703956604004e+00
2.005970031023025513e-01
1.234227657318115234e+00
0.000000000000000000e+00
4.944142103195190430e-01
1.229398131370544434e+00
1.311464160680770874e-01
1.152250170707702637e+00
2.369824051856994629e-01
1.455149531364440918e+00
6.207314729690551758e-01
4.415251687169075012e-02
7.618201896548271179e-03
6.141769289970397949e-01
1.660579442977905273e+00
1.006877869367599487e-01
4.604801908135414124e-02
2.924661397933959961e+00
7.749547064304351807e-02
5.383286476135253906e-01
6.867850571870803833e-02
4.519660957157611847e-03
5.299307107925415039e-01
5.713918246328830719e-03
3.064944028854370117e+00
6.033731698989868164e-01
8.438762426376342773e-01
1.153889179229736328e+00
1.488916277885437012e+00
0.000000000000000000e+00
1.708879232406616211e+00
6.025195121765136719e-02
2.428995259106159210e-02
1.289448817260563374e-03
0.000000000000000000e+00
1.402277033776044846e-03
1.307698488235473633e-01
4.635895192623138428e-01
0.000000000000000000e+00
1.074367668479681015e-03
7.712541818618774414e-01
2.214865684509277344e+00
0.000000000000000000e+00
3.098501563072204590e-01
1.842774301767349243e-01
1.582090973854064941e+00
7.833903282880783081e-02
0.000000000000000000e+00
1.109432079829275608e-03
3.097000122070312500e-01
1.193698644638061523e+00
5.743757486343383789e-01
2.380040735006332397e-01
1.973409533500671387e+00
0.000000000000000000e+00
9.982182979583740234e-01
4.438199996948242188e-01
4.415887966752052307e-02
3.845099359750747681e-02
0.000000000000000000e+00
1.593995809555053711e+00
1.423845410346984863e+00
1.016976833343505859e-01
2.837013721466064453e+00
9.296192973852157593e-02
1.209837555885314941e+00
0.000000000000000000e+00
1.965686120092868805e-02
1.533592790365219116e-01
1.727977514266967773e+00
8.768677711486816406e-01
0.000000000000000000e+00
3.873955309391021729e-01
3.355071246623992920e-01
2.073437422513961792e-01
2.797961235046386719e+00
4.982343316078186035e-01
1.215305365622043610e-02
3.416871726512908936e-01
2.986327372491359711e-02
1.137524843215942383e+00
3.410204648971557617e-01
0.000000000000000000e+00
8.692784234881401062e-03
1.168989062309265137e+00
8.614588379859924316e-01
2.946540014818310738e-03
3.146182298660278320e-01
5.019914731383323669e-02
1.009050965309143066e+00
1.152112334966659546e-01
2.990414202213287354e-01
4.795832335948944092e-01
6.909503601491451263e-03
1.734689921140670776e-01
1.073294997215270996e+00
0.000000000000000000e+00
2.059953361749649048e-01
2.515120267868041992e+00
1.165939960628747940e-02
0.000000000000000000e+00
1.346107125282287598e-01
1.420557618141174316e+00
1.843216121196746826e-01
4.596989452838897705e-01
3.747518062591552734e-01
1.878908872604370117e+00
2.334093093872070312e+00
6.129134893417358398e-01
1.733588427305221558e-01
3.861074447631835938e-01
0.000000000000000000e+00
2.869291231036186218e-03
