1.585766524076461792e-01
3.824852872639894485e-03
3.900412619113922119e-01
2.685784101486206055e+00
4.335038363933563232e-01
3.669305741786956787e-01
1.079147219657897949e+00
2.619963645935058594e+00
7.787268161773681641e+00
1.458773493766784668e+00
1.041510030627250671e-01
2.572059154510498047e+00
4.257864058017730713e-01
5.765332579612731934e-01
2.085030078887939453e+00
1.067575693130493164e+00
9.999194741249084473e-01
5.511342883110046387e-01
4.727922081947326660e-01
2.265586331486701965e-02
1.168052911758422852e+00
0.000000000000000000e+00
2.542972266674041748e-01
3.114273309707641602e+00
0.000000000000000000e+00
5.272190086543560028e-03
1.968203485012054443e-02
1.472812175750732422e+00
4.555077850818634033e-01
1.890459805727005005e-01
2.946021594107151031e-02
2.039929386228322983e-03
2.915448546409606934e-01
5.518783926963806152e-01
8.732414841651916504e-01
3.556717157363891602e+00
4.413289725780487061e-01
2.638257741928100586e-01
1.802181154489517212e-01
1.235706567764282227e+00
5.672929883003234863e-01
1.351874619722366333e-01
9.156236052513122559e-01
3.725758790969848633e+00
1.501795500516891479e-01
1.425428986549377441e+00
2.847186326980590820e-01
1.593752145767211914e+00
6.659147888422012329e-02
1.291417956352233887e+00
3.267591238021850586e+00
0.000000000000000000e+00
1.269203424453735352e+00
5.379296839237213135e-02
9.853783249855041504e-01
5.287423133850097656e-01
4.657215476036071777e-01
1.218477040529251099e-01
2.350602865219116211e+00
3.561767563223838806e-02
1.568953543901443481e-01
2.167173027992248535e-01
1.850083619356155396e-01
6.058143377304077148e-01
1.668182969093322754e+00
7.262440025806427002e-02
3.352161869406700134e-02
4.826438128948211670e-01
1.082385659217834473e+00
7.679167389869689941e-01
0.000000000000000000e+00
0.000000000000000000e+00
8.519688248634338379e-02
5.889115333557128906e-01
2.050762772560119629e-01
1.238102316856384277e+00
8.390847593545913696e-02
1.413886666297912598e+00
1.266731172800064087e-01
8.111165165901184082e-01
2.391161024570465088e-01
7.550329566001892090e-01
1.941206932067871094e+00
2.558462619781494141e-01
2.866793632507324219e+00
4.249452352523803711e-01
8.880687952041625977e-01
4.427387192845344543e-02
9.586468935012817383e-01
1.365454792976379395e-01
2.503407001495361328e-02
8.239203132688999176e-03
0.000000000000000000e+00
0.000000000000000000e+00
6.253053545951843262e-01
9.021466374397277832e-01
7.020990848541259766e-01
1.111836552619934082e+00
4.932008311152458191e-02
9.081910550594329834e-02
0.000000000000000000e+00
1.030407696962356567e-01
2.224728465080261230e-02
3.049550294876098633e+00
1.497231602668762207e+00
1.133239865303039551e-01
1.236837148666381836e+00
1.055572509765625000e+00
4.656884968280792236e-01
1.251840889453887939e-01
1.247336745262145996e+00
1.557689160108566284e-01
4.780284762382507324e-01
2.722469866275787354e-01
4.220117628574371338e-01
1.757931150496006012e-02
1.843771636486053467e-01
4.574963152408599854e-01
1.293934106826782227e+00
2.183394193649291992e+00
6.591035127639770508e-01
1.463522762060165405e-01
8.144722133874893188e-02
2.006930828094482422e+00
5.136955976486206055e-01
6.432197690010070801e-01
0.000000000000000000e+00
4.913751780986785889e-01
2.287197113037109375e+00
3.450074791908264160e-02
1.468742340803146362e-01
1.003291964530944824e+00
2.376904338598251343e-01
3.245629072189331055e-01
6.169651746749877930e-01
0.000000000000000000e+00
2.922930419445037842e-01
5.075940608978271484e+00
0.000000000000000000e+00
1.500118970870971680e-01
1.076874881982803345e-01
4.074304699897766113e-01
1.347288489341735840e+00
3.000656142830848694e-02
0.000000000000000000e+00
2.073153108358383179e-01
8.492296934127807617e-01
6.928740143775939941e-01
1.537082552909851074e+00
1.228967867791652679e-02
5.902641773223876953e+00
2.144678831100463867e-01
7.315038442611694336e-01
3.785137236118316650e-01
1.492723107337951660e+00
1.894858837127685547e+00
2.220204770565032959e-01
9.920068830251693726e-02
2.671297550201416016e+00
9.433298557996749878e-02
1.055375440046191216e-03
8.952093124389648438e-01
6.839667260646820068e-02
1.349058654159307480e-02
5.687177777290344238e-01
1.464172452688217163e-01
0.000000000000000000e+00
0.000000000000000000e+00
8.415514826774597168e-01
1.955314397811889648e+00
2.167679071426391602e-01
3.706838488578796387e-01
2.011319994926452637e-02
9.813479185104370117e-01
9.412251710891723633e-01
7.383728981018066406e+00
2.392605878412723541e-02
1.674571447074413300e-02
2.357184275751933455e-04
2.072842568159103394e-01
6.009837146848440170e-03
2.910695038735866547e-02
2.308646887540817261e-01
3.774078607559204102e+00
2.144460082054138184e-01
0.000000000000000000e+00
4.632878117263317108e-03
1.270358443260192871e+00
0.000000000000000000e+00
4.516654007602483034e-04
0.000000000000000000e+00
0.000000000000000000e+00
1.205917119979858398e+00
2.518745958805084229e-01
9.471980333328247070e-01
2.442848235368728638e-01
1.089590549468994141e+00
2.239803522825241089e-01
8.807620406150817871e-02
1.145357370376586914e+00
1.470144748687744141e+00
5.202896595001220703e-01
1.794398725032806396e-01
1.543484330177307129e-01
5.415899753570556641e-01
0.000000000000000000e+00
1.350354194641113281e+00
0.000000000000000000e+00
7.746427655220031738e-01
1.755399823188781738e+00
5.631981790065765381e-02
3.641778528690338135e-01
5.008053183555603027e-01
1.096721410751342773e+00
7.005667090415954590e-01
5.244457125663757324e-01
3.712430298328399658e-01
5.469303727149963379e-01
2.223353385925292969e+00
2.502704560756683350e-01
8.391787298023700714e-03
8.960571140050888062e-02
9.341354370117187500e-01
9.270586073398590088e-02
5.199459791183471680e-01
0.000000000000000000e+00
2.777297198772430420e-01
5.518115758895874023e-01
7.981824874877929688e-02
1.736191660165786743e-01
1.699012815952301025e-01
3.160612583160400391e-01
1.859030604362487793e+00
1.407572627067565918e+00
6.069927811622619629e-01
1.181279182434082031e+00
2.885124921798706055e+00
5.992301702499389648e-01
2.442473731935024261e-02
1.280941486358642578e+00
1.727594286203384399e-01
5.138418450951576233e-02
3.861144557595252991e-02
2.327408313751220703e+00
6.221346855163574219e-01
2.256039232015609741e-01
6.018323898315429688e-01
0.000000000000000000e+00
2.111140489578247070e+00
1.223068952560424805e+00
2.095885202288627625e-02
7.005908489227294922e-01
2.945950487628579140e-03
1.192978382110595703e+00
1.324717879295349121e+00
6.458050571382045746e-03
2.269520610570907593e-02
0.000000000000000000e+00
1.516418904066085815e-01
3.282893449068069458e-02
1.521041274070739746e+00
4.953420460224151611e-01
0.000000000000000000e+00
1.662411354482173920e-02
0.000000000000000000e+00
1.938568800687789917e-01
1.261533617973327637e+00
0.000000000000000000e+00
1.263962745666503906e+00
3.567199707031250000e-01
1.966976881027221680e+00
0.000000000000000000e+00
7.447814941406250000e-01
9.531731158494949341e-02
5.550281493924558163e-04
6.505047529935836792e-02
6.613039225339889526e-02
1.340119123458862305e+00
1.223228573799133301e+00
2.842342257499694824e-01
1.572773307561874390e-01
4.370950162410736084e-01
3.154256194829940796e-02
1.812733337283134460e-02
2.726429700851440430e-01
1.364553332328796387e+00
1.639466643333435059e+00
1.963923126459121704e-02
1.117408573627471924e-01
8.639644831418991089e-02
1.859986305236816406e+00
6.354306340217590332e-01
6.100687980651855469e-01
0.000000000000000000e+00
4.124075472354888916e-01
4.565063416957855225e-01
5.344102978706359863e-01
1.678241975605487823e-02
9.990514516830444336e-01
4.933858871459960938e+00
8.248012065887451172e-01
2.046061903238296509e-01
7.714116573333740234e-01
2.335211634635925293e-01
6.273281574249267578e-02
9.258506447076797485e-02
4.604406654834747314e-02
0.000000000000000000e+00
1.778218150138854980e-02
4.113990962505340576e-01
1.070059657096862793e+00
0.000000000000000000e+00
3.894638121128082275e-01
1.044503331184387207e+00
1.793959438800811768e-01
1.299495935440063477e+00
6.240855436772108078e-04
1.162242740392684937e-01
7.259381413459777832e-01
0.000000000000000000e+00
2.078498601913452148e+00
0.000000000000000000e+00
6.508273631334304810e-02
3.243314623832702637e-01
0.000000000000000000e+00
3.597630858421325684e-01
2.897055745124816895e-01
0.000000000000000000e+00
1.356739521026611328e+00
7.292221784591674805e-01
3.882975503802299500e-02
0.000000000000000000e+00
9.978664666414260864e-02
5.195506662130355835e-02
0.000000000000000000e+00
8.112610578536987305e-01
1.807211041450500488e+00
2.775945067405700684e-01
5.963530540466308594e-01
6.238510608673095703e-01
1.267338991165161133e-01
0.000000000000000000e+00
3.315834403038024902e-01
1.537397652864456177e-01
6.478254199028015137e-01
1.464181065559387207e+00
9.243766218423843384e-02
6.591043900698423386e-03
9.607881307601928711e-02
1.102634549140930176e+00
4.680902231484651566e-03
9.632632732391357422e-01
3.908853530883789062e-01
1.566486358642578125e-01
0.000000000000000000e+00
3.275804519653320312e-01
6.323943380266427994e-03
8.180775493383407593e-02
0.000000000000000000e+00
6.729839444160461426e-01
1.029866933822631836e+00
7.760982215404510498e-02
4.313576519489288330e-01
5.130591988563537598e-01
1.709397315979003906e+00
1.505424261093139648e+00
5.210704803466796875e-01
1.604266881942749023e+00
2.363484382629394531e+00
0.000000000000000000e+00
1.257219463586807251e-01
1.323283791542053223e+00
7.432927489280700684e-01
3.214276731014251709e-01
8.473395109176635742e-01
3.238562121987342834e-02
3.140154853463172913e-02
1.174866501241922379e-02
4.658792316913604736e-01
1.012242317199707031e+00
2.736165821552276611e-01
4.808994770050048828e+00
1.692358851432800293e+00
1.096944928169250488e+00
0.000000000000000000e+00
7.895815372467041016e-01
9.049894870258867741e-04
0.000000000000000000e+00
0.000000000000000000e+00
1.696356087923049927e-01
6.327711045742034912e-02
0.000000000000000000e+00
0.000000000000000000e+00
0.000000000000000000e+00
1.001323983073234558e-01
1.204207897186279297e+00
2.146215200424194336e+00
1.082932669669389725e-02
8.294536173343658447e-02
1.181584358215332031e+00
1.157477796077728271e-01
1.748097389936447144e-01
1.672239595791324973e-04
1.612824946641921997e-01
1.020897388458251953e+00
1.815169602632522583e-01
1.645407199859619141e+00
1.998360455036163330e-01
8.878995776176452637e-01
2.516545355319976807e-01
1.312125325202941895e-01
0.000000000000000000e+00
9.571909904479980469e-01
2.371369361877441406e+00
1.347275376319885254e-01
2.387499809265136719e-01
1.731482625007629395e+00
1.624165028333663940e-01
3.359723389148712158e-01
1.356438994407653809e-01
2.060535103082656860e-01
3.517134487628936768e-01
0.000000000000000000e+00
2.580252408981323242e+00
2.012607604265213013e-01
6.050270795822143555e-01
8.592634797096252441e-01
1.455305099487304688e+00
5.915548279881477356e-02
1.582481384277343750e+00
0.000000000000000000e+00
1.463739275932312012e-01
1.160962693393230438e-02
8.632620796561241150e-03
0.000000000000000000e+00
9.275675565004348755e-02
1.087590232491493225e-01
1.677611959166824818e-03
4.746455326676368713e-02
5.010757446289062500e-01
1.554805755615234375e+00
0.000000000000000000e+00
1.656263470649719238e-01
2.773340046405792236e-01
1.244403839111328125e+00
0.000000000000000000e+00
1.763583160936832428e-02
1.108238659799098969e-02
1.503847688436508179e-01
6.491420865058898926e-01
9.043298363685607910e-01
3.358723819255828857e-01
1.801149487495422363e+00
0.000000000000000000e+00
6.570806503295898438e-01
1.935069561004638672e-01
1.432701479643583298e-02
1.318159699440002441e-01
0.000000000000000000e+00
9.969427585601806641e-01
1.292598485946655273e+00
1.850041300058364868e-01
2.787772178649902344e+00
3.365375800058245659e-03
1.373954892158508301e+00
4.680074751377105713e-03
4.051000177860260010e-01
1.881739348173141479e-01
1.328832626342773438e+00
7.329791784286499023e-01
3.746071597561240196e-03
4.516121149063110352e-01
2.363802790641784668e-01
1.708899997174739838e-02
2.233992815017700195e+00
2.824128866195678711e-01
0.000000000000000000e+00
3.647994995117187500e-01
1.781897060573101044e-02
6.065779924392700195e-01
2.713401913642883301e-01
1.010651327669620514e-02
8.409179002046585083e-02
9.728282690048217773e-01
7.098182439804077148e-01
9.413863718509674072e-02
9.835996478796005249e-02
1.732145994901657104e-01
8.173037767410278320e-01
2.313207983970642090e-01
2.131510525941848755e-01
4.913588166236877441e-01
3.744636103510856628e-02
7.686052471399307251e-02
6.419382095336914062e-01
2.000014297664165497e-02
1.804691553115844727e-01
2.091088056564331055e+00
2.121109813451766968e-01
1.933696307241916656e-02
9.615864604711532593e-02
2.002451181411743164e+00
7.401597499847412109e-01
7.642568349838256836e-01
9.295774102210998535e-01
2.821865081787109375e+00
2.397548675537109375e+00
6.659057736396789551e-02
2.542874813079833984e-01
1.323430538177490234e-01
0.000000000000000000e+00
0.000000000000000000e+00
