1.463740319013595581e-01
0.000000000000000000e+00
1.592042595148086548e-01
2.633446693420410156e+00
8.146704435348510742e-01
2.310912013053894043e-01
4.869245290756225586e-01
2.648184061050415039e+00
6.532149314880371094e+00
1.110567688941955566e+00
2.759948931634426117e-02
1.867562413215637207e+00
4.787250459194183350e-01
4.416095912456512451e-01
2.926688671112060547e+00
7.581486701965332031e-01
8.275053501129150391e-01
1.306089162826538086e+00
6.363182663917541504e-01
7.966244965791702271e-02
1.646916627883911133e+00
0.000000000000000000e+00
3.233033791184425354e-02
2.383940458297729492e+00
8.543842285871505737e-02
6.093846168369054794e-03
8.127310127019882202e-02
1.699945807456970215e+00
2.849072813987731934e-01
2.893838845193386078e-02
6.867634132504463196e-03
9.009243920445442200e-03
4.585708975791931152e-01
4.112501144409179688e-01
5.608630776405334473e-01
3.321777820587158203e+00
4.619601070880889893e-01
1.199132129549980164e-01
5.818021297454833984e-01
6.829103827476501465e-01
9.413623213768005371e-01
3.266518712043762207e-01
6.648043394088745117e-01
3.236923694610595703e+00
3.768694400787353516e-01
9.517611861228942871e-01
2.478841543197631836e-01
1.181473612785339355e+00
2.145284414291381836e-02
1.195733070373535156e+00
2.498258829116821289e+00
0.000000000000000000e+00
1.421609997749328613e+00
3.825757801532745361e-01
1.905158162117004395e+00
1.905062496662139893e-01
3.463492691516876221e-01
1.625290811061859131e-01
1.474595308303833008e+00
8.054756373167037964e-02
7.724738121032714844e-02
1.484219878911972046e-01
8.170386776328086853e-03
8.359352946281433105e-01
1.212926149368286133e+00
4.565305635333061218e-02
0.000000000000000000e+00
3.686805069446563721e-01
9.566286802291870117e-01
6.786620616912841797e-01
0.000000000000000000e+00
3.875147784128785133e-03
1.745037287473678589e-01
7.977635264396667480e-01
2.381388992071151733e-01
1.219857454299926758e+00
0.000000000000000000e+00
6.551219224929809570e-01
4.609251916408538818e-01
1.102476239204406738e+00
1.292965114116668701e-01
7.718496918678283691e-01
2.081650733947753906e+00
1.393294930458068848e-01
2.505772352218627930e+00
1.450784057378768921e-01
1.078396081924438477e+00
6.479154527187347412e-02
1.048972725868225098e+00
2.805138938128948212e-03
2.569418214261531830e-02
5.567344650626182556e-02
0.000000000000000000e+00
0.000000000000000000e+00
1.129609584808349609e+00
3.711535334587097168e-01
1.098119139671325684e+00
7.617340087890625000e-01
2.798191970214247704e-03
5.664422176778316498e-03
1.626594574190676212e-03
7.861419767141342163e-02
1.317844819277524948e-02
9.387416839599609375e-01
1.228961706161499023e+00
2.426653504371643066e-01
2.169500589370727539e+00
6.484984159469604492e-01
4.385526180267333984e-01
2.316073924303054810e-01
1.463900208473205566e+00
4.791034758090972900e-02
7.159306406974792480e-01
8.005943894386291504e-01
7.299036979675292969e-01
1.479746550321578979e-01
0.000000000000000000e+00
1.515457183122634888e-01
5.515286326408386230e-01
1.957207322120666504e+00
9.987819790840148926e-01
3.065018653869628906e-01
1.340169310569763184e-01
1.682753205299377441e+00
1.366948723793029785e+00
6.545525193214416504e-01
0.000000000000000000e+00
6.672531962394714355e-01
2.125959396362304688e+00
2.165506966412067413e-02
0.000000000000000000e+00
8.759233951568603516e-01
3.657433092594146729e-01
1.232402920722961426e-01
3.949656188488006592e-01
0.000000000000000000e+00
5.722980499267578125e-01
5.064369201660156250e+00
0.000000000000000000e+00
2.342237681150436401e-01
1.704983711242675781e-01
5.589210391044616699e-01
1.528596639633178711e+00
0.000000000000000000e+00
3.213022649288177490e-02
2.752303183078765869e-01
7.011269330978393555e-01
1.420497655868530273e+00
1.043901562690734863e+00
8.104904741048812866e-02
6.120604038238525391e+00
1.618305295705795288e-01
2.161297202110290527e-01
6.421782970428466797e-01
1.950318098068237305e+00
1.334070444107055664e+00
2.198320776224136353e-01
2.389970868825912476e-01
2.182782888412475586e+00
1.152339726686477661e-01
1.012831330299377441e-01
7.552894949913024902e-01
1.003295302391052246e+00
1.755788773298263550e-01
6.697691679000854492e-01
1.705745905637741089e-01
0.000000000000000000e+00
0.000000000000000000e+00
1.017703652381896973e+00
2.992790937423706055e+00
3.505873382091522217e-01
3.375052213668823242e-01
1.027101948857307434e-01
1.042317748069763184e+00
4.351565241813659668e-01
7.952235698699951172e+00
0.000000000000000000e+00
4.384009912610054016e-02
8.966530003817752004e-05
3.547012805938720703e-01
0.000000000000000000e+00
0.000000000000000000e+00
1.090530231595039368e-01
2.802754163742065430e+00
2.348679602146148682e-01
0.000000000000000000e+00
1.754084974527359009e-01
1.677933335304260254e+00
0.000000000000000000e+00
1.570951566100120544e-02
0.000000000000000000e+00
3.465438261628150940e-02
8.858024477958679199e-01
3.023909628391265869e-01
3.342422544956207275e-01
4.177604913711547852e-01
1.089947700500488281e+00
4.440657198429107666e-01
3.104249238967895508e-01
1.044889330863952637e+00
1.921617150306701660e+00
6.110422611236572266e-01
3.229212760925292969e-01
5.806848406791687012e-01
1.900141686201095581e-01
4.424593225121498108e-02
2.309271693229675293e-01
1.381208281964063644e-02
6.078156456351280212e-02
1.521978974342346191e+00
1.915306150913238525e-01
2.927891910076141357e-01
7.212802767753601074e-01
7.113947272300720215e-01
7.817409634590148926e-01
4.540375173091888428e-01
2.811487019062042236e-01
3.033587634563446045e-01
1.364334344863891602e+00
1.167179584503173828e+00
1.193391811102628708e-02
1.184543147683143616e-01
5.642787814140319824e-01
0.000000000000000000e+00
5.040087699890136719e-01
0.000000000000000000e+00
1.812283396720886230e-01
1.746918410062789917e-01
9.984199889004230499e-03
4.855092614889144897e-02
3.173071891069412231e-02
3.889654874801635742e-01
1.332690000534057617e+00
1.803920745849609375e+00
5.764803290367126465e-01
1.408256053924560547e+00
2.465134143829345703e+00
3.338367342948913574e-01
3.954523429274559021e-02
1.518760442733764648e+00
2.905873954296112061e-01
2.090764977037906647e-02
9.069970995187759399e-02
3.011476516723632812e+00
6.980075836181640625e-01
1.861227750778198242e-01
3.929553329944610596e-01
0.000000000000000000e+00
1.901770830154418945e+00
9.001851081848144531e-01
5.400410294532775879e-02
4.566930532455444336e-01
3.203155845403671265e-02
5.408538579940795898e-01
1.330784678459167480e+00
0.000000000000000000e+00
2.075264304876327515e-01
0.000000000000000000e+00
3.089370392262935638e-02
0.000000000000000000e+00
1.059310078620910645e+00
7.653826475143432617e-01
3.494840487837791443e-02
7.501846551895141602e-02
0.000000000000000000e+00
1.795953363180160522e-01
1.542892098426818848e+00
0.000000000000000000e+00
9.130033850669860840e-01
1.793557778000831604e-02
1.656219720840454102e+00
0.000000000000000000e+00
7.624245882034301758e-01
4.912643879652023315e-02
2.844063565135002136e-02
3.140656650066375732e-01
4.296083375811576843e-02
8.285205960273742676e-01
7.440007925033569336e-01
1.487849801778793335e-01
1.598182134330272675e-02
1.570745408535003662e-01
2.559918761253356934e-01
2.798616513609886169e-02
5.527130365371704102e-01
9.979848861694335938e-01
1.250151038169860840e+00
5.757835227996110916e-03
1.784961670637130737e-01
5.424320697784423828e-02
1.902633666992187500e+00
1.499119043350219727e+00
6.101692914962768555e-01
0.000000000000000000e+00
1.447586622089147568e-02
2.317317724227905273e-01
3.574694395065307617e-01
1.351149678230285645e-01
1.283190846443176270e+00
4.349359035491943359e+00
1.017427325248718262e+00
2.284203916788101196e-01
6.739138960838317871e-01
2.568043172359466553e-01
1.481409464031457901e-02
2.227216958999633789e-01
2.771529555320739746e-02
0.000000000000000000e+00
1.932532154023647308e-02
9.571009874343872070e-02
7.544223666191101074e-01
0.000000000000000000e+00
8.036177605390548706e-02
1.092313051223754883e+00
1.263844370841979980e-01
7.093008160591125488e-01
7.546799315605312586e-05
2.365571558475494385e-01
5.483744144439697266e-01
2.095619887113571167e-01
1.652429461479187012e+00
0.000000000000000000e+00
5.691518634557723999e-02
5.325876474380493164e-01
3.927016258239746094e-02
5.193808078765869141e-01
7.856702059507369995e-02
0.000000000000000000e+00
8.359843492507934570e-01
6.101686954498291016e-01
3.662074450403451920e-04
4.796823486685752869e-03
4.358578026294708252e-01
4.051103442907333374e-02
2.415016442537307739e-01
5.814813971519470215e-01
1.607597470283508301e+00
6.810368597507476807e-02
8.151940703392028809e-01
1.436083078384399414e+00
2.803404815495014191e-02
1.705564744770526886e-02
6.310411542654037476e-02
1.013931706547737122e-01
8.219324350357055664e-01
1.122569322586059570e+00
2.041998654603958130e-01
1.294290367513895035e-02
1.193954646587371826e-01
1.073425292968750000e+00
7.901915907859802246e-02
1.294437885284423828e+00
4.285862147808074951e-01
2.814305946230888367e-03
4.886605590581893921e-02
5.942857265472412109e-01
0.000000000000000000e+00
3.311644122004508972e-02
0.000000000000000000e+00
4.016529619693756104e-01
5.803399085998535156e-01
5.346594378352165222e-03
6.851552724838256836e-01
9.691740870475769043e-01
1.990291357040405273e+00
5.130968689918518066e-01
3.184223771095275879e-01
1.254061341285705566e+00
2.186514616012573242e+00
0.000000000000000000e+00
4.187412559986114502e-01
1.829288363456726074e+00
1.120598986744880676e-01
2.653025388717651367e-01
7.131376266479492188e-01
1.612024940550327301e-02
3.085404261946678162e-02
7.648139260709285736e-03
2.894143760204315186e-01
9.310259222984313965e-01
3.180066868662834167e-02
3.564487218856811523e+00
1.843317866325378418e+00
7.896685004234313965e-01
0.000000000000000000e+00
5.678805708885192871e-01
0.000000000000000000e+00
0.000000000000000000e+00
0.000000000000000000e+00
0.000000000000000000e+00
6.677389144897460938e-03
0.000000000000000000e+00
0.000000000000000000e+00
5.826244875788688660e-02
7.404556870460510254e-02
7.781977653503417969e-01
1.869562268257141113e+00
4.985611420124769211e-03
2.095631137490272522e-02
1.273863434791564941e+00
5.330950766801834106e-02
1.538765192031860352e+00
0.000000000000000000e+00
1.844021528959274292e-01
1.269197702407836914e+00
6.390603780746459961e-01
8.329185843467712402e-01
1.528836637735366821e-01
1.578807234764099121e+00
4.148091971874237061e-01
2.693243324756622314e-01
0.000000000000000000e+00
6.834881901741027832e-01
1.696802735328674316e+00
3.561582416296005249e-02
3.406875580549240112e-02
2.938881874084472656e+00
3.473774716258049011e-02
4.311600029468536377e-01
2.344048321247100830e-01
1.132848113775253296e-01
3.594747483730316162e-01
0.000000000000000000e+00
2.348873853683471680e+00
6.970319747924804688e-01
1.978272050619125366e-01
9.111806154251098633e-01
1.622570872306823730e+00
1.307715196162462234e-02
1.723776936531066895e+00
1.257538888603448868e-02
2.332298010587692261e-01
6.977150589227676392e-02
0.000000000000000000e+00
3.105516312643885612e-03
1.105240061879158020e-01
1.377405971288681030e-01
2.753418311476707458e-02
4.183270037174224854e-01
2.790206074714660645e-01
1.814900279045104980e+00
0.000000000000000000e+00
2.726001739501953125e-01
1.214715689420700073e-01
6.875193119049072266e-01
0.000000000000000000e+00
2.838220447301864624e-03
9.595244377851486206e-02
3.812442123889923096e-01
1.301559686660766602e+00
2.146362364292144775e-01
1.959082931280136108e-01
1.528983235359191895e+00
0.000000000000000000e+00
7.345730662345886230e-01
2.816188037395477295e-01
1.371467560529708862e-01
3.352831602096557617e-01
0.000000000000000000e+00
1.259085536003112793e+00
9.705801010131835938e-01
1.639205813407897949e-01
2.346816301345825195e+00
2.054937742650508881e-02
1.060886621475219727e+00
5.424030870199203491e-02
6.686820834875106812e-02
2.228107750415802002e-01
1.644384860992431641e+00
1.207669734954833984e+00
0.000000000000000000e+00
1.598137468099594116e-01
5.366808772087097168e-01
1.645711511373519897e-01
2.242433547973632812e+00
3.932030200958251953e-01
0.000000000000000000e+00
3.083902895450592041e-01
5.865397676825523376e-02
1.351886034011840820e+00
1.338027417659759521e-01
5.347949638962745667e-02
5.537418276071548462e-02
1.483232736587524414e+00
8.107903003692626953e-01
8.709958940744400024e-02
3.274911344051361084e-01
4.825411364436149597e-02
9.046623110771179199e-01
3.065643608570098877e-01
2.681498229503631592e-01
5.958201885223388672e-01
2.472744695842266083e-02
2.164476364850997925e-01
7.364677786827087402e-01
3.870180342346429825e-03
6.881193518638610840e-01
2.215674161911010742e+00
1.685723066329956055e-01
2.551431953907012939e-02
3.709341883659362793e-01
1.462457537651062012e+00
2.949579954147338867e-01
9.104408621788024902e-01
4.129658937454223633e-01
2.153503656387329102e+00
2.169272184371948242e+00
9.453976750373840332e-01
3.005682118237018585e-02
5.219170451164245605e-01
0.000000000000000000e+00
2.513716462999582291e-03
