1.837127357721328735e-01
0.000000000000000000e+00
4.663925766944885254e-01
2.366567373275756836e+00
6.269163489341735840e-01
5.348735675215721130e-02
1.012650489807128906e+00
1.677838921546936035e+00
6.584767818450927734e+00
1.383057832717895508e+00
1.891042143106460571e-01
2.574737548828125000e+00
4.103682637214660645e-01
2.374670058488845825e-01
2.880705833435058594e+00
5.247471928596496582e-01
1.124092817306518555e+00
1.641815900802612305e+00
1.091655135154724121e+00
2.175860852003097534e-02
1.895186662673950195e+00
0.000000000000000000e+00
1.746475137770175934e-02
1.490736484527587891e+00
6.333022713661193848e-01
4.880618304014205933e-02
7.696080021560192108e-03
2.479369163513183594e+00
2.351516783237457275e-01
0.000000000000000000e+00
2.872456330806016922e-03
0.000000000000000000e+00
5.379142761230468750e-01
3.192365914583206177e-02
3.864433765411376953e-01
4.268840312957763672e+00
3.699969649314880371e-01
1.608615517616271973e-01
1.211987495422363281e+00
5.502075552940368652e-01
5.608268976211547852e-01
1.252307057380676270e+00
3.456870019435882568e-01
3.870240449905395508e+00
6.012858748435974121e-01
1.590530514717102051e+00
5.841692090034484863e-01
1.610218763351440430e+00
1.744554489850997925e-01
9.972418546676635742e-01
1.766066074371337891e+00
4.523823503404855728e-03
1.068601012229919434e+00
1.199784502387046814e-02
1.823170185089111328e+00
1.792222559452056885e-01
6.643295288085937500e-01
5.034242868423461914e-01
5.067939162254333496e-01
6.013901159167289734e-02
2.614661492407321930e-02
1.901343613862991333e-01
2.260723337531089783e-02
9.824913144111633301e-01
1.825273036956787109e-01
3.524947464466094971e-01
5.390721838921308517e-03
7.147006988525390625e-01
1.072103857994079590e+00
2.706137299537658691e-01
2.103664912283420563e-03
4.052255535498261452e-04
1.556262969970703125e-01
1.478337764739990234e+00
1.837393641471862793e-01
9.042706489562988281e-01
0.000000000000000000e+00
9.293539524078369141e-01
2.259249687194824219e-01
1.700432538986206055e+00
6.463636457920074463e-02
6.423466801643371582e-01
2.470514774322509766e+00
9.963417053222656250e-02
3.107677221298217773e+00
4.450432956218719482e-03
5.548377633094787598e-01
1.411771401762962341e-02
6.478370428085327148e-01
7.152142375707626343e-02
6.567852105945348740e-03
1.628398336470127106e-02
0.000000000000000000e+00
0.000000000000000000e+00
6.438068151473999023e-01
9.475639462471008301e-02
1.656779050827026367e+00
4.868128597736358643e-01
0.000000000000000000e+00
3.264412283897399902e-02
0.000000000000000000e+00
0.000000000000000000e+00
1.053417101502418518e-02
1.224303245544433594e+00
8.270831108093261719e-01
1.978577524423599243e-01
2.792008876800537109e+00
5.167023539543151855e-01
6.205394268035888672e-01
4.672150015830993652e-01
1.510276317596435547e+00
0.000000000000000000e+00
6.626866459846496582e-01
1.053123474121093750e+00
1.123711228370666504e+00
1.001325771212577820e-01
1.146815996617078781e-02
1.208111457526683807e-02
1.052500456571578979e-01
2.005397796630859375e+00
6.699941158294677734e-01
8.272623270750045776e-02
6.327602267265319824e-02
1.392822027206420898e+00
1.063878774642944336e+00
1.083756566047668457e+00
0.000000000000000000e+00
7.702462077140808105e-01
2.490950822830200195e+00
3.789619356393814087e-02
6.784806400537490845e-02
1.304547667503356934e+00
2.317701429128646851e-01
2.742237150669097900e-01
3.604030609130859375e-01
0.000000000000000000e+00
4.874592423439025879e-01
5.111949443817138672e+00
0.000000000000000000e+00
6.075144559144973755e-02
2.893033921718597412e-01
4.845926761627197266e-01
1.902490854263305664e+00
0.000000000000000000e+00
6.701946258544921875e-03
1.464332044124603271e-01
7.409641146659851074e-01
1.834394812583923340e+00
9.518947005271911621e-01
1.080336272716522217e-01
6.625920295715332031e+00
2.762240469455718994e-01
6.561812162399291992e-01
6.540957093238830566e-01
2.425733327865600586e+00
1.598528742790222168e+00
9.432895481586456299e-02
1.107531189918518066e-01
1.758063435554504395e+00
2.501064836978912354e-01
6.605802476406097412e-02
1.457130551338195801e+00
2.536545753479003906e+00
4.079287350177764893e-01
9.106843471527099609e-01
1.614090427756309509e-02
0.000000000000000000e+00
0.000000000000000000e+00
1.123826265335083008e+00
3.848597764968872070e+00
9.035778045654296875e-01
9.463904798030853271e-02
4.649377241730690002e-02
1.903620719909667969e+00
6.223690137267112732e-02
7.954627037048339844e+00
0.000000000000000000e+00
1.660096459090709686e-02
1.376591995358467102e-02
5.613440871238708496e-01
4.128092434257268906e-03
3.320058807730674744e-02
5.932703241705894470e-02
2.439076423645019531e+00
8.153005689382553101e-02
3.495243191719055176e-02
8.519650250673294067e-02
2.474504232406616211e+00
0.000000000000000000e+00
2.000452578067779541e-02
3.500169550534337759e-04
3.388905525207519531e-02
9.267255663871765137e-01
8.110523223876953125e-01
4.403876364231109619e-01
3.626849949359893799e-01
8.087968230247497559e-01
5.568395256996154785e-01
3.822368681430816650e-01
1.562514305114746094e+00
2.313849449157714844e+00
6.141638159751892090e-01
2.317956238985061646e-01
4.696636497974395752e-01
6.274874508380889893e-02
1.927128136157989502e-01
5.369848608970642090e-01
2.488115243613719940e-02
1.044711470603942871e-02
1.365278244018554688e+00
8.698944747447967529e-02
5.088212341070175171e-02
8.990368843078613281e-01
5.152741074562072754e-01
1.776097655296325684e+00
1.304274082183837891e+00
6.674618273973464966e-02
8.430916070938110352e-02
2.114833593368530273e+00
9.997592568397521973e-01
5.426105484366416931e-02
1.031513093039393425e-04
8.985650539398193359e-02
0.000000000000000000e+00
4.148569703102111816e-01
0.000000000000000000e+00
2.799278199672698975e-01
3.638630211353302002e-01
0.000000000000000000e+00
3.588925674557685852e-02
1.228998973965644836e-01
2.871868014335632324e-01
1.935929894447326660e+00
1.816915988922119141e+00
4.365233182907104492e-01
1.806226730346679688e+00
2.959779739379882812e+00
7.123386114835739136e-02
2.750800549983978271e-01
1.175935745239257812e+00
5.590042471885681152e-01
5.039563402533531189e-02
1.091869734227657318e-02
3.177632808685302734e+00
9.089795947074890137e-01
2.806442081928253174e-01
5.899146795272827148e-01
4.313348233699798584e-02
1.424449086189270020e+00
1.373044967651367188e+00
0.000000000000000000e+00
2.641282677650451660e-01
9.162997826933860779e-03
3.839441835880279541e-01
1.486777186393737793e+00
0.000000000000000000e+00
2.691756486892700195e-01
0.000000000000000000e+00
0.000000000000000000e+00
1.943304762244224548e-02
1.010267734527587891e+00
1.035077571868896484e+00
2.324054203927516937e-02
0.000000000000000000e+00
0.000000000000000000e+00
2.994388341903686523e-02
2.965198993682861328e+00
0.000000000000000000e+00
1.415150523185729980e+00
0.000000000000000000e+00
1.554178357124328613e+00
0.000000000000000000e+00
9.787097573280334473e-01
3.055750727653503418e-01
1.280887424945831299e-01
4.297520220279693604e-01
0.000000000000000000e+00
2.626604735851287842e-01
1.622616767883300781e+00
6.401666253805160522e-02
1.116371154785156250e-02
3.394894301891326904e-01
5.076338052749633789e-01
5.190446972846984863e-02
4.153867363929748535e-01
8.126071691513061523e-01
2.188614368438720703e+00
0.000000000000000000e+00
4.220575094223022461e-01
0.000000000000000000e+00
2.639684438705444336e+00
2.351421594619750977e+00
2.256411612033843994e-01
0.000000000000000000e+00
0.000000000000000000e+00
2.922147512435913086e-01
4.709414839744567871e-01
1.361570786684751511e-02
2.029527664184570312e+00
5.080994606018066406e+00
1.084886908531188965e+00
4.448813199996948242e-01
3.156484663486480713e-01
5.959550142288208008e-01
1.641451008617877960e-02
1.583124846220016479e-01
1.704399590380489826e-03
0.000000000000000000e+00
1.952343136072158813e-01
2.224329486489295959e-02
7.664327621459960938e-01
2.819111756980419159e-02
6.807598401792347431e-04
1.689329147338867188e+00
3.022513091564178467e-01
5.021023750305175781e-01
0.000000000000000000e+00
3.955824971199035645e-01
1.198338747024536133e+00
2.091423124074935913e-01
1.566257357597351074e+00
0.000000000000000000e+00
1.523029208183288574e-01
3.130739927291870117e-02
0.000000000000000000e+00
9.395630359649658203e-01
8.032649010419845581e-02
0.000000000000000000e+00
7.634238004684448242e-01
3.671963214874267578e-01
1.119641661643981934e-01
0.000000000000000000e+00
3.148030340671539307e-01
1.688527129590511322e-02
1.421183496713638306e-01
4.218794405460357666e-01
1.474678516387939453e+00
6.190235540270805359e-02
1.498433351516723633e+00
1.475684523582458496e+00
1.625267229974269867e-02
0.000000000000000000e+00
2.824906492605805397e-03
4.325113892555236816e-01
5.722051262855529785e-01
9.382065534591674805e-01
7.284680753946304321e-02
1.894984841346740723e-01
2.802540659904479980e-01
6.367549300193786621e-01
2.834714651107788086e-01
2.139153957366943359e+00
8.069635629653930664e-01
4.025227203965187073e-02
1.288823783397674561e-01
6.516408324241638184e-01
0.000000000000000000e+00
1.483172923326492310e-01
0.000000000000000000e+00
4.527688920497894287e-01
8.061788082122802734e-01
1.037800014019012451e-01
5.965244174003601074e-01
6.098839044570922852e-01
2.199921607971191406e+00
5.476369857788085938e-01
9.458354860544204712e-02
1.322852730751037598e+00
2.061374902725219727e+00
4.549603443592786789e-03
8.858639001846313477e-01
1.743612766265869141e+00
3.329072296619415283e-01
1.389599740505218506e-01
6.384848356246948242e-01
0.000000000000000000e+00
6.449045985937118530e-02
2.131996443495154381e-03
6.244958937168121338e-02
6.857297420501708984e-01
2.014483958482742310e-01
3.815282821655273438e+00
2.224776268005371094e+00
7.594425082206726074e-01
0.000000000000000000e+00
3.846434652805328369e-01
0.000000000000000000e+00
0.000000000000000000e+00
0.000000000000000000e+00
2.830004133284091949e-02
1.841423213481903076e-01
0.000000000000000000e+00
0.000000000000000000e+00
3.696022331714630127e-01
4.965942353010177612e-04
6.287716031074523926e-01
2.027327299118041992e+00
7.459380663931369781e-03
1.307901442050933838e-01
1.578230023384094238e+00
1.016435999190434813e-04
2.443237304687500000e+00
0.000000000000000000e+00
3.301260620355606079e-02
1.125671982765197754e+00
8.875539898872375488e-01
9.373847842216491699e-01
3.303829729557037354e-01
2.065342187881469727e+00
3.961905092000961304e-02
4.509225785732269287e-01
0.000000000000000000e+00
2.352978736162185669e-01
1.325917124748229980e+00
1.658455841243267059e-02
3.122816234827041626e-02
3.599557638168334961e+00
2.827261574566364288e-02
5.546302199363708496e-01
6.906826049089431763e-03
1.148025691509246826e-01
6.538792848587036133e-01
3.054368682205677032e-02
2.910458326339721680e+00
8.566987514495849609e-01
1.261209249496459961e-01
4.023649990558624268e-01
1.107751369476318359e+00
0.000000000000000000e+00
1.853785753250122070e+00
1.552759553305804729e-03
1.415174752473831177e-01
1.773271858692169189e-01
0.000000000000000000e+00
1.791248917579650879e-01
2.429624050855636597e-01
7.140255067497491837e-03
1.027936302125453949e-02
5.170655250549316406e-01
1.572656482458114624e-01
1.862202644348144531e+00
0.000000000000000000e+00
6.094679832458496094e-01
6.630486994981765747e-02
4.979248046875000000e-01
0.000000000000000000e+00
3.885001409798860550e-03
0.000000000000000000e+00
7.271728515625000000e-01
1.357463479042053223e+00
9.850977659225463867e-01
4.796365275979042053e-02
1.625409483909606934e+00
0.000000000000000000e+00
1.151724696159362793e+00
7.305791229009628296e-02
7.688658684492111206e-02
2.175202667713165283e-01
0.000000000000000000e+00
1.349327206611633301e+00
9.265139102935791016e-01
2.276733070611953735e-01
2.924554824829101562e+00
2.327344147488474846e-03
1.130870342254638672e+00
9.802542626857757568e-04
2.547099068760871887e-02
3.416144847869873047e-02
1.978043913841247559e+00
7.707866430282592773e-01
0.000000000000000000e+00
5.229998379945755005e-03
2.156798243522644043e-01
1.509372740983963013e-01
1.756365656852722168e+00
9.163557887077331543e-01
3.751036897301673889e-02
7.507871985435485840e-01
1.966932564973831177e-01
1.671616554260253906e+00
3.013165295124053955e-02
1.243638545274734497e-01
1.201393231749534607e-01
1.582366943359375000e+00
1.266456246376037598e+00
1.976247876882553101e-02
5.434454679489135742e-01
3.830034658312797546e-02
7.469437122344970703e-01
1.098526641726493835e-01
5.270528793334960938e-01
5.675821900367736816e-01
0.000000000000000000e+00
4.091391563415527344e-01
1.433644145727157593e-01
1.064964309334754944e-01
6.445702910423278809e-01
1.970893383026123047e+00
9.981226921081542969e-02
0.000000000000000000e+00
3.109636306762695312e-01
2.910709142684936523e+00
3.381839692592620850e-01
1.744166851043701172e+00
4.774683713912963867e-01
1.712764143943786621e+00
2.945369720458984375e+00
1.930475354194641113e+00
2.126334467902779579e-03
5.954544544219970703e-01
0.000000000000000000e+00
7.419040892273187637e-03
