3.588667884469032288e-02
0.000000000000000000e+00
9.932205080986022949e-02
2.875424146652221680e+00
9.809471964836120605e-01
2.097325921058654785e-01
9.603965878486633301e-01
2.354200363159179688e+00
6.667225837707519531e+00
1.516605257987976074e+00
1.060487478971481323e-01
1.898213505744934082e+00
1.953113228082656860e-01
1.432419300079345703e+00
2.408991336822509766e+00
1.340396761894226074e+00
8.464002609252929688e-01
1.826564073562622070e+00
1.042719244956970215e+00
3.190993964672088623e-01
1.805460095405578613e+00
0.000000000000000000e+00
3.749658167362213135e-01
3.764793395996093750e+00
7.220066338777542114e-02
1.047251522541046143e-01
1.127033233642578125e-01
2.236825942993164062e+00
5.590332150459289551e-01
1.153627485036849976e-01
5.503761395812034607e-02
1.350105274468660355e-02
6.692981719970703125e-01
7.871407270431518555e-01
5.847501158714294434e-01
2.955129146575927734e+00
3.497800827026367188e-01
1.783395409584045410e-01
1.711883544921875000e-01
5.183542370796203613e-01
1.415042877197265625e-01
2.852885127067565918e-01
1.051075696945190430e+00
4.500970363616943359e+00
4.578065276145935059e-01
1.381861448287963867e+00
2.655091583728790283e-01
9.972667694091796875e-01
2.598523721098899841e-02
1.252917170524597168e+00
3.088461875915527344e+00
0.000000000000000000e+00
1.341087579727172852e+00
1.314573138952255249e-01
1.224826097488403320e+00
7.910937070846557617e-01
8.426247835159301758e-01
2.034780681133270264e-01
1.949153423309326172e+00
7.494096457958221436e-02
4.741622880101203918e-02
2.357018440961837769e-01
1.105741783976554871e-01
7.598249316215515137e-01
1.042782783508300781e+00
2.267564684152603149e-01
8.321861922740936279e-02
3.915971219539642334e-01
8.691024780273437500e-01
7.649872303009033203e-01
0.000000000000000000e+00
9.377022273838520050e-03
4.425392150878906250e-01
1.095940828323364258e+00
7.866900563240051270e-01
1.106471776962280273e+00
4.821529239416122437e-02
1.113357543945312500e+00
3.206640183925628662e-01
7.116451263427734375e-01
6.272043567150831223e-03
1.173617005348205566e+00
2.681077480316162109e+00
5.996952578425407410e-02
1.637460112571716309e+00
1.233587041497230530e-01
7.828037142753601074e-01
1.522847712039947510e-01
1.035976886749267578e+00
1.190980151295661926e-01
4.098927229642868042e-02
5.720621906220912933e-03
0.000000000000000000e+00
0.000000000000000000e+00
1.115078926086425781e+00
1.804011166095733643e-01
8.452836275100708008e-01
1.164136171340942383e+00
2.543167769908905029e-01
1.642756722867488861e-02
0.000000000000000000e+00
2.098267227411270142e-01
1.704642735421657562e-02
1.556673884391784668e+00
1.944817543029785156e+00
1.388803683221340179e-02
1.469645261764526367e+00
3.006288409233093262e-01
5.131454467773437500e-01
3.935173749923706055e-01
1.582135796546936035e+00
1.403290331363677979e-01
6.582019925117492676e-01
4.163669049739837646e-01
8.835715055465698242e-01
3.395115211606025696e-02
9.537216275930404663e-02
2.748817205429077148e-01
1.363253355026245117e+00
1.713252186775207520e+00
1.435724020004272461e+00
6.357516050338745117e-01
1.036927551031112671e-01
1.412674546241760254e+00
1.478191256523132324e+00
5.681848526000976562e-01
2.109405398368835449e-02
7.421969771385192871e-01
1.974927544593811035e+00
3.074586018919944763e-02
3.605917096138000488e-03
7.621626257896423340e-01
3.059306144714355469e-01
1.290082782506942749e-01
3.838165998458862305e-01
0.000000000000000000e+00
4.460738599300384521e-01
5.011897563934326172e+00
0.000000000000000000e+00
0.000000000000000000e+00
1.424844712018966675e-01
5.299893021583557129e-01
1.531027674674987793e+00
9.440193884074687958e-03
1.242747455835342407e-01
1.595599353313446045e-01
7.640839815139770508e-01
1.107728242874145508e+00
1.142380833625793457e+00
1.304509490728378296e-01
5.392601013183593750e+00
4.180891811847686768e-01
4.358111023902893066e-01
7.157690525054931641e-01
2.113691568374633789e+00
9.798404574394226074e-01
2.622624635696411133e-01
6.832018494606018066e-01
1.817839622497558594e+00
4.772025942802429199e-01
1.661775261163711548e-01
1.013341903686523438e+00
2.373602539300918579e-01
1.011831760406494141e-01
1.076145052909851074e+00
2.828328907489776611e-01
1.290610339492559433e-02
0.000000000000000000e+00
6.498298645019531250e-01
2.823131322860717773e+00
4.202578961849212646e-01
7.284386754035949707e-01
1.658364385366439819e-02
9.666969776153564453e-01
3.135991692543029785e-01
7.208301067352294922e+00
1.879679225385189056e-02
1.137499660253524780e-01
7.449321448802947998e-02
1.823196113109588623e-01
1.377971144393086433e-03
3.732265532016754150e-02
6.134277582168579102e-01
3.658003091812133789e+00
1.817615004256367683e-03
0.000000000000000000e+00
2.015705704689025879e-01
1.301993966102600098e+00
0.000000000000000000e+00
1.353032304905354977e-03
5.997686530463397503e-04
1.135138608515262604e-02
1.301069736480712891e+00
5.955989956855773926e-01
9.984329938888549805e-01
5.954231023788452148e-01
5.291785597801208496e-01
3.221281170845031738e-01
2.199522852897644043e-01
6.850163936614990234e-01
1.232062339782714844e+00
4.365983903408050537e-01
8.499528467655181885e-02
9.618365168571472168e-01
5.424100160598754883e-01
3.847533836960792542e-02
6.585024595260620117e-01
0.000000000000000000e+00
4.705094099044799805e-01
9.658694863319396973e-01
2.903454899787902832e-01
7.225041985511779785e-01
1.058965206146240234e+00
1.332439899444580078e+00
9.460526704788208008e-01
1.571064144372940063e-01
5.482151508331298828e-01
4.366933405399322510e-01
1.732452988624572754e+00
6.475600004196166992e-01
2.485047327354550362e-03
2.440055459737777710e-01
7.693759202957153320e-01
1.009393408894538879e-01
2.183231711387634277e-01
0.000000000000000000e+00
2.806947529315948486e-01
3.080303966999053955e-01
1.514134812168776989e-03
0.000000000000000000e+00
2.005659192800521851e-01
5.547046065330505371e-01
2.667778968811035156e+00
1.340364694595336914e+00
9.534233212471008301e-01
1.237358212471008301e+00
2.084767580032348633e+00
4.443462193012237549e-01
5.998430401086807251e-02
1.190595746040344238e+00
3.074076771736145020e-01
5.979292467236518860e-02
5.253201127052307129e-01
3.550476074218750000e+00
8.658221364021301270e-01
1.844368129968643188e-01
5.795816779136657715e-01
0.000000000000000000e+00
1.489127039909362793e+00
6.404331326484680176e-01
1.930525600910186768e-01
5.360172986984252930e-01
3.467373549938201904e-02
2.014079093933105469e+00
1.418140292167663574e+00
1.537569165229797363e-01
2.003082334995269775e-01
0.000000000000000000e+00
2.373605072498321533e-01
6.696645170450210571e-02
1.401029706001281738e+00
4.336338341236114502e-01
4.925388470292091370e-02
7.722517848014831543e-02
0.000000000000000000e+00
1.043955888599157333e-02
1.335982322692871094e+00
1.507813334465026855e-01
4.008092582225799561e-01
3.739434108138084412e-02
1.349246740341186523e+00
8.117451518774032593e-02
1.041708946228027344e+00
5.445032715797424316e-01
1.098839864134788513e-01
4.418605864048004150e-01
2.211890667676925659e-01
1.289607644081115723e+00
8.252436518669128418e-01
4.991069063544273376e-02
2.554382011294364929e-02
3.772823512554168701e-01
2.924336791038513184e-01
1.152067035436630249e-01
5.787245035171508789e-01
1.201710462570190430e+00
9.533236026763916016e-01
0.000000000000000000e+00
2.000941485166549683e-01
1.593851856887340546e-02
1.945743441581726074e+00
1.636789083480834961e+00
4.439517855644226074e-01
1.667156256735324860e-02
6.954513192176818848e-01
5.248691439628601074e-01
4.121845662593841553e-01
2.124627381563186646e-01
1.683297276496887207e+00
5.151308059692382812e+00
4.077658653259277344e-01
2.122717797756195068e-01
4.920143187046051025e-01
1.154257878661155701e-01
3.639739751815795898e-02
0.000000000000000000e+00
1.461922004818916321e-02
0.000000000000000000e+00
2.921621315181255341e-02
4.176504909992218018e-01
9.036235809326171875e-01
0.000000000000000000e+00
2.850346267223358154e-01
8.830748200416564941e-01
2.736799120903015137e-01
1.055539131164550781e+00
0.000000000000000000e+00
3.242438435554504395e-01
7.970064878463745117e-01
1.362793743610382080e-01
1.644160628318786621e+00
0.000000000000000000e+00
3.245583772659301758e-01
2.374095283448696136e-02
0.000000000000000000e+00
2.946120798587799072e-01
5.587506294250488281e-02
0.000000000000000000e+00
8.048271536827087402e-01
4.028993546962738037e-01
0.000000000000000000e+00
0.000000000000000000e+00
3.243282139301300049e-01
1.927551329135894775e-01
2.741401083767414093e-02
6.191995739936828613e-01
1.750891208648681641e+00
3.460799455642700195e-01
1.142548799514770508e+00
1.185776948928833008e+00
2.211783826351165771e-01
5.293825641274452209e-02
3.439306914806365967e-01
2.677823044359683990e-02
9.009985327720642090e-01
5.336042642593383789e-01
1.749826967716217041e-01
5.529362708330154419e-03
7.939389944076538086e-01
4.878073632717132568e-01
2.592233009636402130e-02
8.135405182838439941e-01
3.187522888183593750e-01
7.276570051908493042e-02
9.768273681402206421e-03
6.652559638023376465e-01
0.000000000000000000e+00
1.016158759593963623e-01
1.060679205693304539e-03
2.867092788219451904e-01
5.446252226829528809e-01
2.109284512698650360e-02
9.989670515060424805e-01
1.005479812622070312e+00
1.974444627761840820e+00
5.325794816017150879e-01
3.692268729209899902e-01
1.726726293563842773e+00
2.069566249847412109e+00
0.000000000000000000e+00
4.380222856998443604e-01
1.567803621292114258e+00
1.158814072608947754e+00
2.573464214801788330e-01
1.475871562957763672e+00
2.141622640192508698e-02
1.045533940196037292e-01
4.626353736966848373e-03
5.735747218132019043e-01
1.295554995536804199e+00
8.332746475934982300e-02
3.202633857727050781e+00
1.628775715827941895e+00
9.979090690612792969e-01
0.000000000000000000e+00
6.099753975868225098e-01
0.000000000000000000e+00
0.000000000000000000e+00
0.000000000000000000e+00
1.414344739168882370e-02
3.837471008300781250e-01
0.000000000000000000e+00
3.206949913874268532e-03
2.642691731452941895e-01
3.410974144935607910e-01
5.072702765464782715e-01
1.810158848762512207e+00
3.048635646700859070e-02
0.000000000000000000e+00
1.150031805038452148e+00
9.590480476617813110e-02
1.353968381881713867e+00
0.000000000000000000e+00
1.272170692682266235e-01
1.247536659240722656e+00
3.635481595993041992e-01
1.257070183753967285e+00
2.788091599941253662e-01
1.727633953094482422e+00
6.816460490226745605e-01
2.033079415559768677e-01
2.280662301927804947e-03
2.827887535095214844e-01
1.964117169380187988e+00
8.691088855266571045e-02
5.741990804672241211e-01
3.178169012069702148e+00
3.786506056785583496e-01
5.930145978927612305e-01
3.482456803321838379e-01
1.305130720138549805e-01
6.747902035713195801e-01
0.000000000000000000e+00
2.885077953338623047e+00
7.072197198867797852e-01
8.285222649574279785e-01
1.540625452995300293e+00
1.119316220283508301e+00
5.731080472469329834e-02
1.387088775634765625e+00
1.005690693855285645e-01
0.000000000000000000e+00
2.503202259540557861e-01
4.969446361064910889e-02
3.751996904611587524e-02
1.232617199420928955e-01
1.605892926454544067e-01
4.299232736229896545e-03
6.727679967880249023e-01
4.664174914360046387e-01
1.772638440132141113e+00
0.000000000000000000e+00
4.516481161117553711e-01
8.490689098834991455e-02
7.346628904342651367e-01
0.000000000000000000e+00
5.458696745336055756e-03
4.059094935655593872e-02
4.573134481906890869e-01
8.248001933097839355e-01
5.468279719352722168e-01
4.689002931118011475e-01
1.414052844047546387e+00
0.000000000000000000e+00
1.001263737678527832e+00
2.516838312149047852e-01
7.337346673011779785e-02
3.137846291065216064e-01
0.000000000000000000e+00
1.843446373939514160e+00
1.722421050071716309e+00
5.291304364800453186e-02
3.576749086380004883e+00
0.000000000000000000e+00
1.242517232894897461e+00
3.536897525191307068e-02
4.312260076403617859e-02
3.714900016784667969e-01
1.933051824569702148e+00
1.032637000083923340e+00
0.000000000000000000e+00
5.335969328880310059e-01
7.457318902015686035e-01
3.512355983257293701e-01
2.854876995086669922e+00
5.537984967231750488e-01
6.582406908273696899e-02
2.562637329101562500e-01
1.045730561017990112e-01
7.614629864692687988e-01
2.576932907104492188e-01
2.451234124600887299e-02
2.627639099955558777e-02
1.003219246864318848e+00
4.530735313892364502e-01
1.502463370561599731e-01
1.281083524227142334e-01
7.821829617023468018e-02
1.424803137779235840e+00
1.296698004007339478e-01
6.363483518362045288e-02
5.539565160870552063e-02
7.809843122959136963e-02
1.373661309480667114e-01
1.010170936584472656e+00
1.485341507941484451e-02
6.971900463104248047e-01
2.767200231552124023e+00
1.262951940298080444e-01
1.553692854940891266e-02
4.563491642475128174e-01
1.203189134597778320e+00
7.193022370338439941e-01
6.460703611373901367e-01
3.973369896411895752e-01
2.470737457275390625e+00
2.030050516128540039e+00
4.561688899993896484e-01
3.520276546478271484e-01
2.930109500885009766e-01
0.000000000000000000e+00
1.514340401627123356e-03
