2.101901732385158539e-02
0.000000000000000000e+00
1.792986840009689331e-01
2.923359155654907227e+00
3.783358037471771240e-01
1.432553678750991821e-01
1.120421886444091797e+00
2.762265205383300781e+00
6.821706295013427734e+00
1.226844429969787598e+00
2.963995374739170074e-02
1.494971990585327148e+00
3.714148104190826416e-01
9.410247802734375000e-01
2.436885595321655273e+00
1.009880542755126953e+00
7.511048316955566406e-01
2.001612663269042969e+00
8.518155217170715332e-01
1.333287544548511505e-02
1.281316280364990234e+00
0.000000000000000000e+00
3.635509908199310303e-01
2.522538900375366211e+00
1.176101118326187134e-01
0.000000000000000000e+00
0.000000000000000000e+00
9.637805223464965820e-01
2.401865869760513306e-01
2.267471402883529663e-01
4.564307257533073425e-02
9.934135014191269875e-04
7.704245448112487793e-01
6.802284121513366699e-01
9.151182174682617188e-01
3.150368690490722656e+00
2.571550309658050537e-01
1.046355217695236206e-01
6.620471924543380737e-02
4.523665606975555420e-01
2.383110821247100830e-01
1.823561489582061768e-01
5.446650981903076172e-01
3.363222837448120117e+00
4.250082671642303467e-01
9.805821776390075684e-01
1.390965729951858521e-01
8.239147067070007324e-01
4.579113330692052841e-03
1.721871495246887207e+00
3.303842067718505859e+00
0.000000000000000000e+00
1.464094996452331543e+00
3.981264829635620117e-01
1.774741053581237793e+00
3.936514854431152344e-01
3.938704431056976318e-01
2.175392806529998779e-01
2.102585792541503906e+00
2.039906233549118042e-01
7.395224273204803467e-02
2.872685790061950684e-01
1.909161359071731567e-02
9.346793889999389648e-01
9.789879918098449707e-01
5.443316102027893066e-01
3.066042996942996979e-02
4.765823781490325928e-01
9.916509389877319336e-01
1.182477355003356934e+00
1.000539585947990417e-02
1.403311789035797119e-01
1.839698255062103271e-01
3.784920871257781982e-01
4.592974185943603516e-01
6.169709563255310059e-01
0.000000000000000000e+00
9.503874182701110840e-01
2.431239485740661621e-01
8.697002530097961426e-01
1.171109899878501892e-01
9.638383388519287109e-01
1.780028581619262695e+00
3.180925175547599792e-02
2.119567632675170898e+00
1.040657684206962585e-01
1.559861183166503906e+00
8.042002469301223755e-02
7.583519816398620605e-01
1.035603582859039307e-01
1.727092415094375610e-01
3.731283918023109436e-02
9.711498022079467773e-02
0.000000000000000000e+00
1.351968526840209961e+00
5.108137726783752441e-01
8.681579828262329102e-01
1.168506026268005371e+00
2.101476341485977173e-01
8.953759446740150452e-03
1.038261223584413528e-02
3.426070511341094971e-01
8.318978548049926758e-02
1.454827785491943359e+00
1.215968251228332520e+00
2.382853180170059204e-01
1.709010362625122070e+00
5.242864489555358887e-01
3.529138267040252686e-01
4.925920069217681885e-01
1.706171274185180664e+00
9.577734768390655518e-02
3.635081648826599121e-01
1.233205318450927734e+00
5.688815116882324219e-01
6.253248453140258789e-02
6.781820207834243774e-03
2.415337413549423218e-01
1.563826918601989746e+00
1.977112412452697754e+00
9.258636236190795898e-01
2.885262668132781982e-01
6.006261333823204041e-03
1.714083075523376465e+00
7.916680574417114258e-01
5.620321631431579590e-01
0.000000000000000000e+00
4.722277820110321045e-01
1.994285702705383301e+00
1.496911942958831787e-01
3.422895967960357666e-01
6.534193754196166992e-01
4.240491390228271484e-01
1.223300620913505554e-01
4.863616451621055603e-02
0.000000000000000000e+00
3.683049976825714111e-01
4.219859123229980469e+00
0.000000000000000000e+00
2.454919964075088501e-01
9.220299869775772095e-02
1.731366366147994995e-01
1.360788702964782715e+00
1.056647151708602905e-01
2.642230689525604248e-01
1.771254390478134155e-01
1.547632575035095215e+00
1.439904332160949707e+00
1.226364016532897949e+00
3.412910699844360352e-01
4.971506595611572266e+00
6.213541626930236816e-01
4.288751482963562012e-01
4.200738370418548584e-01
1.956910371780395508e+00
1.450850129127502441e+00
6.412370204925537109e-01
4.502778649330139160e-01
2.848141908645629883e+00
5.496753454208374023e-01
1.282901912927627563e-01
9.360328912734985352e-01
3.019880056381225586e-01
1.480355560779571533e-01
6.900976896286010742e-01
1.905597001314163208e-01
1.024843659251928329e-02
0.000000000000000000e+00
8.953343629837036133e-01
2.249083757400512695e+00
3.807981312274932861e-01
5.109983086585998535e-01
2.509323693811893463e-02
1.249658346176147461e+00
6.617783904075622559e-01
7.553794384002685547e+00
8.624970796518027782e-04
1.342171570286154747e-03
1.404698286205530167e-02
1.743711903691291809e-02
0.000000000000000000e+00
1.406757384538650513e-01
4.181846976280212402e-01
3.066027164459228516e+00
1.315399110317230225e-01
4.882444441318511963e-02
7.908316701650619507e-02
1.074080944061279297e+00
0.000000000000000000e+00
0.000000000000000000e+00
9.838786209002137184e-04
0.000000000000000000e+00
1.106320142745971680e+00
1.282651126384735107e-01
2.898801267147064209e-01
2.037734091281890869e-01
1.054842591285705566e+00
1.084932088851928711e-01
1.381980925798416138e-01
7.909889817237854004e-01
1.624060511589050293e+00
4.452776014804840088e-01
1.211581081151962280e-01
3.813851773738861084e-01
5.821230411529541016e-01
9.158328920602798462e-02
6.374999284744262695e-01
2.884549461305141449e-02
5.315702557563781738e-01
1.305151462554931641e+00
1.387285534292459488e-02
5.664574503898620605e-01
9.824290871620178223e-01
1.056401491165161133e+00
7.115598320960998535e-01
4.672185182571411133e-01
6.896126866340637207e-01
6.089717745780944824e-01
1.730740308761596680e+00
8.103838562965393066e-01
0.000000000000000000e+00
1.596811562776565552e-01
1.148121833801269531e+00
3.253956437110900879e-01
5.079560279846191406e-01
0.000000000000000000e+00
1.107700318098068237e-01
3.342584371566772461e-01
6.161168590188026428e-02
3.677833825349807739e-02
3.013403415679931641e-01
4.512072205543518066e-01
2.217382669448852539e+00
1.541284799575805664e+00
1.121401667594909668e+00
1.064900875091552734e+00
2.232327461242675781e+00
6.847175955772399902e-01
1.471649855375289917e-01
6.337511539459228516e-01
3.698452413082122803e-01
1.381264477968215942e-01
1.382738351821899414e-01
2.052268028259277344e+00
3.606847524642944336e-01
5.316816568374633789e-01
4.179849624633789062e-01
0.000000000000000000e+00
1.805816769599914551e+00
9.779753088951110840e-01
5.100650787353515625e-01
3.651621341705322266e-01
0.000000000000000000e+00
7.570809721946716309e-01
1.308240532875061035e+00
2.227432839572429657e-02
1.330291777849197388e-01
0.000000000000000000e+00
1.075704321265220642e-01
0.000000000000000000e+00
1.197867751121520996e+00
3.756728172302246094e-01
7.748546451330184937e-02
2.142489701509475708e-01
0.000000000000000000e+00
1.356086581945419312e-01
1.555780172348022461e+00
2.540949918329715729e-02
1.268409490585327148e+00
1.054595708847045898e-01
1.491123676300048828e+00
1.853164657950401306e-02
3.640129268169403076e-01
1.553638726472854614e-01
9.445859491825103760e-02
6.650014519691467285e-01
2.691681683063507080e-01
6.106859445571899414e-01
1.212868452072143555e+00
5.027208924293518066e-01
1.933838576078414917e-01
5.339555144309997559e-01
1.959835588932037354e-01
8.088206499814987183e-02
8.176565170288085938e-01
4.462725222110748291e-01
9.766396880149841309e-01
2.780315876007080078e-01
1.130861043930053711e-01
7.340209186077117920e-02
1.123071670532226562e+00
1.494501948356628418e+00
4.328433871269226074e-01
3.434291779994964600e-01
5.247591808438301086e-02
4.677204787731170654e-01
3.327275514602661133e-01
1.522508710622787476e-01
1.384743928909301758e+00
4.708071231842041016e+00
7.882818579673767090e-01
3.615904450416564941e-01
7.159366011619567871e-01
1.806799918413162231e-01
9.775743819773197174e-03
1.658803969621658325e-02
3.385988622903823853e-02
0.000000000000000000e+00
1.176848486065864563e-01
4.409925341606140137e-01
7.000936269760131836e-01
1.418594550341367722e-02
1.265087127685546875e-01
1.207476377487182617e+00
6.509581804275512695e-01
4.862854182720184326e-01
0.000000000000000000e+00
1.670346707105636597e-01
1.441308140754699707e+00
6.976258754730224609e-02
1.898508429527282715e+00
0.000000000000000000e+00
9.308660775423049927e-02
4.063800871372222900e-01
5.262024234980344772e-03
2.518559694290161133e-01
4.140528291463851929e-02
0.000000000000000000e+00
9.458760619163513184e-01
5.203310847282409668e-01
0.000000000000000000e+00
0.000000000000000000e+00
3.261144757270812988e-01
2.786315679550170898e-01
3.567881509661674500e-02
3.050793111324310303e-01
1.961958885192871094e+00
1.095743551850318909e-01
7.449860572814941406e-01
7.836400270462036133e-01
1.628635674715042114e-01
8.137031109072268009e-04
3.880430161952972412e-01
2.779044397175312042e-02
6.132982969284057617e-01
1.153327584266662598e+00
3.611999750137329102e-01
1.014978159219026566e-02
4.418745040893554688e-01
9.074209928512573242e-01
2.093593925237655640e-01
1.293725252151489258e+00
2.182439863681793213e-01
6.907466053962707520e-02
5.733213573694229126e-02
8.919836282730102539e-01
0.000000000000000000e+00
3.923290669918060303e-01
0.000000000000000000e+00
9.611566066741943359e-01
6.592606306076049805e-01
1.647246927022933960e-01
4.956469833850860596e-01
7.486433386802673340e-01
1.449753761291503906e+00
9.900336265563964844e-01
5.408930182456970215e-01
1.126288771629333496e+00
2.021871089935302734e+00
2.417443902231752872e-04
3.224332630634307861e-01
1.785150170326232910e+00
7.907369136810302734e-01
5.620460957288742065e-02
9.119436144828796387e-01
9.908866882324218750e-02
2.465608566999435425e-01
1.649060577619820833e-04
4.843791127204895020e-01
7.762433290481567383e-01
1.423857957124710083e-01
2.984959363937377930e+00
1.703283429145812988e+00
8.758026361465454102e-01
0.000000000000000000e+00
7.725160121917724609e-01
1.014772988855838776e-02
0.000000000000000000e+00
0.000000000000000000e+00
2.114252373576164246e-02
3.768696635961532593e-02
2.486980892717838287e-02
4.026238620281219482e-02
9.417336434125900269e-02
1.613277569413185120e-02
9.455481171607971191e-01
1.399051070213317871e+00
4.435898363590240479e-02
1.501459628343582153e-01
1.295277237892150879e+00
5.039430037140846252e-02
9.487888216972351074e-01
0.000000000000000000e+00
7.240678369998931885e-02
1.276257872581481934e+00
3.419371321797370911e-02
7.628713846206665039e-01
2.612332105636596680e-01
1.210034847259521484e+00
3.168614506721496582e-01
2.694121599197387695e-01
0.000000000000000000e+00
1.149195313453674316e+00
1.742596983909606934e+00
5.960785597562789917e-02
2.821271717548370361e-01
2.379854202270507812e+00
1.876374781131744385e-01
4.780280590057373047e-01
1.942933946847915649e-01
4.961672052741050720e-02
3.285112380981445312e-01
3.588051069527864456e-03
3.358267068862915039e+00
9.371471405029296875e-01
1.027775883674621582e+00
1.331649422645568848e+00
1.214873671531677246e+00
3.369297832250595093e-02
1.918823361396789551e+00
1.110274158418178558e-02
2.528164535760879517e-02
1.892996728420257568e-01
4.063762025907635689e-04
7.176031917333602905e-02
2.512472569942474365e-01
5.333534479141235352e-01
1.671948432922363281e-01
1.085035726428031921e-01
6.170513033866882324e-01
1.941700220108032227e+00
0.000000000000000000e+00
1.786580681800842285e-01
4.307933151721954346e-01
1.149975895881652832e+00
0.000000000000000000e+00
0.000000000000000000e+00
1.324174180626869202e-02
2.811045646667480469e-01
8.394158482551574707e-01
4.282056093215942383e-01
1.438984274864196777e-01
1.760521173477172852e+00
1.290739327669143677e-02
8.615562915802001953e-01
3.168573975563049316e-01
1.434029489755630493e-01
3.618095070123672485e-02
0.000000000000000000e+00
1.764986395835876465e+00
1.415759563446044922e+00
1.730823814868927002e-01
2.662887096405029297e+00
0.000000000000000000e+00
1.468363881111145020e+00
2.278506942093372345e-02
1.786124557256698608e-01
5.583070963621139526e-02
1.333719491958618164e+00
9.814636111259460449e-01
1.312252017669379711e-03
7.888218760490417480e-01
6.270967125892639160e-01
6.395191699266433716e-02
2.374895334243774414e+00
2.358528971672058105e-01
2.530268102418631315e-04
1.723660081624984741e-01
7.432526908814907074e-03
9.116280674934387207e-01
3.908613026142120361e-01
3.697166591882705688e-02
3.078067675232887268e-02
9.021296501159667969e-01
7.594400644302368164e-01
1.450549662113189697e-01
1.423564255237579346e-01
1.048742141574621201e-02
1.472514271736145020e+00
1.818132996559143066e-01
7.731239497661590576e-02
4.181011915206909180e-01
0.000000000000000000e+00
1.322235614061355591e-01
1.315714955329895020e+00
3.404017537832260132e-02
3.772354423999786377e-01
1.686400055885314941e+00
1.644722521305084229e-01
4.156655166298151016e-03
2.367234081029891968e-01
1.592028856277465820e+00
4.692400097846984863e-01
3.755060136318206787e-01
3.948740661144256592e-01
2.469480276107788086e+00
2.299846410751342773e+00
5.037932991981506348e-01
1.357639282941818237e-01
2.397247254848480225e-01
0.000000000000000000e+00
0.000000000000000000e+00
