5.148164033889770508e-01
0.000000000000000000e+00
1.545496564358472824e-02
2.545078754425048828e+00
4.891803860664367676e-01
4.044371545314788818e-01
7.202313542366027832e-01
2.524535655975341797e+00
6.601343154907226562e+00
1.874060153961181641e+00
1.699925065040588379e-01
1.778871297836303711e+00
4.581371843814849854e-01
7.475454211235046387e-01
2.576665163040161133e+00
7.036992311477661133e-01
5.708079934120178223e-01
1.362872958183288574e+00
6.804257631301879883e-01
1.822841120883822441e-03
1.005675196647644043e+00
6.848955526947975159e-03
2.536565363407135010e-01
2.312709331512451172e+00
9.906283020973205566e-02
9.039079397916793823e-02
2.306590788066387177e-02
1.846061706542968750e+00
3.973155915737152100e-01
1.085469350218772888e-01
3.667900711297988892e-02
2.196963643655180931e-03
1.139528274536132812e+00
4.054674208164215088e-01
9.469285011291503906e-01
4.518897533416748047e+00
4.155602157115936279e-01
1.496851891279220581e-01
4.402395188808441162e-01
7.459445595741271973e-01
6.605541110038757324e-01
5.652526021003723145e-01
4.711573421955108643e-01
3.627163648605346680e+00
3.358351886272430420e-01
1.783670186996459961e+00
6.706097722053527832e-01
1.863076925277709961e+00
1.735215187072753906e-01
2.157613515853881836e+00
2.475186109542846680e+00
1.270328182727098465e-02
1.099662423133850098e+00
9.893257915973663330e-02
1.172171115875244141e+00
4.690659791231155396e-02
4.956552386283874512e-01
5.889734625816345215e-01
1.035424709320068359e+00
1.144213154911994934e-01
3.815479576587677002e-02
1.108978390693664551e-01
9.064248949289321899e-02
8.692684173583984375e-01
2.069987058639526367e+00
2.893938720226287842e-01
1.362849026918411255e-02
6.123634576797485352e-01
1.404914617538452148e+00
5.772285461425781250e-01
0.000000000000000000e+00
8.797258138656616211e-03
2.034301906824111938e-01
4.166622161865234375e-01
2.818661034107208252e-01
8.853445053100585938e-01
4.378654411993920803e-04
1.052835583686828613e+00
3.416430354118347168e-01
9.039621949195861816e-01
1.189018320292234421e-02
1.162924289703369141e+00
1.992255926132202148e+00
1.790607124567031860e-01
3.010899066925048828e+00
6.469531357288360596e-02
1.280454158782958984e+00
1.207496821880340576e-01
8.046801686286926270e-01
1.228274311870336533e-02
2.111633569002151489e-01
0.000000000000000000e+00
0.000000000000000000e+00
0.000000000000000000e+00
4.084565937519073486e-01
2.930049598217010498e-01
1.522668957710266113e+00
5.156189799308776855e-01
2.709383666515350342e-01
0.000000000000000000e+00
3.986592963337898254e-02
3.438369929790496826e-02
6.881509907543659210e-03
1.540228843688964844e+00
7.754198908805847168e-01
1.751382946968078613e-01
2.367361783981323242e+00
9.685813784599304199e-01
3.756576478481292725e-01
5.160234570503234863e-01
1.813058614730834961e+00
8.192266686819493771e-04
6.183714270591735840e-01
1.514553070068359375e+00
7.307742238044738770e-01
6.423857808113098145e-02
2.552107870578765869e-01
1.911592185497283936e-01
5.456861853599548340e-01
2.066051483154296875e+00
1.160971164703369141e+00
8.241567611694335938e-01
0.000000000000000000e+00
1.665288209915161133e+00
5.121501088142395020e-01
1.251622438430786133e+00
0.000000000000000000e+00
1.145064353942871094e+00
2.369915246963500977e+00
1.918469965457916260e-01
6.303844600915908813e-02
1.085948586463928223e+00
2.975702583789825439e-01
3.539199829101562500e-01
3.964262902736663818e-01
1.858122274279594421e-02
1.398321837186813354e-01
5.307126522064208984e+00
0.000000000000000000e+00
2.570255100727081299e-01
1.020244657993316650e-01
6.195834279060363770e-01
1.750058054924011230e+00
1.426474153995513916e-01
2.504651807248592377e-02
1.264245808124542236e-01
1.002851247787475586e+00
1.372305750846862793e+00
1.653817892074584961e+00
1.851727366447448730e-01
5.795862197875976562e+00
3.315398236736655235e-03
1.236747503280639648e+00
7.284682989120483398e-01
2.105103731155395508e+00
1.839297652244567871e+00
7.015983462333679199e-01
2.868133485317230225e-01
2.649700403213500977e+00
4.294553101062774658e-01
1.827140152454376221e-01
1.266993641853332520e+00
9.882605075836181641e-01
2.138626724481582642e-01
3.279379904270172119e-01
1.615116000175476074e-01
1.577685819938778877e-03
0.000000000000000000e+00
1.427871108055114746e+00
2.536788225173950195e+00
6.078426837921142578e-01
1.128215193748474121e-01
3.222744911909103394e-02
2.042378664016723633e+00
5.548530817031860352e-01
8.240138053894042969e+00
0.000000000000000000e+00
5.664603039622306824e-02
8.762504160404205322e-02
1.809645593166351318e-01
0.000000000000000000e+00
6.504821777343750000e-02
2.610255479812622070e-01
3.095929384231567383e+00
1.305478215217590332e-01
6.109726056456565857e-02
3.996574133634567261e-02
1.708295822143554688e+00
0.000000000000000000e+00
5.927894264459609985e-02
0.000000000000000000e+00
1.017562076449394226e-01
1.274223327636718750e+00
6.627424359321594238e-01
4.389489889144897461e-01
3.738622665405273438e-01
6.540418267250061035e-01
4.375200271606445312e-01
2.344364970922470093e-01
6.265455484390258789e-01
1.907712459564208984e+00
5.886040925979614258e-01
4.553599357604980469e-01
5.663832426071166992e-01
4.824006557464599609e-01
3.372027277946472168e-01
6.132665872573852539e-01
2.003530561923980713e-01
1.219306290149688721e-01
1.331864595413208008e+00
1.116053387522697449e-02
1.546774506568908691e-01
7.888675332069396973e-01
1.557176470756530762e+00
1.172202110290527344e+00
9.876139163970947266e-01
5.000402927398681641e-01
4.581566154956817627e-01
1.382157564163208008e+00
9.574387073516845703e-01
0.000000000000000000e+00
1.441471576690673828e-01
8.120226263999938965e-01
5.978415906429290771e-02
6.061178445816040039e-01
5.575746297836303711e-02
2.483416199684143066e-01
4.656493067741394043e-01
2.178509533405303955e-01
1.982158049941062927e-02
2.678275406360626221e-01
3.678483664989471436e-01
2.320811271667480469e+00
2.587505102157592773e+00
6.427377462387084961e-01
1.484749317169189453e+00
2.402743101119995117e+00
5.020575523376464844e-01
1.111202985048294067e-01
1.432418823242187500e+00
3.236293196678161621e-01
1.337734051048755646e-02
5.219116806983947754e-02
2.382715225219726562e+00
7.995041608810424805e-01
7.602109909057617188e-01
6.835599541664123535e-01
6.603210419416427612e-02
1.389841318130493164e+00
2.040707349777221680e+00
1.572813279926776886e-02
3.716301321983337402e-01
3.522413084283471107e-03
1.467111110687255859e+00
1.444851636886596680e+00
0.000000000000000000e+00
2.118268311023712158e-01
0.000000000000000000e+00
0.000000000000000000e+00
1.061069127172231674e-02
1.552507758140563965e+00
6.697836518287658691e-01
2.458276413381099701e-02
3.230457752943038940e-02
5.053489003330469131e-04
7.497869431972503662e-02
2.855804443359375000e+00
2.378987707197666168e-02
9.297689199447631836e-01
2.088290266692638397e-02
1.886931657791137695e+00
0.000000000000000000e+00
8.626325726509094238e-01
4.177975356578826904e-01
1.925673335790634155e-01
2.377531826496124268e-01
2.642680145800113678e-02
5.118904709815979004e-01
1.814839482307434082e+00
5.135971903800964355e-01
4.782103896141052246e-01
4.962771236896514893e-01
7.676730155944824219e-01
1.216001957654953003e-01
2.963623106479644775e-01
9.018585681915283203e-01
1.647837996482849121e+00
1.283531188964843750e-01
1.596609950065612793e-01
7.651437073945999146e-03
1.938812851905822754e+00
2.226452112197875977e+00
3.316322267055511475e-01
3.185270354151725769e-02
1.007982864975929260e-01
4.845665097236633301e-01
8.119238018989562988e-01
1.970362663269042969e-01
2.123213291168212891e+00
5.237986087799072266e+00
5.751162171363830566e-01
4.263151288032531738e-01
8.080242276191711426e-01
6.439387798309326172e-01
1.096943020820617676e-01
2.260114103555679321e-01
2.550129406154155731e-02
0.000000000000000000e+00
5.700371414422988892e-02
2.447673231363296509e-01
5.166723728179931641e-01
0.000000000000000000e+00
9.971208125352859497e-02
1.581578493118286133e+00
7.832777500152587891e-01
4.477231204509735107e-01
0.000000000000000000e+00
2.391622513532638550e-01
1.515322327613830566e+00
4.319795072078704834e-01
1.810245752334594727e+00
0.000000000000000000e+00
3.774785995483398438e-01
7.100307196378707886e-02
2.415277436375617981e-02
6.490864157676696777e-01
4.362778365612030029e-02
0.000000000000000000e+00
7.729420661926269531e-01
7.945343255996704102e-01
7.549704611301422119e-02
9.537795558571815491e-03
7.128469944000244141e-01
1.810700148344039917e-01
2.063372544944286346e-02
4.785119891166687012e-01
1.430261135101318359e+00
4.207655787467956543e-02
1.249622225761413574e+00
1.412694215774536133e+00
1.220576167106628418e-01
4.976700246334075928e-02
3.037259876728057861e-01
1.458681970834732056e-01
8.542972207069396973e-01
1.278661847114562988e+00
1.211231574416160583e-01
8.278699591755867004e-03
3.281856477260589600e-01
1.032626271247863770e+00
3.356240987777709961e-01
1.524071812629699707e+00
7.279777526855468750e-01
0.000000000000000000e+00
1.354500055313110352e-01
5.383511781692504883e-01
2.666545799002051353e-03
4.069581627845764160e-01
0.000000000000000000e+00
9.434601068496704102e-01
5.273532867431640625e-01
1.159323677420616150e-01
4.704811275005340576e-01
4.485381543636322021e-01
1.225352883338928223e+00
1.023339867591857910e+00
3.409173786640167236e-01
1.302252769470214844e+00
2.385837078094482422e+00
1.727041206322610378e-03
6.243312358856201172e-01
2.120245695114135742e+00
1.193856120109558105e+00
2.635012865066528320e-01
1.112438678741455078e+00
7.235545665025711060e-02
3.078055381774902344e-01
2.465532906353473663e-02
1.363253891468048096e-01
8.246518373489379883e-01
1.135999336838722229e-01
4.081259727478027344e+00
2.660661935806274414e+00
1.055095553398132324e+00
0.000000000000000000e+00
6.383750438690185547e-01
1.153813451528549194e-01
1.507244557142257690e-01
0.000000000000000000e+00
1.158623546361923218e-01
7.499317824840545654e-02
1.796071529388427734e-01
0.000000000000000000e+00
2.828595340251922607e-01
2.638931944966316223e-02
1.164126873016357422e+00
1.385800957679748535e+00
3.397257998585700989e-02
2.313290536403656006e-01
2.097560405731201172e+00
2.891560830175876617e-02
1.269874095916748047e+00
1.200987026095390320e-01
1.686835736036300659e-01
1.299199819564819336e+00
6.715751290321350098e-01
1.398988485336303711e+00
3.299894332885742188e-01
1.621752142906188965e+00
2.632637917995452881e-01
4.192373156547546387e-01
0.000000000000000000e+00
9.061262607574462891e-01
1.684014916419982910e+00
1.447612345218658447e-01
1.113469600677490234e-01
3.340737819671630859e+00
2.635289430618286133e-01
8.224248886108398438e-01
2.437614202499389648e-01
1.024287641048431396e-01
6.125021576881408691e-01
0.000000000000000000e+00
3.504538297653198242e+00
7.886706590652465820e-01
1.144990205764770508e+00
8.565544486045837402e-01
1.560484886169433594e+00
2.262948546558618546e-03
2.074673891067504883e+00
0.000000000000000000e+00
2.108385972678661346e-02
2.067191153764724731e-01
0.000000000000000000e+00
3.784646689891815186e-01
1.280846893787384033e-01
3.872393965721130371e-01
7.950334693305194378e-04
3.726771473884582520e-01
3.183825314044952393e-01
1.747332811355590820e+00
6.562415976077318192e-03
2.419154793024063110e-01
4.078606367111206055e-01
1.042868614196777344e+00
0.000000000000000000e+00
7.263062149286270142e-02
0.000000000000000000e+00
7.066030502319335938e-01
1.197439074516296387e+00
6.277456879615783691e-01
4.745519254356622696e-03
1.922118782997131348e+00
4.539897292852401733e-02
6.119412183761596680e-01
3.152975142002105713e-01
1.396226733922958374e-01
4.179898500442504883e-01
0.000000000000000000e+00
1.039897203445434570e+00
1.357332825660705566e+00
2.836329340934753418e-01
2.476420164108276367e+00
9.197322279214859009e-02
1.276649475097656250e+00
3.596675768494606018e-02
1.272425204515457153e-01
1.950365304946899414e-01
2.329573392868041992e+00
5.660024881362915039e-01
1.264553866349160671e-03
1.191085278987884521e-01
2.194061428308486938e-01
4.306451380252838135e-01
2.660588502883911133e+00
5.313687920570373535e-01
1.287054270505905151e-01
4.247090816497802734e-01
1.114290207624435425e-01
1.513937115669250488e+00
4.512047469615936279e-01
1.687119714915752411e-02
1.553212404251098633e-01
1.479111671447753906e+00
1.296141266822814941e+00
1.900620162487030029e-01
2.634618282318115234e-01
1.788679882884025574e-02
1.487956523895263672e+00
4.210079014301300049e-01
3.172113299369812012e-01
4.728887081146240234e-01
0.000000000000000000e+00
4.162642359733581543e-01
7.402984499931335449e-01
1.336899548768997192e-01
8.723786473274230957e-01
2.781541824340820312e+00
2.227024734020233154e-01
0.000000000000000000e+00
1.204596161842346191e-01
2.382460832595825195e+00
3.724129199981689453e-01
1.394690394401550293e+00
5.568292737007141113e-01
2.053670167922973633e+00
2.551015853881835938e+00
8.321682214736938477e-01
9.935135394334793091e-02
4.546456634998321533e-01
0.000000000000000000e+00
1.848034560680389404e-01
