3.258933126926422119e-02
0.000000000000000000e+00
1.842500865459442139e-01
3.259008884429931641e+00
1.944821923971176147e-01
6.030445545911788940e-02
1.241079211235046387e+00
2.542544841766357422e+00
6.369857788085937500e+00
1.405571937561035156e+00
3.070166707038879395e-01
1.482671022415161133e+00
1.771504804491996765e-02
1.130653142929077148e+00
2.443692445755004883e+00
6.480617523193359375e-01
8.239055871963500977e-01
9.454216957092285156e-01
6.479983329772949219e-01
0.000000000000000000e+00
1.268617033958435059e+00
3.795239375904202461e-03
4.712677299976348877e-01
2.813350677490234375e+00
1.239754445850849152e-02
0.000000000000000000e+00
8.397251949645578861e-04
1.090337276458740234e+00
2.603839039802551270e-01
2.322592958807945251e-02
1.012418195605278015e-01
2.328048795461654663e-01
1.451282054185867310e-01
5.056196451187133789e-01
6.629161238670349121e-01
3.041509151458740234e+00
3.307310640811920166e-01
2.068175226449966431e-01
5.042525008320808411e-02
8.287522792816162109e-01
3.020363748073577881e-01
8.213647454977035522e-02
7.471779584884643555e-01
3.385962486267089844e+00
8.115717768669128418e-01
1.648006200790405273e+00
3.048095703125000000e-01
9.506113529205322266e-01
1.457174569368362427e-01
1.334467291831970215e+00
3.198406934738159180e+00
0.000000000000000000e+00
1.892634153366088867e+00
1.464652717113494873e-01
1.209737539291381836e+00
4.704305529594421387e-01
3.037991225719451904e-01
1.354998201131820679e-01
2.607585668563842773e+00
2.701528966426849365e-01
2.343053184449672699e-02
6.748067587614059448e-02
1.850901246070861816e-01
7.486478686332702637e-01
8.935258388519287109e-01
4.581433832645416260e-01
1.948809921741485596e-01
2.796726822853088379e-01
9.516794681549072266e-01
6.196030974388122559e-01
0.000000000000000000e+00
5.601823329925537109e-02
3.257405161857604980e-01
5.011629462242126465e-01
4.743673205375671387e-01
1.832251429557800293e+00
0.000000000000000000e+00
9.777456521987915039e-01
7.705221325159072876e-02
9.629229307174682617e-01
2.768656909465789795e-01
8.679434657096862793e-01
2.613480806350708008e+00
8.669701404869556427e-03
1.418893098831176758e+00
1.872242689132690430e-01
1.808701276779174805e+00
1.370351016521453857e-01
1.091248154640197754e+00
1.228354289196431637e-03
0.000000000000000000e+00
0.000000000000000000e+00
0.000000000000000000e+00
0.000000000000000000e+00
1.547024130821228027e+00
7.751681208610534668e-01
6.060574650764465332e-01
1.158896803855895996e+00
1.050030365586280823e-01
7.252097874879837036e-02
1.878123544156551361e-02
2.330031394958496094e-01
3.469375660642981529e-03
1.610507369041442871e+00
1.491555929183959961e+00
1.016561314463615417e-01
1.583355307579040527e+00
5.110019445419311523e-01
4.938019514083862305e-01
6.621436774730682373e-02
2.029026269912719727e+00
2.835056371986865997e-02
2.032216638326644897e-01
2.163484096527099609e-01
6.238559484481811523e-01
1.093455683439970016e-02
2.377097122371196747e-02
6.739280223846435547e-01
1.613363742828369141e+00
1.654481053352355957e+00
8.376417756080627441e-01
6.631777286529541016e-01
1.873966306447982788e-02
1.644042968750000000e+00
4.957911074161529541e-01
7.384395599365234375e-01
0.000000000000000000e+00
2.664689421653747559e-01
1.730899691581726074e+00
8.234091848134994507e-02
3.228547275066375732e-01
8.046843409538269043e-01
3.064495623111724854e-01
1.608797311782836914e-01
3.982458710670471191e-01
0.000000000000000000e+00
3.369122147560119629e-01
4.897716045379638672e+00
0.000000000000000000e+00
1.130893379449844360e-01
2.143612653017044067e-01
1.912197917699813843e-01
1.390569567680358887e+00
0.000000000000000000e+00
2.341858893632888794e-01
1.939596384763717651e-01
1.449241757392883301e+00
6.535192131996154785e-01
2.001106739044189453e+00
8.632731437683105469e-02
4.798519134521484375e+00
3.016040027141571045e-01
7.746498584747314453e-01
3.461635410785675049e-01
1.625712156295776367e+00
1.042993545532226562e+00
5.944658517837524414e-01
4.610731005668640137e-01
2.529547214508056641e+00
2.137813568115234375e-01
1.440919637680053711e-01
8.838078975677490234e-01
2.046768963336944580e-01
6.192402914166450500e-03
3.397681415081024170e-01
5.384242534637451172e-01
3.132698358967900276e-03
0.000000000000000000e+00
1.226856708526611328e+00
1.893039226531982422e+00
1.767804771661758423e-01
1.533644497394561768e-01
1.844987832009792328e-02
6.393186450004577637e-01
9.225032329559326172e-01
8.383140563964843750e+00
6.176739558577537537e-02
1.806648331694304943e-03
4.656676203012466431e-02
5.514400824904441833e-02
0.000000000000000000e+00
3.981896936893463135e-01
1.196954548358917236e-01
3.063179969787597656e+00
1.317140460014343262e-01
0.000000000000000000e+00
1.750806719064712524e-02
1.129750728607177734e+00
0.000000000000000000e+00
0.000000000000000000e+00
0.000000000000000000e+00
0.000000000000000000e+00
7.646613717079162598e-01
4.043474197387695312e-01
4.438197314739227295e-01
2.396917939186096191e-01
8.769873380661010742e-01
2.489937692880630493e-01
2.906893789768218994e-01
1.147153854370117188e+00
1.566482305526733398e+00
3.739629089832305908e-01
5.277294293045997620e-02
6.148648262023925781e-01
3.499089479446411133e-01
3.173462464474141598e-04
4.846626520156860352e-01
6.278341170400381088e-03
7.256919741630554199e-01
1.244104027748107910e+00
2.201770246028900146e-01
3.761600553989410400e-01
3.958249688148498535e-01
1.229146480560302734e+00
5.611485838890075684e-01
2.792238593101501465e-01
1.397505402565002441e-01
4.766458570957183838e-01
1.759594321250915527e+00
5.630272030830383301e-01
0.000000000000000000e+00
6.923858821392059326e-02
8.835822939872741699e-01
4.558721929788589478e-02
8.228139281272888184e-01
0.000000000000000000e+00
1.231974959373474121e-01
4.494470655918121338e-01
1.763856038451194763e-02
1.734852641820907593e-01
1.420854628086090088e-01
4.397360384464263916e-01
1.914147019386291504e+00
1.788533568382263184e+00
9.030091762542724609e-01
6.973677277565002441e-01
2.563215494155883789e+00
4.735390841960906982e-01
1.118437126278877258e-01
1.299927234649658203e+00
3.734742701053619385e-01
6.018013693392276764e-03
1.093551795929670334e-02
2.274051427841186523e+00
7.553304433822631836e-01
2.900942862033843994e-01
4.237546622753143311e-01
0.000000000000000000e+00
1.932633042335510254e+00
5.397767424583435059e-01
4.743510484695434570e-01
3.392096757888793945e-01
4.625117406249046326e-03
9.747202992439270020e-01
1.674736022949218750e+00
6.961409002542495728e-02
3.521165577694773674e-03
0.000000000000000000e+00
9.984699636697769165e-02
5.701616778969764709e-02
1.924104332923889160e+00
3.190762698650360107e-01
1.873643323779106140e-02
2.793683484196662903e-02
0.000000000000000000e+00
7.562097162008285522e-02
1.073737859725952148e+00
8.333731442689895630e-03
3.622792363166809082e-01
1.430576294660568237e-01
1.534489512443542480e+00
3.948097303509712219e-02
1.099198460578918457e+00
1.677177995443344116e-01
5.115160718560218811e-02
1.845706403255462646e-01
2.220348417758941650e-01
9.529272317886352539e-01
1.142557501792907715e+00
1.522409021854400635e-01
1.623746305704116821e-01
3.674890995025634766e-01
2.072876095771789551e-01
1.273874938488006592e-01
4.179599583148956299e-01
7.975279688835144043e-01
1.293352961540222168e+00
3.661979734897613525e-02
1.438527405261993408e-01
7.364080287516117096e-03
8.531357049942016602e-01
1.261111497879028320e+00
3.907040059566497803e-01
2.037582686170935631e-03
3.079345226287841797e-01
4.138521850109100342e-01
1.899161636829376221e-01
3.105156421661376953e-01
1.202323913574218750e+00
5.446848869323730469e+00
5.591472387313842773e-01
3.100498318672180176e-01
6.349050998687744141e-01
4.231435805559158325e-02
2.165305800735950470e-02
1.945475861430168152e-02
3.209575638175010681e-02
0.000000000000000000e+00
5.157525185495615005e-03
5.003183484077453613e-01
2.855363786220550537e-01
0.000000000000000000e+00
2.052185237407684326e-01
9.292778372764587402e-01
3.746713101863861084e-01
4.051119387149810791e-01
0.000000000000000000e+00
1.601046472787857056e-01
3.826654255390167236e-01
1.073225960135459900e-01
1.658519148826599121e+00
0.000000000000000000e+00
6.396508216857910156e-02
3.189718723297119141e-01
0.000000000000000000e+00
2.860786020755767822e-01
5.372708663344383240e-02
0.000000000000000000e+00
1.105421662330627441e+00
9.176330566406250000e-01
0.000000000000000000e+00
3.662634268403053284e-02
2.069870084524154663e-01
6.863116472959518433e-02
2.320587821304798126e-02
6.679816842079162598e-01
1.695248842239379883e+00
2.007102966308593750e-01
1.392353296279907227e+00
9.106995463371276855e-01
1.384248137474060059e-01
2.193744061514735222e-03
1.425801813602447510e-01
1.039854362607002258e-01
6.656364202499389648e-01
1.067217946052551270e+00
1.133160889148712158e-01
3.275717794895172119e-02
4.879235029220581055e-01
3.451260924339294434e-01
1.032455489039421082e-01
3.316211998462677002e-01
2.189763356000185013e-03
7.137543987482786179e-03
1.428049057722091675e-02
7.266169190406799316e-01
0.000000000000000000e+00
1.118224561214447021e-01
0.000000000000000000e+00
1.476926952600479126e-01
4.922325611114501953e-01
1.205589156597852707e-02
6.736340522766113281e-01
9.475296735763549805e-01
1.765160679817199707e+00
5.442585945129394531e-01
6.219357848167419434e-01
1.749183416366577148e+00
1.967735767364501953e+00
0.000000000000000000e+00
1.264531761407852173e-01
1.779631614685058594e+00
8.399371504783630371e-01
5.077019929885864258e-01
1.152688622474670410e+00
2.304645022377371788e-03
1.839712858200073242e-01
0.000000000000000000e+00
8.232300877571105957e-01
9.863975644111633301e-01
4.456207528710365295e-02
3.624318838119506836e+00
2.315157175064086914e+00
1.352658867835998535e+00
0.000000000000000000e+00
9.017959833145141602e-01
2.391518279910087585e-02
0.000000000000000000e+00
0.000000000000000000e+00
1.091524586081504822e-01
3.407534360885620117e-01
0.000000000000000000e+00
0.000000000000000000e+00
1.327955164015293121e-02
1.827611327171325684e-01
8.097227215766906738e-01
1.789516806602478027e+00
3.775994479656219482e-02
1.679277122020721436e-01
1.639414906501770020e+00
0.000000000000000000e+00
7.799985408782958984e-01
0.000000000000000000e+00
2.974722981452941895e-01
1.087370038032531738e+00
7.167598605155944824e-02
1.674367308616638184e+00
2.688133716583251953e-01
1.545612812042236328e+00
5.597115159034729004e-01
1.553720682859420776e-01
0.000000000000000000e+00
7.095419168472290039e-01
1.589047193527221680e+00
1.367282122373580933e-02
1.052843779325485229e-01
2.530583143234252930e+00
9.701093286275863647e-02
3.297403752803802490e-01
5.093999579548835754e-02
6.698927283287048340e-02
1.674876213073730469e-01
0.000000000000000000e+00
2.920436859130859375e+00
8.081174492835998535e-01
9.299948215484619141e-01
1.306115627288818359e+00
2.028449535369873047e+00
2.236608881503343582e-03
1.279541730880737305e+00
0.000000000000000000e+00
7.766659837216138840e-03
3.646336868405342102e-02
0.000000000000000000e+00
5.529131274670362473e-03
4.633542522788047791e-02
4.256818294525146484e-01
0.000000000000000000e+00
5.311818793416023254e-02
4.797119498252868652e-01
1.889252185821533203e+00
0.000000000000000000e+00
3.450811803340911865e-01
3.442803025245666504e-02
1.310597896575927734e+00
0.000000000000000000e+00
2.471736661391332746e-05
0.000000000000000000e+00
2.233498245477676392e-01
8.248787522315979004e-01
2.764363586902618408e-01
5.931905657052993774e-02
1.553904891014099121e+00
1.500478538218885660e-04
7.810574769973754883e-01
3.853269293904304504e-02
6.463566422462463379e-02
1.281644403934478760e-01
0.000000000000000000e+00
1.067778348922729492e+00
1.612423181533813477e+00
1.048645153641700745e-01
2.664845943450927734e+00
5.111126694828271866e-03
1.058075428009033203e+00
9.126360528171062469e-03
4.941369965672492981e-02
2.252249717712402344e-01
1.885227680206298828e+00
2.376147657632827759e-01
0.000000000000000000e+00
8.586298823356628418e-01
6.763769388198852539e-01
4.232961311936378479e-02
2.858947992324829102e+00
2.854432761669158936e-01
1.477898843586444855e-02
2.386072129011154175e-01
6.088669970631599426e-02
8.626752495765686035e-01
1.465653628110885620e-01
1.899213297292590141e-03
1.559187378734350204e-02
1.318661093711853027e+00
8.385188579559326172e-01
4.620193038135766983e-03
3.010313510894775391e-01
1.236797682940959930e-02
1.296518206596374512e+00
2.473708242177963257e-02
1.947866976261138916e-01
3.432392179965972900e-01
1.361225824803113937e-02
1.541338115930557251e-01
8.260487914085388184e-01
0.000000000000000000e+00
1.636447161436080933e-01
2.004971504211425781e+00
1.460934877395629883e-01
6.717350799590349197e-03
1.242750212550163269e-01
7.684215307235717773e-01
4.011957943439483643e-01
3.048141598701477051e-01
1.823540031909942627e-01
2.513737440109252930e+00
2.283460378646850586e+00
3.505918979644775391e-01
2.903866171836853027e-01
2.739747762680053711e-01
0.000000000000000000e+00
0.000000000000000000e+00
