6.213358417153358459e-02
0.000000000000000000e+00
1.410388499498367310e-01
2.815243482589721680e+00
3.720551133155822754e-01
1.082051992416381836e-01
7.436300516128540039e-01
2.632788181304931641e+00
7.313658714294433594e+00
1.308811187744140625e+00
1.560541093349456787e-01
2.212325334548950195e+00
9.817425161600112915e-02
8.205088376998901367e-01
2.307091712951660156e+00
1.216158509254455566e+00
8.428354859352111816e-01
1.031737208366394043e+00
9.312369227409362793e-01
1.474824249744415283e-01
1.736628293991088867e+00
0.000000000000000000e+00
6.526997685432434082e-01
3.283536195755004883e+00
9.674971923232078552e-03
0.000000000000000000e+00
5.293707177042961121e-02
1.724784612655639648e+00
3.314773738384246826e-01
1.874432861804962158e-01
0.000000000000000000e+00
0.000000000000000000e+00
7.273601293563842773e-01
5.747825503349304199e-01
1.032735943794250488e+00
3.187818288803100586e+00
1.719114631414413452e-01
4.974821209907531738e-01
4.458490759134292603e-02
9.178308844566345215e-01
4.658298492431640625e-01
4.653177410364151001e-02
8.743240237236022949e-01
4.505738258361816406e+00
1.455282866954803467e-01
1.700816988945007324e+00
1.724662929773330688e-01
1.956619858741760254e+00
4.682046920061111450e-02
9.841479659080505371e-01
3.682929992675781250e+00
0.000000000000000000e+00
1.329097509384155273e+00
6.313058733940124512e-02
1.378495216369628906e+00
9.703080058097839355e-01
3.173632621765136719e-01
1.183436438441276550e-01
2.469729423522949219e+00
1.972477324306964874e-02
3.874491527676582336e-02
1.574721336364746094e-01
7.949402928352355957e-02
3.532915711402893066e-01
7.527366876602172852e-01
4.260413348674774170e-01
2.867602407932281494e-01
6.737796664237976074e-01
1.523911237716674805e+00
6.608439087867736816e-01
1.599627430550754070e-04
0.000000000000000000e+00
1.434727311134338379e-01
1.447352528572082520e+00
4.481375515460968018e-01
8.794004321098327637e-01
7.679566740989685059e-02
1.485850453376770020e+00
2.965921163558959961e-01
1.220439791679382324e+00
2.267982512712478638e-01
8.151067495346069336e-01
2.618499279022216797e+00
2.574754059314727783e-01
2.363867282867431641e+00
2.709278464317321777e-01
6.588000655174255371e-01
2.091654539108276367e-01
1.036277055740356445e+00
2.247645705938339233e-01
8.234533481299877167e-03
3.486368572339415550e-03
0.000000000000000000e+00
2.552345767617225647e-02
6.353632211685180664e-01
5.999915599822998047e-01
7.360537648200988770e-01
1.807618975639343262e+00
1.778338700532913208e-01
1.681868135929107666e-01
0.000000000000000000e+00
1.508171409368515015e-01
0.000000000000000000e+00
2.491776943206787109e+00
1.569326877593994141e+00
2.815252356231212616e-02
1.949760198593139648e+00
8.174952864646911621e-01
3.211868703365325928e-01
4.139338433742523193e-01
1.097122430801391602e+00
4.910793621093034744e-03
3.605728149414062500e-01
1.444649398326873779e-01
6.970471739768981934e-01
4.096964746713638306e-02
2.733223140239715576e-01
3.367103934288024902e-01
2.042099237442016602e+00
1.771276950836181641e+00
1.259350061416625977e+00
5.576980113983154297e-01
5.178825557231903076e-02
2.133434772491455078e+00
8.904925584793090820e-01
4.718888998031616211e-01
1.465716981329023838e-03
6.988616585731506348e-01
1.877643823623657227e+00
5.720745772123336792e-02
1.794445216655731201e-01
8.975721001625061035e-01
3.118064105510711670e-01
8.212242275476455688e-02
6.220912933349609375e-01
9.902004897594451904e-02
4.974260330200195312e-01
4.343086719512939453e+00
0.000000000000000000e+00
1.111762691289186478e-02
4.058485478162765503e-02
1.034706234931945801e-01
1.418889522552490234e+00
0.000000000000000000e+00
0.000000000000000000e+00
7.448823750019073486e-02
1.332730293273925781e+00
8.500012755393981934e-01
1.508566737174987793e+00
3.409649059176445007e-02
5.654342174530029297e+00
3.357051014900207520e-01
4.921310544013977051e-01
5.197266936302185059e-01
1.628719687461853027e+00
1.896963238716125488e+00
3.096403777599334717e-01
9.039510041475296021e-02
1.583755970001220703e+00
2.925037741661071777e-01
4.270478710532188416e-02
4.231329560279846191e-01
1.377411186695098877e-01
0.000000000000000000e+00
9.313914179801940918e-01
1.015677154064178467e-01
0.000000000000000000e+00
0.000000000000000000e+00
7.894862294197082520e-01
2.077564477920532227e+00
2.464250326156616211e-01
9.522215723991394043e-01
5.057247728109359741e-02
1.056959271430969238e+00
9.187198281288146973e-01
6.640798568725585938e+00
1.689155250787734985e-01
5.733297803089953959e-05
1.667697727680206299e-02
1.890023797750473022e-01
0.000000000000000000e+00
2.075831741094589233e-01
2.612522542476654053e-01
4.428046703338623047e+00
5.746206268668174744e-03
1.099805161356925964e-02
9.082081913948059082e-02
1.739197015762329102e+00
0.000000000000000000e+00
0.000000000000000000e+00
0.000000000000000000e+00
0.000000000000000000e+00
9.306939244270324707e-01
2.816980481147766113e-01
1.508652210235595703e+00
3.386798799037933350e-01
1.101755023002624512e+00
1.476438343524932861e-01
1.534118950366973877e-01
3.634692430496215820e-01
1.312063574790954590e+00
3.160789310932159424e-01
4.974330309778451920e-03
6.587354540824890137e-01
4.460715651512145996e-01
7.165312999859452248e-04
1.283697009086608887e+00
0.000000000000000000e+00
3.584572076797485352e-01
9.264751672744750977e-01
4.425128102302551270e-01
4.602339565753936768e-01
8.023628592491149902e-01
9.077984094619750977e-01
6.114660501480102539e-01
6.572226285934448242e-01
3.814199268817901611e-01
3.103532791137695312e-01
2.305948019027709961e+00
3.180889785289764404e-01
0.000000000000000000e+00
5.606405064463615417e-02
8.251615762710571289e-01
9.662342816591262817e-02
7.187851071357727051e-01
0.000000000000000000e+00
1.158708408474922180e-01
9.727277159690856934e-01
7.561007142066955566e-02
1.785833388566970825e-01
1.756043732166290283e-02
6.257914304733276367e-01
3.022776126861572266e+00
1.019753098487854004e+00
8.814276456832885742e-01
1.205115437507629395e+00
2.738006830215454102e+00
5.673664212226867676e-01
1.301137953996658325e-01
1.195931673049926758e+00
2.116151452064514160e-01
6.532121333293616772e-04
1.623248755931854248e-01
2.525262355804443359e+00
1.649772882461547852e+00
2.458762228488922119e-01
5.324724912643432617e-01
0.000000000000000000e+00
1.811821103096008301e+00
8.346726894378662109e-01
1.675695329904556274e-01
8.865135312080383301e-01
1.918179169297218323e-02
1.227839231491088867e+00
1.402530908584594727e+00
4.873806983232498169e-02
2.829171158373355865e-02
0.000000000000000000e+00
1.310272365808486938e-01
2.209570109844207764e-01
1.657169342041015625e+00
2.376645058393478394e-01
7.156811188906431198e-03
8.850821852684020996e-02
0.000000000000000000e+00
2.767534852027893066e-01
1.507266998291015625e+00
0.000000000000000000e+00
7.342423200607299805e-01
4.642561078071594238e-01
1.537213921546936035e+00
0.000000000000000000e+00
7.133619785308837891e-01
4.355111420154571533e-01
4.415243491530418396e-02
4.923973083496093750e-01
6.920395791530609131e-02
1.013962507247924805e+00
1.280192136764526367e+00
4.411616027355194092e-01
4.233509600162506104e-01
4.757858514785766602e-01
8.902324736118316650e-02
1.285350620746612549e-01
5.307294130325317383e-01
1.311683177947998047e+00
1.397386193275451660e+00
1.386511325836181641e-01
2.966032363474369049e-02
2.613541670143604279e-02
1.678920030593872070e+00
7.467781901359558105e-01
4.735689163208007812e-01
8.689621090888977051e-02
4.083868861198425293e-01
4.048088192939758301e-01
5.589789748191833496e-01
1.726706773042678833e-01
9.362583160400390625e-01
4.919943332672119141e+00
6.318900585174560547e-01
3.021844029426574707e-01
1.284798145294189453e+00
1.348394155502319336e-01
1.467070579528808594e-01
2.575106732547283173e-02
3.767310827970504761e-02
0.000000000000000000e+00
1.074368283152580261e-01
9.280403256416320801e-01
6.333508491516113281e-01
3.636774420738220215e-02
1.602214574813842773e-01
1.217958569526672363e+00
9.453099966049194336e-02
1.085297942161560059e+00
0.000000000000000000e+00
1.644949167966842651e-01
1.069845676422119141e+00
3.714525699615478516e-02
2.208701848983764648e+00
0.000000000000000000e+00
5.648735761642456055e-01
3.847674280405044556e-02
0.000000000000000000e+00
1.873195618391036987e-01
3.117421269416809082e-01
0.000000000000000000e+00
7.590517401695251465e-01
5.205376744270324707e-01
2.223866805434226990e-02
0.000000000000000000e+00
5.172638297080993652e-01
1.880374401807785034e-01
1.318983966484665871e-03
8.155976533889770508e-01
1.588180780410766602e+00
3.504042923450469971e-01
1.109620928764343262e+00
8.164256811141967773e-01
2.216630578041076660e-01
0.000000000000000000e+00
5.213687419891357422e-01
2.058595120906829834e-01
4.107756912708282471e-01
8.598054051399230957e-01
1.570577174425125122e-02
7.479542866349220276e-03
4.016333520412445068e-01
9.498333930969238281e-01
1.380937546491622925e-02
7.077831029891967773e-01
1.157163083553314209e-01
3.098080400377511978e-03
0.000000000000000000e+00
8.241268396377563477e-01
2.707466483116149902e-03
1.311376094818115234e-01
3.966855257749557495e-02
3.026515841484069824e-01
9.464035034179687500e-01
2.926339628174901009e-03
6.073194742202758789e-01
5.293518900871276855e-01
1.603940367698669434e+00
1.168243885040283203e+00
4.176750183105468750e-01
2.197213888168334961e+00
2.072214126586914062e+00
1.055768807418644428e-03
1.756911873817443848e-01
1.831238389015197754e+00
7.673308253288269043e-01
2.648312151432037354e-01
1.180024504661560059e+00
1.671938784420490265e-02
2.941482961177825928e-01
6.525358557701110840e-02
3.916012048721313477e-01
9.097775816917419434e-01
7.606462836265563965e-01
4.244377136230468750e+00
1.377146363258361816e+00
9.702224731445312500e-01
0.000000000000000000e+00
5.683553814888000488e-01
3.218676149845123291e-02
0.000000000000000000e+00
0.000000000000000000e+00
1.020472943782806396e-01
8.729609847068786621e-02
0.000000000000000000e+00
0.000000000000000000e+00
3.621813282370567322e-02
1.426669657230377197e-01
7.333819270133972168e-01
2.503572463989257812e+00
8.757396601140499115e-03
1.119949966669082642e-01
7.076444029808044434e-01
8.898513764142990112e-02
3.306781947612762451e-01
0.000000000000000000e+00
2.135083228349685669e-01
1.040299892425537109e+00
7.467582821846008301e-02
1.149202466011047363e+00
2.193025797605514526e-01
1.190860748291015625e+00
1.574419885873794556e-01
2.237691432237625122e-01
0.000000000000000000e+00
5.812169313430786133e-01
1.824010968208312988e+00
2.494740858674049377e-02
5.303903222084045410e-01
2.216058492660522461e+00
5.262275338172912598e-01
2.379981726408004761e-01
4.225404560565948486e-01
2.038112133741378784e-01
7.192009091377258301e-01
0.000000000000000000e+00
3.398031473159790039e+00
1.760918647050857544e-02
8.679528832435607910e-01
9.779262542724609375e-01
1.594549655914306641e+00
5.529469251632690430e-02
2.059173583984375000e+00
0.000000000000000000e+00
4.391559585928916931e-02
4.070676565170288086e-01
1.413424406200647354e-02
1.028838753700256348e-01
1.739589869976043701e-01
1.882447600364685059e-01
4.724672995507717133e-03
7.638143002986907959e-02
8.029682040214538574e-01
2.081380605697631836e+00
0.000000000000000000e+00
3.024116158485412598e-01
4.418233633041381836e-01
1.571795940399169922e+00
0.000000000000000000e+00
1.168863698840141296e-01
1.005731057375669479e-02
1.245752051472663879e-01
3.950532674789428711e-01
5.702567696571350098e-01
6.583492159843444824e-01
1.233740210533142090e+00
0.000000000000000000e+00
6.869785189628601074e-01
3.175818026065826416e-01
2.342029660940170288e-02
9.657411277294158936e-02
0.000000000000000000e+00
1.705955266952514648e+00
1.458414196968078613e+00
1.629665493965148926e-01
3.549558639526367188e+00
1.870290003716945648e-02
1.206640839576721191e+00
1.357739511877298355e-02
5.560545325279235840e-01
6.711498647928237915e-02
1.918994188308715820e+00
4.028599262237548828e-01
0.000000000000000000e+00
3.735119402408599854e-01
4.760472774505615234e-01
4.804835319519042969e-01
3.274573802947998047e+00
5.665789842605590820e-01
2.342416206374764442e-03
3.970251083374023438e-01
2.624808438122272491e-02
6.543012857437133789e-01
1.419638544321060181e-01
1.169946044683456421e-01
3.588659688830375671e-03
5.643016099929809570e-01
9.694705009460449219e-01
1.237706094980239868e-02
5.520636588335037231e-02
5.553805083036422729e-02
1.795742034912109375e+00
8.680713921785354614e-02
1.538793891668319702e-01
1.343239098787307739e-01
9.554134885547682643e-05
1.133360639214515686e-01
1.029046773910522461e+00
0.000000000000000000e+00
1.265001893043518066e-01
2.154638290405273438e+00
5.680302977561950684e-01
0.000000000000000000e+00
1.273795664310455322e-01
1.816348314285278320e+00
8.161272406578063965e-01
6.288998723030090332e-01
1.115310668945312500e+00
2.776149511337280273e+00
2.594882011413574219e+00
3.420448303222656250e-01
2.555284500122070312e-01
1.672842353582382202e-01
0.000000000000000000e+00
1.369120203889906406e-03
