1.828833371400833130e-01
0.000000000000000000e+00
8.798716962337493896e-02
2.778030395507812500e+00
6.317573189735412598e-01
4.770926665514707565e-03
1.046022176742553711e+00
2.446084976196289062e+00
6.735872745513916016e+00
1.884665012359619141e+00
2.736510932445526123e-01
2.199079036712646484e+00
6.225957721471786499e-02
5.641551017761230469e-01
2.313160419464111328e+00
5.576440095901489258e-01
1.400135397911071777e+00
1.386932611465454102e+00
1.055111289024353027e+00
4.803017154335975647e-02
1.676412463188171387e+00
0.000000000000000000e+00
1.202002242207527161e-01
2.405089616775512695e+00
1.391423195600509644e-01
3.955722600221633911e-02
8.047136664390563965e-02
1.656163692474365234e+00
3.711251616477966309e-01
0.000000000000000000e+00
0.000000000000000000e+00
0.000000000000000000e+00
8.334766626358032227e-01
7.744294404983520508e-01
7.671135067939758301e-01
3.850570201873779297e+00
3.891538679599761963e-01
2.527309358119964600e-01
5.575628876686096191e-01
8.794624209403991699e-01
2.820000946521759033e-01
4.981770217418670654e-01
3.557368516921997070e-01
3.971936464309692383e+00
2.037320137023925781e-01
1.633336544036865234e+00
4.320971369743347168e-01
1.392820358276367188e+00
1.780080199241638184e-01
9.009221792221069336e-01
2.625813007354736328e+00
0.000000000000000000e+00
1.592040419578552246e+00
1.112941801548004150e-01
1.764229893684387207e+00
1.382944732904434204e-01
5.621113777160644531e-01
3.941112458705902100e-01
6.541013121604919434e-01
1.369591057300567627e-01
0.000000000000000000e+00
3.505052626132965088e-01
0.000000000000000000e+00
7.512441873550415039e-01
7.276704311370849609e-01
1.495876312255859375e-01
2.220235951244831085e-02
5.109641551971435547e-01
1.160205602645874023e+00
1.675426363945007324e-01
0.000000000000000000e+00
3.359249979257583618e-02
3.209333419799804688e-01
8.424593806266784668e-01
9.310306608676910400e-02
8.642283082008361816e-01
6.707009859383106232e-03
1.357836365699768066e+00
1.918183714151382446e-01
1.468315124511718750e+00
1.386077255010604858e-01
9.063608646392822266e-01
2.215244531631469727e+00
7.376243174076080322e-02
2.821544408798217773e+00
1.036238744854927063e-01
1.024254202842712402e+00
1.935091055929660797e-02
4.816583096981048584e-01
0.000000000000000000e+00
3.039567545056343079e-02
4.003652371466159821e-03
0.000000000000000000e+00
0.000000000000000000e+00
6.912429928779602051e-01
4.368146955966949463e-01
1.774275660514831543e+00
7.978887557983398438e-01
8.824550360441207886e-02
7.618175446987152100e-02
0.000000000000000000e+00
2.154865413904190063e-01
1.673533814027905464e-03
1.476756811141967773e+00
9.074125289916992188e-01
1.283753812313079834e-01
2.362896442413330078e+00
8.688381314277648926e-01
6.397225856781005859e-01
3.169377446174621582e-01
1.269348263740539551e+00
1.344932150095701218e-02
8.880429863929748535e-01
4.514350295066833496e-01
8.339967131614685059e-01
8.435621112585067749e-02
7.017371803522109985e-02
2.308656722307205200e-01
9.525849819183349609e-01
2.389804124832153320e+00
2.798459827899932861e-01
9.657660871744155884e-02
1.591420359909534454e-02
1.713905811309814453e+00
6.560806035995483398e-01
8.730067610740661621e-01
0.000000000000000000e+00
3.242839872837066650e-01
2.154002904891967773e+00
1.891035208245739341e-04
2.673987150192260742e-01
1.066751718521118164e+00
4.081461429595947266e-01
1.504290550947189331e-01
5.643262863159179688e-01
9.585322812199592590e-03
1.326158195734024048e-01
5.581318855285644531e+00
0.000000000000000000e+00
1.943486630916595459e-01
3.857783377170562744e-01
6.861701607704162598e-01
1.638408660888671875e+00
0.000000000000000000e+00
1.037862896919250488e-01
1.521699279546737671e-01
1.359499692916870117e+00
1.273049831390380859e+00
1.678109884262084961e+00
1.207372359931468964e-02
5.802002906799316406e+00
3.442243337631225586e-01
5.889776945114135742e-01
4.315088093280792236e-01
2.258169412612915039e+00
1.986115097999572754e+00
4.868515208363533020e-02
4.840288683772087097e-02
2.726153850555419922e+00
4.974792599678039551e-01
7.659332826733589172e-03
1.320469141006469727e+00
5.234357714653015137e-01
5.229256302118301392e-02
7.467114329338073730e-01
3.265796899795532227e-01
0.000000000000000000e+00
0.000000000000000000e+00
9.157319068908691406e-01
3.100301980972290039e+00
7.039047479629516602e-01
2.162356376647949219e-01
0.000000000000000000e+00
1.121984124183654785e+00
4.001746475696563721e-01
7.561965942382812500e+00
0.000000000000000000e+00
2.541917376220226288e-02
4.523070901632308960e-02
4.697507992386817932e-02
8.494142093695700169e-04
1.405168175697326660e-01
3.685474693775177002e-01
3.616845607757568359e+00
1.911065429449081421e-01
2.128334715962409973e-02
1.496728658676147461e-01
1.412369966506958008e+00
0.000000000000000000e+00
0.000000000000000000e+00
0.000000000000000000e+00
2.247670432552695274e-03
7.053833603858947754e-01
8.388428688049316406e-01
1.126458287239074707e+00
2.718261480331420898e-01
8.383070230484008789e-01
1.413452774286270142e-01
4.318287074565887451e-01
1.169979810714721680e+00
1.782998085021972656e+00
4.952034652233123779e-01
1.690736114978790283e-01
6.781783699989318848e-01
4.553761780261993408e-01
0.000000000000000000e+00
7.403554916381835938e-01
1.250869128853082657e-02
3.164374232292175293e-01
1.131547808647155762e+00
3.359545022249221802e-02
2.294313758611679077e-01
1.296571016311645508e+00
1.147799849510192871e+00
9.780625104904174805e-01
5.481517314910888672e-01
1.293954402208328247e-01
6.850153952836990356e-02
1.974166393280029297e+00
5.527449846267700195e-01
0.000000000000000000e+00
2.181598097085952759e-01
5.275304913520812988e-01
1.239755772985517979e-03
2.409517467021942139e-01
0.000000000000000000e+00
2.906582318246364594e-02
6.475914716720581055e-01
0.000000000000000000e+00
1.232521235942840576e-01
3.178589344024658203e-01
1.609681397676467896e-01
2.378163099288940430e+00
1.666805624961853027e+00
6.121887564659118652e-01
1.361529231071472168e+00
3.190455198287963867e+00
3.183557093143463135e-01
2.001600861549377441e-01
6.415014863014221191e-01
3.036621026694774628e-02
2.917138300836086273e-02
2.243913151323795319e-02
2.503811597824096680e+00
8.818164467811584473e-01
3.598203659057617188e-01
3.579233884811401367e-01
0.000000000000000000e+00
1.396267890930175781e+00
1.465141415596008301e+00
2.563112042844295502e-02
1.892204880714416504e-01
0.000000000000000000e+00
8.557182550430297852e-01
1.304272890090942383e+00
0.000000000000000000e+00
8.711571805179119110e-03
0.000000000000000000e+00
2.859434783458709717e-01
4.602924734354019165e-02
1.431769013404846191e+00
5.394783020019531250e-01
7.331776432693004608e-03
5.319690797477960587e-03
0.000000000000000000e+00
0.000000000000000000e+00
2.276970386505126953e+00
1.500049955211579800e-03
1.213267683982849121e+00
2.189009077847003937e-02
1.913758873939514160e+00
0.000000000000000000e+00
1.245549798011779785e+00
6.588908284902572632e-02
2.972538955509662628e-02
4.196545183658599854e-01
0.000000000000000000e+00
9.395520687103271484e-01
1.497416138648986816e+00
1.455186456441879272e-01
0.000000000000000000e+00
5.206631422042846680e-01
2.898794710636138916e-01
2.202693223953247070e-01
5.753523111343383789e-01
1.228162884712219238e+00
1.963572859764099121e+00
1.999655505642294884e-03
7.093378901481628418e-02
0.000000000000000000e+00
2.018143415451049805e+00
1.462753534317016602e+00
9.283018708229064941e-01
0.000000000000000000e+00
3.517860546708106995e-02
5.955386757850646973e-01
4.810134768486022949e-01
7.435518503189086914e-02
1.468919634819030762e+00
5.414760112762451172e+00
4.848051667213439941e-01
6.106362938880920410e-01
1.113473922014236450e-01
6.306468248367309570e-01
5.131044983863830566e-02
8.460550755262374878e-02
1.733087897300720215e-01
0.000000000000000000e+00
7.096838206052780151e-02
1.905201524496078491e-01
3.934578597545623779e-01
6.229299679398536682e-02
5.316179618239402771e-02
1.659268140792846680e+00
3.883664608001708984e-01
6.095726490020751953e-01
0.000000000000000000e+00
1.438656747341156006e-01
7.418754100799560547e-01
1.325488537549972534e-01
1.502348542213439941e+00
0.000000000000000000e+00
5.837877392768859863e-01
6.060596182942390442e-02
0.000000000000000000e+00
6.346424221992492676e-01
9.753115475177764893e-02
0.000000000000000000e+00
1.267365813255310059e+00
3.993515670299530029e-01
7.225610781461000443e-03
1.416744384914636612e-02
1.611739397048950195e-01
6.001497060060501099e-02
5.508494377136230469e-02
6.490801572799682617e-01
2.146650075912475586e+00
1.872638054192066193e-02
1.118961215019226074e+00
1.347932338714599609e+00
9.685869514942169189e-02
0.000000000000000000e+00
6.999704241752624512e-02
2.228437922894954681e-02
6.847065091133117676e-01
9.309408664703369141e-01
9.287125617265701294e-02
1.074347347021102905e-01
3.262760043144226074e-01
5.499128699302673340e-01
4.538984224200248718e-02
1.265403628349304199e+00
6.072806119918823242e-01
1.097035482525825500e-01
1.846715435385704041e-02
5.110310316085815430e-01
0.000000000000000000e+00
1.306568831205368042e-01
0.000000000000000000e+00
6.011832356452941895e-01
3.040079772472381592e-01
2.433165907859802246e-02
2.037941515445709229e-01
1.059110164642333984e+00
1.975563526153564453e+00
9.169973134994506836e-01
4.739791750907897949e-01
1.530424475669860840e+00
1.902187347412109375e+00
0.000000000000000000e+00
5.141162276268005371e-01
1.873434901237487793e+00
6.913200020790100098e-01
8.481875807046890259e-02
1.093468546867370605e+00
1.755796559154987335e-02
1.870815455913543701e-01
2.192476822528988123e-04
8.285773545503616333e-02
8.055219650268554688e-01
3.582036495208740234e-01
3.793324947357177734e+00
2.290530443191528320e+00
1.174986839294433594e+00
0.000000000000000000e+00
5.377235412597656250e-01
3.923620563000440598e-03
3.416823921725153923e-03
0.000000000000000000e+00
2.408777736127376556e-02
1.454886347055435181e-01
0.000000000000000000e+00
0.000000000000000000e+00
1.437499523162841797e-01
1.080097481608390808e-01
4.268251955509185791e-01
2.275378942489624023e+00
2.775354497134685516e-02
6.747292936779558659e-04
9.558094143867492676e-01
1.586763374507427216e-02
1.109453439712524414e+00
0.000000000000000000e+00
1.553206145763397217e-01
8.849969506263732910e-01
5.754072070121765137e-01
1.168455839157104492e+00
2.614370882511138916e-01
1.949683308601379395e+00
2.864230573177337646e-01
1.356335729360580444e-01
0.000000000000000000e+00
5.363914370536804199e-01
1.827576160430908203e+00
2.470878697931766510e-02
2.275436930358409882e-02
2.907117605209350586e+00
1.943684369325637817e-01
8.812269568443298340e-01
1.229733973741531372e-01
3.423192352056503296e-02
9.303864240646362305e-01
3.496282733976840973e-03
2.728996276855468750e+00
4.527148008346557617e-01
5.163720250129699707e-01
8.216182589530944824e-01
1.718013763427734375e+00
0.000000000000000000e+00
2.111163139343261719e+00
0.000000000000000000e+00
4.434090107679367065e-02
3.013142943382263184e-01
0.000000000000000000e+00
7.668385654687881470e-02
2.768648564815521240e-01
1.025264263153076172e-01
4.047297406941652298e-04
3.346011042594909668e-01
7.717928886413574219e-01
2.139794349670410156e+00
0.000000000000000000e+00
9.729309380054473877e-02
1.205416321754455566e-01
1.105805516242980957e+00
0.000000000000000000e+00
0.000000000000000000e+00
3.394521772861480713e-03
3.260448873043060303e-01
1.102695941925048828e+00
9.028257131576538086e-01
7.875027507543563843e-02
1.949220776557922363e+00
0.000000000000000000e+00
5.716015696525573730e-01
1.796682924032211304e-01
1.110113263130187988e-01
8.569696545600891113e-02
0.000000000000000000e+00
1.165387392044067383e+00
1.027484655380249023e+00
9.643632173538208008e-02
2.876277208328247070e+00
0.000000000000000000e+00
1.309494137763977051e+00
3.621109202504158020e-02
1.252437531948089600e-01
2.009222097694873810e-02
2.210852384567260742e+00
5.777879953384399414e-01
0.000000000000000000e+00
1.502269208431243896e-01
8.176331520080566406e-01
2.192830145359039307e-01
2.136337757110595703e+00
4.323151409626007080e-01
5.478845536708831787e-02
4.766804277896881104e-01
2.167095430195331573e-02
1.040194630622863770e+00
5.280645564198493958e-02
3.389217853546142578e-01
6.712327897548675537e-02
1.052442073822021484e+00
1.284492492675781250e+00
2.568378485739231110e-02
3.352374136447906494e-01
2.404616028070449829e-02
1.085581064224243164e+00
1.701340526342391968e-01
9.203178286552429199e-01
4.378781020641326904e-01
0.000000000000000000e+00
2.460639476776123047e-01
7.111222743988037109e-01
1.859483681619167328e-02
4.971850812435150146e-01
1.982085227966308594e+00
1.500247418880462646e-01
0.000000000000000000e+00
1.981930136680603027e-01
2.521933555603027344e+00
6.500617861747741699e-01
1.506260156631469727e+00
6.316394209861755371e-01
2.501061916351318359e+00
2.743435621261596680e+00
8.723948001861572266e-01
1.698227673768997192e-01
4.267401993274688721e-01
0.000000000000000000e+00
0.000000000000000000e+00
