2.203341126441955566e-01
0.000000000000000000e+00
6.419188529253005981e-02
2.760759592056274414e+00
5.614021420478820801e-01
5.615016222000122070e-01
1.098099946975708008e+00
3.133042812347412109e+00
7.303770542144775391e+00
1.782185912132263184e+00
5.032903701066970825e-02
2.392744541168212891e+00
4.984549582004547119e-01
9.045104980468750000e-01
2.557579517364501953e+00
1.175177454948425293e+00
9.580225944519042969e-01
7.063525915145874023e-01
5.735249519348144531e-01
1.866020262241363525e-02
1.818170309066772461e+00
1.071649603545665741e-02
4.665493071079254150e-01
2.583794116973876953e+00
0.000000000000000000e+00
1.340551674365997314e-01
4.955491051077842712e-02
2.058667182922363281e+00
7.680450677871704102e-01
1.121791377663612366e-01
4.482291266322135925e-02
6.543370895087718964e-03
1.184804677963256836e+00
6.687499880790710449e-01
1.154934167861938477e+00
3.734673976898193359e+00
2.119822204113006592e-01
1.047859191894531250e-01
2.259835600852966309e-01
1.154245138168334961e+00
4.591150879859924316e-01
3.824520409107208252e-01
4.533647000789642334e-01
4.562403202056884766e+00
1.443980485200881958e-01
1.295050978660583496e+00
3.433651030063629150e-01
1.776044487953186035e+00
1.196228638291358948e-01
1.843233942985534668e+00
3.867763757705688477e+00
0.000000000000000000e+00
1.675413489341735840e+00
1.613389253616333008e-01
1.078369379043579102e+00
4.481932818889617920e-01
8.769753575325012207e-01
8.190400004386901855e-01
2.131963491439819336e+00
1.352545320987701416e-01
2.248926833271980286e-02
7.617031931877136230e-01
2.664007246494293213e-02
4.461087584495544434e-01
1.649925351142883301e+00
3.909372091293334961e-01
4.132553562521934509e-02
7.264555096626281738e-01
1.644176840782165527e+00
2.689202427864074707e-01
0.000000000000000000e+00
0.000000000000000000e+00
6.022306084632873535e-01
5.473334789276123047e-01
1.811957359313964844e-01
1.030729293823242188e+00
5.637230724096298218e-02
1.838248133659362793e+00
2.442689836025238037e-01
8.737714886665344238e-01
0.000000000000000000e+00
1.725285530090332031e+00
1.368383526802062988e+00
5.493873357772827148e-01
2.650829553604125977e+00
4.211506247520446777e-01
1.213121056556701660e+00
1.495613344013690948e-02
6.574137806892395020e-01
4.290412738919258118e-02
6.165679544210433960e-02
9.597982279956340790e-03
0.000000000000000000e+00
8.243991993367671967e-03
7.745349407196044922e-01
5.465372204780578613e-01
1.053370594978332520e+00
6.082217693328857422e-01
2.073425352573394775e-01
1.066906657069921494e-02
1.637251116335391998e-03
1.071417331695556641e-01
6.540966685861349106e-03
2.473881483078002930e+00
8.335472345352172852e-01
2.030817121267318726e-01
2.164852142333984375e+00
8.642156124114990234e-01
4.213750958442687988e-01
1.950116008520126343e-01
1.394301891326904297e+00
5.402317643165588379e-02
9.627160429954528809e-01
4.120290875434875488e-01
5.362731814384460449e-01
5.084653571248054504e-02
5.600594282150268555e-01
3.238987624645233154e-01
1.505112886428833008e+00
2.474876880645751953e+00
9.359995722770690918e-01
6.360203623771667480e-01
2.299879677593708038e-02
2.205945253372192383e+00
1.160355806350708008e+00
1.085941791534423828e+00
0.000000000000000000e+00
7.577111124992370605e-01
2.018382549285888672e+00
7.174219936132431030e-02
8.671472966670989990e-02
8.338384628295898438e-01
4.520686268806457520e-01
1.119551435112953186e-01
6.369188427925109863e-01
1.548138260841369629e-01
2.606197297573089600e-01
5.226958274841308594e+00
0.000000000000000000e+00
3.864517807960510254e-02
1.527783721685409546e-01
5.488057732582092285e-01
1.336365222930908203e+00
0.000000000000000000e+00
2.186195552349090576e-01
1.136774867773056030e-01
1.491102218627929688e+00
1.290162205696105957e+00
9.079592227935791016e-01
6.548630446195602417e-02
6.350069999694824219e+00
5.536131262779235840e-01
1.024912476539611816e+00
4.512082934379577637e-01
2.079810142517089844e+00
2.591942548751831055e+00
9.159623384475708008e-01
4.852187633514404297e-01
3.024770259857177734e+00
4.202356934547424316e-01
4.143234714865684509e-02
1.051279425621032715e+00
4.728665947914123535e-01
1.307700108736753464e-02
1.083996653556823730e+00
2.596142888069152832e-01
0.000000000000000000e+00
0.000000000000000000e+00
1.415638208389282227e+00
3.104856252670288086e+00
3.976676166057586670e-01
2.471468895673751831e-01
1.395242065191268921e-01
1.790220260620117188e+00
6.479870080947875977e-01
7.527155399322509766e+00
9.555349126458168030e-03
2.359919995069503784e-02
1.618263893760740757e-03
3.405512571334838867e-01
1.358231902122497559e-02
1.861531734466552734e-01
5.049151182174682617e-01
4.149283885955810547e+00
4.722441732883453369e-02
3.863892331719398499e-02
2.301895916461944580e-01
1.146676063537597656e+00
0.000000000000000000e+00
9.548170864582061768e-02
0.000000000000000000e+00
0.000000000000000000e+00
1.161838054656982422e+00
6.213499903678894043e-01
1.222308516502380371e+00
6.644874215126037598e-01
1.019393324851989746e+00
2.127007991075515747e-01
2.486918717622756958e-01
8.845018744468688965e-01
1.651301741600036621e+00
5.777251720428466797e-01
2.689948976039886475e-01
5.274779796600341797e-01
9.837675094604492188e-01
6.413228064775466919e-02
8.067619204521179199e-01
2.536352723836898804e-02
6.910398602485656738e-01
1.763387203216552734e+00
3.276850283145904541e-02
4.259501397609710693e-01
1.077253460884094238e+00
1.775371432304382324e+00
1.405318617820739746e+00
4.508470594882965088e-01
3.501445055007934570e-01
5.376462340354919434e-01
1.882666707038879395e+00
6.236168146133422852e-01
8.888246491551399231e-03
2.092050015926361084e-01
1.085432887077331543e+00
5.391160771250724792e-02
4.592782258987426758e-01
0.000000000000000000e+00
1.877540647983551025e-01
4.668049514293670654e-01
1.003973186016082764e-01
3.000902011990547180e-02
8.872061967849731445e-02
3.466609716415405273e-01
2.741996288299560547e+00
2.504476785659790039e+00
8.642415404319763184e-01
1.781476616859436035e+00
2.643204689025878906e+00
4.858334958553314209e-01
0.000000000000000000e+00
1.254062056541442871e+00
2.586264014244079590e-01
3.355359658598899841e-02
0.000000000000000000e+00
2.511309623718261719e+00
8.763309121131896973e-01
4.682903885841369629e-01
8.160919547080993652e-01
0.000000000000000000e+00
1.346560359001159668e+00
1.582705259323120117e+00
5.594715476036071777e-03
4.736813902854919434e-01
0.000000000000000000e+00
2.132957220077514648e+00
2.074061870574951172e+00
0.000000000000000000e+00
1.068590283393859863e-01
0.000000000000000000e+00
6.210362538695335388e-02
2.974898815155029297e-01
2.133838415145874023e+00
6.431488394737243652e-01
3.358078422024846077e-03
1.759458333253860474e-02
0.000000000000000000e+00
6.237327679991722107e-02
2.067455291748046875e+00
0.000000000000000000e+00
1.167506217956542969e+00
4.248360171914100647e-02
2.271359920501708984e+00
0.000000000000000000e+00
1.085862636566162109e+00
1.962016671895980835e-01
9.269860573112964630e-03
5.063503980636596680e-01
9.355507791042327881e-02
1.205939173698425293e+00
1.784101486206054688e+00
3.216113448143005371e-01
3.351072371006011963e-01
4.068772494792938232e-01
1.751098632812500000e-01
1.825113892555236816e-01
7.782941460609436035e-01
1.343706011772155762e+00
2.209038257598876953e+00
2.310939133167266846e-02
1.035589948296546936e-01
0.000000000000000000e+00
2.141356229782104492e+00
1.937479138374328613e+00
3.555851280689239502e-01
4.161628335714340210e-02
3.445658683776855469e-01
7.816551923751831055e-01
7.354376316070556641e-01
6.940288841724395752e-02
1.743202328681945801e+00
6.203990459442138672e+00
2.958697974681854248e-01
5.816392302513122559e-01
4.709242582321166992e-01
5.479183793067932129e-01
3.554919734597206116e-02
7.072055712342262268e-03
1.535147055983543396e-02
0.000000000000000000e+00
1.288948673754930496e-02
3.889018893241882324e-01
1.127306580543518066e+00
0.000000000000000000e+00
2.072659134864807129e-01
1.463863730430603027e+00
4.388676881790161133e-01
6.774038672447204590e-01
0.000000000000000000e+00
1.247491985559463501e-01
1.555089354515075684e+00
6.017716601490974426e-02
1.754689216613769531e+00
0.000000000000000000e+00
2.710445225238800049e-01
1.736237406730651855e-01
2.146524057025089860e-04
6.163012981414794922e-01
1.713023632764816284e-01
0.000000000000000000e+00
8.476000428199768066e-01
6.870374083518981934e-01
0.000000000000000000e+00
0.000000000000000000e+00
4.644059836864471436e-01
2.264991998672485352e-01
0.000000000000000000e+00
5.401815772056579590e-01
1.780231952667236328e+00
9.323541074991226196e-03
1.149471163749694824e+00
1.249624133110046387e+00
3.910042941570281982e-01
1.091140042990446091e-02
7.562246322631835938e-01
1.087562888860702515e-01
7.205807566642761230e-01
1.188558578491210938e+00
3.633430302143096924e-01
3.532116860151290894e-02
6.367846131324768066e-01
1.126343846321105957e+00
4.934182390570640564e-02
1.455733299255371094e+00
7.145513296127319336e-01
2.077991813421249390e-01
1.453277748078107834e-02
3.874359726905822754e-01
0.000000000000000000e+00
1.144091561436653137e-01
0.000000000000000000e+00
1.205773591995239258e+00
2.838170230388641357e-01
1.569632440805435181e-02
5.271062850952148438e-01
8.865262866020202637e-01
1.518902182579040527e+00
1.479443311691284180e+00
8.156904578208923340e-01
1.824746251106262207e+00
2.831221818923950195e+00
2.228744328022003174e-03
5.080248117446899414e-01
2.044835567474365234e+00
1.012615203857421875e+00
2.532407827675342560e-02
1.645683050155639648e+00
0.000000000000000000e+00
1.373659670352935791e-01
0.000000000000000000e+00
4.124105572700500488e-01
6.601189374923706055e-01
3.068705499172210693e-01
3.867948532104492188e+00
2.659888505935668945e+00
2.860697507858276367e-01
0.000000000000000000e+00
9.573938846588134766e-01
4.614354402292519808e-04
2.158864866942167282e-03
0.000000000000000000e+00
9.257912039756774902e-01
1.799730509519577026e-01
1.756167858839035034e-01
0.000000000000000000e+00
2.259941250085830688e-01
2.063250169157981873e-02
1.200572133064270020e+00
1.639790296554565430e+00
8.908405154943466187e-02
2.328511029481887817e-01
9.691737890243530273e-01
1.165926456451416016e-01
3.674591779708862305e-01
3.238272853195667267e-03
1.132073551416397095e-01
1.004081487655639648e+00
4.475302398204803467e-01
1.011387348175048828e+00
1.590984016656875610e-01
1.278778314590454102e+00
1.240393146872520447e-01
4.508941471576690674e-01
0.000000000000000000e+00
6.948494315147399902e-01
2.227319002151489258e+00
1.465751826763153076e-01
3.132621943950653076e-02
4.158785343170166016e+00
2.280680984258651733e-01
1.351214647293090820e+00
1.957713514566421509e-01
1.179215461015701294e-01
5.742240548133850098e-01
0.000000000000000000e+00
2.925040006637573242e+00
4.574981927871704102e-01
4.808640778064727783e-01
1.142109632492065430e+00
1.750228166580200195e+00
2.091504074633121490e-02
1.955161690711975098e+00
0.000000000000000000e+00
4.197191447019577026e-02
1.083832904696464539e-01
5.658159963786602020e-03
2.757630646228790283e-01
4.574728012084960938e-02
2.191067934036254883e-01
8.421545475721359253e-02
2.679695785045623779e-01
5.766248703002929688e-01
1.621686339378356934e+00
0.000000000000000000e+00
2.135440260171890259e-01
2.435116171836853027e-01
1.149797797203063965e+00
0.000000000000000000e+00
3.108263015747070312e-03
2.984259743243455887e-03
2.070924341678619385e-01
1.071649432182312012e+00
9.686431884765625000e-01
2.138540446758270264e-01
2.017210245132446289e+00
0.000000000000000000e+00
7.342814207077026367e-01
4.545567333698272705e-01
6.224834546446800232e-02
2.268823832273483276e-01
0.000000000000000000e+00
1.548850536346435547e+00
1.616986632347106934e+00
1.764827817678451538e-01
3.638325214385986328e+00
4.539305716753005981e-02
1.485632538795471191e+00
8.231192827224731445e-03
1.167073845863342285e-01
6.789884716272354126e-02
2.237183809280395508e+00
9.148312807083129883e-01
0.000000000000000000e+00
2.207898497581481934e-01
3.207887113094329834e-01
1.735259294509887695e-01
2.914512157440185547e+00
5.804409980773925781e-01
2.638880312442779541e-01
4.086266160011291504e-01
1.598347127437591553e-01
1.092975020408630371e+00
1.964683532714843750e-01
7.738060504198074341e-02
9.680342674255371094e-02
1.605854511260986328e+00
7.893993258476257324e-01
4.996451083570718765e-03
1.128534749150276184e-01
3.578501194715499878e-02
1.229100346565246582e+00
2.189297378063201904e-01
7.067599296569824219e-01
3.968461155891418457e-01
1.719170104479417205e-04
1.194486990571022034e-01
1.220963120460510254e+00
2.551907598972320557e-01
6.484351754188537598e-01
2.826573133468627930e+00
2.468622177839279175e-01
4.965262487530708313e-04
2.752109467983245850e-01
3.401210784912109375e+00
1.234226465225219727e+00
1.327384471893310547e+00
9.605594277381896973e-01
2.886547327041625977e+00
2.022479772567749023e+00
5.337293148040771484e-01
5.794316902756690979e-02
4.710193872451782227e-01
0.000000000000000000e+00
5.996268987655639648e-02
