3.306687772274017334e-01
7.033683941699564457e-04
7.488540410995483398e-01
3.014095306396484375e+00
1.890280693769454956e-01
2.144685983657836914e-01
5.823435783386230469e-01
2.697469234466552734e+00
5.332162380218505859e+00
1.041930794715881348e+00
1.149366572499275208e-01
1.598681688308715820e+00
6.491348147392272949e-02
6.644651293754577637e-01
2.583018541336059570e+00
6.556329131126403809e-01
8.734440803527832031e-01
7.250399589538574219e-01
8.813642859458923340e-01
1.793544180691242218e-02
9.506027102470397949e-01
1.077887490391731262e-01
3.380510210990905762e-01
2.983816862106323242e+00
2.504282891750335693e-01
0.000000000000000000e+00
4.088226705789566040e-03
1.633300542831420898e+00
1.541813910007476807e-01
1.240177899599075317e-01
1.583760976791381836e-02
6.548661738634109497e-02
4.224144518375396729e-01
4.498367309570312500e-01
2.853932678699493408e-01
2.325540781021118164e+00
3.868243992328643799e-01
5.507759451866149902e-01
1.378190964460372925e-01
2.766908407211303711e-01
4.191666245460510254e-01
5.130417346954345703e-01
1.287758946418762207e+00
3.048693895339965820e+00
5.662668347358703613e-01
1.113372683525085449e+00
2.709451913833618164e-01
4.520919024944305420e-01
3.323211893439292908e-02
9.062562584877014160e-01
2.584040164947509766e+00
0.000000000000000000e+00
1.161123156547546387e+00
3.362546488642692566e-02
1.180644154548645020e+00
6.260307431221008301e-01
6.314075589179992676e-01
0.000000000000000000e+00
2.624809026718139648e+00
2.493500709533691406e-02
3.317860066890716553e-01
5.166561529040336609e-02
3.889960348606109619e-01
6.864166259765625000e-01
9.355619549751281738e-01
6.039497256278991699e-01
2.163426429033279419e-01
3.479622304439544678e-01
9.546524286270141602e-01
1.369414687156677246e+00
0.000000000000000000e+00
2.611633317428641021e-05
5.328194499015808105e-01
4.938229918479919434e-01
5.742832422256469727e-01
1.760416150093078613e+00
2.611269988119602203e-02
5.686880350112915039e-01
5.197416543960571289e-01
4.534474611282348633e-01
1.365168243646621704e-01
9.180666804313659668e-01
2.661476612091064453e+00
6.079167500138282776e-02
1.192280173301696777e+00
1.879327744245529175e-01
8.064540624618530273e-01
4.284653961658477783e-01
1.454744577407836914e+00
6.511094421148300171e-02
6.185621023178100586e-03
4.566258192062377930e-02
1.181383896619081497e-02
0.000000000000000000e+00
1.114234089851379395e+00
3.117690384387969971e-01
3.807357251644134521e-01
1.167930722236633301e+00
1.240636706352233887e-01
1.309761554002761841e-01
0.000000000000000000e+00
7.125278562307357788e-02
4.747114435303956270e-04
2.065830945968627930e+00
1.414588689804077148e+00
9.377429634332656860e-02
1.670064449310302734e+00
5.693410634994506836e-01
4.821927547454833984e-01
2.457160651683807373e-01
1.442616939544677734e+00
7.773548364639282227e-02
1.822702586650848389e-01
2.802319824695587158e-01
5.262446999549865723e-01
7.246583700180053711e-02
1.779080182313919067e-01
3.208763301372528076e-01
6.132007837295532227e-01
1.651452064514160156e+00
1.827216267585754395e+00
7.656425833702087402e-01
6.756044924259185791e-02
2.095230102539062500e+00
1.081859350204467773e+00
6.028417944908142090e-01
5.449099000543355942e-03
1.189396381378173828e-01
1.193917036056518555e+00
3.299673497676849365e-01
1.412190943956375122e-01
8.003367185592651367e-01
3.005504310131072998e-01
1.394937187433242798e-01
2.697700560092926025e-01
0.000000000000000000e+00
7.106418013572692871e-01
4.266917228698730469e+00
0.000000000000000000e+00
7.534589618444442749e-03
5.140908360481262207e-01
1.141242757439613342e-01
8.027699589729309082e-01
3.553457558155059814e-02
5.516281351447105408e-02
1.706830561161041260e-01
6.396834850311279297e-01
7.748871445655822754e-01
8.312470912933349609e-01
5.962253212928771973e-01
4.205020904541015625e+00
1.222601532936096191e-01
4.272126853466033936e-01
4.145577847957611084e-01
1.673697948455810547e+00
1.006795883178710938e+00
5.865503549575805664e-01
7.523649334907531738e-01
1.503335714340209961e+00
6.421389430761337280e-02
5.239782109856605530e-02
6.292690038681030273e-01
2.752939164638519287e-01
7.997770607471466064e-02
3.685604035854339600e-01
3.814518153667449951e-01
0.000000000000000000e+00
0.000000000000000000e+00
9.851168990135192871e-01
1.666494011878967285e+00
1.417340636253356934e-01
4.983448088169097900e-01
6.856771558523178101e-02
7.346702218055725098e-01
9.115377664566040039e-01
6.752393722534179688e+00
6.265945732593536377e-02
3.900729492306709290e-02
4.096419364213943481e-02
1.074935942888259888e-01
2.888468839228153229e-02
2.630740702152252197e-01
1.932091079652309418e-03
2.388673543930053711e+00
8.756167441606521606e-02
4.920557141304016113e-03
8.144401363097131252e-04
1.373439550399780273e+00
0.000000000000000000e+00
1.348490267992019653e-01
0.000000000000000000e+00
1.202517002820968628e-01
1.192172765731811523e+00
2.164522558450698853e-01
1.135594472289085388e-01
5.170070528984069824e-01
3.301980793476104736e-01
4.764433801174163818e-01
2.464260458946228027e-01
9.171074032783508301e-01
1.590590476989746094e+00
2.058017700910568237e-01
7.076945155858993530e-02
6.030125617980957031e-01
1.575366221368312836e-02
4.410775844007730484e-03
3.314960896968841553e-01
1.747017726302146912e-02
3.402871787548065186e-01
1.164159774780273438e+00
3.871907889842987061e-01
2.487382292747497559e-01
2.535562515258789062e-01
8.306974172592163086e-01
6.406239867210388184e-01
8.913053870201110840e-01
1.471830606460571289e-01
6.217224597930908203e-01
1.613466620445251465e+00
8.334761261940002441e-01
1.835094392299652100e-01
1.008279919624328613e-01
4.543888866901397705e-01
1.646000593900680542e-01
7.221543192863464355e-01
0.000000000000000000e+00
3.543061017990112305e-01
3.005611896514892578e-01
0.000000000000000000e+00
5.528351292014122009e-03
3.035606741905212402e-01
4.973306655883789062e-01
1.890124678611755371e+00
1.280626416206359863e+00
1.544786572456359863e+00
6.385866403579711914e-01
1.783500194549560547e+00
2.941635549068450928e-01
4.109502583742141724e-02
9.747701883316040039e-01
7.587328553199768066e-01
3.806665539741516113e-02
2.157027125358581543e-01
3.101543664932250977e+00
3.168112635612487793e-01
1.323605477809906006e-01
4.698054790496826172e-01
2.631173841655254364e-02
1.878540039062500000e+00
2.843063473701477051e-01
8.447759151458740234e-01
3.262767791748046875e-01
1.827053958550095558e-03
8.440119624137878418e-01
1.185046911239624023e+00
2.518755756318569183e-02
3.240991150960326195e-03
0.000000000000000000e+00
2.341459542512893677e-01
2.614398859441280365e-02
1.188293933868408203e+00
8.433659374713897705e-02
1.590687222778797150e-02
2.724027074873447418e-02
0.000000000000000000e+00
4.548288285732269287e-01
1.193031787872314453e+00
7.063657511025667191e-03
1.150037199258804321e-01
4.983150213956832886e-02
1.190968275070190430e+00
2.368458919227123260e-02
1.098516225814819336e+00
1.889370232820510864e-01
3.963142633438110352e-01
1.307113766670227051e-01
2.631139457225799561e-01
6.870539188385009766e-01
9.854260683059692383e-01
1.505715399980545044e-01
1.806366443634033203e-02
3.116237521171569824e-01
3.986109495162963867e-01
2.809538133442401886e-02
1.111941486597061157e-01
1.219677090644836426e+00
8.711869716644287109e-01
1.119295251555740833e-03
4.710735380649566650e-01
0.000000000000000000e+00
1.033246397972106934e+00
1.504856348037719727e+00
2.900252640247344971e-01
1.121064573526382446e-01
1.577681303024291992e-01
2.122878581285476685e-01
3.900242149829864502e-01
5.558205246925354004e-01
1.133747696876525879e+00
4.568088054656982422e+00
8.719107508659362793e-01
3.770504295825958252e-01
6.987337470054626465e-01
1.180456653237342834e-01
6.046306714415550232e-02
9.626910090446472168e-02
7.153718732297420502e-03
0.000000000000000000e+00
4.543020576238632202e-02
2.846955955028533936e-01
1.363620609045028687e-01
0.000000000000000000e+00
2.975733280181884766e-01
9.724549055099487305e-01
1.850197762250900269e-01
1.116070270538330078e+00
0.000000000000000000e+00
1.128208190202713013e-01
4.576932191848754883e-01
1.550786476582288742e-02
1.370849728584289551e+00
0.000000000000000000e+00
1.865469850599765778e-02
3.316861391067504883e-01
5.407441407442092896e-02
1.015867114067077637e+00
2.699499726295471191e-01
0.000000000000000000e+00
3.977640867233276367e-01
6.213805079460144043e-01
9.098220616579055786e-03
0.000000000000000000e+00
7.043384760618209839e-02
7.595686614513397217e-02
2.299580164253711700e-02
7.984369993209838867e-01
1.245594263076782227e+00
3.206084966659545898e-01
8.068296313285827637e-01
3.362604677677154541e-01
0.000000000000000000e+00
1.723165065050125122e-02
4.084955155849456787e-01
5.718528851866722107e-02
4.421904087066650391e-01
5.677374005317687988e-01
2.840599119663238525e-01
4.189102444797754288e-03
2.229302078485488892e-01
5.626589059829711914e-01
2.099224328994750977e-01
7.497520446777343750e-01
4.478281363844871521e-02
6.501941476017236710e-03
1.283724140375852585e-02
1.019713997840881348e+00
3.849415853619575500e-02
6.532593965530395508e-01
0.000000000000000000e+00
7.229024916887283325e-02
1.336036682128906250e+00
0.000000000000000000e+00
7.568237781524658203e-01
6.564723253250122070e-01
1.703135848045349121e+00
7.326809763908386230e-01
5.929753780364990234e-01
1.587420582771301270e+00
1.956195354461669922e+00
9.060929529368877411e-03
3.422791659832000732e-01
1.594366669654846191e+00
6.377108693122863770e-01
3.100283145904541016e-01
8.889430165290832520e-01
0.000000000000000000e+00
1.805686652660369873e-01
4.637898504734039307e-02
3.374890685081481934e-01
5.686267018318176270e-01
6.042802124284207821e-04
2.637092113494873047e+00
2.258277893066406250e+00
1.018258452415466309e+00
0.000000000000000000e+00
2.703161239624023438e-01
2.059307415038347244e-03
0.000000000000000000e+00
0.000000000000000000e+00
1.320283263921737671e-01
5.382449030876159668e-01
1.392809115350246429e-02
0.000000000000000000e+00
1.184852719306945801e-01
2.940491735935211182e-01
4.538748562335968018e-01
1.727435588836669922e+00
1.253339946269989014e-01
5.935801565647125244e-02
1.540771126747131348e+00
2.019333690404891968e-01
5.965061187744140625e-01
0.000000000000000000e+00
5.937217473983764648e-01
1.067953586578369141e+00
1.960844248533248901e-01
1.276155114173889160e+00
4.576398804783821106e-02
1.599530696868896484e+00
2.192157655954360962e-01
1.624515801668167114e-01
5.460089538246393204e-03
4.863737225532531738e-01
1.593840122222900391e+00
2.743795812129974365e-01
5.352878570556640625e-01
2.232798814773559570e+00
2.469087541103363037e-01
1.898063719272613525e-01
2.807071805000305176e-01
8.599627763032913208e-02
8.377815596759319305e-03
0.000000000000000000e+00
2.626198291778564453e+00
9.361827373504638672e-01
6.339154243469238281e-01
1.061431050300598145e+00
1.190000414848327637e+00
5.465480685234069824e-02
7.561656832695007324e-01
2.268199920654296875e-01
8.200576901435852051e-02
2.218516729772090912e-02
0.000000000000000000e+00
4.335848498158156872e-04
5.343322828412055969e-02
4.806549102067947388e-02
3.571832552552223206e-03
4.547236487269401550e-02
1.073532104492187500e-01
1.486715435981750488e+00
4.892862867563962936e-03
4.098426699638366699e-01
4.163860976696014404e-01
1.385018825531005859e+00
6.552586797624826431e-03
4.239515960216522217e-02
1.527061220258474350e-02
4.612876772880554199e-01
1.028090476989746094e+00
2.252697944641113281e-01
3.173817098140716553e-01
9.032598733901977539e-01
1.238901633769273758e-02
1.042970418930053711e+00
9.484696201980113983e-03
1.023711338639259338e-01
1.693491041660308838e-01
0.000000000000000000e+00
1.927652478218078613e+00
1.310464620590209961e+00
2.083521485328674316e-01
1.668558835983276367e+00
6.647648289799690247e-03
1.219804883003234863e+00
1.679203659296035767e-01
5.905105546116828918e-02
4.421033263206481934e-01
1.430251836776733398e+00
3.197076618671417236e-01
0.000000000000000000e+00
5.786191225051879883e-01
3.795013725757598877e-01
1.814586967229843140e-01
2.712114810943603516e+00
2.697108387947082520e-01
2.122035948559641838e-03
3.805958330631256104e-01
9.200734645128250122e-02
5.172251462936401367e-01
1.662478744983673096e-01
0.000000000000000000e+00
3.049429953098297119e-01
1.217878103256225586e+00
8.735333681106567383e-01
1.863396540284156799e-02
1.876467019319534302e-01
4.478679224848747253e-02
1.100869417190551758e+00
4.927889704704284668e-01
9.684509783983230591e-02
1.008683517575263977e-01
1.429729536175727844e-02
2.661450803279876709e-01
8.730336427688598633e-01
5.945393443107604980e-02
7.680367678403854370e-03
2.281279325485229492e+00
2.591252028942108154e-01
3.895860910415649414e-02
2.864159643650054932e-01
1.067330598831176758e+00
1.252782046794891357e-01
3.514271080493927002e-01
1.781835705041885376e-01
1.977194905281066895e+00
1.929102659225463867e+00
1.108571290969848633e+00
2.563767135143280029e-01
2.651203870773315430e-01
0.000000000000000000e+00
3.439733013510704041e-02
