1.785131990909576416e-01
0.000000000000000000e+00
2.492804974317550659e-01
3.061821460723876953e+00
1.886499673128128052e-01
8.551950007677078247e-02
3.792920708656311035e-01
3.574279785156250000e+00
5.309188842773437500e+00
5.217189192771911621e-01
0.000000000000000000e+00
1.492377400398254395e+00
1.306854337453842163e-01
1.033106684684753418e+00
2.779065370559692383e+00
1.123211145401000977e+00
3.881922364234924316e-01
1.739083409309387207e+00
7.719268798828125000e-01
2.737780213356018066e-01
9.289338588714599609e-01
3.789119655266404152e-04
2.691085636615753174e-01
3.244637250900268555e+00
6.740361452102661133e-02
0.000000000000000000e+00
1.307475659996271133e-02
1.583889007568359375e+00
2.125581800937652588e-01
5.358234979212284088e-03
0.000000000000000000e+00
0.000000000000000000e+00
4.304953813552856445e-01
5.182874202728271484e-01
2.769142687320709229e-01
1.623129367828369141e+00
1.847294718027114868e-01
7.183161377906799316e-01
2.932479418814182281e-02
4.472579956054687500e-01
1.156602576375007629e-01
1.286653894931077957e-02
8.981482386589050293e-01
3.365403652191162109e+00
2.378925383090972900e-01
1.316511034965515137e+00
2.975581884384155273e-01
2.485092878341674805e-01
5.244252085685729980e-02
1.027204155921936035e+00
3.020382642745971680e+00
0.000000000000000000e+00
1.061161041259765625e+00
0.000000000000000000e+00
1.587957024574279785e+00
6.994782686233520508e-01
5.710151791572570801e-01
2.712148241698741913e-03
2.738735437393188477e+00
1.123327538371086121e-01
6.202652677893638611e-02
1.471259295940399170e-01
7.494054436683654785e-01
5.648921728134155273e-01
8.121693730354309082e-01
1.109680056571960449e+00
2.280967384576797485e-01
2.826181352138519287e-01
4.487278759479522705e-01
1.281934618949890137e+00
0.000000000000000000e+00
0.000000000000000000e+00
3.795378804206848145e-01
6.047949194908142090e-01
8.124434351921081543e-01
1.149427294731140137e+00
3.386130090802907944e-03
9.894002676010131836e-01
5.357702970504760742e-01
5.623344182968139648e-01
1.322088092565536499e-01
9.238560795783996582e-01
2.637777566909790039e+00
1.352954804897308350e-01
8.110769987106323242e-01
3.095297813415527344e-01
1.094557762145996094e+00
2.311409264802932739e-01
1.055664062500000000e+00
1.622015833854675293e-01
1.264865044504404068e-03
0.000000000000000000e+00
8.551396429538726807e-03
0.000000000000000000e+00
9.891324639320373535e-01
3.867965042591094971e-01
1.927572786808013916e-01
1.366096735000610352e+00
1.428136825561523438e-01
1.583014130592346191e-01
4.991216119378805161e-04
4.099929630756378174e-01
3.286530449986457825e-02
1.802446961402893066e+00
2.150489091873168945e+00
2.326723933219909668e-02
1.064620256423950195e+00
1.881679147481918335e-01
4.512726068496704102e-01
2.068813294172286987e-01
1.095142841339111328e+00
0.000000000000000000e+00
4.028082787990570068e-01
1.230986341834068298e-01
4.043321311473846436e-01
5.544276162981987000e-02
1.815898865461349487e-01
3.850082457065582275e-01
1.345356225967407227e+00
2.074692249298095703e+00
2.115235567092895508e+00
1.944190263748168945e-01
8.190912008285522461e-02
1.657320261001586914e+00
1.441777110099792480e+00
5.038310885429382324e-01
5.979681387543678284e-03
3.138899505138397217e-01
1.179985523223876953e+00
5.738949030637741089e-02
1.121217533946037292e-01
5.685744881629943848e-01
2.323763817548751831e-01
2.020281367003917694e-02
1.991723030805587769e-01
1.661279350519180298e-01
5.312111973762512207e-01
4.190710544586181641e+00
0.000000000000000000e+00
7.772414479404687881e-03
2.305900305509567261e-01
1.970389932394027710e-01
1.813684225082397461e+00
1.442030221223831177e-01
2.735367417335510254e-01
5.673469305038452148e-01
8.464145064353942871e-01
6.832903623580932617e-01
7.258657217025756836e-01
4.235056638717651367e-01
4.050836563110351562e+00
3.501521795988082886e-02
3.030277490615844727e-01
1.195762380957603455e-01
1.350008130073547363e+00
3.381237387657165527e-01
3.838577866554260254e-01
4.278764426708221436e-01
1.617133617401123047e+00
6.879369169473648071e-02
7.121060788631439209e-02
7.200599908828735352e-01
1.986749023199081421e-01
0.000000000000000000e+00
5.575876832008361816e-01
4.607194364070892334e-01
1.219771918840706348e-03
0.000000000000000000e+00
5.238699913024902344e-01
1.091460704803466797e+00
8.844395726919174194e-02
2.919546663761138916e-01
1.823806948959827423e-02
4.693012237548828125e-01
6.502439379692077637e-01
6.355938434600830078e+00
3.544363135006278753e-04
0.000000000000000000e+00
7.023742794990539551e-02
3.091295715421438217e-03
3.331597149372100830e-02
4.762125387787818909e-02
2.589615881443023682e-01
3.467624902725219727e+00
2.244578599929809570e-01
6.366921216249465942e-02
7.527834177017211914e-02
7.051298022270202637e-01
0.000000000000000000e+00
9.477340430021286011e-02
4.947021137923002243e-03
1.668852008879184723e-02
1.123623490333557129e+00
9.769743084907531738e-01
2.892660796642303467e-01
5.567199587821960449e-01
4.789310395717620850e-01
1.772307157516479492e-01
3.012776374816894531e-02
1.066288828849792480e+00
1.170558691024780273e+00
4.168775677680969238e-01
4.640969932079315186e-01
6.114974021911621094e-01
9.082704782485961914e-02
0.000000000000000000e+00
6.435335278511047363e-01
0.000000000000000000e+00
2.164744734764099121e-01
1.536645650863647461e+00
2.647612094879150391e-01
3.974346816539764404e-01
9.373500943183898926e-02
8.513354063034057617e-01
1.066734313964843750e+00
3.776082992553710938e-01
3.632886111736297607e-01
7.321671843528747559e-01
1.579935908317565918e+00
3.141535222530364990e-01
4.331549257040023804e-02
2.410274744033813477e-01
4.964967072010040283e-01
7.379815727472305298e-02
4.255906641483306885e-01
0.000000000000000000e+00
9.312000125646591187e-02
7.487185001373291016e-01
6.415504217147827148e-02
2.048153989017009735e-02
6.369630247354507446e-02
4.144324362277984619e-01
2.236194133758544922e+00
6.877442002296447754e-01
1.217226386070251465e+00
3.233812749385833740e-01
2.226069927215576172e+00
7.302421927452087402e-01
4.638610407710075378e-03
9.298558831214904785e-01
2.111859768629074097e-01
4.239775240421295166e-02
2.353427857160568237e-01
2.429662704467773438e+00
1.055181622505187988e+00
1.958898082375526428e-02
4.425414502620697021e-01
0.000000000000000000e+00
2.392024040222167969e+00
1.968450248241424561e-01
7.659584283828735352e-01
6.453102231025695801e-01
1.461288542486727238e-03
5.623661875724792480e-01
1.205158948898315430e+00
5.815433338284492493e-02
5.827616527676582336e-02
0.000000000000000000e+00
3.137310445308685303e-01
3.642096817493438721e-01
9.702331423759460449e-01
9.549109265208244324e-03
1.719534629955887794e-03
2.214607596397399902e-01
0.000000000000000000e+00
1.349617838859558105e-01
1.039516448974609375e+00
1.542348880320787430e-02
1.143790856003761292e-01
2.456187903881072998e-01
9.569709897041320801e-01
5.977971479296684265e-02
8.899539113044738770e-01
2.077862769365310669e-01
2.223548889160156250e-01
3.352704644203186035e-01
6.825775504112243652e-01
1.053907155990600586e+00
5.788960456848144531e-01
7.681099814362823963e-04
9.555891156196594238e-02
6.069806814193725586e-01
2.386434227228164673e-01
4.164826124906539917e-02
4.088869094848632812e-01
6.786736845970153809e-01
8.246777653694152832e-01
0.000000000000000000e+00
1.798483729362487793e-01
5.828652903437614441e-02
5.776125192642211914e-01
9.909648895263671875e-01
5.832204818725585938e-01
1.749338209629058838e-02
2.512063980102539062e-01
1.965565532445907593e-01
5.288086086511611938e-02
3.008882999420166016e-01
3.297996520996093750e-01
5.129341602325439453e+00
5.955148339271545410e-01
1.351782381534576416e-01
5.025353431701660156e-01
0.000000000000000000e+00
4.344265535473823547e-02
1.418144907802343369e-02
8.414738695137202740e-04
0.000000000000000000e+00
3.359431400895118713e-03
3.955828547477722168e-01
5.500015616416931152e-01
0.000000000000000000e+00
1.601389199495315552e-01
3.961025774478912354e-01
2.093528807163238525e-01
1.066346406936645508e+00
0.000000000000000000e+00
1.388261169195175171e-01
7.035704255104064941e-01
0.000000000000000000e+00
1.422732830047607422e+00
0.000000000000000000e+00
0.000000000000000000e+00
3.134357929229736328e-01
1.648023375310003757e-03
4.475106894969940186e-01
1.784830838441848755e-01
0.000000000000000000e+00
6.244661808013916016e-01
3.579503595829010010e-01
0.000000000000000000e+00
0.000000000000000000e+00
7.984695583581924438e-02
1.731465607881546021e-01
1.950674317777156830e-02
5.377226471900939941e-01
1.685361862182617188e+00
6.540476083755493164e-01
7.891515493392944336e-01
6.024001836776733398e-01
1.415566354990005493e-02
9.178158827126026154e-03
2.901562154293060303e-01
9.831572324037551880e-02
6.149174571037292480e-01
4.498811662197113037e-01
4.810967668890953064e-02
5.960281938314437866e-03
4.391376674175262451e-01
3.257651627063751221e-01
1.037071943283081055e-01
2.459919303655624390e-01
2.507149614393711090e-02
0.000000000000000000e+00
1.122002955526113510e-02
1.049626827239990234e+00
0.000000000000000000e+00
3.456235229969024658e-01
1.043770648539066315e-02
2.414262890815734863e-01
1.769292712211608887e+00
2.503786049783229828e-02
6.608263254165649414e-01
2.943172156810760498e-01
1.004463791847229004e+00
6.322090029716491699e-01
9.938622713088989258e-01
1.512417793273925781e+00
1.622629880905151367e+00
0.000000000000000000e+00
3.060036003589630127e-01
7.786862254142761230e-01
4.496473073959350586e-01
2.821799516677856445e-01
8.828280568122863770e-01
0.000000000000000000e+00
4.780637566000223160e-03
2.603317238390445709e-02
3.966933190822601318e-01
5.812231302261352539e-01
3.813837766647338867e-01
2.854828834533691406e+00
1.603343367576599121e+00
7.378091216087341309e-01
6.131869181990623474e-02
6.962837576866149902e-01
2.568298391997814178e-02
0.000000000000000000e+00
0.000000000000000000e+00
8.037253469228744507e-02
4.021298885345458984e-01
1.742488238960504532e-03
0.000000000000000000e+00
3.274546861648559570e-01
1.158276349306106567e-01
4.049578309059143066e-01
1.675392389297485352e+00
2.003033412620425224e-03
1.690602898597717285e-01
1.197382926940917969e+00
1.208878830075263977e-01
6.726354956626892090e-01
0.000000000000000000e+00
2.053212821483612061e-01
7.989789843559265137e-01
4.588134761434048414e-04
1.026045560836791992e+00
4.986575990915298462e-02
1.578553438186645508e+00
3.438944518566131592e-01
2.787616550922393799e-01
0.000000000000000000e+00
3.704814314842224121e-01
1.447869777679443359e+00
3.370847105979919434e-01
4.634211659431457520e-01
1.770910739898681641e+00
5.807204842567443848e-01
2.830861508846282959e-01
7.243232429027557373e-02
1.114039123058319092e-01
2.362409681081771851e-01
0.000000000000000000e+00
3.327650308609008789e+00
4.416459500789642334e-01
5.795409679412841797e-01
1.474169969558715820e+00
1.135069012641906738e+00
4.409337416291236877e-02
9.726637005805969238e-01
2.271124720573425293e-01
6.585079827345907688e-04
1.008016318082809448e-01
2.747358568012714386e-02
0.000000000000000000e+00
1.571408063173294067e-01
2.542305737733840942e-02
1.850046915933489799e-03
4.528573155403137207e-02
6.597442626953125000e-01
1.733312129974365234e+00
0.000000000000000000e+00
2.054044157266616821e-01
1.708527505397796631e-01
1.210558652877807617e+00
5.104950442910194397e-02
0.000000000000000000e+00
3.611766919493675232e-02
4.972836971282958984e-01
5.755323171615600586e-01
6.870194673538208008e-01
6.982831358909606934e-01
1.442556500434875488e+00
0.000000000000000000e+00
7.495679855346679688e-01
7.115221768617630005e-02
1.392007805407047272e-02
3.315127640962600708e-02
0.000000000000000000e+00
2.134762287139892578e+00
2.123009443283081055e+00
2.236122786998748779e-01
2.370835065841674805e+00
1.328696031123399734e-02
9.566905498504638672e-01
1.104301400482654572e-02
1.177376136183738708e-01
4.344605803489685059e-01
1.038602352142333984e+00
3.558922410011291504e-01
1.834540255367755890e-02
7.583310008049011230e-01
1.367749422788619995e-01
4.745059907436370850e-01
2.868130683898925781e+00
5.294759869575500488e-01
2.711963094770908356e-02
2.940599024295806885e-01
7.885047048330307007e-02
2.569774389266967773e-01
2.726968526840209961e-01
6.635294761508703232e-03
7.139221578836441040e-02
1.387681722640991211e+00
3.365650475025177002e-01
3.089634003117680550e-03
2.127165645360946655e-01
5.335728451609611511e-02
1.503844857215881348e+00
3.087470829486846924e-01
6.956047564744949341e-02
1.905703246593475342e-01
2.514732070267200470e-02
2.136826366186141968e-01
1.090927124023437500e+00
3.007544204592704773e-03
1.033571958541870117e-01
1.230822443962097168e+00
1.784972846508026123e-01
1.527487859129905701e-02
3.873758018016815186e-01
1.081944704055786133e+00
3.704753220081329346e-01
1.806386411190032959e-01
1.280565261840820312e-01
1.734798431396484375e+00
2.261577844619750977e+00
9.828308820724487305e-01
9.326004236936569214e-02
5.089427232742309570e-01
0.000000000000000000e+00
4.638601094484329224e-02
