0.000000000000000000e+00
1.837035641074180603e-02
7.334524393081665039e-01
3.459110975265502930e+00
3.070113360881805420e-01
1.757546663284301758e-01
1.207347512245178223e+00
2.542824745178222656e+00
6.015672206878662109e+00
6.632454991340637207e-01
3.110045753419399261e-02
1.294330716133117676e+00
8.441514521837234497e-02
8.919920325279235840e-01
2.021685123443603516e+00
1.271313190460205078e+00
1.047627449035644531e+00
5.370099544525146484e-01
7.452639341354370117e-01
3.435232937335968018e-01
3.603161275386810303e-01
0.000000000000000000e+00
1.500223875045776367e+00
3.928931236267089844e+00
1.297976523637771606e-01
9.270993992686271667e-03
0.000000000000000000e+00
1.204063892364501953e+00
2.702402472496032715e-01
2.216565757989883423e-01
2.068285793066024780e-01
1.003704369068145752e-01
6.526386141777038574e-01
1.284396886825561523e+00
1.071498632431030273e+00
2.064089298248291016e+00
2.890470921993255615e-01
8.095287084579467773e-01
3.855361789464950562e-02
3.048417568206787109e-01
2.373088598251342773e-01
3.007872402667999268e-02
1.026412487030029297e+00
3.300704479217529297e+00
1.223841309547424316e+00
1.526766180992126465e+00
1.343936175107955933e-01
4.182771146297454834e-01
0.000000000000000000e+00
6.623850464820861816e-01
3.192861080169677734e+00
0.000000000000000000e+00
7.231372594833374023e-01
2.741279900074005127e-01
9.747927784919738770e-01
7.227265834808349609e-01
3.694732785224914551e-01
5.590024590492248535e-02
3.767160654067993164e+00
3.206663578748703003e-02
7.495686411857604980e-03
3.390296176075935364e-02
5.203732252120971680e-01
3.115497231483459473e-01
8.728257417678833008e-01
5.933007001876831055e-01
4.148041903972625732e-01
3.641391098499298096e-01
1.156333804130554199e+00
1.510138630867004395e+00
0.000000000000000000e+00
0.000000000000000000e+00
1.003276780247688293e-01
9.086261987686157227e-01
4.749718308448791504e-01
8.602381944656372070e-01
0.000000000000000000e+00
1.117923855781555176e+00
2.909882366657257080e-01
8.047980070114135742e-01
3.236575126647949219e-01
8.284741640090942383e-01
2.200916767120361328e+00
0.000000000000000000e+00
1.107865095138549805e+00
7.811686992645263672e-01
7.076938748359680176e-01
2.643342912197113037e-01
1.278644561767578125e+00
3.048893511295318604e-01
0.000000000000000000e+00
1.752683520317077637e-02
1.506973803043365479e-01
7.170102745294570923e-02
1.534723401069641113e+00
1.510760635137557983e-01
4.170449376106262207e-01
1.657059788703918457e+00
3.946889638900756836e-01
2.767254412174224854e-01
1.720584463328123093e-03
1.614501699805259705e-02
0.000000000000000000e+00
2.626927614212036133e+00
1.909383893013000488e+00
6.195515021681785583e-02
1.257157444953918457e+00
4.531948268413543701e-01
1.559038609266281128e-01
3.611179888248443604e-01
1.597883343696594238e+00
1.024672836065292358e-01
3.445201218128204346e-01
9.549545496702194214e-02
4.444526135921478271e-01
1.123601570725440979e-01
2.017732262611389160e-01
4.774573147296905518e-01
1.116261959075927734e+00
9.071447253227233887e-01
2.450365304946899414e+00
8.557115793228149414e-01
6.222007423639297485e-02
1.787352800369262695e+00
8.282948732376098633e-01
4.570208787918090820e-01
2.696547098457813263e-02
3.551236689090728760e-01
1.395707249641418457e+00
4.457304254174232483e-02
6.597095131874084473e-01
1.051221966743469238e+00
7.592577338218688965e-01
4.065897464752197266e-01
1.990787833929061890e-01
8.198230713605880737e-02
5.521823763847351074e-01
3.949875116348266602e+00
0.000000000000000000e+00
0.000000000000000000e+00
3.999732136726379395e-01
1.159941032528877258e-01
1.054038882255554199e+00
8.710551261901855469e-02
1.429664194583892822e-01
7.909832149744033813e-02
1.061642169952392578e+00
6.172844767570495605e-01
1.832320213317871094e+00
2.716865241527557373e-01
3.690889835357666016e+00
5.970914959907531738e-01
6.146248579025268555e-01
1.303240954875946045e-01
1.270792126655578613e+00
1.266610622406005859e+00
7.528544664382934570e-01
6.818064451217651367e-01
2.147218704223632812e+00
6.652112603187561035e-01
2.239171266555786133e-01
8.001141548156738281e-01
5.046433769166469574e-03
3.207207657396793365e-03
4.325724244117736816e-01
4.885723590850830078e-01
3.238029778003692627e-02
0.000000000000000000e+00
8.640905618667602539e-01
1.106355428695678711e+00
2.724289335310459137e-02
9.756795167922973633e-01
2.541790157556533813e-02
3.139164447784423828e-01
1.422776818275451660e+00
6.385415554046630859e+00
1.023007109761238098e-01
1.553950011730194092e-01
1.342953890562057495e-01
1.361585706472396851e-01
2.744933404028415680e-02
2.168936729431152344e-01
4.227574467658996582e-01
3.794680833816528320e+00
3.200221434235572815e-02
3.306193277239799500e-03
7.559968531131744385e-02
3.109190464019775391e-01
0.000000000000000000e+00
3.710663318634033203e-02
0.000000000000000000e+00
0.000000000000000000e+00
7.987887263298034668e-01
2.746818065643310547e-01
9.763507843017578125e-01
5.924047827720642090e-01
8.667041063308715820e-01
1.920321881771087646e-01
1.902761161327362061e-01
9.232209324836730957e-01
1.435820937156677246e+00
1.385510563850402832e-01
4.212278127670288086e-01
7.529973983764648438e-01
2.388464361429214478e-01
2.071702666580677032e-02
1.213732719421386719e+00
0.000000000000000000e+00
1.284636855125427246e+00
1.104669094085693359e+00
3.081922531127929688e-01
1.202391266822814941e+00
2.459187507629394531e-01
8.747745156288146973e-01
4.520847201347351074e-01
1.221516430377960205e-01
2.924468219280242920e-01
6.578094959259033203e-01
2.156562328338623047e+00
5.887675285339355469e-01
1.179058197885751724e-02
4.839162528514862061e-01
8.817672729492187500e-01
5.844038128852844238e-01
6.468723416328430176e-01
0.000000000000000000e+00
4.009664058685302734e-01
6.577507853507995605e-01
9.662793017923831940e-03
1.331318169832229614e-01
4.530007764697074890e-02
8.420344591140747070e-01
2.843398332595825195e+00
4.618408977985382080e-01
1.603662133216857910e+00
3.202379941940307617e-01
2.530829668045043945e+00
8.404534459114074707e-01
7.513270527124404907e-02
1.063108682632446289e+00
5.507899522781372070e-01
4.109151195734739304e-03
2.013483196496963501e-01
2.869554996490478516e+00
5.087931156158447266e-01
2.652397155761718750e-01
4.817067682743072510e-01
0.000000000000000000e+00
1.593664646148681641e+00
4.678930342197418213e-02
9.096525311470031738e-01
7.053784728050231934e-01
0.000000000000000000e+00
9.688627123832702637e-01
1.389854192733764648e+00
2.266193479299545288e-01
2.566684037446975708e-02
0.000000000000000000e+00
4.895913600921630859e-01
1.751192808151245117e-01
1.637160301208496094e+00
1.415271870791912079e-02
6.682241708040237427e-02
3.390104770660400391e-01
0.000000000000000000e+00
1.937147825956344604e-01
1.051974654197692871e+00
1.009032409638166428e-02
1.820153892040252686e-01
2.650343775749206543e-01
1.352107763290405273e+00
1.301980949938297272e-02
6.635660529136657715e-01
5.736626982688903809e-01
3.937962651252746582e-02
9.624587893486022949e-01
1.057005286216735840e+00
1.544761180877685547e+00
5.002950429916381836e-01
4.112780988216400146e-01
1.441488265991210938e-01
7.332006692886352539e-01
1.802030503749847412e-01
3.967994824051856995e-02
7.892894744873046875e-01
6.827160716056823730e-01
4.491490125656127930e-01
7.498294580727815628e-03
1.043435111641883850e-01
1.609381139278411865e-01
7.073182463645935059e-01
1.184655547142028809e+00
3.894665837287902832e-01
3.482144474983215332e-01
5.558140873908996582e-01
1.953635662794113159e-01
4.863398373126983643e-01
4.967322349548339844e-01
8.892211914062500000e-01
4.463299751281738281e+00
3.918512761592864990e-01
3.882353603839874268e-01
1.567582368850708008e+00
0.000000000000000000e+00
3.810010477900505066e-02
6.156016141176223755e-02
6.715040653944015503e-02
8.616332896053791046e-03
9.667177498340606689e-02
5.307787060737609863e-01
7.956370115280151367e-01
1.572100259363651276e-02
7.895396947860717773e-01
6.479219794273376465e-01
7.241440564393997192e-02
1.231448292732238770e+00
0.000000000000000000e+00
1.664069592952728271e-01
3.897458910942077637e-01
7.727032899856567383e-02
1.721781015396118164e+00
0.000000000000000000e+00
4.181863740086555481e-03
1.646025925874710083e-01
0.000000000000000000e+00
1.912305355072021484e-01
9.056456387042999268e-02
0.000000000000000000e+00
7.566589117050170898e-01
4.889595210552215576e-01
0.000000000000000000e+00
0.000000000000000000e+00
3.465030491352081299e-01
3.122609257698059082e-01
1.258786860853433609e-02
7.466387152671813965e-01
9.671479463577270508e-01
3.330271840095520020e-01
6.357843875885009766e-01
7.857723236083984375e-01
1.144686341285705566e-01
3.211527317762374878e-02
3.113068938255310059e-01
9.173035621643066406e-02
6.769256591796875000e-01
6.679818034172058105e-01
3.103058934211730957e-01
1.547216344624757767e-02
5.247582793235778809e-01
7.614864110946655273e-01
9.052894078195095062e-03
1.025098636746406555e-01
9.820316918194293976e-03
4.387254361063241959e-03
0.000000000000000000e+00
8.443428277969360352e-01
0.000000000000000000e+00
6.255699992179870605e-01
2.733069658279418945e-02
3.184742853045463562e-02
1.278423547744750977e+00
8.940520137548446655e-02
5.026729106903076172e-01
1.120377063751220703e+00
1.575747966766357422e+00
4.355662465095520020e-01
6.948371529579162598e-01
2.205236911773681641e+00
2.101769685745239258e+00
0.000000000000000000e+00
1.598516106605529785e-01
1.309706687927246094e+00
8.342875242233276367e-01
5.037277936935424805e-01
2.257702827453613281e+00
1.625386439263820648e-02
8.454857766628265381e-02
6.242610979825258255e-03
2.656202912330627441e-01
5.209200382232666016e-01
2.579671144485473633e-01
2.826384544372558594e+00
1.910473823547363281e+00
9.305748939514160156e-01
3.486685454845428467e-02
2.603071928024291992e-01
4.592065885663032532e-02
0.000000000000000000e+00
0.000000000000000000e+00
9.944397956132888794e-02
3.549005836248397827e-02
1.927592791616916656e-02
0.000000000000000000e+00
5.522176250815391541e-02
4.109291136264801025e-01
6.515995860099792480e-01
1.914473772048950195e+00
8.834120631217956543e-02
6.148157715797424316e-01
1.529900670051574707e+00
3.552989959716796875e-01
1.887764632701873779e-01
0.000000000000000000e+00
1.145227849483489990e-01
1.028965115547180176e+00
7.127434015274047852e-02
1.561470746994018555e+00
7.402559369802474976e-02
1.122464418411254883e+00
5.533610582351684570e-01
3.306635841727256775e-02
2.841537259519100189e-02
7.573032379150390625e-01
1.943945527076721191e+00
2.320914715528488159e-01
6.708973050117492676e-01
1.873797059059143066e+00
4.985660612583160400e-01
4.244233369827270508e-01
2.922868430614471436e-01
9.664477780461311340e-03
2.190989404916763306e-01
0.000000000000000000e+00
3.008819580078125000e+00
7.218153476715087891e-01
1.034909248352050781e+00
1.240944981575012207e+00
1.130179762840270996e+00
1.004636883735656738e-01
6.844119429588317871e-01
2.759376764297485352e-01
1.386200636625289917e-02
3.098824918270111084e-01
7.543153315782546997e-02
0.000000000000000000e+00
4.843822214752435684e-03
2.311149686574935913e-01
0.000000000000000000e+00
1.218753308057785034e-01
9.752464890480041504e-01
1.770313978195190430e+00
2.886918559670448303e-02
6.510686278343200684e-01
5.995156168937683105e-01
1.008441090583801270e+00
1.492348220199346542e-02
1.297046989202499390e-01
0.000000000000000000e+00
1.623674482107162476e-01
4.793136119842529297e-01
1.169917136430740356e-01
5.372736454010009766e-01
8.608206510543823242e-01
0.000000000000000000e+00
1.053535580635070801e+00
1.779908388853073120e-01
2.887819707393646240e-02
1.720317155122756958e-01
0.000000000000000000e+00
2.316603899002075195e+00
1.405550599098205566e+00
1.700630784034729004e-01
2.795718431472778320e+00
0.000000000000000000e+00
1.270626544952392578e+00
4.520616531372070312e-01
3.854295313358306885e-01
2.212699353694915771e-01
1.919850230216979980e+00
3.670964837074279785e-01
9.943791478872299194e-02
8.956971764564514160e-01
4.409556686878204346e-01
4.255096912384033203e-01
3.483810663223266602e+00
3.834963738918304443e-01
0.000000000000000000e+00
3.662934899330139160e-01
1.425874978303909302e-01
7.589434385299682617e-01
4.216749966144561768e-01
4.967780783772468567e-02
8.861581236124038696e-02
8.906471133232116699e-01
3.640551269054412842e-01
5.052015557885169983e-02
9.187101572751998901e-02
1.900953501462936401e-01
1.572908043861389160e+00
3.705581426620483398e-01
5.096488073468208313e-02
1.765626519918441772e-01
1.876714378595352173e-01
0.000000000000000000e+00
1.251201033592224121e+00
0.000000000000000000e+00
5.471381917595863342e-02
2.217325687408447266e+00
3.324535191059112549e-01
2.647835016250610352e-02
1.556584835052490234e-01
2.271958738565444946e-01
5.987042188644409180e-01
1.558997202664613724e-03
4.074876606464385986e-01
2.393621921539306641e+00
1.327110886573791504e+00
9.172351956367492676e-01
3.260050415992736816e-01
2.319832146167755127e-01
0.000000000000000000e+00
3.368762088939547539e-03
