3.687198832631111145e-02
0.000000000000000000e+00
2.840879857540130615e-01
3.182547330856323242e+00
2.010007202625274658e-01
1.906868070363998413e-01
8.272767066955566406e-01
2.427479982376098633e+00
5.890324115753173828e+00
6.896650195121765137e-01
9.002317674458026886e-03
1.326852321624755859e+00
7.019015029072761536e-03
1.032835483551025391e+00
1.853774785995483398e+00
7.528175711631774902e-01
7.883791327476501465e-01
1.225668787956237793e+00
5.784980654716491699e-01
1.741820015013217926e-02
8.061032891273498535e-01
0.000000000000000000e+00
3.311485648155212402e-01
2.761199235916137695e+00
7.084690034389495850e-02
0.000000000000000000e+00
3.734985133633017540e-03
1.458802223205566406e+00
2.588571906089782715e-01
3.541959524154663086e-01
1.268193870782852173e-01
0.000000000000000000e+00
5.310105681419372559e-01
4.497046768665313721e-01
4.594389498233795166e-01
1.732007980346679688e+00
5.027973651885986328e-01
2.264586836099624634e-01
2.928458154201507568e-01
2.469469755887985229e-01
1.060543432831764221e-01
1.549966037273406982e-01
9.636976718902587891e-01
3.582939863204956055e+00
4.021353721618652344e-01
8.283298611640930176e-01
3.721510469913482666e-01
4.461828172206878662e-01
6.325955037027597427e-03
1.244263291358947754e+00
2.687999963760375977e+00
0.000000000000000000e+00
1.108680725097656250e+00
0.000000000000000000e+00
1.008895993232727051e+00
1.124100983142852783e-01
4.311668574810028076e-01
8.559641987085342407e-02
2.542376756668090820e+00
3.351892232894897461e-01
1.768957972526550293e-01
9.186921268701553345e-02
1.946883201599121094e-01
5.905184149742126465e-01
7.679947018623352051e-01
5.934493541717529297e-01
5.344887077808380127e-02
4.183290600776672363e-01
5.384508967399597168e-01
9.271645545959472656e-01
0.000000000000000000e+00
8.557177335023880005e-02
1.236115321516990662e-01
6.578016877174377441e-01
9.079607725143432617e-01
7.859965562820434570e-01
9.846036136150360107e-02
8.641291856765747070e-01
3.079884052276611328e-01
6.336070895195007324e-01
2.381975948810577393e-02
6.558768749237060547e-01
2.579823017120361328e+00
7.769232243299484253e-02
1.025538086891174316e+00
5.839454382658004761e-02
8.738744258880615234e-01
1.733744442462921143e-01
9.004829525947570801e-01
5.063477158546447754e-02
0.000000000000000000e+00
1.196886748075485229e-01
5.562026426196098328e-02
0.000000000000000000e+00
9.575335383415222168e-01
1.696995645761489868e-01
4.243060052394866943e-01
5.299143195152282715e-01
2.145821154117584229e-01
6.137022376060485840e-02
0.000000000000000000e+00
1.990498155355453491e-01
1.210861932486295700e-02
2.238678932189941406e+00
1.787259459495544434e+00
1.174198761582374573e-01
1.149754047393798828e+00
3.220111131668090820e-01
5.236762762069702148e-01
1.158648282289505005e-01
1.369101047515869141e+00
2.438767068088054657e-02
5.028786510229110718e-02
1.030782684683799744e-01
3.388527035713195801e-01
5.085194110870361328e-02
1.552709788084030151e-01
3.292339146137237549e-01
6.785534024238586426e-01
1.904875636100769043e+00
1.486912131309509277e+00
3.659172356128692627e-01
5.241778865456581116e-02
1.359731674194335938e+00
7.878151535987854004e-01
5.866613984107971191e-01
4.809706879314035177e-04
1.198114231228828430e-01
1.151297092437744141e+00
3.021549619734287262e-02
8.108285814523696899e-02
5.077093243598937988e-01
3.296558558940887451e-01
7.836990058422088623e-02
4.449560046195983887e-01
5.070660263299942017e-02
5.660868883132934570e-01
4.548658370971679688e+00
0.000000000000000000e+00
1.226008636876940727e-03
1.197888478636741638e-01
2.519636154174804688e-01
1.024488449096679688e+00
0.000000000000000000e+00
1.472316086292266846e-01
2.683928012847900391e-01
8.964924812316894531e-01
5.621361732482910156e-01
5.640982389450073242e-01
3.563389480113983154e-01
4.340546131134033203e+00
4.049539268016815186e-01
4.221234619617462158e-01
1.016245722770690918e+00
1.299584865570068359e+00
9.738896489143371582e-01
3.882265686988830566e-01
3.327173888683319092e-01
1.559354186058044434e+00
3.235561847686767578e-01
1.386648043990135193e-02
9.638318419456481934e-01
2.390919327735900879e-01
9.316803887486457825e-03
3.082015812397003174e-01
3.645220696926116943e-01
1.744847372174263000e-02
0.000000000000000000e+00
6.642355322837829590e-01
1.215441823005676270e+00
1.711440980434417725e-01
3.249118626117706299e-01
6.629455834627151489e-03
4.371166229248046875e-01
3.710582554340362549e-01
6.590998172760009766e+00
4.344803839921951294e-02
7.759821601212024689e-03
0.000000000000000000e+00
8.326641470193862915e-02
1.196094509214162827e-02
1.178647801280021667e-01
2.044537216424942017e-01
2.626553297042846680e+00
5.260931700468063354e-02
9.759347885847091675e-04
1.999528333544731140e-02
8.900352120399475098e-01
0.000000000000000000e+00
1.142157092690467834e-01
2.154809189960360527e-03
7.985649257898330688e-02
9.263032078742980957e-01
6.963008642196655273e-01
7.677449584007263184e-01
3.308334648609161377e-01
4.585091769695281982e-01
3.808937072753906250e-01
1.614041179418563843e-01
1.012985110282897949e+00
1.354646444320678711e+00
2.398694455623626709e-01
2.956636846065521240e-01
4.291641414165496826e-01
9.259602427482604980e-02
1.472687907516956329e-02
4.558303058147430420e-01
1.757944846758618951e-04
2.901202440261840820e-01
9.972090721130371094e-01
1.621531695127487183e-01
2.769156992435455322e-01
4.199614822864532471e-01
4.612801969051361084e-01
5.417262911796569824e-01
3.222400546073913574e-01
9.810624271631240845e-02
3.744897544384002686e-01
1.649371623992919922e+00
5.879130959510803223e-01
6.288471072912216187e-02
2.429032772779464722e-01
4.865945279598236084e-01
2.625267505645751953e-01
4.027285873889923096e-01
0.000000000000000000e+00
2.125116586685180664e-01
1.744957268238067627e-01
0.000000000000000000e+00
3.583119809627532959e-02
2.456611990928649902e-01
4.323994219303131104e-01
1.362535715103149414e+00
9.833329319953918457e-01
1.120176672935485840e+00
7.815973758697509766e-01
2.039942264556884766e+00
6.032691597938537598e-01
6.951604783535003662e-02
9.658366441726684570e-01
5.084655284881591797e-01
9.373527765274047852e-02
4.567592442035675049e-01
3.171598434448242188e+00
7.303610444068908691e-01
1.575112342834472656e-01
5.060330033302307129e-01
1.079556765034794807e-03
1.599327564239501953e+00
1.834023445844650269e-01
6.642888784408569336e-01
2.714272439479827881e-01
5.662004463374614716e-03
7.855128645896911621e-01
9.755827784538269043e-01
4.594927653670310974e-03
1.211831346154212952e-03
0.000000000000000000e+00
2.309139370918273926e-01
8.500709384679794312e-02
1.315286874771118164e+00
2.254352122545242310e-01
7.632199674844741821e-02
1.599651947617530823e-02
0.000000000000000000e+00
9.925875067710876465e-02
6.853421926498413086e-01
3.142715245485305786e-02
2.070375531911849976e-01
1.171630546450614929e-01
1.166494369506835938e+00
3.222706262022256851e-03
5.860366821289062500e-01
7.798958569765090942e-02
1.552831977605819702e-01
4.928794801235198975e-01
2.268819212913513184e-01
6.218854188919067383e-01
5.299112796783447266e-01
8.933436870574951172e-02
5.713106691837310791e-02
5.830863714218139648e-01
1.174982562661170959e-01
1.804368048906326294e-01
7.650161981582641602e-01
6.293343901634216309e-01
4.852693378925323486e-01
4.064594861119985580e-03
7.146339118480682373e-02
4.988200217485427856e-02
8.424667716026306152e-01
6.383882761001586914e-01
3.475790619850158691e-01
9.755223244428634644e-02
7.226100564002990723e-02
1.675839722156524658e-01
2.282864898443222046e-01
4.721565246582031250e-01
1.064702868461608887e+00
4.601449966430664062e+00
9.799917936325073242e-01
4.093746840953826904e-01
4.374528527259826660e-01
1.809112913906574249e-02
1.012394763529300690e-02
2.129708649590611458e-03
1.470469031482934952e-02
1.640481501817703247e-02
4.535749927163124084e-02
4.471960067749023438e-01
2.708131372928619385e-01
4.648673161864280701e-02
1.652134656906127930e-01
4.951958954334259033e-01
2.111201286315917969e-01
5.329864025115966797e-01
5.244030617177486420e-03
2.265930920839309692e-01
3.156226873397827148e-01
1.234463378787040710e-01
1.069488525390625000e+00
0.000000000000000000e+00
2.975861309096217155e-03
6.192428469657897949e-01
2.509825397282838821e-03
4.545924961566925049e-01
2.676990330219268799e-01
0.000000000000000000e+00
6.495420932769775391e-01
2.709777653217315674e-01
0.000000000000000000e+00
0.000000000000000000e+00
1.453487109392881393e-02
5.322570726275444031e-02
2.216738089919090271e-02
4.773160815238952637e-01
1.135896921157836914e+00
1.724228560924530029e-01
5.697697401046752930e-01
6.172651648521423340e-01
1.375460922718048096e-01
1.065038796514272690e-02
1.140955463051795959e-01
4.107921943068504333e-02
2.616117298603057861e-01
5.251713991165161133e-01
1.203399747610092163e-01
2.170116873458027840e-03
2.258719950914382935e-01
7.178242802619934082e-01
9.193105250597000122e-02
2.215314209461212158e-01
7.203195244073867798e-02
2.666190825402736664e-02
7.440594024956226349e-03
9.599598050117492676e-01
0.000000000000000000e+00
1.764739602804183960e-01
2.798322355374693871e-03
7.774566859006881714e-02
5.296935439109802246e-01
1.330817490816116333e-02
4.710620045661926270e-01
4.859749376773834229e-01
2.115398645401000977e+00
7.019438147544860840e-01
8.096777200698852539e-01
1.425188422203063965e+00
1.340866565704345703e+00
2.815696643665432930e-03
1.102127432823181152e-01
9.186765551567077637e-01
6.200825572013854980e-01
1.515024006366729736e-01
8.486656546592712402e-01
1.531653571873903275e-03
4.404839500784873962e-02
0.000000000000000000e+00
4.689435362815856934e-01
5.753058195114135742e-01
2.941028587520122528e-02
2.870691299438476562e+00
1.919598937034606934e+00
4.419901669025421143e-01
1.527061965316534042e-02
1.743731796741485596e-01
0.000000000000000000e+00
3.543188422918319702e-02
0.000000000000000000e+00
6.035463418811559677e-03
4.458390772342681885e-01
1.505837403237819672e-02
0.000000000000000000e+00
4.601938128471374512e-01
1.387052088975906372e-01
4.598507583141326904e-01
1.298820257186889648e+00
0.000000000000000000e+00
1.547975651919841766e-02
1.182103157043457031e+00
5.052770301699638367e-02
4.628513753414154053e-01
0.000000000000000000e+00
2.310371100902557373e-01
9.641003608703613281e-01
3.069663345813751221e-01
1.054778575897216797e+00
2.305445671081542969e-01
1.219752192497253418e+00
3.684479892253875732e-01
2.410960048437118530e-01
0.000000000000000000e+00
4.016329944133758545e-01
1.301298856735229492e+00
4.171233177185058594e-01
2.220908701419830322e-01
2.325402021408081055e+00
2.824747860431671143e-01
3.623586595058441162e-01
1.693319231271743774e-01
2.240607328712940216e-02
9.087784588336944580e-02
0.000000000000000000e+00
3.008999824523925781e+00
5.667532682418823242e-01
6.428492069244384766e-01
1.336469531059265137e+00
7.100762724876403809e-01
0.000000000000000000e+00
7.855175137519836426e-01
3.666375577449798584e-01
2.846580743789672852e-02
0.000000000000000000e+00
0.000000000000000000e+00
0.000000000000000000e+00
3.461035341024398804e-02
1.590787172317504883e-01
0.000000000000000000e+00
0.000000000000000000e+00
3.096012473106384277e-01
1.327534198760986328e+00
2.221967559307813644e-03
2.455602586269378662e-01
3.277925252914428711e-01
1.118841052055358887e+00
6.448905169963836670e-02
1.026430875062942505e-01
3.771917521953582764e-02
3.118939697742462158e-01
3.137640655040740967e-01
5.006425976753234863e-01
3.389173448085784912e-01
8.116394877433776855e-01
0.000000000000000000e+00
1.320442914962768555e+00
1.462094932794570923e-01
4.403641819953918457e-02
5.154158920049667358e-02
0.000000000000000000e+00
2.190551519393920898e+00
1.010607838630676270e+00
1.295515149831771851e-01
1.660674691200256348e+00
5.047324299812316895e-02
9.188105463981628418e-01
5.992244184017181396e-02
2.071996591985225677e-02
2.645688951015472412e-01
1.088305234909057617e+00
5.093440413475036621e-01
3.341025672852993011e-03
4.390878081321716309e-01
2.399212121963500977e-01
8.750623464584350586e-02
2.390230178833007812e+00
1.655644625425338745e-01
0.000000000000000000e+00
2.361345440149307251e-01
2.474314719438552856e-02
4.722684323787689209e-01
5.442678332328796387e-01
3.727904055267572403e-03
8.604212105274200439e-02
2.665502130985260010e-01
4.242869019508361816e-01
1.271902322769165039e-01
2.460044175386428833e-01
2.600885555148124695e-02
1.000595450401306152e+00
2.157990336418151855e-01
8.702625334262847900e-02
1.211238577961921692e-01
6.353255361318588257e-03
2.187310457229614258e-01
1.245574951171875000e+00
1.186473760753870010e-02
1.436179131269454956e-01
2.091470241546630859e+00
2.272067219018936157e-02
1.771012321114540100e-04
9.022288024425506592e-02
1.032228827476501465e+00
5.878697037696838379e-01
1.803311109542846680e-01
1.938024759292602539e-01
1.958169579505920410e+00
1.863973140716552734e+00
1.261233091354370117e+00
3.315005600452423096e-01
4.806491732597351074e-01
0.000000000000000000e+00
6.238479545572772622e-05
