6.489440053701400757e-02
0.000000000000000000e+00
1.423714011907577515e-01
3.619291305541992188e+00
3.818006515502929688e-01
2.066071480512619019e-01
1.075805664062500000e+00
2.617624759674072266e+00
7.112427711486816406e+00
1.950837969779968262e+00
2.313973754644393921e-01
2.663920164108276367e+00
4.388299286365509033e-01
8.133642673492431641e-01
3.321162462234497070e+00
1.087768435478210449e+00
1.211835026741027832e+00
4.660688042640686035e-01
7.828919887542724609e-01
4.252604395151138306e-02
1.335542798042297363e+00
2.021277695894241333e-02
3.859290182590484619e-01
3.467047452926635742e+00
4.688981547951698303e-02
2.140383934602141380e-03
2.363979816436767578e-02
2.341997146606445312e+00
5.009488463401794434e-01
1.652118265628814697e-01
3.067248035222291946e-03
0.000000000000000000e+00
1.136507749557495117e+00
3.402610123157501221e-01
1.028008103370666504e+00
4.054721832275390625e+00
3.273579776287078857e-01
1.115362122654914856e-01
8.086841553449630737e-02
7.710480093955993652e-01
6.631582975387573242e-01
1.788340508937835693e-01
6.392104029655456543e-01
3.626938819885253906e+00
2.413842082023620605e-01
1.672430396080017090e+00
2.823341786861419678e-01
1.686257600784301758e+00
5.954860895872116089e-02
2.243717432022094727e+00
3.478315830230712891e+00
0.000000000000000000e+00
1.340697407722473145e+00
1.209203451871871948e-01
1.101130604743957520e+00
9.030886292457580566e-01
1.359425485134124756e-01
1.875636428594589233e-01
2.453469753265380859e+00
9.587634354829788208e-02
2.987981736660003662e-01
2.328582704067230225e-01
3.913201391696929932e-02
1.270164847373962402e+00
2.013911962509155273e+00
3.571579456329345703e-01
1.026229038834571838e-01
5.548217892646789551e-01
1.340377449989318848e+00
1.052963376045227051e+00
1.821535872295498848e-03
4.343944415450096130e-02
2.012141495943069458e-01
9.145736694335937500e-02
6.618896722793579102e-01
1.126917004585266113e+00
0.000000000000000000e+00
1.225899696350097656e+00
4.525534212589263916e-01
9.126266241073608398e-01
4.115263521671295166e-01
1.261105060577392578e+00
1.776289582252502441e+00
5.295008420944213867e-02
2.459596395492553711e+00
2.580629289150238037e-01
5.054621696472167969e-01
2.916775830090045929e-02
8.488897085189819336e-01
8.717962354421615601e-02
1.076466590166091919e-02
9.454180486500263214e-03
0.000000000000000000e+00
0.000000000000000000e+00
9.449102282524108887e-01
2.815070152282714844e-01
5.534818768501281738e-01
1.492263793945312500e+00
1.062210053205490112e-01
1.195742115378379822e-01
0.000000000000000000e+00
3.552987277507781982e-01
3.428829833865165710e-03
2.592861175537109375e+00
1.449485898017883301e+00
6.261969357728958130e-02
2.078086614608764648e+00
6.667700409889221191e-01
3.317278921604156494e-01
4.779681563377380371e-01
1.638244867324829102e+00
3.842230513691902161e-02
7.463278174400329590e-01
1.114916443824768066e+00
4.282785952091217041e-01
0.000000000000000000e+00
2.390766516327857971e-02
3.726998865604400635e-01
1.241034507751464844e+00
1.690287947654724121e+00
7.413251996040344238e-01
5.154683589935302734e-01
2.536426298320293427e-02
1.867843270301818848e+00
4.952713251113891602e-01
8.718814253807067871e-01
0.000000000000000000e+00
3.387849628925323486e-01
2.320350408554077148e+00
3.309757411479949951e-01
5.155660510063171387e-01
9.890177845954895020e-01
2.861864864826202393e-01
1.831211149692535400e-01
3.686003386974334717e-01
1.015491504222154617e-02
3.583094775676727295e-01
4.729804515838623047e+00
0.000000000000000000e+00
1.369766443967819214e-01
4.289950057864189148e-02
2.489265054464340210e-01
1.206908345222473145e+00
5.489173159003257751e-02
1.438259333372116089e-01
1.638460308313369751e-01
1.360791087150573730e+00
7.833225131034851074e-01
1.809355616569519043e+00
1.531939059495925903e-01
5.966214656829833984e+00
4.397430419921875000e-01
9.344126582145690918e-01
2.734166979789733887e-01
2.097298860549926758e+00
1.747822642326354980e+00
4.843927323818206787e-01
4.411166608333587646e-01
2.553611516952514648e+00
2.538769841194152832e-01
2.077707350254058838e-01
5.772341489791870117e-01
3.417698144912719727e-01
5.820115655660629272e-02
4.315625429153442383e-01
1.171775236725807190e-01
0.000000000000000000e+00
0.000000000000000000e+00
1.266477942466735840e+00
2.358553886413574219e+00
3.671685457229614258e-01
4.439775049686431885e-01
3.024700796231627464e-03
1.493075132369995117e+00
6.332547068595886230e-01
8.655145645141601562e+00
5.798105522990226746e-02
5.503262858837842941e-03
2.347812242805957794e-02
1.599798798561096191e-01
3.417500853538513184e-02
5.271088331937789917e-02
8.711668848991394043e-02
3.474747657775878906e+00
1.670391261577606201e-01
0.000000000000000000e+00
1.203866675496101379e-01
1.830760359764099121e+00
0.000000000000000000e+00
2.778282202780246735e-02
0.000000000000000000e+00
7.315420079976320267e-03
1.036322116851806641e+00
8.441972732543945312e-02
5.405541658401489258e-01
5.667096972465515137e-01
7.130808234214782715e-01
4.549115598201751709e-01
1.129307821393013000e-01
9.589422345161437988e-01
2.140847444534301758e+00
5.678098201751708984e-01
2.779356576502323151e-02
7.260475158691406250e-01
5.230331420898437500e-01
8.132813870906829834e-02
8.934411406517028809e-01
1.736379199428483844e-04
3.903771936893463135e-01
1.688615560531616211e+00
2.221588492393493652e-01
4.750642478466033936e-01
7.353833317756652832e-01
1.198816537857055664e+00
8.927806019783020020e-01
6.884826421737670898e-01
7.391116023063659668e-01
6.677051186561584473e-01
1.957537889480590820e+00
6.325679421424865723e-01
1.610580645501613617e-02
3.639196278527379036e-03
1.445092201232910156e+00
6.336262822151184082e-02
8.600857853889465332e-01
0.000000000000000000e+00
1.090433150529861450e-01
2.156776338815689087e-01
2.929068356752395630e-02
8.935985714197158813e-02
3.378752470016479492e-01
4.832410216331481934e-01
2.870321989059448242e+00
1.852963805198669434e+00
1.344512939453125000e+00
8.329808712005615234e-01
2.281926870346069336e+00
1.029606223106384277e+00
1.568640395998954773e-02
1.310727477073669434e+00
4.174455702304840088e-01
7.066047191619873047e-02
4.218687769025564194e-03
2.393757820129394531e+00
8.024936318397521973e-01
2.244899421930313110e-01
9.844701290130615234e-01
1.806323044002056122e-02
2.400734663009643555e+00
1.153460860252380371e+00
2.752431035041809082e-01
8.537539839744567871e-01
4.943632055073976517e-03
8.050278425216674805e-01
1.764644026756286621e+00
7.647008169442415237e-03
1.317747384309768677e-01
0.000000000000000000e+00
4.984166007488965988e-03
6.603642553091049194e-02
1.895953893661499023e+00
2.858148515224456787e-01
0.000000000000000000e+00
7.916186936199665070e-03
0.000000000000000000e+00
2.896928787231445312e-01
1.625214576721191406e+00
3.320757765322923660e-03
1.473980188369750977e+00
1.996302902698516846e-01
1.936915755271911621e+00
2.853647060692310333e-02
7.749494910240173340e-01
2.296130657196044922e-01
3.367045521736145020e-02
5.651889443397521973e-01
3.383280336856842041e-02
7.241370677947998047e-01
1.392081260681152344e+00
2.224785089492797852e-01
2.022338807582855225e-01
6.435991525650024414e-01
2.262693047523498535e-01
9.599681943655014038e-02
4.409456849098205566e-01
1.283489465713500977e+00
1.634936809539794922e+00
1.023523434996604919e-01
3.732669651508331299e-01
9.576057642698287964e-02
1.206938982009887695e+00
1.478226900100708008e+00
1.855785548686981201e-01
0.000000000000000000e+00
1.341158449649810791e-01
5.000287890434265137e-01
4.504353106021881104e-01
2.379478812217712402e-01
1.805004119873046875e+00
5.737753391265869141e+00
4.606043994426727295e-01
3.008799850940704346e-01
1.144322872161865234e+00
8.359611034393310547e-02
3.634826093912124634e-02
5.820570513606071472e-02
0.000000000000000000e+00
0.000000000000000000e+00
6.083212792873382568e-02
3.397547304630279541e-01
9.976731538772583008e-01
5.740144755691289902e-03
5.523650646209716797e-01
1.383725643157958984e+00
4.562158286571502686e-01
1.208306550979614258e+00
0.000000000000000000e+00
2.394431382417678833e-01
9.803675413131713867e-01
5.896421149373054504e-02
2.233858108520507812e+00
0.000000000000000000e+00
1.366453021764755249e-01
1.923467665910720825e-01
0.000000000000000000e+00
3.167699873447418213e-01
1.457064151763916016e-01
0.000000000000000000e+00
1.201213479042053223e+00
6.834185719490051270e-01
0.000000000000000000e+00
0.000000000000000000e+00
1.342885345220565796e-01
1.072406098246574402e-01
0.000000000000000000e+00
6.609138846397399902e-01
1.470466732978820801e+00
2.229716628789901733e-01
8.310733437538146973e-01
8.943840861320495605e-01
3.402829170227050781e-02
1.727311499416828156e-02
2.686839401721954346e-01
1.454957425594329834e-01
7.308700084686279297e-01
1.567921876907348633e+00
3.292548358440399170e-01
7.644005119800567627e-02
6.285435557365417480e-01
9.587975740432739258e-01
1.389791518449783325e-01
6.044695377349853516e-01
1.165450066328048706e-01
4.470239207148551941e-02
3.759392723441123962e-02
1.068188905715942383e+00
0.000000000000000000e+00
2.824469208717346191e-01
0.000000000000000000e+00
5.500435233116149902e-01
1.120550155639648438e+00
4.964137822389602661e-02
5.598279833793640137e-01
6.342548131942749023e-01
1.506086230278015137e+00
5.525608062744140625e-01
2.258321195840835571e-01
1.695777654647827148e+00
2.688629627227783203e+00
4.523394163697957993e-03
2.651275992393493652e-01
2.342471122741699219e+00
1.315655112266540527e+00
3.121513724327087402e-01
1.129326820373535156e+00
1.360540161840617657e-03
4.870285391807556152e-01
8.357342332601547241e-03
5.747452974319458008e-01
9.766541719436645508e-01
8.707761764526367188e-02
4.136545181274414062e+00
2.053814649581909180e+00
1.335952758789062500e+00
0.000000000000000000e+00
7.149313688278198242e-01
1.798935234546661377e-02
0.000000000000000000e+00
0.000000000000000000e+00
3.134804964065551758e-01
1.926356703042984009e-01
0.000000000000000000e+00
0.000000000000000000e+00
7.702256739139556885e-02
5.534798651933670044e-02
7.810420989990234375e-01
2.397725820541381836e+00
1.134690921753644943e-02
2.733492851257324219e-01
1.845137834548950195e+00
1.742314547300338745e-01
7.246782779693603516e-01
0.000000000000000000e+00
2.878333330154418945e-01
1.023543953895568848e+00
6.392735242843627930e-02
1.666014075279235840e+00
6.481985747814178467e-02
1.634858131408691406e+00
3.380208611488342285e-01
2.607016861438751221e-01
4.443674348294734955e-03
8.714233636856079102e-01
2.196757316589355469e+00
1.800642311573028564e-01
1.433362960815429688e-01
3.012364625930786133e+00
2.423768118023872375e-02
3.112024962902069092e-01
1.901832073926925659e-01
4.084737896919250488e-01
2.338497936725616455e-01
0.000000000000000000e+00
3.221627950668334961e+00
9.330615401268005371e-01
8.493778109550476074e-01
1.211289882659912109e+00
1.453315496444702148e+00
2.569581195712089539e-02
1.832928657531738281e+00
6.412970833480358124e-03
1.130814924836158752e-01
9.598163515329360962e-02
0.000000000000000000e+00
1.261436194181442261e-02
9.635931253433227539e-02
5.789616703987121582e-01
0.000000000000000000e+00
5.398651584982872009e-02
5.567616820335388184e-01
2.128810644149780273e+00
0.000000000000000000e+00
2.578509747982025146e-01
1.186150908470153809e-01
1.941120505332946777e+00
5.048910528421401978e-02
2.546459808945655823e-02
6.142803467810153961e-03
2.783607840538024902e-01
1.234191417694091797e+00
4.054780304431915283e-01
6.438162922859191895e-02
1.747552275657653809e+00
0.000000000000000000e+00
1.059762358665466309e+00
2.606997191905975342e-01
2.506802082061767578e-01
1.257823556661605835e-01
0.000000000000000000e+00
1.719853281974792480e+00
1.375743865966796875e+00
4.799880981445312500e-01
3.467219114303588867e+00
1.084379851818084717e-02
1.574926853179931641e+00
4.395027458667755127e-02
4.075293242931365967e-02
1.255773603916168213e-01
1.586275696754455566e+00
8.969757556915283203e-01
0.000000000000000000e+00
4.115102291107177734e-01
6.470162272453308105e-01
1.925654262304306030e-01
3.205326795578002930e+00
5.160088539123535156e-01
2.493328601121902466e-02
2.687241733074188232e-01
1.311706006526947021e-01
1.567343592643737793e+00
2.900077700614929199e-01
5.481135845184326172e-02
1.875822618603706360e-02
1.258375048637390137e+00
8.272940516471862793e-01
1.646768860518932343e-02
1.495503038167953491e-01
6.501747295260429382e-03
1.738646507263183594e+00
1.649737060070037842e-01
1.799188256263732910e-01
5.743720531463623047e-01
9.913714602589607239e-03
1.396213620901107788e-01
1.109131336212158203e+00
2.450808882713317871e-03
3.906475603580474854e-01
2.394611835479736328e+00
2.597934901714324951e-01
1.853187754750251770e-02
1.360799819231033325e-01
1.180260062217712402e+00
5.234653353691101074e-01
2.680848538875579834e-01
5.158619284629821777e-01
2.326124429702758789e+00
2.346125602722167969e+00
4.225029349327087402e-01
5.262695997953414917e-02
2.113801538944244385e-01
0.000000000000000000e+00
5.088845733553171158e-03
