6.895052641630172729e-02
3.805762622505426407e-03
4.099901914596557617e-01
3.135614156723022461e+00
3.381543457508087158e-01
1.427385956048965454e-01
3.953555226325988770e-01
3.009516716003417969e+00
5.815434455871582031e+00
3.479323387145996094e-01
1.410514414310455322e-01
1.562894225120544434e+00
9.058459103107452393e-02
9.977222084999084473e-01
2.164769411087036133e+00
1.180595397949218750e+00
8.373557925224304199e-01
1.067001938819885254e+00
1.534252643585205078e+00
2.272808700799942017e-01
9.570021033287048340e-01
0.000000000000000000e+00
7.736176252365112305e-01
3.558618068695068359e+00
4.670980274677276611e-01
0.000000000000000000e+00
1.030248776078224182e-02
1.596456170082092285e+00
1.338508874177932739e-01
1.047288719564676285e-02
6.268905103206634521e-02
7.378796581178903580e-04
6.263954043388366699e-01
5.122928023338317871e-01
5.061438083648681641e-01
1.717714548110961914e+00
2.342370301485061646e-01
1.180271148681640625e+00
2.252689450979232788e-01
8.598738163709640503e-02
1.530618667602539062e-01
9.767618775367736816e-02
1.307884693145751953e+00
3.131201267242431641e+00
9.316579103469848633e-01
1.165361523628234863e+00
1.316550523042678833e-01
4.949647486209869385e-01
0.000000000000000000e+00
6.427251696586608887e-01
2.045793056488037109e+00
0.000000000000000000e+00
8.341926336288452148e-01
4.705658182501792908e-02
1.516610860824584961e+00
5.202212333679199219e-01
4.379808008670806885e-01
3.909148275852203369e-03
2.696866750717163086e+00
1.800516247749328613e-01
1.276495158672332764e-01
1.185426022857427597e-02
3.399428129196166992e-01
8.804420828819274902e-01
8.951909542083740234e-01
5.776762366294860840e-01
1.883342415094375610e-01
4.721945524215698242e-01
1.014737129211425781e+00
1.600843071937561035e+00
0.000000000000000000e+00
2.317360602319240570e-03
1.626070886850357056e-01
8.350406289100646973e-01
3.752899765968322754e-01
8.339932560920715332e-01
0.000000000000000000e+00
5.794436931610107422e-01
7.460070252418518066e-01
5.917674303054809570e-01
2.433521002531051636e-01
8.770278692245483398e-01
2.174381971359252930e+00
2.845763787627220154e-02
1.057836532592773438e+00
5.151005983352661133e-01
4.894251823425292969e-01
1.508841663599014282e-01
1.148428320884704590e+00
1.265343874692916870e-01
0.000000000000000000e+00
3.688546642661094666e-02
9.877359122037887573e-02
1.480688806623220444e-03
1.101257324218750000e+00
1.467185616493225098e-01
4.078754782676696777e-01
1.480085730552673340e+00
0.000000000000000000e+00
7.972455024719238281e-02
1.493331743404269218e-03
4.122474491596221924e-01
1.763598248362541199e-02
1.405215620994567871e+00
2.125113725662231445e+00
1.977344602346420288e-02
1.380732297897338867e+00
3.747003078460693359e-01
1.275199502706527710e-01
6.571462750434875488e-02
1.287291646003723145e+00
3.179210051894187927e-02
8.144929409027099609e-01
4.998600184917449951e-01
2.829836905002593994e-01
1.044252142310142517e-01
3.370559588074684143e-02
4.506696760654449463e-02
3.308911621570587158e-01
1.170857787132263184e+00
2.810382127761840820e+00
1.104173138737678528e-01
5.357644706964492798e-02
1.895205378532409668e+00
7.347565889358520508e-01
3.203606009483337402e-01
0.000000000000000000e+00
1.290605217218399048e-01
1.560110449790954590e+00
2.016320824623107910e-01
2.769972980022430420e-01
6.223272085189819336e-01
7.560204863548278809e-01
1.460034549236297607e-01
2.163304686546325684e-01
1.052701771259307861e-01
4.160151779651641846e-01
3.756873846054077148e+00
0.000000000000000000e+00
7.344751153141260147e-03
8.287817239761352539e-02
8.720264583826065063e-02
1.176386475563049316e+00
3.779933974146842957e-02
8.749841153621673584e-02
2.357333600521087646e-01
8.165382742881774902e-01
8.159242868423461914e-01
1.286733031272888184e+00
2.208166867494583130e-01
4.036277294158935547e+00
3.263635039329528809e-01
3.032366558909416199e-02
1.999949961900711060e-01
1.434690356254577637e+00
3.214992582798004150e-01
5.624145269393920898e-01
3.326933681964874268e-01
1.764240503311157227e+00
2.352535426616668701e-01
1.276098787784576416e-01
7.920274138450622559e-01
2.387203425168991089e-01
7.339647412300109863e-02
2.912428416311740875e-02
2.612964510917663574e-01
0.000000000000000000e+00
0.000000000000000000e+00
5.264554023742675781e-01
1.833308458328247070e+00
3.076801300048828125e-01
1.029969453811645508e+00
5.399862769991159439e-03
4.314784407615661621e-01
3.650139570236206055e-01
5.894582271575927734e+00
7.152061164379119873e-02
3.147382754832506180e-03
2.083498798310756683e-02
1.697766780853271484e-01
4.034775123000144958e-02
3.825884684920310974e-02
3.207201138138771057e-02
3.240171909332275391e+00
9.906681627035140991e-02
4.241065680980682373e-02
2.984160184860229492e-02
6.359273195266723633e-01
2.111073583364486694e-03
2.101188525557518005e-02
2.052632858976721764e-03
9.929213672876358032e-03
9.970264434814453125e-01
1.081940829753875732e-01
2.934522032737731934e-01
6.518861651420593262e-01
5.412179827690124512e-01
2.609249651432037354e-01
6.679758429527282715e-02
6.407179236412048340e-01
1.384015083312988281e+00
4.282103478908538818e-01
2.182314731180667877e-02
6.215996742248535156e-01
1.381867285817861557e-02
1.045391522347927094e-02
1.269956231117248535e+00
0.000000000000000000e+00
3.664067685604095459e-01
5.930353999137878418e-01
3.178931474685668945e-01
5.360465645790100098e-01
5.132808908820152283e-02
3.931584954261779785e-01
5.719679594039916992e-01
3.974557816982269287e-01
3.440414965152740479e-01
5.890436768531799316e-01
1.984104037284851074e+00
9.441701173782348633e-01
3.349981829524040222e-02
6.569243967533111572e-02
8.566600680351257324e-01
1.770847588777542114e-01
7.559421658515930176e-01
1.526395208202302456e-03
3.930186033248901367e-01
1.686335802078247070e-01
7.924898527562618256e-03
5.947836488485336304e-02
2.212460488080978394e-01
6.752561926841735840e-01
2.597057580947875977e+00
6.158908009529113770e-01
9.729006886482238770e-01
3.731234371662139893e-01
2.330700635910034180e+00
1.039678096771240234e+00
1.122413296252489090e-02
8.562661409378051758e-01
2.928659021854400635e-01
4.232573881745338440e-02
5.426673889160156250e-01
2.502671718597412109e+00
7.282755374908447266e-01
8.876077085733413696e-02
6.454114913940429688e-01
0.000000000000000000e+00
1.925550460815429688e+00
1.866218000650405884e-01
5.238357186317443848e-01
7.809138894081115723e-01
7.925397157669067383e-02
6.348157525062561035e-01
8.883309960365295410e-01
5.265763495117425919e-03
8.679359219968318939e-03
0.000000000000000000e+00
1.093602254986763000e-01
7.019707560539245605e-02
1.074353098869323730e+00
2.076516102533787489e-04
3.556418418884277344e-02
5.758487805724143982e-02
0.000000000000000000e+00
5.588400363922119141e-01
1.777378916740417480e+00
1.173375640064477921e-02
3.610104322433471680e-01
4.530278444290161133e-01
1.027813792228698730e+00
9.975133463740348816e-03
1.046170949935913086e+00
2.349379807710647583e-01
1.370996385812759399e-01
5.675103068351745605e-01
5.707246065139770508e-01
8.535280823707580566e-01
4.122997522354125977e-01
1.940974593162536621e-01
0.000000000000000000e+00
9.689561128616333008e-01
8.345271348953247070e-01
1.037034671753644943e-02
4.595868885517120361e-01
1.067866802215576172e+00
4.189060330390930176e-01
2.773267589509487152e-02
2.041419446468353271e-01
1.435869373381137848e-02
8.809978365898132324e-01
8.421767950057983398e-01
2.542974054813385010e-01
3.865735232830047607e-02
2.165518403053283691e-01
3.937147185206413269e-02
1.195573508739471436e-01
2.568859755992889404e-01
7.803720831871032715e-01
4.033530235290527344e+00
1.304202198982238770e+00
3.440049886703491211e-01
6.038916110992431641e-01
0.000000000000000000e+00
3.956542536616325378e-02
3.901707008481025696e-02
1.007664576172828674e-02
0.000000000000000000e+00
1.738581657409667969e-01
1.837874650955200195e-01
7.523356080055236816e-01
0.000000000000000000e+00
1.706429719924926758e-01
5.120149850845336914e-01
1.371365878731012344e-02
1.376443028450012207e+00
0.000000000000000000e+00
4.265434443950653076e-01
4.725211560726165771e-01
9.353140369057655334e-03
1.898460149765014648e+00
2.041477523744106293e-02
1.110839378088712692e-02
7.936339825391769409e-02
3.193396609276533127e-03
1.608722507953643799e-01
2.150041013956069946e-01
0.000000000000000000e+00
6.864775419235229492e-01
4.777695834636688232e-01
0.000000000000000000e+00
9.491878561675548553e-03
1.127681061625480652e-01
3.713815286755561829e-02
9.310891479253768921e-02
7.071050405502319336e-01
1.477389216423034668e+00
5.363278388977050781e-01
7.919853329658508301e-01
2.028969675302505493e-01
1.312558073550462723e-02
5.020890850573778152e-03
1.210387870669364929e-01
1.145587414503097534e-01
3.080296218395233154e-01
5.840858817100524902e-01
2.285242229700088501e-01
2.134751528501510620e-02
3.773277997970581055e-01
2.185777276754379272e-01
8.763155341148376465e-02
4.585238695144653320e-01
8.192237466573715210e-03
2.232064493000507355e-03
1.212297901511192322e-01
1.102009534835815430e+00
0.000000000000000000e+00
7.848378419876098633e-01
3.551842272281646729e-02
2.111041992902755737e-01
1.677508592605590820e+00
1.319308131933212280e-01
3.210920989513397217e-01
6.608464121818542480e-01
1.039498567581176758e+00
3.380596339702606201e-01
2.968584001064300537e-01
1.430295228958129883e+00
2.012537002563476562e+00
8.268845267593860626e-03
2.085605561733245850e-01
7.958499193191528320e-01
2.764369249343872070e-01
6.395936012268066406e-01
9.657693505287170410e-01
1.018989458680152893e-02
1.595776975154876709e-01
7.021137326955795288e-02
3.621408045291900635e-01
5.058431625366210938e-01
5.096539258956909180e-01
2.379741191864013672e+00
1.090974450111389160e+00
7.269572019577026367e-01
0.000000000000000000e+00
1.656327545642852783e-01
8.447100967168807983e-02
0.000000000000000000e+00
0.000000000000000000e+00
1.303002517670392990e-02
2.279519438743591309e-01
1.586158573627471924e-02
2.833635732531547546e-02
6.606888025999069214e-02
1.077614724636077881e-02
4.964138567447662354e-01
2.578489065170288086e+00
2.267957665026187897e-02
2.313528209924697876e-02
1.106126308441162109e+00
1.726518720388412476e-01
1.021095156669616699e+00
0.000000000000000000e+00
3.801876306533813477e-01
1.064833283424377441e+00
4.373776912689208984e-02
1.333209991455078125e+00
1.604196615517139435e-03
1.621972203254699707e+00
2.324170768260955811e-01
6.081549823284149170e-02
0.000000000000000000e+00
5.621839165687561035e-01
1.906635522842407227e+00
1.223183646798133850e-01
5.781214237213134766e-01
1.509704709053039551e+00
6.689913868904113770e-01
2.538124024868011475e-01
1.942401826381683350e-01
2.049399539828300476e-02
2.018166184425354004e-01
0.000000000000000000e+00
2.600219726562500000e+00
6.877218484878540039e-01
6.135775446891784668e-01
1.441306829452514648e+00
6.791852712631225586e-01
9.227929264307022095e-02
8.008642196655273438e-01
4.341297224164009094e-02
1.247411146759986877e-01
1.250661164522171021e-01
6.339359562844038010e-03
0.000000000000000000e+00
7.943806797266006470e-02
1.813570968806743622e-02
0.000000000000000000e+00
7.213030755519866943e-02
6.336256265640258789e-01
1.477547764778137207e+00
0.000000000000000000e+00
2.996692657470703125e-01
3.782413303852081299e-01
1.045565247535705566e+00
9.503554552793502808e-03
2.102591795846819878e-03
1.147832348942756653e-01
7.249805331230163574e-01
7.479159235954284668e-01
2.681713104248046875e-01
9.296010732650756836e-01
1.626577734947204590e+00
0.000000000000000000e+00
9.700478315353393555e-01
1.480444520711898804e-02
4.770577698945999146e-02
1.334312930703163147e-02
0.000000000000000000e+00
2.236748456954956055e+00
1.252789855003356934e+00
2.900269031524658203e-01
1.958531498908996582e+00
8.567421883344650269e-02
1.189473509788513184e+00
2.346152365207672119e-01
1.589661836624145508e-01
4.601788222789764404e-01
8.019855618476867676e-01
7.719261050224304199e-01
5.078546702861785889e-02
5.138896703720092773e-01
2.462091594934463501e-01
5.771076083183288574e-01
3.679811000823974609e+00
5.594152808189392090e-01
1.037085056304931641e-02
5.463275909423828125e-01
9.103145450353622437e-02
8.901673555374145508e-01
1.419873386621475220e-01
8.092153817415237427e-03
7.212791591882705688e-02
1.107530593872070312e+00
7.814040780067443848e-01
1.286910381168127060e-03
1.668476127088069916e-02
1.028431281447410583e-01
1.742654919624328613e+00
6.622793674468994141e-01
1.279755532741546631e-01
4.117346554994583130e-02
2.025306224822998047e-02
2.206488549709320068e-01
5.941216349601745605e-01
3.669419139623641968e-02
7.011376321315765381e-02
1.863852381706237793e+00
2.289361655712127686e-01
0.000000000000000000e+00
5.711665749549865723e-01
8.725821375846862793e-01
4.133891314268112183e-02
4.806900769472122192e-02
6.367986202239990234e-01
1.998432993888854980e+00
2.078378915786743164e+00
8.205915093421936035e-01
5.415074899792671204e-02
2.071800827980041504e-01
0.000000000000000000e+00
0.000000000000000000e+00
