1.694976687431335449e-01
0.000000000000000000e+00
9.341181516647338867e-01
3.531539440155029297e+00
5.608427524566650391e-01
9.347472339868545532e-02
6.977828741073608398e-01
3.098184347152709961e+00
6.152222633361816406e+00
1.036151528358459473e+00
3.910821378231048584e-01
1.163687109947204590e+00
2.841269597411155701e-02
1.276889204978942871e+00
2.127575635910034180e+00
1.286442518234252930e+00
8.209850192070007324e-01
1.667426586151123047e+00
1.631103157997131348e+00
4.359374344348907471e-01
1.363075733184814453e+00
7.093784399330615997e-03
8.175181150436401367e-01
4.181972026824951172e+00
1.821347624063491821e-01
0.000000000000000000e+00
5.466981232166290283e-02
2.049672842025756836e+00
2.403003275394439697e-01
1.828926950693130493e-01
2.475146800279617310e-01
4.807662963867187500e-02
5.235428810119628906e-01
6.467313170433044434e-01
2.491881251335144043e-01
2.446877241134643555e+00
5.738863348960876465e-01
9.076424241065979004e-01
7.039670348167419434e-01
5.140929818153381348e-01
1.520879417657852173e-01
3.094496764242649078e-02
1.515735507011413574e+00
3.437289953231811523e+00
1.260564446449279785e+00
9.612096548080444336e-01
2.200047224760055542e-01
2.308194041252136230e-01
0.000000000000000000e+00
1.075767993927001953e+00
1.901235461235046387e+00
0.000000000000000000e+00
1.612642049789428711e+00
7.113644480705261230e-02
1.440590381622314453e+00
2.733500599861145020e-01
2.907899618148803711e-01
2.777549903839826584e-03
3.166789293289184570e+00
9.691788256168365479e-02
1.008515655994415283e-01
4.453324154019355774e-02
2.586978077888488770e-01
1.210068821907043457e+00
6.435163617134094238e-01
5.204761028289794922e-01
1.926621347665786743e-01
3.472146689891815186e-01
1.011857867240905762e+00
1.453236460685729980e+00
0.000000000000000000e+00
1.124570816755294800e-01
2.482539266347885132e-01
3.496382236480712891e-01
6.149626374244689941e-01
1.210245966911315918e+00
1.052376702427864075e-01
6.352692842483520508e-01
9.754451513290405273e-01
2.556875050067901611e-01
8.865864574909210205e-02
1.057617187500000000e+00
2.898989200592041016e+00
1.724437437951564789e-02
1.329593539237976074e+00
1.374644488096237183e-01
7.113534212112426758e-01
1.106419712305068970e-01
1.397383332252502441e+00
2.577922046184539795e-01
5.861886590719223022e-02
1.083816401660442352e-02
2.004495263099670410e-01
6.579456967301666737e-04
2.130884647369384766e+00
4.863625392317771912e-02
1.000407338142395020e+00
9.069603681564331055e-01
1.599331386387348175e-02
8.700972050428390503e-02
0.000000000000000000e+00
7.123066484928131104e-02
1.042588874697685242e-01
2.108251333236694336e+00
2.334873676300048828e+00
7.820715010166168213e-02
9.524948000907897949e-01
1.929156929254531860e-01
8.227179944515228271e-02
3.453024625778198242e-01
1.559675216674804688e+00
1.724608242511749268e-01
3.476535975933074951e-01
4.689784348011016846e-01
4.517398178577423096e-01
2.552392520010471344e-02
1.349474769085645676e-02
1.406858712434768677e-01
3.851811885833740234e-01
1.390927672386169434e+00
2.607431173324584961e+00
9.555898904800415039e-01
4.132110252976417542e-02
1.652779579162597656e+00
7.116700410842895508e-01
5.925765633583068848e-01
1.204714458435773849e-02
1.480397582054138184e-01
1.894125103950500488e+00
5.065246298909187317e-02
2.879548668861389160e-01
6.649734973907470703e-01
6.876078248023986816e-01
9.366101771593093872e-02
4.224119186401367188e-01
7.760038971900939941e-02
1.007071018218994141e+00
4.761739730834960938e+00
0.000000000000000000e+00
5.789215210825204849e-03
4.103176295757293701e-01
2.804460525512695312e-01
1.139415979385375977e+00
1.164195165038108826e-01
1.750094294548034668e-01
4.655809998512268066e-01
1.047914862632751465e+00
1.183136105537414551e+00
1.725205659866333008e+00
3.391763567924499512e-01
4.473933696746826172e+00
3.564943075180053711e-01
5.100463032722473145e-01
3.006749451160430908e-01
2.003451347351074219e+00
8.093250393867492676e-01
3.977327942848205566e-01
6.169988512992858887e-01
1.594260692596435547e+00
2.592104375362396240e-01
3.827958405017852783e-01
8.442675471305847168e-01
2.273010313510894775e-01
2.475699484348297119e-01
2.118738144636154175e-01
2.123024910688400269e-01
0.000000000000000000e+00
0.000000000000000000e+00
4.738741815090179443e-01
2.785964965820312500e+00
1.235276535153388977e-01
5.199484229087829590e-01
0.000000000000000000e+00
1.808290034532546997e-01
6.185081005096435547e-01
7.821554660797119141e+00
7.631777226924896240e-02
1.297620870172977448e-02
8.730424195528030396e-02
9.695380926132202148e-02
2.345304936170578003e-02
2.775834687054157257e-02
4.449225217103958130e-02
3.294470787048339844e+00
2.046910226345062256e-01
4.096202086657285690e-03
0.000000000000000000e+00
1.536084175109863281e+00
0.000000000000000000e+00
0.000000000000000000e+00
0.000000000000000000e+00
1.236289665102958679e-01
1.269510984420776367e+00
1.999615877866744995e-01
7.178377509117126465e-01
4.620206654071807861e-01
7.563812136650085449e-01
5.570814609527587891e-01
4.266889691352844238e-01
1.073682427406311035e+00
1.786809325218200684e+00
4.044804275035858154e-01
3.886782526969909668e-01
9.055214524269104004e-01
1.695671305060386658e-02
3.393075987696647644e-02
1.502964258193969727e+00
6.568673066794872284e-03
5.798212885856628418e-01
1.396965980529785156e+00
2.471253126859664917e-01
5.487397313117980957e-01
2.721452116966247559e-01
3.183028101921081543e-01
6.040446162223815918e-01
5.546233654022216797e-01
3.704432249069213867e-01
6.396358013153076172e-01
2.127334833145141602e+00
8.486829400062561035e-01
2.788010798394680023e-02
5.987035632133483887e-01
5.639470219612121582e-01
4.876763522624969482e-01
5.482104420661926270e-01
0.000000000000000000e+00
3.630085587501525879e-01
2.378680557012557983e-01
4.417716525495052338e-03
3.220565989613533020e-02
4.552154541015625000e-01
5.047710537910461426e-01
1.708930492401123047e+00
1.050403237342834473e+00
1.596765875816345215e+00
1.944627463817596436e-01
2.321961879730224609e+00
1.106591463088989258e+00
3.288698196411132812e-02
1.402398347854614258e+00
2.724444568157196045e-01
2.636041641235351562e-01
6.435802578926086426e-01
4.084060668945312500e+00
8.093328475952148438e-01
1.982718259096145630e-01
5.937177538871765137e-01
0.000000000000000000e+00
1.856770515441894531e+00
8.108878135681152344e-02
7.775394320487976074e-01
5.471758246421813965e-01
5.210836976766586304e-02
3.962701261043548584e-01
1.460540175437927246e+00
5.857701227068901062e-02
0.000000000000000000e+00
0.000000000000000000e+00
1.621584743261337280e-01
6.470068357884883881e-03
1.246399998664855957e+00
3.073587417602539062e-01
2.182240337133407593e-01
2.542043104767799377e-02
0.000000000000000000e+00
2.350860536098480225e-01
1.244122266769409180e+00
6.133746821433305740e-03
6.658722758293151855e-01
4.025407731533050537e-01
9.217681884765625000e-01
2.038138210773468018e-01
8.294385075569152832e-01
8.423992395401000977e-01
3.900839984416961670e-01
4.875786602497100830e-01
4.829470813274383545e-01
5.627786517143249512e-01
6.524001359939575195e-01
1.497950106859207153e-01
1.568856835365295410e-02
8.554006814956665039e-01
1.111989468336105347e-01
1.659549027681350708e-02
8.280103802680969238e-01
7.078229188919067383e-01
2.486469447612762451e-01
4.663274623453617096e-03
2.408109754323959351e-01
1.849391125142574310e-02
9.817001223564147949e-01
1.014246106147766113e+00
4.235749840736389160e-01
2.167039364576339722e-01
3.153940141201019287e-01
1.483833342790603638e-01
6.345235109329223633e-01
5.398334860801696777e-01
1.621879816055297852e+00
5.160417079925537109e+00
1.775819659233093262e+00
4.628990888595581055e-01
3.352612853050231934e-01
4.900890961289405823e-02
1.911783008836209774e-03
2.653117477893829346e-02
4.397669341415166855e-03
9.087757207453250885e-03
2.135236281901597977e-03
5.049815028905868530e-02
5.157344937324523926e-01
1.058174744248390198e-01
6.583036184310913086e-01
8.956912159919738770e-01
8.113932609558105469e-02
5.766190290451049805e-01
7.115360815078020096e-03
1.692808270454406738e-01
7.950416952371597290e-02
1.330060185864567757e-03
1.899052500724792480e+00
0.000000000000000000e+00
1.382516771554946899e-01
3.973340392112731934e-01
0.000000000000000000e+00
5.882385969161987305e-01
1.258714646100997925e-01
0.000000000000000000e+00
6.851965188980102539e-01
6.312015652656555176e-01
0.000000000000000000e+00
0.000000000000000000e+00
2.398165762424468994e-01
1.285181939601898193e-01
2.598481774330139160e-01
7.129510045051574707e-01
1.056062102317810059e+00
9.245575666427612305e-01
8.947630524635314941e-01
5.789976119995117188e-01
2.213332243263721466e-02
1.281335484236478806e-02
6.591100245714187622e-03
1.129043549299240112e-01
3.951429128646850586e-01
6.052126884460449219e-01
4.919638335704803467e-01
1.773088425397872925e-02
2.937459051609039307e-01
4.881729185581207275e-01
1.729878336191177368e-01
5.445048809051513672e-01
5.090648308396339417e-02
9.825625270605087280e-02
1.652154922485351562e-01
8.656876683235168457e-01
0.000000000000000000e+00
5.793043375015258789e-01
0.000000000000000000e+00
2.420093268156051636e-01
6.996599435806274414e-01
1.325511932373046875e-01
4.223904311656951904e-01
7.857549190521240234e-01
2.591137409210205078e+00
2.904768884181976318e-01
8.703408837318420410e-01
1.624023079872131348e+00
2.646328687667846680e+00
0.000000000000000000e+00
2.293236553668975830e-01
1.672427296638488770e+00
1.092698574066162109e+00
6.976173520088195801e-01
1.438128948211669922e+00
4.186213482171297073e-03
2.302342653274536133e-01
0.000000000000000000e+00
2.658476829528808594e-01
1.188418030738830566e+00
1.612765900790691376e-02
3.047408103942871094e+00
2.304430246353149414e+00
1.024362325668334961e+00
0.000000000000000000e+00
1.193400174379348755e-01
4.261570516973733902e-03
0.000000000000000000e+00
3.481786698102951050e-03
1.587859168648719788e-02
6.160682439804077148e-01
0.000000000000000000e+00
5.346343293786048889e-02
2.015197128057479858e-01
3.468057513236999512e-01
6.216358542442321777e-01
2.622341871261596680e+00
1.732640862464904785e-01
8.467178791761398315e-02
8.400690555572509766e-01
2.075053751468658447e-01
1.419530749320983887e+00
0.000000000000000000e+00
2.143772095441818237e-01
1.103938102722167969e+00
2.348606884479522705e-01
1.439289808273315430e+00
3.958167508244514465e-03
1.709691524505615234e+00
1.086790323257446289e+00
9.397455304861068726e-02
0.000000000000000000e+00
7.538862824440002441e-01
1.726287126541137695e+00
1.589666008949279785e-01
3.060397207736968994e-01
2.227979898452758789e+00
5.969569683074951172e-01
3.633212447166442871e-01
1.950407624244689941e-01
0.000000000000000000e+00
4.147599339485168457e-01
0.000000000000000000e+00
2.367120742797851562e+00
4.242039918899536133e-01
5.451329350471496582e-01
1.552769899368286133e+00
1.120597004890441895e+00
1.393988877534866333e-01
8.852539062500000000e-01
4.329798221588134766e-01
1.348741054534912109e-01
5.062763765454292297e-02
5.739542655646800995e-03
0.000000000000000000e+00
8.886393904685974121e-02
1.540035009384155273e-01
0.000000000000000000e+00
6.498499214649200439e-02
4.713566005229949951e-01
2.159656763076782227e+00
3.968147560954093933e-03
3.072252571582794189e-01
2.317941337823867798e-01
1.232120275497436523e+00
1.375337243080139160e-01
2.488971501588821411e-02
1.099878624081611633e-01
3.603088557720184326e-01
9.851725101470947266e-01
5.992759019136428833e-02
6.442320942878723145e-01
1.734559655189514160e+00
0.000000000000000000e+00
1.141524434089660645e+00
1.513196080923080444e-01
1.326382011175155640e-01
1.005937382578849792e-01
0.000000000000000000e+00
2.558891057968139648e+00
1.078575134277343750e+00
1.155772060155868530e-01
2.180277347564697266e+00
0.000000000000000000e+00
1.299943208694458008e+00
3.280011415481567383e-01
1.185897644609212875e-02
8.958854675292968750e-01
1.000958800315856934e+00
9.075644016265869141e-01
1.749597489833831787e-02
7.363013029098510742e-01
1.479119211435317993e-01
5.981035232543945312e-01
3.502044200897216797e+00
2.634730637073516846e-01
0.000000000000000000e+00
6.737706661224365234e-01
1.741933636367321014e-02
1.465387105941772461e+00
2.527125477790832520e-01
1.751852571032941341e-03
1.375452056527137756e-02
1.326922059059143066e+00
6.576665639877319336e-01
3.293323796242475510e-03
1.437615305185317993e-01
1.599976420402526855e-01
1.196535229682922363e+00
1.789191663265228271e-01
5.783966183662414551e-01
6.834442615509033203e-01
3.741003572940826416e-02
3.387233614921569824e-01
7.827775478363037109e-01
0.000000000000000000e+00
6.184148788452148438e-02
1.881554365158081055e+00
6.458513438701629639e-02
0.000000000000000000e+00
8.442134857177734375e-01
4.516780674457550049e-01
5.111378431320190430e-02
1.439607143402099609e-01
4.260449707508087158e-01
1.565164923667907715e+00
2.553278923034667969e+00
1.246685743331909180e+00
3.639475703239440918e-01
5.579738616943359375e-01
0.000000000000000000e+00
0.000000000000000000e+00
