7.774546742439270020e-02
2.749363146722316742e-02
8.349200487136840820e-01
3.385761976242065430e+00
2.428493201732635498e-01
5.156693235039710999e-02
5.885941386222839355e-01
2.284796714782714844e+00
5.602217674255371094e+00
3.930232822895050049e-01
8.191640675067901611e-02
1.721477508544921875e+00
5.517767369747161865e-02
9.332664608955383301e-01
2.227269411087036133e+00
1.679094195365905762e+00
1.196681380271911621e+00
7.759082317352294922e-01
1.008606910705566406e+00
2.265363931655883789e-01
1.104866623878479004e+00
0.000000000000000000e+00
7.289364933967590332e-01
4.242962360382080078e+00
7.488744705915451050e-02
0.000000000000000000e+00
8.833252824842929840e-03
1.435650587081909180e+00
1.710041612386703491e-01
4.815762862563133240e-02
2.840406298637390137e-01
2.441055476665496826e-01
7.754913717508316040e-02
1.298013567924499512e+00
9.684790372848510742e-01
1.833380222320556641e+00
3.206667304039001465e-01
1.761441111564636230e+00
1.134930625557899475e-01
1.400517225265502930e-01
1.222066953778266907e-01
1.964304745197296143e-01
1.578868627548217773e+00
2.910690784454345703e+00
8.295594453811645508e-01
1.521901607513427734e+00
4.049104154109954834e-01
2.119343429803848267e-01
0.000000000000000000e+00
8.415006995201110840e-01
2.573949575424194336e+00
6.312516052275896072e-03
1.041724324226379395e+00
1.269313246011734009e-01
9.502981305122375488e-01
6.572958230972290039e-01
3.279834091663360596e-01
0.000000000000000000e+00
2.774664163589477539e+00
1.789731383323669434e-01
1.746589839458465576e-01
4.323371872305870056e-02
6.058893203735351562e-01
6.763971447944641113e-01
1.056090235710144043e+00
4.760578572750091553e-01
5.740228295326232910e-01
4.631602466106414795e-01
9.816536307334899902e-01
1.314515948295593262e+00
0.000000000000000000e+00
0.000000000000000000e+00
3.776275813579559326e-01
9.492686986923217773e-01
8.981150388717651367e-01
1.882522225379943848e+00
0.000000000000000000e+00
4.785794913768768311e-01
6.123586893081665039e-01
4.343718588352203369e-01
3.773967027664184570e-01
1.084980249404907227e+00
2.344300508499145508e+00
8.674082346260547638e-03
5.895559191703796387e-01
8.622774481773376465e-01
1.128216981887817383e+00
5.787265300750732422e-01
1.567404866218566895e+00
3.534679487347602844e-02
0.000000000000000000e+00
1.855345964431762695e-01
7.652432471513748169e-02
4.205346480011940002e-02
1.662873506546020508e+00
4.990182816982269287e-01
5.651181340217590332e-01
2.245790481567382812e+00
1.469493210315704346e-01
2.789188623428344727e-01
0.000000000000000000e+00
1.634168773889541626e-01
0.000000000000000000e+00
2.099126100540161133e+00
2.338625669479370117e+00
4.594361037015914917e-02
1.429525494575500488e+00
4.210958480834960938e-01
2.045255005359649658e-01
1.594909131526947021e-01
1.269344568252563477e+00
4.010659828782081604e-02
5.395184159278869629e-01
2.577082216739654541e-01
3.034173548221588135e-01
3.366845846176147461e-02
2.029417008161544800e-01
3.371093869209289551e-01
9.800298213958740234e-01
1.334029674530029297e+00
2.828779935836791992e+00
5.338636636734008789e-01
2.302710413932800293e-01
1.764268517494201660e+00
1.295909762382507324e+00
2.037073224782943726e-01
3.111466951668262482e-02
3.871353268623352051e-01
1.866729378700256348e+00
1.793734133243560791e-01
6.767183542251586914e-01
7.174522280693054199e-01
5.850324630737304688e-01
2.711195647716522217e-01
7.351303100585937500e-01
1.880279183387756348e-01
1.111068606376647949e+00
4.240672111511230469e+00
0.000000000000000000e+00
2.941290661692619324e-02
2.788115739822387695e-01
6.062765605747699738e-03
7.830287218093872070e-01
2.311507426202297211e-02
7.683134078979492188e-02
1.554889082908630371e-01
1.485365867614746094e+00
1.225446462631225586e+00
1.028121471405029297e+00
1.148424893617630005e-01
3.806966543197631836e+00
3.172688782215118408e-01
1.528789103031158447e-01
1.038407757878303528e-01
1.134580016136169434e+00
5.244570374488830566e-01
3.143135607242584229e-01
6.974038481712341309e-01
2.008536100387573242e+00
3.853993713855743408e-01
1.107085049152374268e-01
3.685924410820007324e-01
1.806831061840057373e-01
0.000000000000000000e+00
1.966873407363891602e-01
8.869139552116394043e-01
5.784381926059722900e-02
0.000000000000000000e+00
5.394487977027893066e-01
1.503197789192199707e+00
2.538487501442432404e-02
1.079668760299682617e+00
3.565808385610580444e-02
2.985737621784210205e-01
9.618355631828308105e-01
6.283834457397460938e+00
4.235100448131561279e-01
3.870414569973945618e-02
4.558652639389038086e-03
1.055969744920730591e-01
3.427333757281303406e-02
3.314327895641326904e-01
6.496663391590118408e-02
4.002581596374511719e+00
1.516393013298511505e-02
4.752469831146299839e-04
4.431192576885223389e-02
3.801771104335784912e-01
5.052104592323303223e-02
7.241371273994445801e-02
7.262825034558773041e-03
1.526163518428802490e-01
9.462596178054809570e-01
5.502122044563293457e-01
6.772829890251159668e-01
9.270039796829223633e-01
3.531429767608642578e-01
2.797535657882690430e-01
1.520061790943145752e-01
4.587858319282531738e-01
1.314903497695922852e+00
5.513890981674194336e-01
5.886434763669967651e-02
2.337990999221801758e-01
1.236557438969612122e-01
0.000000000000000000e+00
1.153450012207031250e+00
0.000000000000000000e+00
9.253096580505371094e-01
6.690132021903991699e-01
7.692816257476806641e-01
6.098703145980834961e-01
2.846550047397613525e-01
4.149961173534393311e-01
5.919111371040344238e-01
4.904176294803619385e-01
4.514030516147613525e-01
5.235464572906494141e-01
1.925509095191955566e+00
3.210564851760864258e-01
1.357918679714202881e-01
1.065489575266838074e-01
1.058537244796752930e+00
2.674314677715301514e-01
1.129016637802124023e+00
0.000000000000000000e+00
9.164500236511230469e-02
5.218116044998168945e-01
0.000000000000000000e+00
4.521045833826065063e-03
8.993969857692718506e-02
7.997109293937683105e-01
2.389329433441162109e+00
8.591021895408630371e-01
7.598582506179809570e-01
3.566627800464630127e-01
1.991451740264892578e+00
5.167583227157592773e-01
7.195352017879486084e-02
1.659162163734436035e+00
4.153224229812622070e-01
3.873374080285429955e-03
3.927783071994781494e-01
2.477213382720947266e+00
7.372682094573974609e-01
3.297959864139556885e-01
4.953683614730834961e-01
0.000000000000000000e+00
1.375046014785766602e+00
1.233195737004280090e-01
1.161623597145080566e+00
7.452120184898376465e-01
1.265299469232559204e-01
1.266329407691955566e+00
1.489952564239501953e+00
1.184261068701744080e-01
2.682599239051342010e-02
2.382938377559185028e-02
3.503672480583190918e-01
5.475374683737754822e-02
2.307589530944824219e+00
1.684733107686042786e-02
1.151396557688713074e-01
2.225757986307144165e-01
0.000000000000000000e+00
6.143946051597595215e-01
3.933177292346954346e-01
2.236820757389068604e-02
1.196610480546951294e-01
6.185835599899291992e-01
9.359248280525207520e-01
2.112368643283843994e-01
1.152141094207763672e+00
4.183751642704010010e-01
4.900534823536872864e-02
7.010880708694458008e-01
7.253952026367187500e-01
1.303512334823608398e+00
1.576725095510482788e-01
5.286204814910888672e-01
1.136923581361770630e-01
6.889687776565551758e-01
5.194842815399169922e-01
6.417603045701980591e-02
7.285799980163574219e-01
8.694177269935607910e-01
4.315236806869506836e-01
8.042439073324203491e-02
2.568906545639038086e-01
4.179198145866394043e-01
8.407583236694335938e-01
5.808587074279785156e-01
5.304364562034606934e-01
2.005477547645568848e-01
5.660869479179382324e-01
1.565409451723098755e-01
1.734629571437835693e-01
7.030232548713684082e-01
4.385818839073181152e-01
3.178929567337036133e+00
6.248438358306884766e-01
9.306203126907348633e-01
9.930089712142944336e-01
0.000000000000000000e+00
3.453676030039787292e-02
0.000000000000000000e+00
3.448838740587234497e-02
0.000000000000000000e+00
2.238976582884788513e-02
7.906591892242431641e-01
5.502969026565551758e-01
6.231699604541063309e-03
7.395390868186950684e-01
6.135070323944091797e-01
1.785494536161422729e-01
1.419042110443115234e+00
0.000000000000000000e+00
5.033679604530334473e-01
7.795850187540054321e-02
1.160066574811935425e-01
1.419350743293762207e+00
0.000000000000000000e+00
2.530359663069248199e-03
2.531074285507202148e-01
0.000000000000000000e+00
1.573586314916610718e-01
1.466084867715835571e-01
0.000000000000000000e+00
6.134645938873291016e-01
4.221484363079071045e-01
1.592710800468921661e-02
7.197967264801263809e-03
8.919747918844223022e-02
2.686744630336761475e-01
1.177302910946309566e-03
1.272621870040893555e+00
1.246475696563720703e+00
9.010763168334960938e-01
1.142400860786437988e+00
2.018411904573440552e-01
1.616055816411972046e-01
1.487490832805633545e-01
2.222398072481155396e-01
5.952234845608472824e-03
7.444648742675781250e-01
5.529984235763549805e-01
2.298093885183334351e-01
1.510773506015539169e-02
4.710310101509094238e-01
3.658952713012695312e-01
2.084260247647762299e-02
1.146930232644081116e-01
1.562811061739921570e-02
0.000000000000000000e+00
1.092402487993240356e-01
7.943543195724487305e-01
1.057319790124893188e-01
3.913522064685821533e-01
7.662186026573181152e-02
2.442120015621185303e-02
2.333360195159912109e+00
0.000000000000000000e+00
1.079099535942077637e+00
8.388487100601196289e-01
1.226833581924438477e+00
3.161806464195251465e-01
2.942402958869934082e-01
1.936877727508544922e+00
1.667015790939331055e+00
0.000000000000000000e+00
2.339600920677185059e-01
7.193098664283752441e-01
4.745302200317382812e-01
1.081147193908691406e+00
1.092960596084594727e+00
1.185952033847570419e-02
2.777042686939239502e-01
3.660443006083369255e-03
3.809499144554138184e-01
7.143601179122924805e-01
4.665810763835906982e-01
2.308373212814331055e+00
1.317825317382812500e+00
1.263201832771301270e+00
0.000000000000000000e+00
3.061377108097076416e-01
0.000000000000000000e+00
0.000000000000000000e+00
6.670778151601552963e-03
1.188949774950742722e-02
1.900734752416610718e-01
0.000000000000000000e+00
0.000000000000000000e+00
2.746175602078437805e-02
4.064615964889526367e-01
6.151958107948303223e-01
1.440733790397644043e+00
2.082083970308303833e-01
4.467502236366271973e-02
1.256618142127990723e+00
1.113675758242607117e-01
5.844701528549194336e-01
0.000000000000000000e+00
7.298985719680786133e-01
1.000867247581481934e+00
6.791302561759948730e-02
2.036369085311889648e+00
1.381825655698776245e-02
2.516803503036499023e+00
3.074145019054412842e-01
2.042949944734573364e-01
0.000000000000000000e+00
4.325689971446990967e-01
2.004112720489501953e+00
2.700201272964477539e-01
1.127588033676147461e+00
1.265951037406921387e+00
8.062109351158142090e-01
1.164708584547042847e-01
5.762425065040588379e-01
1.288670860230922699e-02
8.451596647500991821e-02
0.000000000000000000e+00
2.433376312255859375e+00
6.763629913330078125e-01
5.862815380096435547e-01
9.647650718688964844e-01
1.174518823623657227e+00
8.797405660152435303e-02
4.336179792881011963e-01
3.283476531505584717e-01
0.000000000000000000e+00
3.742873370647430420e-01
2.798463962972164154e-02
0.000000000000000000e+00
6.967996060848236084e-02
3.619152605533599854e-01
0.000000000000000000e+00
1.011410802602767944e-01
5.301430821418762207e-01
2.249546289443969727e+00
5.385294090956449509e-03
5.287193059921264648e-01
6.349009275436401367e-01
7.281188964843750000e-01
1.020996179431676865e-02
3.229182213544845581e-02
2.122509479522705078e-02
5.846837162971496582e-01
4.567716419696807861e-01
1.004900112748146057e-01
1.346991062164306641e+00
9.761555790901184082e-01
0.000000000000000000e+00
8.044359683990478516e-01
1.427490413188934326e-01
1.050162389874458313e-01
1.448585242033004761e-01
0.000000000000000000e+00
2.185166835784912109e+00
1.063282847404479980e+00
3.567529618740081787e-01
1.961905002593994141e+00
0.000000000000000000e+00
1.289857983589172363e+00
2.675832808017730713e-01
2.615928649902343750e-01
7.444009184837341309e-01
2.174111843109130859e+00
5.066174268722534180e-01
5.735319480299949646e-02
6.392519474029541016e-01
4.678620994091033936e-01
2.220582365989685059e-01
3.383174896240234375e+00
3.067521154880523682e-01
1.513878069818019867e-02
3.933581411838531494e-01
2.034855782985687256e-01
5.654703974723815918e-01
6.060630455613136292e-02
1.624412834644317627e-01
5.097901448607444763e-02
9.095616340637207031e-01
5.640885233879089355e-01
9.181366115808486938e-02
1.366110052913427353e-02
4.807568788528442383e-01
1.784339547157287598e+00
5.788291096687316895e-01
1.568096131086349487e-01
7.465648651123046875e-02
1.255556195974349976e-01
9.853459894657135010e-02
8.133541345596313477e-01
2.642781846225261688e-02
4.593104496598243713e-02
2.161456346511840820e+00
6.685432791709899902e-01
1.142867724411189556e-03
7.245086431503295898e-01
1.510912477970123291e-01
5.612404942512512207e-01
1.059594098478555679e-02
4.959863126277923584e-01
2.179836273193359375e+00
1.561124801635742188e+00
9.508716464042663574e-01
3.671048879623413086e-01
2.601170241832733154e-01
0.000000000000000000e+00
1.827115006744861603e-02
