2.806607484817504883e-01
0.000000000000000000e+00
1.339001506567001343e-01
2.722086906433105469e+00
6.076939702033996582e-01
1.052912771701812744e-01
1.199089527130126953e+00
2.764030456542968750e+00
6.428645610809326172e+00
1.798415780067443848e+00
1.358864158391952515e-01
2.094377040863037109e+00
2.934195101261138916e-01
9.235693812370300293e-01
2.212191343307495117e+00
1.383235692977905273e+00
7.285128235816955566e-01
1.456397771835327148e+00
3.837316930294036865e-01
1.274531334638595581e-01
8.376016020774841309e-01
5.838938523083925247e-03
7.576101422309875488e-01
4.060735702514648438e+00
1.535069644451141357e-01
0.000000000000000000e+00
0.000000000000000000e+00
1.491146087646484375e+00
6.208527684211730957e-01
3.285773396492004395e-01
5.347544699907302856e-02
1.098031103610992432e-01
2.623330354690551758e-01
1.121422648429870605e+00
7.030255198478698730e-01
2.979705333709716797e+00
1.684819608926773071e-01
1.712911874055862427e-01
1.964453794062137604e-02
6.168524026870727539e-01
4.980369806289672852e-01
4.777215421199798584e-02
8.507067561149597168e-01
4.119376182556152344e+00
4.220924675464630127e-01
1.622954368591308594e+00
8.293950557708740234e-02
9.578532576560974121e-01
4.453879222273826599e-02
2.509413480758666992e+00
4.017682075500488281e+00
5.099810287356376648e-02
2.015889644622802734e+00
5.896628648042678833e-02
1.416372776031494141e+00
5.067822337150573730e-01
2.502786517143249512e-01
8.629914373159408569e-02
2.971192598342895508e+00
4.462653025984764099e-02
7.582391053438186646e-02
7.229712605476379395e-02
2.192098796367645264e-01
8.107506632804870605e-01
1.888342738151550293e+00
3.552301228046417236e-01
2.276657968759536743e-01
1.624037623405456543e-01
6.289404630661010742e-01
9.121472835540771484e-01
0.000000000000000000e+00
1.017328724265098572e-02
2.244204431772232056e-01
2.842698097229003906e-01
1.894681006669998169e-01
1.017350673675537109e+00
0.000000000000000000e+00
1.421283602714538574e+00
1.094112634658813477e+00
5.033585429191589355e-01
1.605471223592758179e-01
1.465463161468505859e+00
2.236319780349731445e+00
1.634914278984069824e-01
1.914101362228393555e+00
3.994862735271453857e-01
1.124101400375366211e+00
7.408741116523742676e-02
7.301644682884216309e-01
4.145011678338050842e-02
1.095037013292312622e-01
0.000000000000000000e+00
1.004241220653057098e-02
0.000000000000000000e+00
1.371058106422424316e+00
8.048520684242248535e-01
5.709378123283386230e-01
1.626068592071533203e+00
1.891719996929168701e-01
3.084333427250385284e-02
0.000000000000000000e+00
2.351771891117095947e-01
0.000000000000000000e+00
2.307720661163330078e+00
1.572733044624328613e+00
1.700605601072311401e-01
1.085612773895263672e+00
1.001479864120483398e+00
5.738054960966110229e-02
4.492462575435638428e-01
1.639740228652954102e+00
2.331933975219726562e-01
3.063467442989349365e-01
8.677497506141662598e-01
3.178725838661193848e-01
6.817826535552740097e-03
1.613768786191940308e-01
6.698300242424011230e-01
2.030579090118408203e+00
2.323461055755615234e+00
1.039577126502990723e+00
8.485509157180786133e-01
6.424830853939056396e-02
1.477121710777282715e+00
1.113167285919189453e+00
5.887309908866882324e-01
0.000000000000000000e+00
1.442059725522994995e-01
1.549206495285034180e+00
1.783161461353302002e-01
1.518893092870712280e-01
9.595487713813781738e-01
2.443062067031860352e-01
1.295012235641479492e-01
4.576089084148406982e-01
8.624372631311416626e-02
1.244208812713623047e-01
4.761509895324707031e+00
0.000000000000000000e+00
1.298862397670745850e-01
1.822105050086975098e-01
2.573657035827636719e-01
2.030272006988525391e+00
3.949087858200073242e-01
8.590872585773468018e-02
1.396401375532150269e-01
7.374145984649658203e-01
7.532860040664672852e-01
1.303030133247375488e+00
3.094441890716552734e-01
4.622182846069335938e+00
2.497857809066772461e-01
1.030130147933959961e+00
3.763953447341918945e-01
1.748872399330139160e+00
1.661998748779296875e+00
9.599854946136474609e-01
8.284710049629211426e-01
2.848452091217041016e+00
4.930943250656127930e-01
2.073287069797515869e-01
7.682831883430480957e-01
2.002002298831939697e-01
0.000000000000000000e+00
6.631799936294555664e-01
3.643637299537658691e-01
0.000000000000000000e+00
0.000000000000000000e+00
9.247333407402038574e-01
2.055653333663940430e+00
4.409667849540710449e-01
4.086348712444305420e-01
9.648875892162322998e-02
6.538569331169128418e-01
1.208724498748779297e+00
8.280333518981933594e+00
1.527899503707885742e-01
8.931523561477661133e-02
9.260796010494232178e-02
6.069034337997436523e-01
3.287972358521074057e-04
4.022836312651634216e-02
2.088312059640884399e-01
3.701029062271118164e+00
1.291820704936981201e-01
0.000000000000000000e+00
4.116559401154518127e-02
7.990061044692993164e-01
0.000000000000000000e+00
0.000000000000000000e+00
2.622624393552541733e-03
2.596588991582393646e-02
1.462939023971557617e+00
2.749665379524230957e-01
6.403907537460327148e-01
5.104463696479797363e-01
6.710811257362365723e-01
5.746190547943115234e-01
1.851372569799423218e-01
1.422229528427124023e+00
1.310611367225646973e+00
2.437814027070999146e-01
1.401925981044769287e-01
6.336776614189147949e-01
5.304675698280334473e-01
2.520528063178062439e-02
7.629353404045104980e-01
1.060977950692176819e-02
7.078289985656738281e-01
1.369764685630798340e+00
3.451291844248771667e-02
8.443252444267272949e-01
5.673782825469970703e-01
1.582219719886779785e+00
5.464665293693542480e-01
4.260190129280090332e-01
8.183296322822570801e-01
7.302784919738769531e-01
1.786970615386962891e+00
9.338468909263610840e-01
1.401948044076561928e-03
2.977772653102874756e-01
1.558858513832092285e+00
1.990784406661987305e-01
7.393952608108520508e-01
0.000000000000000000e+00
2.896570861339569092e-01
3.225398063659667969e-01
2.243867702782154083e-02
2.024670839309692383e-01
4.657528102397918701e-01
5.032290816307067871e-01
3.136181592941284180e+00
1.707648754119873047e+00
1.505468845367431641e+00
4.867819547653198242e-01
2.233088493347167969e+00
9.329215884208679199e-01
1.243653893470764160e-02
1.259495258331298828e+00
6.179524660110473633e-01
8.714523911476135254e-02
2.079709023237228394e-01
2.462797880172729492e+00
6.903864145278930664e-01
4.007076323032379150e-01
7.062134146690368652e-01
0.000000000000000000e+00
2.424016475677490234e+00
8.362957239151000977e-01
7.650638222694396973e-01
8.919696211814880371e-01
0.000000000000000000e+00
1.473082542419433594e+00
2.081837892532348633e+00
4.987890366464853287e-03
1.031647901982069016e-02
0.000000000000000000e+00
2.054720520973205566e-01
1.761947385966777802e-02
2.029880046844482422e+00
4.321932494640350342e-01
4.705384373664855957e-02
1.160961538553237915e-01
3.766669426113367081e-03
1.947305947542190552e-01
1.251709461212158203e+00
5.033131316304206848e-02
5.188800692558288574e-01
2.841694951057434082e-01
1.814131379127502441e+00
1.365729235112667084e-02
5.360199809074401855e-01
4.281473755836486816e-01
2.044584602117538452e-02
3.984435498714447021e-01
3.353739380836486816e-01
9.223476648330688477e-01
1.042485594749450684e+00
3.155074417591094971e-01
3.897989094257354736e-01
1.135509490966796875e+00
4.565148800611495972e-02
6.763826310634613037e-02
5.393662452697753906e-01
1.580185174942016602e+00
1.092807054519653320e+00
2.186039239168167114e-01
1.044618114829063416e-01
2.195267677307128906e-01
1.530805468559265137e+00
1.286668419837951660e+00
6.161735057830810547e-01
4.812794029712677002e-01
2.397982478141784668e-01
3.890008330345153809e-01
5.603052973747253418e-01
3.853631913661956787e-01
1.324725985527038574e+00
5.610049247741699219e+00
1.318783164024353027e-01
2.025359719991683960e-01
9.019787907600402832e-01
9.836262091994285583e-03
5.286700651049613953e-02
2.536910399794578552e-02
1.225486048497259617e-03
0.000000000000000000e+00
5.936488509178161621e-03
3.624482452869415283e-01
8.163971900939941406e-01
7.783379405736923218e-02
4.179409444332122803e-01
1.026756405830383301e+00
5.481351017951965332e-01
7.115066647529602051e-01
0.000000000000000000e+00
1.726258695125579834e-01
1.030877828598022461e+00
7.284282706677913666e-03
2.340634107589721680e+00
0.000000000000000000e+00
2.933949530124664307e-01
3.913288712501525879e-01
0.000000000000000000e+00
3.771784901618957520e-01
1.191942393779754639e-01
0.000000000000000000e+00
8.732038140296936035e-01
8.167855143547058105e-01
0.000000000000000000e+00
0.000000000000000000e+00
6.141429543495178223e-01
4.104720950126647949e-01
4.905266687273979187e-02
5.874983072280883789e-01
1.497728228569030762e+00
2.552297413349151611e-01
1.032141685485839844e+00
9.345034360885620117e-01
1.559892743825912476e-01
2.206944115459918976e-02
1.670744717121124268e-01
1.738573797047138214e-02
8.191773295402526855e-01
1.299466252326965332e+00
2.593746781349182129e-01
7.705324795097112656e-03
3.189396560192108154e-01
7.975968718528747559e-01
7.332113105803728104e-03
7.309400439262390137e-01
2.622527182102203369e-01
3.080923557281494141e-01
4.273198079317808151e-03
6.330589652061462402e-01
0.000000000000000000e+00
2.211975902318954468e-01
0.000000000000000000e+00
9.524532556533813477e-01
8.436228036880493164e-01
2.297019511461257935e-01
1.009563446044921875e+00
6.596603989601135254e-01
1.404546737670898438e+00
8.666360378265380859e-01
4.964628219604492188e-01
1.778622627258300781e+00
2.711953878402709961e+00
9.558901074342429638e-04
4.016442596912384033e-01
1.853327155113220215e+00
1.577001452445983887e+00
1.457331627607345581e-01
1.411954879760742188e+00
5.093965306878089905e-02
3.426214754581451416e-01
4.269104450941085815e-02
2.864085435867309570e-01
8.450220823287963867e-01
8.642091602087020874e-02
4.383880138397216797e+00
1.910716414451599121e+00
1.237395405769348145e+00
1.026534009724855423e-02
1.058730602264404297e+00
1.293072551488876343e-01
2.728535793721675873e-02
0.000000000000000000e+00
3.536385893821716309e-01
1.712469458580017090e-01
5.549011230468750000e-01
0.000000000000000000e+00
6.989091634750366211e-02
1.081208735704421997e-01
8.787399530410766602e-01
1.927061080932617188e+00
1.811432689428329468e-01
5.211431980133056641e-01
1.753152966499328613e+00
1.105842590332031250e-01
1.673714965581893921e-01
0.000000000000000000e+00
5.344900488853454590e-01
8.787134885787963867e-01
1.857584714889526367e-01
1.949555993080139160e+00
2.154248654842376709e-01
1.338029742240905762e+00
5.833185911178588867e-01
1.727619469165802002e-01
2.779339253902435303e-02
9.570248723030090332e-01
2.454416751861572266e+00
1.700344681739807129e-01
9.966328740119934082e-02
2.674463748931884766e+00
1.409800797700881958e-01
1.193269968032836914e+00
2.063348144292831421e-01
5.134604405611753464e-03
5.294447541236877441e-01
0.000000000000000000e+00
3.635014772415161133e+00
7.398315668106079102e-01
9.307582974433898926e-01
1.473645210266113281e+00
1.730592012405395508e+00
0.000000000000000000e+00
1.119744181632995605e+00
7.892961055040359497e-02
2.565201818943023682e-01
8.172513544559478760e-02
9.902250021696090698e-03
1.762664318084716797e-02
4.748835414648056030e-02
5.489259958267211914e-01
6.821443885564804077e-02
5.751800537109375000e-01
6.039258837699890137e-01
1.798274517059326172e+00
0.000000000000000000e+00
1.247936114668846130e-01
2.519984543323516846e-01
1.628516912460327148e+00
3.162270179018378258e-03
0.000000000000000000e+00
9.783208370208740234e-04
2.894631922245025635e-01
4.728907644748687744e-01
4.140452742576599121e-01
6.432086825370788574e-01
1.708517551422119141e+00
6.808424368500709534e-03
9.464633464813232422e-01
9.404914081096649170e-02
2.122694849967956543e-01
7.486629299819469452e-03
0.000000000000000000e+00
2.158948183059692383e+00
1.921588897705078125e+00
1.465503424406051636e-01
3.091623783111572266e+00
5.889036692678928375e-03
1.367465853691101074e+00
7.914935797452926636e-02
6.401537656784057617e-01
7.024353742599487305e-01
1.551581501960754395e+00
7.781840562820434570e-01
0.000000000000000000e+00
1.046472430229187012e+00
1.025686383247375488e+00
9.016758203506469727e-02
3.071428537368774414e+00
6.292048841714859009e-02
4.161437042057514191e-03
6.406248360872268677e-02
1.788350939750671387e-01
8.189284205436706543e-01
7.099570035934448242e-01
1.549192816019058228e-01
1.140655577182769775e-01
1.152995347976684570e+00
6.915528178215026855e-01
0.000000000000000000e+00
2.363392859697341919e-01
2.117299102246761322e-02
1.495763301849365234e+00
3.007243759930133820e-02
2.012542337179183960e-01
3.128759562969207764e-01
1.792648434638977051e-01
1.144944578409194946e-01
1.608866930007934570e+00
5.725645273923873901e-02
8.096417039632797241e-02
2.320398330688476562e+00
2.784926891326904297e-01
3.203171538189053535e-03
1.831634193658828735e-01
1.372445225715637207e+00
6.762537360191345215e-01
3.864747881889343262e-01
2.289373576641082764e-01
2.575089454650878906e+00
2.164789676666259766e+00
3.943489491939544678e-01
4.477879106998443604e-01
2.955340147018432617e-01
3.496099263429641724e-02
0.000000000000000000e+00
