1.417384743690490723e-01
2.045659422874450684e-01
3.438934087753295898e-01
3.426467180252075195e+00
4.187949374318122864e-02
4.165229946374893188e-02
2.349301576614379883e-01
3.178583860397338867e+00
6.241131305694580078e+00
6.715237498283386230e-01
9.235561639070510864e-02
1.793123841285705566e+00
4.314169287681579590e-03
8.326560854911804199e-01
2.135536670684814453e+00
1.110194444656372070e+00
5.885958671569824219e-01
9.128447175025939941e-01
6.750509738922119141e-01
4.515438899397850037e-02
3.886689841747283936e-01
8.715139119885861874e-04
3.470277190208435059e-01
3.267968893051147461e+00
1.560666263103485107e-01
0.000000000000000000e+00
0.000000000000000000e+00
1.006067872047424316e+00
2.868516147136688232e-01
1.173686757683753967e-01
6.667452305555343628e-02
2.158857183530926704e-03
5.434487462043762207e-01
3.133828341960906982e-01
9.978646039962768555e-01
1.996989250183105469e+00
2.667604088783264160e-01
4.390770196914672852e-01
1.746897213160991669e-02
5.014085769653320312e-01
3.066920638084411621e-01
1.688739471137523651e-02
7.691538333892822266e-01
2.783708810806274414e+00
6.026386618614196777e-01
1.377800941467285156e+00
2.475501447916030884e-01
1.000023484230041504e+00
0.000000000000000000e+00
1.347372055053710938e+00
2.510226249694824219e+00
0.000000000000000000e+00
9.149954319000244141e-01
1.190697681158781052e-02
7.296352386474609375e-01
5.696229338645935059e-01
8.641932159662246704e-03
2.301944419741630554e-02
3.341837406158447266e+00
1.272097826004028320e-01
4.077808260917663574e-01
4.025286994874477386e-03
1.209631934762001038e-01
6.834340095520019531e-01
8.159935474395751953e-01
6.211357116699218750e-01
4.805265963077545166e-01
2.249326854944229126e-01
6.039912700653076172e-01
1.346915125846862793e+00
0.000000000000000000e+00
8.539417386054992676e-02
1.996398866176605225e-01
3.625094294548034668e-01
6.926705241203308105e-01
1.565783143043518066e+00
0.000000000000000000e+00
7.134207487106323242e-01
2.736500203609466553e-01
3.798844814300537109e-01
3.754509389400482178e-01
1.016957521438598633e+00
3.048341035842895508e+00
1.943335519172251225e-03
8.900721073150634766e-01
5.219460129737854004e-01
1.352426052093505859e+00
2.604264318943023682e-01
1.056243300437927246e+00
2.448921799659729004e-01
0.000000000000000000e+00
6.302130222320556641e-02
1.800358877517282963e-03
0.000000000000000000e+00
1.258018493652343750e+00
6.132400035858154297e-01
3.421032428741455078e-01
1.253561973571777344e+00
4.763624630868434906e-03
4.377787411212921143e-01
0.000000000000000000e+00
1.954577714204788208e-01
3.242918848991394043e-02
2.625721693038940430e+00
2.214329242706298828e+00
0.000000000000000000e+00
1.446193099021911621e+00
2.987740933895111084e-01
1.572207957506179810e-01
2.315241247415542603e-01
1.428371667861938477e+00
3.668915107846260071e-02
2.933268249034881592e-01
6.977365165948867798e-02
1.201670318841934204e-01
4.533024504780769348e-02
2.624173760414123535e-01
5.224873423576354980e-01
9.263581037521362305e-01
1.099871397018432617e+00
1.836634755134582520e+00
1.842540055513381958e-01
1.944680698215961456e-02
2.003208160400390625e+00
5.203843116760253906e-01
4.316709041595458984e-01
4.746800113935023546e-04
1.229330375790596008e-01
1.238284826278686523e+00
1.252881344407796860e-02
6.076472401618957520e-01
3.548561632633209229e-01
3.438578844070434570e-01
2.707539796829223633e-01
2.440426796674728394e-01
3.213741630315780640e-02
5.166325569152832031e-01
4.290729045867919922e+00
0.000000000000000000e+00
3.421540372073650360e-03
1.538123637437820435e-01
1.754279946908354759e-03
1.117855906486511230e+00
2.947817742824554443e-02
0.000000000000000000e+00
1.509537249803543091e-01
9.312258362770080566e-01
1.003739953041076660e+00
1.998110055923461914e+00
1.177705451846122742e-01
4.247211456298828125e+00
1.435210853815078735e-01
6.407005786895751953e-01
1.240968480706214905e-01
7.538533806800842285e-01
5.979109406471252441e-01
5.598075389862060547e-01
3.690010011196136475e-01
1.851571440696716309e+00
1.008714362978935242e-01
0.000000000000000000e+00
4.314829707145690918e-01
3.021258413791656494e-01
1.835372857749462128e-02
9.111941605806350708e-02
5.629544258117675781e-01
1.803216338157653809e-02
8.170193992555141449e-03
5.474507808685302734e-01
9.015203118324279785e-01
5.137620866298675537e-02
5.987646579742431641e-01
5.214340612292289734e-02
6.079124212265014648e-01
9.123742580413818359e-01
6.572929859161376953e+00
1.913426220417022705e-01
0.000000000000000000e+00
4.188253358006477356e-02
1.288020517677068710e-03
0.000000000000000000e+00
5.565229430794715881e-02
1.409688778221607208e-02
3.372407436370849609e+00
2.583282291889190674e-01
0.000000000000000000e+00
8.024312555789947510e-04
5.490958094596862793e-01
3.185654059052467346e-03
0.000000000000000000e+00
2.974511357024312019e-03
2.423791447654366493e-03
1.245587229728698730e+00
1.534543782472610474e-01
5.586078166961669922e-01
3.520750105381011963e-01
4.771055877208709717e-01
1.601998209953308105e-01
1.412305384874343872e-01
2.393426448106765747e-01
8.381268978118896484e-01
5.212291479110717773e-01
7.108873873949050903e-02
3.030099868774414062e-01
2.769517526030540466e-02
0.000000000000000000e+00
9.045718312263488770e-01
2.689927059691399336e-04
6.170659065246582031e-01
6.744608283042907715e-01
2.761945426464080811e-01
3.050974905490875244e-01
1.060138195753097534e-01
4.264160394668579102e-01
3.617101609706878662e-01
5.513389110565185547e-01
3.223278224468231201e-01
7.446494698524475098e-01
1.645159840583801270e+00
4.417985975742340088e-01
2.269406104460358620e-03
2.490294724702835083e-01
1.022962570190429688e+00
3.637073934078216553e-01
1.032360315322875977e+00
0.000000000000000000e+00
1.568936258554458618e-01
4.519244432449340820e-01
4.489455744624137878e-02
0.000000000000000000e+00
1.320527940988540649e-01
7.865071892738342285e-01
2.241219520568847656e+00
5.985207557678222656e-01
8.683985471725463867e-01
2.635129392147064209e-01
2.028572082519531250e+00
4.303595125675201416e-01
3.641702607274055481e-02
1.422535300254821777e+00
2.641256153583526611e-01
3.159470111131668091e-02
1.691726595163345337e-01
1.938101649284362793e+00
8.485326766967773438e-01
7.488492876291275024e-02
3.082270026206970215e-01
0.000000000000000000e+00
2.255016565322875977e+00
1.430714596062898636e-02
4.304921627044677734e-01
6.259653568267822266e-01
7.095184177160263062e-03
9.784988760948181152e-01
1.051706075668334961e+00
1.349708586931228638e-01
4.556554183363914490e-02
0.000000000000000000e+00
3.336668908596038818e-01
3.904225537553429604e-03
1.227629184722900391e+00
1.365471482276916504e-01
2.941447123885154724e-02
1.982436627149581909e-01
0.000000000000000000e+00
2.865876555442810059e-01
4.027443230152130127e-01
0.000000000000000000e+00
1.428027600049972534e-01
1.054929494857788086e+00
1.098487257957458496e+00
2.178859859704971313e-01
9.585217833518981934e-01
5.713371038436889648e-01
2.702883481979370117e-01
2.912108302116394043e-01
6.269116401672363281e-01
9.103323221206665039e-01
5.737602114677429199e-01
3.721443116664886475e-01
1.542965471744537354e-01
6.038693189620971680e-01
2.253089994192123413e-01
9.126147627830505371e-02
3.449395596981048584e-01
3.626200556755065918e-01
7.496544718742370605e-01
1.176425144076347351e-01
3.160403072834014893e-01
1.235361099243164062e-01
7.485209107398986816e-01
5.268875956535339355e-01
3.908711075782775879e-01
3.385628387331962585e-02
1.245342567563056946e-01
2.573992908000946045e-01
7.491611689329147339e-02
4.571472406387329102e-01
5.796450972557067871e-01
3.792703866958618164e+00
7.428027987480163574e-01
4.988536834716796875e-01
1.195497035980224609e+00
0.000000000000000000e+00
3.537295758724212646e-02
7.568087894469499588e-03
4.092667996883392334e-02
0.000000000000000000e+00
0.000000000000000000e+00
6.765298247337341309e-01
2.773086130619049072e-01
0.000000000000000000e+00
2.318492531776428223e-01
4.309896230697631836e-01
4.020362719893455505e-02
9.227480292320251465e-01
0.000000000000000000e+00
1.543729007244110107e-01
2.201116830110549927e-02
9.953063912689685822e-03
1.499898433685302734e+00
0.000000000000000000e+00
0.000000000000000000e+00
1.346195191144943237e-01
0.000000000000000000e+00
1.726615279912948608e-01
2.458854913711547852e-01
0.000000000000000000e+00
5.644544959068298340e-01
4.808874130249023438e-01
0.000000000000000000e+00
2.022984117502346635e-04
1.078926995396614075e-01
5.093417316675186157e-02
5.360205657780170441e-03
8.619238138198852539e-01
1.249532461166381836e+00
3.778308033943176270e-01
4.190849661827087402e-01
1.713664382696151733e-01
0.000000000000000000e+00
3.613901138305664062e-02
1.061828285455703735e-01
7.483401149511337280e-02
4.715202748775482178e-01
8.818609714508056641e-01
1.389871537685394287e-01
0.000000000000000000e+00
5.155757442116737366e-02
6.847270727157592773e-01
2.771298773586750031e-02
1.676615476608276367e-01
5.427708383649587631e-03
0.000000000000000000e+00
0.000000000000000000e+00
7.547696232795715332e-01
1.170852854847908020e-01
1.696036905050277710e-01
3.465712303295731544e-03
2.769215703010559082e-01
2.000645637512207031e+00
0.000000000000000000e+00
6.299135088920593262e-01
3.025338947772979736e-01
1.396954417228698730e+00
1.075441598892211914e+00
6.431939005851745605e-01
1.798243880271911621e+00
1.398401021957397461e+00
3.352286294102668762e-02
1.184140425175428391e-02
7.962548136711120605e-01
5.485320687294006348e-01
7.569283843040466309e-01
9.194173812866210938e-01
2.108683437108993530e-02
4.257075488567352295e-02
0.000000000000000000e+00
2.405444383621215820e-01
9.743041992187500000e-01
2.218175530433654785e-01
3.583448648452758789e+00
2.081240653991699219e+00
8.096601366996765137e-01
2.927618334069848061e-03
4.501130580902099609e-01
4.489351809024810791e-02
2.820886299014091492e-02
0.000000000000000000e+00
5.849111080169677734e-02
2.829636633396148682e-01
0.000000000000000000e+00
0.000000000000000000e+00
4.185848683118820190e-02
1.925874054431915283e-01
5.570423007011413574e-01
1.741291046142578125e+00
4.731255397200584412e-02
1.110232546925544739e-01
1.288573622703552246e+00
1.320311874151229858e-01
4.128482639789581299e-01
0.000000000000000000e+00
4.552876949310302734e-01
1.506112813949584961e+00
1.977533549070358276e-01
1.464255809783935547e+00
1.073570027947425842e-01
1.527926683425903320e+00
4.216264486312866211e-01
1.393921226263046265e-01
2.476864960044622421e-03
8.363920450210571289e-01
2.032826185226440430e+00
1.263393908739089966e-01
3.133283853530883789e-01
1.394328474998474121e+00
5.507050752639770508e-01
1.051397472620010376e-01
6.305322051048278809e-01
8.104908466339111328e-02
4.485492408275604248e-02
0.000000000000000000e+00
2.193417549133300781e+00
1.460456401109695435e-01
4.758112430572509766e-01
1.096719264984130859e+00
1.675370454788208008e+00
3.267165273427963257e-03
5.900347232818603516e-01
6.594914197921752930e-02
1.329073449596762657e-03
7.668247818946838379e-02
1.042762584984302521e-02
0.000000000000000000e+00
1.368889957666397095e-02
2.926693856716156006e-01
0.000000000000000000e+00
1.891187764704227448e-02
5.269557833671569824e-01
1.453825592994689941e+00
0.000000000000000000e+00
3.063406646251678467e-01
2.871110141277313232e-01
1.054884433746337891e+00
0.000000000000000000e+00
9.259548783302307129e-02
1.118173357099294662e-02
1.489094495773315430e-01
2.653014361858367920e-01
5.529901012778282166e-02
5.963275432586669922e-01
1.380642294883728027e+00
2.621737367007881403e-04
1.000853896141052246e+00
3.655041009187698364e-02
1.286408305168151855e-01
1.512300819158554077e-01
0.000000000000000000e+00
1.078044772148132324e+00
1.377912521362304688e+00
4.437445998191833496e-01
1.975108981132507324e+00
4.769100248813629150e-02
1.173257470130920410e+00
7.956376671791076660e-02
1.772592812776565552e-01
3.059232532978057861e-01
1.399359583854675293e+00
4.415944516658782959e-01
1.262207888066768646e-02
6.728253960609436035e-01
3.506745994091033936e-01
3.160358965396881104e-01
2.756417989730834961e+00
1.136891469359397888e-01
0.000000000000000000e+00
1.928712427616119385e-01
2.291429042816162109e-02
5.928238630294799805e-01
2.286208793520927429e-02
0.000000000000000000e+00
2.658936381340026855e-01
4.001635015010833740e-01
6.618960499763488770e-01
1.393219642341136932e-02
8.535519242286682129e-02
2.694621495902538300e-02
1.239796876907348633e+00
2.088915407657623291e-01
4.596128314733505249e-02
1.666393578052520752e-01
1.477119140326976776e-02
1.479158997535705566e-01
7.009624242782592773e-01
0.000000000000000000e+00
0.000000000000000000e+00
2.030766248703002930e+00
2.451017051935195923e-01
0.000000000000000000e+00
2.809656560420989990e-01
2.404394149780273438e-01
2.088529616594314575e-01
2.150363102555274963e-02
5.167447328567504883e-01
2.406128406524658203e+00
2.060638189315795898e+00
2.311002165079116821e-01
5.749038457870483398e-01
5.116532742977142334e-02
0.000000000000000000e+00
7.122161798179149628e-03
