1.740515083074569702e-01
0.000000000000000000e+00
3.193744644522666931e-02
2.169627666473388672e+00
7.452329397201538086e-01
3.064651787281036377e-01
5.696591734886169434e-01
2.080772161483764648e+00
6.709468841552734375e+00
1.138265728950500488e+00
5.091109871864318848e-02
2.258606910705566406e+00
7.409376502037048340e-01
5.156621336936950684e-01
1.825577855110168457e+00
6.894661188125610352e-01
7.977310419082641602e-01
1.877882957458496094e+00
7.117108702659606934e-01
6.446789205074310303e-02
1.906817317008972168e+00
3.262674435973167419e-02
5.041174963116645813e-02
1.270608067512512207e+00
3.581713438034057617e-01
1.268660128116607666e-01
1.746280700899660587e-03
1.919472336769104004e+00
4.668714106082916260e-01
9.102951735258102417e-03
1.218300834298133850e-01
2.913882397115230560e-02
7.405027151107788086e-01
5.569736361503601074e-01
7.208309173583984375e-01
3.546926736831665039e+00
4.109519422054290771e-01
1.631061881780624390e-01
1.279333114624023438e+00
9.027161598205566406e-01
4.125634729862213135e-01
8.533382415771484375e-01
5.127868652343750000e-01
3.877029657363891602e+00
3.793248832225799561e-01
1.739900231361389160e+00
5.666387081146240234e-01
1.603537440299987793e+00
7.064920663833618164e-02
2.021296501159667969e+00
2.296590328216552734e+00
0.000000000000000000e+00
9.796977043151855469e-01
1.278156340122222900e-01
1.359037995338439941e+00
1.948313973844051361e-02
8.716568946838378906e-01
8.855392932891845703e-01
3.116460144519805908e-01
1.497377902269363403e-01
2.929585799574851990e-02
5.854069590568542480e-01
3.248761221766471863e-02
5.771593451499938965e-01
2.175586462020874023e+00
3.587826713919639587e-02
1.874595182016491890e-03
3.891413807868957520e-01
1.162000060081481934e+00
1.389008462429046631e-01
3.766106674447655678e-03
7.415428757667541504e-02
2.451661080121994019e-01
1.308597326278686523e+00
3.118248581886291504e-01
9.958400130271911621e-01
6.058243568986654282e-03
8.771049976348876953e-01
4.396698474884033203e-01
8.444305062294006348e-01
0.000000000000000000e+00
1.191499114036560059e+00
1.819885492324829102e+00
1.201179027557373047e-01
2.103631258010864258e+00
1.727422922849655151e-01
1.261728882789611816e+00
4.849348962306976318e-02
7.791840434074401855e-01
0.000000000000000000e+00
9.662493318319320679e-02
9.125582873821258545e-02
0.000000000000000000e+00
0.000000000000000000e+00
7.940249443054199219e-01
8.242835849523544312e-02
1.182057857513427734e+00
2.350291907787322998e-01
1.387774050235748291e-01
0.000000000000000000e+00
3.679037839174270630e-02
1.098961681127548218e-01
2.654649876058101654e-02
8.814820051193237305e-01
5.708842873573303223e-01
1.391714960336685181e-01
1.684092283248901367e+00
8.307905793190002441e-01
4.244225919246673584e-01
3.166542351245880127e-01
1.640020251274108887e+00
0.000000000000000000e+00
9.044625163078308105e-01
6.433031558990478516e-01
6.787264347076416016e-01
2.322244271636009216e-02
5.085803866386413574e-01
1.596603393554687500e-01
6.420748233795166016e-01
2.605783224105834961e+00
5.196064114570617676e-01
2.246700674295425415e-01
3.071614168584346771e-02
1.884173274040222168e+00
7.351797223091125488e-01
9.333756566047668457e-01
0.000000000000000000e+00
5.100178718566894531e-01
2.095552682876586914e+00
1.163831632584333420e-02
0.000000000000000000e+00
1.040043354034423828e+00
1.747627258300781250e-01
8.815661072731018066e-02
5.266442894935607910e-01
5.180723592638969421e-02
5.480301007628440857e-02
5.132850170135498047e+00
0.000000000000000000e+00
1.206364482641220093e-01
1.920342743396759033e-01
6.674413681030273438e-01
1.548377394676208496e+00
0.000000000000000000e+00
7.772876322269439697e-02
9.580227732658386230e-02
8.312351107597351074e-01
1.550640940666198730e+00
4.130128324031829834e-01
1.039468422532081604e-01
5.802030086517333984e+00
1.628435333259403706e-03
8.091167211532592773e-01
4.808885157108306885e-01
2.012718677520751953e+00
2.084177017211914062e+00
1.435384005308151245e-01
1.337771862745285034e-01
2.394590139389038086e+00
4.937019348144531250e-01
9.804806858301162720e-02
1.807143211364746094e+00
9.708883166313171387e-01
4.623406752943992615e-02
2.987656295299530029e-01
8.813478052616119385e-02
1.064922101795673370e-02
0.000000000000000000e+00
1.548950433731079102e+00
2.998723268508911133e+00
4.355101287364959717e-01
1.930301636457443237e-01
1.340511888265609741e-01
1.339630842208862305e+00
5.039560794830322266e-01
7.322213172912597656e+00
0.000000000000000000e+00
5.758338049054145813e-02
4.484223201870918274e-02
1.024272441864013672e-01
3.896779089700430632e-04
9.033618844114243984e-04
2.417887449264526367e-01
2.863061666488647461e+00
1.058574318885803223e-01
4.543631896376609802e-02
2.217388451099395752e-01
8.653143644332885742e-01
0.000000000000000000e+00
7.921862602233886719e-02
0.000000000000000000e+00
2.770086228847503662e-01
1.062860846519470215e+00
7.059530615806579590e-01
7.057425975799560547e-01
5.688650608062744141e-01
4.963636398315429688e-01
2.409269958734512329e-01
6.237159371376037598e-01
6.893056631088256836e-01
1.523950934410095215e+00
3.136979341506958008e-01
3.561598956584930420e-01
5.841306447982788086e-01
6.658712625503540039e-01
1.383401155471801758e-01
5.097801089286804199e-01
1.791290491819381714e-01
1.571906208992004395e-01
1.198444604873657227e+00
5.267161875963211060e-03
3.264247253537178040e-02
9.704077243804931641e-01
1.382932186126708984e+00
1.537822008132934570e+00
4.715975522994995117e-01
2.502929866313934326e-01
1.003539562225341797e-01
1.348460316658020020e+00
1.180408239364624023e+00
3.938223049044609070e-02
1.576379872858524323e-03
1.685908883810043335e-01
8.776286616921424866e-03
3.149641752243041992e-01
1.036073081195354462e-02
3.525676578283309937e-02
3.848600387573242188e-01
2.009367197751998901e-01
2.120927907526493073e-02
1.807378977537155151e-01
4.440727233886718750e-01
1.337970137596130371e+00
2.367032527923583984e+00
4.698659777641296387e-01
1.656950592994689941e+00
2.166036128997802734e+00
1.287180483341217041e-01
9.227059781551361084e-02
1.325474619865417480e+00
1.138667464256286621e-01
2.212920412421226501e-02
0.000000000000000000e+00
2.986004114151000977e+00
9.721876978874206543e-01
5.229298472404479980e-01
5.610013604164123535e-01
4.460995271801948547e-02
9.224520921707153320e-01
2.024216175079345703e+00
0.000000000000000000e+00
4.382698535919189453e-01
3.291675820946693420e-02
1.822150945663452148e+00
1.247954249382019043e+00
0.000000000000000000e+00
3.100337386131286621e-01
0.000000000000000000e+00
9.302253276109695435e-02
1.041131466627120972e-01
7.704106569290161133e-01
2.981323003768920898e-01
9.926356375217437744e-03
8.175190305337309837e-04
5.470308009535074234e-03
0.000000000000000000e+00
2.589097976684570312e+00
1.971868984401226044e-02
7.729508876800537109e-01
6.330779194831848145e-02
1.861971139907836914e+00
0.000000000000000000e+00
7.378871440887451172e-01
2.431474775075912476e-01
3.830732032656669617e-02
3.641287982463836670e-01
1.250847727060317993e-01
7.770650386810302734e-01
1.496237635612487793e+00
9.122206829488277435e-03
1.817495748400688171e-02
1.559298187494277954e-01
9.452924877405166626e-02
1.438679248094558716e-01
5.164393186569213867e-01
1.447598338127136230e+00
1.420165657997131348e+00
0.000000000000000000e+00
1.424740403890609741e-01
1.749742776155471802e-02
2.190653324127197266e+00
2.104837894439697266e+00
2.949771881103515625e-01
2.396236639469861984e-03
1.703465878963470459e-01
6.101130247116088867e-01
4.526831805706024170e-01
2.032786374911665916e-03
1.962911963462829590e+00
5.486899852752685547e+00
4.685861170291900635e-01
1.815065294504165649e-01
1.921759843826293945e-01
3.179326653480529785e-01
2.625048905611038208e-02
1.911626458168029785e-01
6.994988303631544113e-03
0.000000000000000000e+00
1.044019777327775955e-02
2.027721703052520752e-01
7.804457545280456543e-01
0.000000000000000000e+00
1.176060438156127930e-01
1.361387610435485840e+00
1.972922682762145996e-01
4.269583225250244141e-01
0.000000000000000000e+00
1.909194588661193848e-01
1.616219043731689453e+00
3.238113224506378174e-01
1.361161828041076660e+00
0.000000000000000000e+00
1.488078236579895020e-01
2.453543096780776978e-01
6.245579104870557785e-03
8.839849233627319336e-01
1.900079846382141113e-02
0.000000000000000000e+00
5.742505788803100586e-01
3.232856094837188721e-01
3.341480344533920288e-02
2.080565085634589195e-03
7.580294609069824219e-01
2.889268659055233002e-02
0.000000000000000000e+00
4.040549695491790771e-01
1.675765514373779297e+00
3.985329996794462204e-03
7.415154576301574707e-01
1.523085117340087891e+00
4.746295213699340820e-01
2.141189947724342346e-02
5.660871267318725586e-01
2.480478882789611816e-01
9.086241126060485840e-01
7.659466862678527832e-01
1.383564472198486328e-01
2.071155793964862823e-02
4.791865348815917969e-01
9.865650534629821777e-01
2.397405654191970825e-01
1.795767664909362793e+00
5.510700941085815430e-01
3.828029334545135498e-02
1.853384077548980713e-01
7.828549742698669434e-01
0.000000000000000000e+00
1.942613869905471802e-01
0.000000000000000000e+00
1.421894311904907227e+00
4.322063624858856201e-01
0.000000000000000000e+00
2.908083498477935791e-01
7.120145559310913086e-01
2.069895267486572266e+00
1.463810682296752930e+00
3.288634121417999268e-01
9.877202510833740234e-01
1.499579548835754395e+00
0.000000000000000000e+00
8.306366801261901855e-01
1.501125574111938477e+00
7.291343808174133301e-01
2.803976461291313171e-02
1.130197167396545410e+00
0.000000000000000000e+00
1.955724880099296570e-02
1.424421090632677078e-03
8.404853940010070801e-02
4.175342619419097900e-01
1.072243973612785339e-01
2.953600168228149414e+00
2.432940006256103516e+00
7.683698534965515137e-01
0.000000000000000000e+00
6.568433046340942383e-01
2.085041627287864685e-02
0.000000000000000000e+00
0.000000000000000000e+00
1.624405235052108765e-01
2.543917298316955566e-01
1.149414852261543274e-01
3.137274831533432007e-02
1.602567285299301147e-01
3.193612443283200264e-03
9.174633026123046875e-01
1.173665165901184082e+00
0.000000000000000000e+00
1.827415525913238525e-01
1.292273283004760742e+00
4.333100467920303345e-02
1.787841081619262695e+00
0.000000000000000000e+00
1.487377136945724487e-01
1.569475531578063965e+00
8.106857538223266602e-01
8.232526183128356934e-01
3.736465275287628174e-01
1.614879488945007324e+00
3.730368614196777344e-01
4.984112977981567383e-01
0.000000000000000000e+00
6.076009869575500488e-01
1.705990195274353027e+00
3.069735877215862274e-02
0.000000000000000000e+00
4.826816082000732422e+00
7.124557346105575562e-02
1.015066027641296387e+00
4.275245666503906250e-01
6.835811305791139603e-03
6.911869049072265625e-01
2.543326700106263161e-03
2.782127857208251953e+00
7.032872438430786133e-01
2.720407843589782715e-01
7.597272992134094238e-01
1.222625255584716797e+00
0.000000000000000000e+00
1.491550922393798828e+00
1.304083038121461868e-02
9.259708225727081299e-03
4.475498199462890625e-02
1.446759141981601715e-02
2.764362394809722900e-01
1.077315956354141235e-01
3.195959329605102539e-02
0.000000000000000000e+00
6.971024274826049805e-01
5.332761406898498535e-01
1.112341284751892090e+00
0.000000000000000000e+00
3.116660416126251221e-01
2.403441667556762695e-01
4.304585158824920654e-01
1.118831802159547806e-03
0.000000000000000000e+00
0.000000000000000000e+00
8.674363493919372559e-01
1.614494323730468750e+00
1.415420770645141602e+00
7.759149372577667236e-02
1.762844800949096680e+00
1.296919956803321838e-02
8.022516965866088867e-01
3.250101804733276367e-01
3.941560089588165283e-01
5.695034861564636230e-01
0.000000000000000000e+00
1.364334344863891602e+00
1.546818614006042480e+00
1.557152420282363892e-01
3.044250965118408203e+00
1.563255190849304199e-01
8.774985074996948242e-01
5.589175224304199219e-02
1.527136564254760742e-01
1.003862097859382629e-01
2.421669960021972656e+00
3.446615636348724365e-01
4.605484195053577423e-03
1.030386090278625488e-01
2.050836235284805298e-01
1.655648499727249146e-01
2.031447172164916992e+00
7.737944126129150391e-01
5.823957547545433044e-02
1.168991401791572571e-01
9.682787209749221802e-02
1.362354159355163574e+00
8.975999802350997925e-02
0.000000000000000000e+00
1.182666327804327011e-02
1.345246315002441406e+00
6.759659051895141602e-01
1.051810681819915771e-01
2.998894155025482178e-01
5.809935927391052246e-02
7.647764086723327637e-01
3.741549253463745117e-01
6.639716625213623047e-01
3.269391655921936035e-01
1.096261694328859448e-04
2.398611158132553101e-01
9.422887563705444336e-01
2.511362135410308838e-01
9.556173086166381836e-01
2.838371276855468750e+00
1.958356350660324097e-01
0.000000000000000000e+00
2.429871261119842529e-01
3.053486585617065430e+00
6.614458560943603516e-01
9.709753990173339844e-01
7.518740296363830566e-01
2.055058002471923828e+00
2.206353187561035156e+00
3.147653639316558838e-01
7.113590836524963379e-02
9.354523420333862305e-01
0.000000000000000000e+00
3.300226032733917236e-01
