6.874575465917587280e-02
0.000000000000000000e+00
1.227767765522003174e-01
2.484407186508178711e+00
6.198019385337829590e-01
4.366549849510192871e-01
1.296869158744812012e+00
2.356412887573242188e+00
7.117692947387695312e+00
1.061216473579406738e+00
2.234345674514770508e-01
2.146521091461181641e+00
3.304746448993682861e-01
8.457080721855163574e-01
2.307372570037841797e+00
4.629823267459869385e-01
9.140646457672119141e-01
1.447042942047119141e+00
1.029558897018432617e+00
5.839026719331741333e-02
1.919341683387756348e+00
3.287734463810920715e-03
1.141991093754768372e-01
1.748321533203125000e+00
8.271857351064682007e-02
1.450772136449813843e-01
2.651735581457614899e-02
1.867709994316101074e+00
3.769170045852661133e-01
3.550654277205467224e-02
8.674899116158485413e-03
1.572057791054248810e-02
9.018623828887939453e-01
8.398450016975402832e-01
5.775915384292602539e-01
3.077259778976440430e+00
3.552801907062530518e-01
7.109203934669494629e-02
9.390770196914672852e-01
9.818655252456665039e-01
4.467632472515106201e-01
6.852498054504394531e-01
5.026371479034423828e-01
4.260321140289306641e+00
2.442237585783004761e-01
1.416929244995117188e+00
3.598203659057617188e-01
1.481518745422363281e+00
1.615788787603378296e-01
1.483406186103820801e+00
3.142345428466796875e+00
0.000000000000000000e+00
1.427019357681274414e+00
1.144725605845451355e-01
1.381761431694030762e+00
6.491043418645858765e-02
6.334440708160400391e-01
1.030607819557189941e+00
1.363224864006042480e+00
9.055758267641067505e-02
0.000000000000000000e+00
6.166588068008422852e-01
6.483259052038192749e-02
2.867277860641479492e-01
1.092955470085144043e+00
7.748056948184967041e-02
2.763265371322631836e-02
4.771435558795928955e-01
1.514482736587524414e+00
1.021926850080490112e-01
0.000000000000000000e+00
3.646983299404382706e-03
4.850378930568695068e-01
1.134948968887329102e+00
4.902607500553131104e-01
8.797704577445983887e-01
5.200668238103389740e-03
1.388770818710327148e+00
2.993175387382507324e-01
1.054807186126708984e+00
0.000000000000000000e+00
1.155549287796020508e+00
2.149914026260375977e+00
4.967125132679939270e-02
2.243343591690063477e+00
1.704609841108322144e-01
1.047279238700866699e+00
6.823001801967620850e-02
6.337286233901977539e-01
5.962450057268142700e-02
6.448689103126525879e-02
0.000000000000000000e+00
0.000000000000000000e+00
2.187280170619487762e-02
6.637309789657592773e-01
2.504884004592895508e-01
1.114380598068237305e+00
3.045855164527893066e-01
3.117555081844329834e-01
3.039225237444043159e-03
9.972640313208103180e-03
1.301086694002151489e-02
4.609521850943565369e-02
1.913899540901184082e+00
5.555180311203002930e-01
3.157310485839843750e-01
2.105086088180541992e+00
6.970791816711425781e-01
5.067457556724548340e-01
2.026627957820892334e-01
1.510598421096801758e+00
2.510957233607769012e-02
5.245266556739807129e-01
3.196013271808624268e-01
8.268659710884094238e-01
6.448727846145629883e-02
4.045450091361999512e-01
6.285660266876220703e-01
1.185225725173950195e+00
2.428057432174682617e+00
4.183526635169982910e-01
1.943085640668869019e-01
7.648346014320850372e-03
1.850781202316284180e+00
9.694976806640625000e-01
8.525096774101257324e-01
3.110420948360115290e-04
2.191796898841857910e-01
1.898638963699340820e+00
0.000000000000000000e+00
3.097038716077804565e-02
5.517880320549011230e-01
2.173980027437210083e-01
2.247063070535659790e-01
3.240634799003601074e-01
8.215551823377609253e-02
1.687720865011215210e-01
4.965178012847900391e+00
0.000000000000000000e+00
6.726898998022079468e-02
6.767988950014114380e-02
5.517530441284179688e-01
1.059413313865661621e+00
0.000000000000000000e+00
4.123001918196678162e-02
1.231908574700355530e-01
1.240269899368286133e+00
1.037559509277343750e+00
2.979211211204528809e-01
2.550739049911499023e-02
5.678567409515380859e+00
2.302366942167282104e-01
8.608435392379760742e-01
4.321851730346679688e-01
2.118226528167724609e+00
2.765212059020996094e+00
1.331206113100051880e-01
2.150177806615829468e-01
2.331619977951049805e+00
1.625022888183593750e-01
2.574246935546398163e-02
1.405253529548645020e+00
5.526486635208129883e-01
2.512788027524948120e-02
8.396614789962768555e-01
1.589074432849884033e-01
0.000000000000000000e+00
0.000000000000000000e+00
1.453076720237731934e+00
2.717396020889282227e+00
6.705614924430847168e-01
2.796709835529327393e-01
6.714163720607757568e-02
1.348007798194885254e+00
7.642728686332702637e-01
7.080502510070800781e+00
0.000000000000000000e+00
1.334514189511537552e-02
3.589560836553573608e-02
1.736737042665481567e-01
1.373290270566940308e-02
4.174023866653442383e-01
1.550694108009338379e-01
3.139302730560302734e+00
1.083925738930702209e-01
6.590869277715682983e-02
4.064457118511199951e-01
9.451860785484313965e-01
0.000000000000000000e+00
1.015844345092773438e-01
0.000000000000000000e+00
2.546250354498624802e-03
9.993857145309448242e-01
6.576366424560546875e-01
8.349567055702209473e-01
5.110977888107299805e-01
7.464702725410461426e-01
3.559220731258392334e-01
3.085158467292785645e-01
1.033941864967346191e+00
1.831100702285766602e+00
2.699170410633087158e-01
1.620004028081893921e-01
3.759567737579345703e-01
6.358163952827453613e-01
1.330686826258897781e-02
8.613569140434265137e-01
4.517621360719203949e-03
1.715507209300994873e-01
1.476693272590637207e+00
1.521820276975631714e-01
1.134973391890525818e-01
1.251006007194519043e+00
1.754842162132263184e+00
1.729422211647033691e+00
5.061474442481994629e-01
1.679904609918594360e-01
1.076597347855567932e-01
1.861635446548461914e+00
4.791013002395629883e-01
0.000000000000000000e+00
8.651527762413024902e-02
4.062126576900482178e-01
3.308558836579322815e-02
4.512911438941955566e-01
0.000000000000000000e+00
8.130950480699539185e-02
7.291030883789062500e-01
3.186798840761184692e-02
1.220998167991638184e-01
2.930559813976287842e-01
2.416137456893920898e-01
2.028258323669433594e+00
2.023873805999755859e+00
9.098521471023559570e-01
1.661719202995300293e+00
2.753191232681274414e+00
4.551313519477844238e-01
7.708870619535446167e-02
7.107284069061279297e-01
2.505979537963867188e-01
8.128155767917633057e-02
6.543484330177307129e-02
2.399863719940185547e+00
1.237810015678405762e+00
2.609767019748687744e-01
4.679606854915618896e-01
4.798315092921257019e-02
1.748819470405578613e+00
1.754824757575988770e+00
4.107708856463432312e-02
2.862040102481842041e-01
3.636355744674801826e-03
1.551805138587951660e+00
1.607649445533752441e+00
4.150598775595426559e-03
9.599708020687103271e-02
0.000000000000000000e+00
6.574764847755432129e-02
9.840238839387893677e-02
1.249580144882202148e+00
4.783072173595428467e-01
0.000000000000000000e+00
1.094206329435110092e-02
0.000000000000000000e+00
0.000000000000000000e+00
2.394433498382568359e+00
0.000000000000000000e+00
7.851939797401428223e-01
6.248031742870807648e-03
2.099246263504028320e+00
0.000000000000000000e+00
9.191002249717712402e-01
9.857703000307083130e-02
2.539966953918337822e-03
4.619520008563995361e-01
1.443361192941665649e-01
8.605532050132751465e-01
1.482082724571228027e+00
4.230910912156105042e-02
1.844399236142635345e-02
3.057903051376342773e-01
9.816735237836837769e-02
5.766373127698898315e-02
4.248156547546386719e-01
1.344611048698425293e+00
1.866086602210998535e+00
0.000000000000000000e+00
1.311730891466140747e-01
0.000000000000000000e+00
2.023162126541137695e+00
1.470132946968078613e+00
4.604923129081726074e-01
2.009600866585969925e-03
3.562927246093750000e-01
3.802877068519592285e-01
4.264102876186370850e-01
6.700694561004638672e-02
1.313805699348449707e+00
5.963582992553710938e+00
4.215590357780456543e-01
2.882325947284698486e-01
4.808344841003417969e-01
3.315471708774566650e-01
7.552184164524078369e-02
3.362997621297836304e-02
2.324699983000755310e-02
0.000000000000000000e+00
5.644585192203521729e-02
4.104847013950347900e-01
1.094536423683166504e+00
9.653983265161514282e-02
8.473243564367294312e-02
1.424788355827331543e+00
2.072931379079818726e-01
7.554294466972351074e-01
0.000000000000000000e+00
5.650781095027923584e-02
1.213499307632446289e+00
1.110229045152664185e-01
1.265535116195678711e+00
0.000000000000000000e+00
2.479164749383926392e-01
2.640228271484375000e-01
0.000000000000000000e+00
1.033669471740722656e+00
5.424889177083969116e-02
0.000000000000000000e+00
8.564692735671997070e-01
3.320903182029724121e-01
0.000000000000000000e+00
1.756524550728499889e-03
3.079268634319305420e-01
2.610873281955718994e-01
1.595735084265470505e-03
5.607599616050720215e-01
1.678345918655395508e+00
2.552135288715362549e-01
1.106348752975463867e+00
1.402939081192016602e+00
2.448638230562210083e-01
7.578475051559507847e-04
4.695596396923065186e-01
1.499787867069244385e-01
8.282493352890014648e-01
1.077063679695129395e+00
1.667128354310989380e-01
2.303458936512470245e-02
5.318660736083984375e-01
1.181439876556396484e+00
1.374389976263046265e-01
1.030413031578063965e+00
4.123212099075317383e-01
3.266733884811401367e-01
3.058359213173389435e-02
5.987249612808227539e-01
0.000000000000000000e+00
9.935318678617477417e-02
0.000000000000000000e+00
4.638751149177551270e-01
1.334679871797561646e-01
1.236855313181877136e-01
2.837970554828643799e-01
8.511777520179748535e-01
2.110941410064697266e+00
1.307773470878601074e+00
3.830601871013641357e-01
1.432846069335937500e+00
1.755428671836853027e+00
1.794613897800445557e-02
5.907734632492065430e-01
1.399961829185485840e+00
6.041313409805297852e-01
1.041449047625064850e-02
9.642027020454406738e-01
6.410304456949234009e-02
9.029893577098846436e-02
0.000000000000000000e+00
1.790226250886917114e-01
3.914416730403900146e-01
2.728510797023773193e-01
3.307987689971923828e+00
2.249617576599121094e+00
7.316567301750183105e-01
0.000000000000000000e+00
9.236685037612915039e-01
1.260672137141227722e-02
4.002813994884490967e-02
0.000000000000000000e+00
4.626604020595550537e-01
2.744717895984649658e-01
7.511354982852935791e-02
0.000000000000000000e+00
1.411528587341308594e-01
0.000000000000000000e+00
7.110854983329772949e-01
2.042901515960693359e+00
9.030142100527882576e-04
1.168717741966247559e-01
9.580714702606201172e-01
1.025334000587463379e-03
9.039304852485656738e-01
0.000000000000000000e+00
9.482424706220626831e-02
1.311247467994689941e+00
5.241934657096862793e-01
1.105817794799804688e+00
8.404172956943511963e-02
1.155120015144348145e+00
2.680826187133789062e-01
2.694317102432250977e-01
0.000000000000000000e+00
4.507414996623992920e-01
1.844050645828247070e+00
1.613184995949268341e-02
1.066080480813980103e-01
4.274432659149169922e+00
1.222267746925354004e-01
1.229749083518981934e+00
1.883545517921447754e-01
6.682295352220535278e-02
5.518417954444885254e-01
0.000000000000000000e+00
3.342610597610473633e+00
5.760393738746643066e-01
4.110538661479949951e-01
1.005572080612182617e+00
1.062258124351501465e+00
3.592159599065780640e-02
1.636552095413208008e+00
1.035689115524291992e-01
3.021195530891418457e-03
2.131068259477615356e-01
0.000000000000000000e+00
4.732903838157653809e-01
1.882027536630630493e-01
7.630373537540435791e-02
1.390922535210847855e-02
3.807891011238098145e-01
8.667457699775695801e-01
1.217100262641906738e+00
0.000000000000000000e+00
2.767393589019775391e-01
5.142536163330078125e-01
1.161896467208862305e+00
0.000000000000000000e+00
1.810911810025572777e-03
1.862534554675221443e-03
3.032024204730987549e-01
1.261224508285522461e+00
1.329542279243469238e+00
1.028749197721481323e-01
1.824202775955200195e+00
0.000000000000000000e+00
6.224683523178100586e-01
4.533376693725585938e-01
1.446585208177566528e-01
6.038125138729810715e-03
0.000000000000000000e+00
1.493348956108093262e+00
1.581115245819091797e+00
6.936401873826980591e-02
3.363052606582641602e+00
5.083799362182617188e-02
1.360070943832397461e+00
0.000000000000000000e+00
1.041293144226074219e-01
6.812023371458053589e-02
2.304683208465576172e+00
6.166359782218933105e-01
1.553685497492551804e-02
4.153960645198822021e-01
9.301634132862091064e-02
1.728704124689102173e-01
2.290012121200561523e+00
7.630346417427062988e-01
1.080959811806678772e-01
2.820144593715667725e-01
5.046785995364189148e-02
1.157327771186828613e+00
1.389830857515335083e-01
2.257149107754230499e-02
7.370077818632125854e-02
1.179094910621643066e+00
9.982343316078186035e-01
3.438307344913482666e-02
1.957169771194458008e-01
7.288882881402969360e-02
1.201309204101562500e+00
3.705346584320068359e-01
8.967649340629577637e-01
4.337077140808105469e-01
0.000000000000000000e+00
2.142562866210937500e-01
1.346622943878173828e+00
2.570047602057456970e-02
5.497688651084899902e-01
2.335364103317260742e+00
2.644167542457580566e-01
0.000000000000000000e+00
1.300234645605087280e-01
3.138169765472412109e+00
9.779785871505737305e-01
1.299414753913879395e+00
8.241839408874511719e-01
2.469447612762451172e+00
2.443742752075195312e+00
6.320021152496337891e-01
1.010442450642585754e-01
6.385653614997863770e-01
0.000000000000000000e+00
4.867404326796531677e-02
