1.578956246376037598e-01
0.000000000000000000e+00
2.222508192062377930e-02
2.396932601928710938e+00
5.776233077049255371e-01
7.963966578245162964e-02
3.516049981117248535e-01
3.010059833526611328e+00
7.095685482025146484e+00
1.161764264106750488e+00
2.218034416437149048e-01
2.280429363250732422e+00
3.532559573650360107e-01
1.025902986526489258e+00
2.340106010437011719e+00
5.033594369888305664e-01
1.077038645744323730e+00
1.672105193138122559e+00
1.176058292388916016e+00
1.285716891288757324e-01
1.713921189308166504e+00
0.000000000000000000e+00
3.976941108703613281e-02
1.370896339416503906e+00
3.484952077269554138e-02
1.068166419863700867e-01
2.166045159101486206e-01
2.290267229080200195e+00
4.736763238906860352e-01
0.000000000000000000e+00
2.898603910580277443e-03
1.129054278135299683e-02
4.087547361850738525e-01
2.461311072111129761e-01
4.571182131767272949e-01
3.118795871734619141e+00
4.830420911312103271e-01
4.940297082066535950e-02
1.510822534561157227e+00
8.990278840065002441e-01
2.522936761379241943e-01
8.833923339843750000e-01
5.708310604095458984e-01
3.756581783294677734e+00
7.092255949974060059e-01
1.592426180839538574e+00
6.250130534172058105e-01
1.290732502937316895e+00
7.106864452362060547e-02
1.518274545669555664e+00
2.129783630371093750e+00
0.000000000000000000e+00
1.147992134094238281e+00
6.559400819242000580e-03
7.971299290657043457e-01
1.830287277698516846e-01
4.853458404541015625e-01
7.627016901969909668e-01
8.060484528541564941e-01
1.403889209032058716e-01
5.091490596532821655e-02
4.776464104652404785e-01
8.913212269544601440e-02
6.720777750015258789e-01
1.543894648551940918e+00
1.954931914806365967e-01
0.000000000000000000e+00
7.450905442237854004e-01
1.288374543190002441e+00
5.747315008193254471e-03
0.000000000000000000e+00
0.000000000000000000e+00
4.993376433849334717e-01
5.944482684135437012e-01
2.684031128883361816e-01
7.349479794502258301e-01
2.907189913094043732e-02
1.032527923583984375e+00
3.187468349933624268e-01
9.237164855003356934e-01
0.000000000000000000e+00
1.230201721191406250e+00
1.997842431068420410e+00
7.668282091617584229e-02
2.362670898437500000e+00
8.494196087121963501e-02
7.988467812538146973e-01
2.720669098198413849e-02
6.270719766616821289e-01
1.051617669872939587e-03
8.950421959161758423e-02
9.397797985002398491e-04
0.000000000000000000e+00
0.000000000000000000e+00
5.944285988807678223e-01
7.776651997119188309e-03
1.595990419387817383e+00
1.316800862550735474e-01
5.194829404354095459e-02
7.386867888271808624e-03
7.348997890949249268e-02
6.564545445144176483e-03
6.728347390890121460e-03
1.414296627044677734e+00
8.751313686370849609e-01
3.318085074424743652e-01
2.109491348266601562e+00
8.637836575508117676e-01
4.958476126194000244e-01
2.690494954586029053e-01
9.280456304550170898e-01
0.000000000000000000e+00
9.998235702514648438e-01
7.776629328727722168e-01
8.131831288337707520e-01
8.241665782406926155e-04
1.990246176719665527e-01
3.310517370700836182e-01
1.199668943881988525e-01
2.241992712020874023e+00
4.905026853084564209e-01
1.360666155815124512e-01
0.000000000000000000e+00
1.701635003089904785e+00
7.052344083786010742e-01
1.042188405990600586e+00
0.000000000000000000e+00
2.046080529689788818e-01
2.191550016403198242e+00
0.000000000000000000e+00
0.000000000000000000e+00
7.098026275634765625e-01
6.268844008445739746e-02
2.875192090868949890e-02
7.052701711654663086e-01
2.116942778229713440e-03
2.349814325571060181e-01
5.775100231170654297e+00
0.000000000000000000e+00
2.462894469499588013e-01
2.653172612190246582e-01
4.629496335983276367e-01
1.010585427284240723e+00
0.000000000000000000e+00
9.419421851634979248e-02
2.589735686779022217e-01
8.287280201911926270e-01
1.534747362136840820e+00
6.538179516792297363e-01
1.086047217249870300e-01
6.073655605316162109e+00
2.344754189252853394e-01
9.564127326011657715e-01
4.552579522132873535e-01
2.127391576766967773e+00
1.716803073883056641e+00
9.037608653306961060e-02
4.549135863780975342e-01
2.230025053024291992e+00
3.127158880233764648e-01
8.586674183607101440e-02
1.892755627632141113e+00
1.144883871078491211e+00
1.651998758316040039e-01
3.036400079727172852e-01
1.250993609428405762e-01
2.064613858237862587e-03
0.000000000000000000e+00
1.296063661575317383e+00
3.753840684890747070e+00
2.472824752330780029e-01
4.443826377391815186e-01
1.142194792628288269e-01
1.569067358970642090e+00
1.900381445884704590e-01
7.330095291137695312e+00
0.000000000000000000e+00
1.155655235052108765e-01
2.020482905209064484e-02
1.079069748520851135e-01
0.000000000000000000e+00
3.856695443391799927e-02
7.318057119846343994e-02
2.740387439727783203e+00
9.107149392366409302e-02
4.799294471740722656e-02
1.583004891872406006e-01
1.362793087959289551e+00
0.000000000000000000e+00
1.393277496099472046e-01
0.000000000000000000e+00
2.219987958669662476e-01
9.153128266334533691e-01
7.761870026588439941e-01
6.935951709747314453e-01
3.544330000877380371e-01
4.424872100353240967e-01
1.696004569530487061e-01
3.166879117488861084e-01
7.961540818214416504e-01
2.386209964752197266e+00
2.434796988964080811e-01
6.195611953735351562e-01
3.188039958477020264e-01
2.157616019248962402e-01
3.320431336760520935e-02
8.558844327926635742e-01
0.000000000000000000e+00
1.514922082424163818e-01
1.710063695907592773e+00
2.874691598117351532e-02
1.852928698062896729e-01
1.000723719596862793e+00
1.456203460693359375e+00
1.837849497795104980e+00
1.035329937934875488e+00
1.858359575271606445e-01
8.133932203054428101e-02
1.009984731674194336e+00
1.129047989845275879e+00
2.042938140220940113e-04
8.613357320427894592e-03
5.491215586662292480e-01
0.000000000000000000e+00
5.316469669342041016e-01
5.128354765474796295e-03
4.814133793115615845e-02
3.145956695079803467e-01
9.600060991942882538e-03
0.000000000000000000e+00
3.525902032852172852e-01
2.010738700628280640e-01
1.586663007736206055e+00
2.442326545715332031e+00
4.817664325237274170e-01
2.015500307083129883e+00
2.671440124511718750e+00
3.566223084926605225e-01
1.019571721553802490e-01
1.434730529785156250e+00
8.443201333284378052e-02
8.044551312923431396e-02
9.444829076528549194e-03
3.187668800354003906e+00
8.573685288429260254e-01
6.345950067043304443e-02
7.703933715820312500e-01
2.610709704458713531e-02
9.101121425628662109e-01
1.911309838294982910e+00
7.514918688684701920e-03
1.191345527768135071e-01
7.468683761544525623e-04
1.415654063224792480e+00
1.318386793136596680e+00
0.000000000000000000e+00
3.317689597606658936e-01
0.000000000000000000e+00
2.522653900086879730e-03
1.989425905048847198e-02
1.365652561187744141e+00
1.027505025267601013e-01
3.113275859504938126e-03
0.000000000000000000e+00
3.995936422143131495e-04
0.000000000000000000e+00
2.598706483840942383e+00
0.000000000000000000e+00
1.404237866401672363e+00
0.000000000000000000e+00
1.550667881965637207e+00
0.000000000000000000e+00
8.324928283691406250e-01
1.377259492874145508e-01
4.305197298526763916e-02
3.599584996700286865e-01
0.000000000000000000e+00
8.876073956489562988e-01
1.524321675300598145e+00
9.237203001976013184e-02
4.769499972462654114e-02
6.084055900573730469e-01
2.640048265457153320e-01
1.025316715240478516e-01
3.195394575595855713e-01
6.453425288200378418e-01
1.602456927299499512e+00
0.000000000000000000e+00
3.903695642948150635e-01
3.160159289836883545e-02
2.021394729614257812e+00
1.772387146949768066e+00
2.279469370841979980e-02
0.000000000000000000e+00
1.868644952774047852e-01
3.138911426067352295e-01
2.915719747543334961e-01
1.712001711130142212e-01
2.037372827529907227e+00
5.370868206024169922e+00
6.102778315544128418e-01
5.486603379249572754e-01
1.310933679342269897e-01
5.463513731956481934e-01
2.740476094186306000e-02
1.161691825836896896e-02
1.558233867399394512e-03
0.000000000000000000e+00
0.000000000000000000e+00
4.658616334199905396e-02
1.251996278762817383e+00
2.347266767174005508e-03
3.238359093666076660e-02
1.406977772712707520e+00
4.324260652065277100e-01
4.197766780853271484e-01
0.000000000000000000e+00
1.376034617424011230e-01
1.339619636535644531e+00
3.882627189159393311e-01
1.089414358139038086e+00
0.000000000000000000e+00
8.227453380823135376e-02
6.831342820078134537e-03
1.236396841704845428e-02
1.185858607292175293e+00
1.484280265867710114e-02
0.000000000000000000e+00
5.912919640541076660e-01
6.115603446960449219e-01
1.227144803851842880e-02
0.000000000000000000e+00
4.935823380947113037e-01
1.304845213890075684e-01
0.000000000000000000e+00
4.660636782646179199e-01
1.618724226951599121e+00
6.588847935199737549e-02
1.254259467124938965e+00
1.024619698524475098e+00
9.102996438741683960e-02
8.262734860181808472e-03
1.181550696492195129e-01
1.189192011952400208e-01
5.673581957817077637e-01
9.374519586563110352e-01
1.380574852228164673e-01
1.803502067923545837e-02
6.435679197311401367e-01
1.177005887031555176e+00
4.192242920398712158e-01
1.154043674468994141e+00
3.987278342247009277e-01
3.395127356052398682e-01
4.504029452800750732e-01
2.687495350837707520e-01
0.000000000000000000e+00
7.103261351585388184e-02
0.000000000000000000e+00
7.795190215110778809e-01
8.754888921976089478e-02
8.318243920803070068e-02
3.638571202754974365e-01
5.386333465576171875e-01
2.050577402114868164e+00
1.496935606002807617e+00
2.809925079345703125e-01
1.424506187438964844e+00
2.027039051055908203e+00
0.000000000000000000e+00
7.093167901039123535e-01
1.230760574340820312e+00
6.349970698356628418e-01
2.407174184918403625e-02
1.156236171722412109e+00
0.000000000000000000e+00
8.373773843050003052e-02
3.094981657341122627e-04
3.447686731815338135e-01
6.828585267066955566e-01
1.194565892219543457e-01
3.767857074737548828e+00
3.110866546630859375e+00
7.956294417381286621e-01
0.000000000000000000e+00
1.889212280511856079e-01
5.253755953162908554e-03
0.000000000000000000e+00
0.000000000000000000e+00
3.922684192657470703e-01
6.010347008705139160e-01
2.126170694828033447e-02
0.000000000000000000e+00
5.012100934982299805e-01
2.330513112246990204e-02
8.994030952453613281e-01
1.405850410461425781e+00
6.098464876413345337e-02
5.066824704408645630e-02
1.247963309288024902e+00
4.609375447034835815e-02
1.083045363426208496e+00
8.226527716033160686e-04
2.494985163211822510e-01
8.954294919967651367e-01
1.244876980781555176e+00
1.284371376037597656e+00
4.534342885017395020e-01
1.983248710632324219e+00
3.072478175163269043e-01
3.447143435478210449e-01
0.000000000000000000e+00
6.596857309341430664e-01
1.388750672340393066e+00
1.142456755042076111e-01
4.434110596776008606e-03
4.612870216369628906e+00
1.667564958333969116e-01
9.164959192276000977e-01
3.226804435253143311e-01
1.234515849500894547e-02
2.248766124248504639e-01
0.000000000000000000e+00
2.492324352264404297e+00
7.852687239646911621e-01
9.801241010427474976e-02
7.018063664436340332e-01
8.822026252746582031e-01
0.000000000000000000e+00
1.441198468208312988e+00
3.705674037337303162e-02
1.957523869350552559e-03
0.000000000000000000e+00
0.000000000000000000e+00
3.356277346611022949e-01
1.830643862485885620e-01
9.742216020822525024e-02
0.000000000000000000e+00
8.151759505271911621e-01
5.578314065933227539e-01
1.654696106910705566e+00
0.000000000000000000e+00
3.193609416484832764e-01
3.883191347122192383e-01
8.028044104576110840e-01
9.659568779170513153e-03
0.000000000000000000e+00
2.061611227691173553e-02
7.452190518379211426e-01
9.855156540870666504e-01
8.139509558677673340e-01
2.196985855698585510e-02
1.863035559654235840e+00
2.948144450783729553e-02
4.376032352447509766e-01
3.161685764789581299e-01
1.283962279558181763e-01
2.501269280910491943e-01
0.000000000000000000e+00
6.800362467765808105e-01
1.039952993392944336e+00
3.040444292128086090e-02
2.487499713897705078e+00
1.792693138122558594e-01
1.402110457420349121e+00
7.595591247081756592e-02
2.789222449064254761e-02
3.293219720944762230e-03
2.324434280395507812e+00
1.233489155769348145e+00
0.000000000000000000e+00
1.370619237422943115e-02
4.759716093540191650e-01
3.478012084960937500e-01
1.993427276611328125e+00
2.934783697128295898e-01
7.488289475440979004e-02
7.101876735687255859e-01
1.643119305372238159e-01
1.602293491363525391e+00
1.924919523298740387e-02
4.037257656455039978e-02
1.973001509904861450e-01
1.278647303581237793e+00
1.038578033447265625e+00
1.045676600188016891e-02
1.492532938718795776e-01
5.493728443980216980e-03
1.335636615753173828e+00
2.768011987209320068e-01
1.281913518905639648e+00
4.832126796245574951e-01
0.000000000000000000e+00
3.643931746482849121e-01
1.009805560111999512e+00
1.199418678879737854e-01
7.793159484863281250e-01
2.818569183349609375e+00
1.642792373895645142e-01
3.413299331441521645e-03
2.428958863019943237e-01
2.774533987045288086e+00
9.457059502601623535e-01
9.850382804870605469e-01
8.800776004791259766e-01
2.356105327606201172e+00
2.391322374343872070e+00
9.689857363700866699e-01
3.989377245306968689e-02
7.640200853347778320e-01
0.000000000000000000e+00
3.416675627231597900e-01
