1.523877531290054321e-01
0.000000000000000000e+00
5.506633594632148743e-02
2.408868789672851562e+00
8.650396466255187988e-01
2.394404113292694092e-01
3.161787986755371094e-01
1.951709628105163574e+00
6.718961715698242188e+00
9.990226626396179199e-01
7.775702327489852905e-02
2.092983961105346680e+00
5.749582648277282715e-01
7.547459602355957031e-01
2.329433202743530273e+00
5.708048343658447266e-01
9.696660041809082031e-01
1.865249395370483398e+00
9.544516205787658691e-01
4.110440984368324280e-02
2.040094852447509766e+00
0.000000000000000000e+00
1.022773445583879948e-03
1.499230146408081055e+00
2.038065791130065918e-01
1.474560350179672241e-01
2.072689384222030640e-01
2.060492753982543945e+00
5.564340949058532715e-01
0.000000000000000000e+00
9.709944576025009155e-02
2.484497614204883575e-02
5.524386167526245117e-01
4.582063555717468262e-01
1.037449836730957031e+00
3.380964279174804688e+00
2.679365873336791992e-01
1.312701404094696045e-01
1.518613219261169434e+00
9.146004915237426758e-01
5.756500959396362305e-01
9.536327123641967773e-01
3.340657949447631836e-01
3.737174987792968750e+00
5.944076776504516602e-01
1.302963495254516602e+00
4.864873290061950684e-01
1.475476741790771484e+00
2.241115272045135498e-01
1.339511632919311523e+00
2.037785291671752930e+00
0.000000000000000000e+00
6.938735842704772949e-01
1.332631409168243408e-01
7.993983030319213867e-01
9.595896303653717041e-02
9.497033357620239258e-01
6.981008052825927734e-01
2.939062714576721191e-01
5.117041990160942078e-02
8.845087140798568726e-03
5.306819081306457520e-01
2.856602147221565247e-02
3.903109431266784668e-01
1.796020030975341797e+00
1.066664382815361023e-01
0.000000000000000000e+00
8.083811402320861816e-01
1.256839752197265625e+00
3.963250294327735901e-02
9.777665138244628906e-03
9.238748252391815186e-02
4.117608964443206787e-01
1.031381249427795410e+00
1.273312866687774658e-01
1.118387341499328613e+00
1.120004430413246155e-02
8.375432491302490234e-01
2.539590597152709961e-01
1.117088198661804199e+00
0.000000000000000000e+00
9.132731556892395020e-01
1.829109668731689453e+00
2.082738578319549561e-01
2.269241333007812500e+00
1.554477810859680176e-01
1.226398468017578125e+00
1.451969705522060394e-02
6.509768366813659668e-01
8.673004806041717529e-03
2.421624027192592621e-02
1.392394676804542542e-02
0.000000000000000000e+00
0.000000000000000000e+00
4.301702380180358887e-01
6.484225392341613770e-02
1.534277439117431641e+00
1.484223902225494385e-01
2.717130184173583984e-01
0.000000000000000000e+00
1.316983848810195923e-01
2.470222413539886475e-01
1.087869331240653992e-02
5.005384683609008789e-01
7.324877977371215820e-01
1.182425692677497864e-01
1.946980357170104980e+00
9.807040095329284668e-01
4.962019622325897217e-01
3.236903548240661621e-01
1.210761547088623047e+00
0.000000000000000000e+00
1.135596394538879395e+00
4.329439997673034668e-01
8.628020882606506348e-01
9.875933080911636353e-02
3.180797696113586426e-01
1.300810128450393677e-01
5.803358554840087891e-01
2.445532083511352539e+00
8.707102537155151367e-01
4.656923934817314148e-02
0.000000000000000000e+00
1.506332516670227051e+00
8.763641715049743652e-01
5.265231728553771973e-01
0.000000000000000000e+00
8.836337924003601074e-01
1.972318649291992188e+00
8.300900459289550781e-02
0.000000000000000000e+00
9.164198637008666992e-01
4.495518505573272705e-01
8.491241186857223511e-02
5.143389105796813965e-01
7.144659012556076050e-02
2.299688607454299927e-01
5.149604797363281250e+00
0.000000000000000000e+00
1.765761673450469971e-01
2.773283720016479492e-01
4.561695158481597900e-01
1.760357618331909180e+00
0.000000000000000000e+00
2.188745141029357910e-01
7.253056764602661133e-02
1.016290783882141113e+00
1.649175047874450684e+00
4.588605761528015137e-01
9.165042079985141754e-03
6.359180450439453125e+00
2.059279680252075195e-01
3.483392298221588135e-01
8.334574103355407715e-01
1.944927215576171875e+00
2.091377019882202148e+00
7.613255828619003296e-02
2.488601058721542358e-01
2.121876955032348633e+00
3.400631248950958252e-01
2.653181925415992737e-02
1.592673897743225098e+00
8.364133834838867188e-01
3.631987571716308594e-01
3.917101919651031494e-01
1.341183930635452271e-01
1.230682828463613987e-03
0.000000000000000000e+00
1.721265792846679688e+00
4.044782161712646484e+00
3.393210768699645996e-01
3.764674961566925049e-01
1.625044196844100952e-01
1.492610692977905273e+00
3.689579665660858154e-01
6.546287059783935547e+00
0.000000000000000000e+00
3.106639720499515533e-02
7.492231577634811401e-02
2.634946703910827637e-01
0.000000000000000000e+00
4.852675646543502808e-02
5.662910267710685730e-02
3.045716524124145508e+00
1.394959092140197754e-01
2.036311775445938110e-01
2.928731441497802734e-01
1.093318223953247070e+00
0.000000000000000000e+00
4.669031873345375061e-02
0.000000000000000000e+00
2.903735339641571045e-01
8.337140083312988281e-01
9.216960072517395020e-01
8.454666137695312500e-01
4.422000944614410400e-01
4.554724395275115967e-01
2.097615748643875122e-01
5.896291732788085938e-01
5.843297839164733887e-01
1.930739521980285645e+00
2.846806347370147705e-01
4.417878687381744385e-01
4.580514430999755859e-01
5.101071596145629883e-01
1.109667643904685974e-01
5.159495472908020020e-01
9.009482711553573608e-02
1.864717751741409302e-01
1.115846872329711914e+00
3.919488936662673950e-02
1.550800912082195282e-02
9.163252711296081543e-01
1.725274205207824707e+00
1.914905428886413574e+00
8.239421844482421875e-01
1.514228582382202148e-01
0.000000000000000000e+00
1.147615790367126465e+00
9.931341409683227539e-01
0.000000000000000000e+00
0.000000000000000000e+00
2.708177268505096436e-01
1.520604919642210007e-02
2.979041039943695068e-01
8.310994133353233337e-03
3.066979162395000458e-02
5.876174569129943848e-01
8.707408607006072998e-02
3.830436989665031433e-02
1.050588116049766541e-01
1.673742234706878662e-01
1.150554299354553223e+00
2.363553285598754883e+00
4.519016444683074951e-01
1.759678125381469727e+00
2.358078956604003906e+00
3.331861272454261780e-02
2.100000530481338501e-01
1.356195211410522461e+00
1.326079368591308594e-01
0.000000000000000000e+00
6.358668953180313110e-02
2.681761741638183594e+00
1.078110814094543457e+00
5.790358185768127441e-01
5.680100321769714355e-01
4.938251897692680359e-02
6.188965439796447754e-01
1.796801209449768066e+00
7.971349358558654785e-02
1.516788005828857422e-01
4.459930956363677979e-02
2.516795396804809570e+00
1.326459884643554688e+00
0.000000000000000000e+00
4.510766267776489258e-01
0.000000000000000000e+00
2.733842656016349792e-02
8.177952468395233154e-02
1.265961170196533203e+00
3.149231374263763428e-01
0.000000000000000000e+00
0.000000000000000000e+00
5.166887305676937103e-03
0.000000000000000000e+00
2.490046024322509766e+00
5.218909680843353271e-02
8.397520184516906738e-01
0.000000000000000000e+00
1.662694931030273438e+00
0.000000000000000000e+00
5.439447760581970215e-01
1.697329282760620117e-01
9.678812697529792786e-03
2.076963782310485840e-01
0.000000000000000000e+00
7.858502268791198730e-01
1.717384457588195801e+00
9.718587249517440796e-02
1.348088588565587997e-02
8.262044191360473633e-02
4.413001239299774170e-01
2.060493528842926025e-01
1.840818673372268677e-01
1.245595216751098633e+00
1.202161788940429688e+00
0.000000000000000000e+00
2.586128413677215576e-01
3.771650372073054314e-03
2.511634588241577148e+00
1.833371520042419434e+00
7.653514295816421509e-02
0.000000000000000000e+00
7.454730570316314697e-02
5.697471499443054199e-01
7.223370671272277832e-01
2.913640253245830536e-02
1.878525257110595703e+00
4.970148086547851562e+00
7.124387025833129883e-01
3.277326524257659912e-01
2.312777787446975708e-01
2.943807542324066162e-01
1.122549027204513550e-01
2.149844169616699219e-01
6.742609664797782898e-03
0.000000000000000000e+00
7.127275317907333374e-02
3.402096331119537354e-01
1.226638078689575195e+00
0.000000000000000000e+00
1.201460836455225945e-03
1.236983656883239746e+00
2.857949137687683105e-01
3.852051496505737305e-01
0.000000000000000000e+00
1.731505244970321655e-01
8.747162818908691406e-01
5.804569721221923828e-01
1.016663312911987305e+00
0.000000000000000000e+00
2.648580968379974365e-01
6.770341098308563232e-02
1.270776148885488510e-02
9.611704349517822266e-01
6.175727024674415588e-02
0.000000000000000000e+00
6.277949213981628418e-01
5.046223998069763184e-01
3.251146525144577026e-03
7.209108211100101471e-03
8.322985172271728516e-01
5.879364907741546631e-02
7.203219085931777954e-02
1.583307534456253052e-01
1.319091796875000000e+00
3.588747931644320488e-03
1.024669289588928223e+00
1.333429932594299316e+00
1.736967116594314575e-01
2.644232846796512604e-02
6.722338199615478516e-01
1.128441020846366882e-01
9.504901170730590820e-01
7.850511074066162109e-01
1.960912793874740601e-01
8.931176271289587021e-04
5.994617342948913574e-01
1.204181075096130371e+00
7.449639588594436646e-02
1.486092925071716309e+00
3.300715684890747070e-01
6.438561528921127319e-02
2.953161001205444336e-01
4.309296905994415283e-01
0.000000000000000000e+00
1.759528666734695435e-01
0.000000000000000000e+00
5.684334635734558105e-01
2.553842663764953613e-01
7.917278446257114410e-03
5.825554728507995605e-01
8.397092223167419434e-01
2.738244533538818359e+00
1.148602485656738281e+00
2.841808199882507324e-01
1.249408602714538574e+00
1.970496058464050293e+00
9.559342637658119202e-03
9.121949672698974609e-01
1.033850312232971191e+00
3.974608182907104492e-01
5.796985700726509094e-02
9.527749419212341309e-01
0.000000000000000000e+00
0.000000000000000000e+00
1.864081807434558868e-02
0.000000000000000000e+00
3.264113366603851318e-01
5.893451720476150513e-02
3.476266622543334961e+00
2.079151391983032227e+00
6.446490883827209473e-01
0.000000000000000000e+00
2.348318696022033691e-01
0.000000000000000000e+00
0.000000000000000000e+00
0.000000000000000000e+00
1.926361769437789917e-01
2.912500798702239990e-01
1.233721747994422913e-01
0.000000000000000000e+00
5.817614495754241943e-02
0.000000000000000000e+00
8.127840757369995117e-01
1.469571709632873535e+00
1.946974778547883034e-03
6.810574233531951904e-02
8.034074306488037109e-01
5.684034526348114014e-02
1.814757823944091797e+00
7.505463436245918274e-03
8.672451227903366089e-02
1.839264154434204102e+00
1.208537340164184570e+00
8.402204513549804688e-01
5.529913902282714844e-01
1.843206048011779785e+00
2.154270410537719727e-01
5.699884891510009766e-01
0.000000000000000000e+00
1.442515999078750610e-01
1.695906281471252441e+00
6.257397681474685669e-02
0.000000000000000000e+00
4.568694114685058594e+00
1.406624764204025269e-01
8.914996981620788574e-01
4.061428606510162354e-01
2.956632971763610840e-01
5.626549124717712402e-01
0.000000000000000000e+00
2.102939128875732422e+00
9.725597500801086426e-01
9.984350204467773438e-02
7.889486551284790039e-01
9.174609184265136719e-01
0.000000000000000000e+00
1.414232850074768066e+00
2.610926982015371323e-03
1.422328222543001175e-02
1.236866116523742676e-01
0.000000000000000000e+00
1.679727137088775635e-01
4.028192162513732910e-01
1.070005819201469421e-01
0.000000000000000000e+00
9.178256988525390625e-01
4.356922209262847900e-01
1.409254431724548340e+00
0.000000000000000000e+00
1.527135819196701050e-01
4.993474110960960388e-02
2.385915219783782959e-01
0.000000000000000000e+00
7.207416347227990627e-04
0.000000000000000000e+00
7.029068470001220703e-01
1.873376607894897461e+00
1.279962062835693359e+00
4.944662004709243774e-02
1.732382416725158691e+00
1.366262044757604599e-02
5.653099417686462402e-01
3.302853703498840332e-01
3.620715141296386719e-01
3.955590426921844482e-01
0.000000000000000000e+00
1.298001646995544434e+00
1.467466711997985840e+00
5.608393996953964233e-02
2.545378684997558594e+00
2.085454016923904419e-01
8.739759922027587891e-01
6.390926986932754517e-02
2.717267721891403198e-02
3.313936467748135328e-04
2.058258771896362305e+00
9.298651218414306641e-01
1.779546961188316345e-02
2.892551571130752563e-02
1.250612884759902954e-01
1.515990644693374634e-01
2.210983514785766602e+00
5.276001095771789551e-01
4.872915521264076233e-02
1.784109026193618774e-01
2.092352658510208130e-01
1.153925061225891113e+00
1.260455548763275146e-01
6.716033816337585449e-02
1.024203971028327942e-01
1.404674530029296875e+00
8.106809258460998535e-01
2.854008972644805908e-02
3.585683107376098633e-01
2.226899843662977219e-03
1.124569296836853027e+00
3.038711249828338623e-01
8.962469100952148438e-01
3.830968141555786133e-01
1.474883686751127243e-02
6.013192981481552124e-02
4.738456606864929199e-01
1.362243890762329102e-01
1.069565296173095703e+00
3.233911275863647461e+00
1.315408349037170410e-01
0.000000000000000000e+00
3.450624048709869385e-01
3.001489162445068359e+00
9.516718387603759766e-01
1.348317623138427734e+00
8.921298980712890625e-01
2.236660957336425781e+00
1.828447699546813965e+00
9.329413175582885742e-01
5.470255389809608459e-02
8.621363639831542969e-01
0.000000000000000000e+00
4.502197504043579102e-01
