2.373463362455368042e-01
0.000000000000000000e+00
7.934156805276870728e-02
2.427911520004272461e+00
7.512687444686889648e-01
3.509808778762817383e-01
7.705798745155334473e-01
2.809069633483886719e+00
6.566635131835937500e+00
9.292957186698913574e-01
3.177098035812377930e-01
2.143733501434326172e+00
5.219470262527465820e-01
5.086853504180908203e-01
2.480487346649169922e+00
4.865537285804748535e-01
7.912648916244506836e-01
2.178442239761352539e+00
1.244273900985717773e+00
1.347697228193283081e-01
1.340670228004455566e+00
0.000000000000000000e+00
6.623049080371856689e-02
2.213673353195190430e+00
8.544258028268814087e-02
4.245981201529502869e-02
5.053746700286865234e-02
2.104776859283447266e+00
5.425298810005187988e-01
3.788355970755219460e-03
2.637779898941516876e-02
7.840901613235473633e-03
1.335753798484802246e+00
2.220021784305572510e-01
4.776882827281951904e-01
3.449913740158081055e+00
4.753317534923553467e-01
7.976265996694564819e-02
8.786405324935913086e-01
8.185451030731201172e-01
2.927437424659729004e-01
6.385334134101867676e-01
4.536416828632354736e-01
3.526080846786499023e+00
3.416288197040557861e-01
1.174093246459960938e+00
5.750067830085754395e-01
1.569319844245910645e+00
4.461770877242088318e-02
1.656417846679687500e+00
2.283206224441528320e+00
4.107166023459285498e-04
8.924858570098876953e-01
6.301917880773544312e-02
1.310417652130126953e+00
2.678442001342773438e-01
6.837151050567626953e-01
1.056919336318969727e+00
1.093714475631713867e+00
1.417050324380397797e-02
1.197875663638114929e-01
5.951384305953979492e-01
5.422805994749069214e-02
2.546189427375793457e-01
1.513157725334167480e+00
5.789229869842529297e-01
0.000000000000000000e+00
7.358523607254028320e-01
1.127757191658020020e+00
3.092939257621765137e-01
0.000000000000000000e+00
0.000000000000000000e+00
3.297096788883209229e-01
7.900748848915100098e-01
3.903258740901947021e-01
5.759534835815429688e-01
1.384094916284084320e-02
1.356686592102050781e+00
2.361545711755752563e-01
7.070874571800231934e-01
1.072833873331546783e-02
1.058026790618896484e+00
1.954166650772094727e+00
1.443477571010589600e-01
2.807741641998291016e+00
7.378922309726476669e-03
6.600790619850158691e-01
1.881391555070877075e-02
5.780559182167053223e-01
2.182126510888338089e-03
6.621511280536651611e-02
0.000000000000000000e+00
0.000000000000000000e+00
0.000000000000000000e+00
3.175025284290313721e-01
1.036591231822967529e-01
1.371973395347595215e+00
3.746256828308105469e-01
1.323132514953613281e-01
0.000000000000000000e+00
8.259239792823791504e-02
2.348675206303596497e-02
3.590722754597663879e-02
1.529851794242858887e+00
9.856110811233520508e-01
9.096881002187728882e-02
1.977305173873901367e+00
3.974938690662384033e-01
2.552283406257629395e-01
2.620970904827117920e-01
1.127680420875549316e+00
1.067230291664600372e-02
1.026688218116760254e+00
7.872328162193298340e-01
1.286534547805786133e+00
1.866086944937705994e-02
1.341730356216430664e-01
3.173859789967536926e-02
3.245157003402709961e-01
1.890432476997375488e+00
5.110996961593627930e-01
2.241309732198715210e-01
3.767419606447219849e-02
1.391921639442443848e+00
6.253964304924011230e-01
1.287546992301940918e+00
0.000000000000000000e+00
4.809559583663940430e-01
2.530365705490112305e+00
4.498543590307235718e-02
0.000000000000000000e+00
9.445540308952331543e-01
3.698857426643371582e-01
6.747684627771377563e-02
7.850805670022964478e-02
0.000000000000000000e+00
3.412223160266876221e-01
5.196790218353271484e+00
0.000000000000000000e+00
1.254202723503112793e-01
2.489690482616424561e-01
4.208585321903228760e-01
1.204883575439453125e+00
0.000000000000000000e+00
1.110631674528121948e-01
1.605297029018402100e-01
7.892659902572631836e-01
1.416816830635070801e+00
3.558101058006286621e-01
2.557937502861022949e-01
5.600073814392089844e+00
2.663106620311737061e-01
6.957145333290100098e-01
7.008666992187500000e-01
2.282774686813354492e+00
2.059954881668090820e+00
2.080734968185424805e-01
1.968946605920791626e-01
2.120335817337036133e+00
2.617054283618927002e-01
8.950229734182357788e-02
1.518317937850952148e+00
9.198144078254699707e-01
2.448382079601287842e-01
4.495467245578765869e-01
3.872089460492134094e-02
1.724243862554430962e-03
0.000000000000000000e+00
1.229618430137634277e+00
3.316910028457641602e+00
4.556610584259033203e-01
2.213295549154281616e-01
2.475622110068798065e-03
1.772131800651550293e+00
1.084840744733810425e-01
7.222518444061279297e+00
0.000000000000000000e+00
1.199354603886604309e-01
8.778007701039314270e-03
3.492231070995330811e-01
1.113044470548629761e-02
1.503456011414527893e-02
3.324661552906036377e-01
2.775422573089599609e+00
3.680720925331115723e-02
1.155968829989433289e-01
9.067328274250030518e-02
1.316261410713195801e+00
0.000000000000000000e+00
9.101853705942630768e-03
1.737759448587894440e-02
9.237244725227355957e-02
1.043601393699645996e+00
9.998472332954406738e-01
1.394825577735900879e-01
4.737301170825958252e-01
4.584105610847473145e-01
4.212893545627593994e-01
4.738931655883789062e-01
6.083682775497436523e-01
2.169099330902099609e+00
5.882893800735473633e-01
2.691687345504760742e-01
4.428576827049255371e-01
1.843683123588562012e-01
1.523957699537277222e-01
5.381349921226501465e-01
4.556604661047458649e-03
8.359938114881515503e-02
1.339449167251586914e+00
9.012803435325622559e-02
7.227592170238494873e-02
1.180657386779785156e+00
1.261717319488525391e+00
1.835799813270568848e+00
8.882241845130920410e-01
3.533158004283905029e-01
1.983163803815841675e-01
1.618075728416442871e+00
8.107281923294067383e-01
1.676092506386339664e-03
1.072215847671031952e-03
6.119505167007446289e-01
0.000000000000000000e+00
4.508279263973236084e-01
0.000000000000000000e+00
2.150328457355499268e-01
6.457255482673645020e-01
4.263639822602272034e-02
1.197191420942544937e-02
3.272617757320404053e-01
4.053998589515686035e-01
2.106750249862670898e+00
2.489081382751464844e+00
6.096306443214416504e-01
1.689578413963317871e+00
2.316309690475463867e+00
4.216018617153167725e-01
1.544449031352996826e-01
9.415197372436523438e-01
3.205588161945343018e-01
2.218728512525558472e-02
6.828711181879043579e-02
2.556749105453491211e+00
1.096451520919799805e+00
5.163123607635498047e-01
9.301456212997436523e-01
1.035104133188724518e-02
1.142912507057189941e+00
1.806689977645874023e+00
3.488376270979642868e-03
1.156690418720245361e-01
3.367414465174078941e-03
1.003813862800598145e+00
1.755054354667663574e+00
4.133488517254590988e-03
9.919370710849761963e-02
0.000000000000000000e+00
9.239375591278076172e-03
7.890260964632034302e-02
9.563718438148498535e-01
1.469534188508987427e-01
1.755448244512081146e-02
0.000000000000000000e+00
0.000000000000000000e+00
2.084379084408283234e-02
3.167419672012329102e+00
0.000000000000000000e+00
1.031186103820800781e+00
0.000000000000000000e+00
1.440792083740234375e+00
0.000000000000000000e+00
9.925141334533691406e-01
9.841029345989227295e-02
6.566261500120162964e-02
4.520990848541259766e-01
0.000000000000000000e+00
6.771562695503234863e-01
1.869274139404296875e+00
1.419549435377120972e-01
3.532230108976364136e-02
5.682297348976135254e-01
5.242367982864379883e-01
7.973880274221301079e-04
1.975662410259246826e-01
5.914487242698669434e-01
1.597773194313049316e+00
1.231866772286593914e-03
4.369131624698638916e-01
0.000000000000000000e+00
1.972894787788391113e+00
2.063410282135009766e+00
3.048276007175445557e-01
0.000000000000000000e+00
1.506260782480239868e-01
2.721281051635742188e-01
8.165721297264099121e-01
2.056515365839004517e-01
2.166181325912475586e+00
5.480696678161621094e+00
6.013781428337097168e-01
4.165942966938018799e-01
2.698043286800384521e-01
5.341759920120239258e-01
0.000000000000000000e+00
4.131517559289932251e-02
2.092034742236137390e-02
0.000000000000000000e+00
7.708782702684402466e-02
0.000000000000000000e+00
1.142294287681579590e+00
0.000000000000000000e+00
6.540673971176147461e-02
1.333867549896240234e+00
2.684766352176666260e-01
4.296410977840423584e-01
0.000000000000000000e+00
1.892880648374557495e-01
1.278986454010009766e+00
2.499704062938690186e-01
1.478925347328186035e+00
0.000000000000000000e+00
2.405586391687393188e-01
2.167389690876007080e-01
0.000000000000000000e+00
7.824773192405700684e-01
1.030244156718254089e-01
0.000000000000000000e+00
8.295550346374511719e-01
3.821067214012145996e-01
5.034850444644689560e-03
0.000000000000000000e+00
4.904356002807617188e-01
2.494300482794642448e-03
1.158525352366268635e-03
6.067683696746826172e-01
1.288063287734985352e+00
0.000000000000000000e+00
1.266182541847229004e+00
1.004847168922424316e+00
1.053409874439239502e-01
9.067697450518608093e-03
4.626924172043800354e-02
9.483855217695236206e-02
7.087607979774475098e-01
9.017540812492370605e-01
6.978483498096466064e-02
2.960706129670143127e-02
3.113297522068023682e-01
1.175942063331604004e+00
4.259331822395324707e-01
1.358379364013671875e+00
5.672508478164672852e-01
1.155499964952468872e-01
1.173421069979667664e-01
5.438497662544250488e-01
0.000000000000000000e+00
2.165309935808181763e-01
0.000000000000000000e+00
3.810389637947082520e-01
1.618642359972000122e-01
1.325312629342079163e-02
1.202421262860298157e-01
5.072781443595886230e-01
1.452916026115417480e+00
9.491547346115112305e-01
6.526436805725097656e-01
1.287695884704589844e+00
2.633261203765869141e+00
0.000000000000000000e+00
7.939192056655883789e-01
1.398844838142395020e+00
7.136805653572082520e-01
7.265559583902359009e-02
1.396111011505126953e+00
3.359723091125488281e-02
1.060404926538467407e-01
6.742067635059356689e-02
2.236503213644027710e-01
5.588327050209045410e-01
8.789078146219253540e-02
3.451417922973632812e+00
2.398343324661254883e+00
5.829285383224487305e-01
0.000000000000000000e+00
3.921478986740112305e-01
0.000000000000000000e+00
1.310295541770756245e-03
0.000000000000000000e+00
3.643161058425903320e-01
3.508408963680267334e-01
3.603764623403549194e-02
0.000000000000000000e+00
1.037037074565887451e-01
1.370657421648502350e-02
6.873739361763000488e-01
1.537009716033935547e+00
3.349466994404792786e-02
7.474010437726974487e-02
1.229502797126770020e+00
9.848354011774063110e-02
1.098754405975341797e+00
1.376554282614961267e-04
2.786426991224288940e-02
1.470017433166503906e+00
7.904965281486511230e-01
7.807568907737731934e-01
4.798070490360260010e-01
1.663216829299926758e+00
2.574951052665710449e-01
4.924893081188201904e-01
0.000000000000000000e+00
3.183910548686981201e-01
1.026530146598815918e+00
2.779821455478668213e-01
3.652973100543022156e-02
4.245135307312011719e+00
1.878920942544937134e-01
9.215716719627380371e-01
9.552920609712600708e-02
2.903973311185836792e-02
5.117790102958679199e-01
0.000000000000000000e+00
3.433097839355468750e+00
9.004595875740051270e-01
2.570484578609466553e-01
8.794190883636474609e-01
1.046342611312866211e+00
0.000000000000000000e+00
1.035586118698120117e+00
0.000000000000000000e+00
5.476655066013336182e-02
7.812152057886123657e-02
0.000000000000000000e+00
1.491176933050155640e-01
9.177801012992858887e-02
4.186254367232322693e-02
0.000000000000000000e+00
6.485189795494079590e-01
3.081799149513244629e-01
1.992730021476745605e+00
0.000000000000000000e+00
2.990683019161224365e-01
3.280040621757507324e-02
8.001345992088317871e-01
3.168390318751335144e-02
0.000000000000000000e+00
0.000000000000000000e+00
6.410591006278991699e-01
1.074233174324035645e+00
9.288734197616577148e-01
0.000000000000000000e+00
1.643904328346252441e+00
1.030546054244041443e-02
7.389352321624755859e-01
2.145482301712036133e-01
3.022710680961608887e-01
2.872507572174072266e-01
0.000000000000000000e+00
1.426966786384582520e+00
1.400612473487854004e+00
1.479775160551071167e-01
2.670692205429077148e+00
1.290633678436279297e-01
1.208047389984130859e+00
9.686660766601562500e-02
2.482768893241882324e-02
0.000000000000000000e+00
1.804981946945190430e+00
7.742381095886230469e-01
0.000000000000000000e+00
1.111896261572837830e-01
1.430718153715133667e-01
4.645550549030303955e-01
2.053680896759033203e+00
8.154625892639160156e-01
7.051210850477218628e-02
7.413868904113769531e-01
4.916626960039138794e-02
1.255463123321533203e+00
1.788030862808227539e-01
3.580764401704072952e-03
8.862056583166122437e-02
1.692619085311889648e+00
8.992999196052551270e-01
9.011766314506530762e-02
2.164669185876846313e-01
1.133029256016016006e-02
1.329491734504699707e+00
4.521996676921844482e-01
7.055467963218688965e-01
2.291529029607772827e-01
0.000000000000000000e+00
4.505822658538818359e-01
1.204527378082275391e+00
1.697234511375427246e-01
6.988158822059631348e-01
2.274058103561401367e+00
8.000481873750686646e-02
0.000000000000000000e+00
1.831064224243164062e-01
3.386095046997070312e+00
6.845746636390686035e-01
1.433518409729003906e+00
5.157134532928466797e-01
1.898962974548339844e+00
2.580549955368041992e+00
1.192584156990051270e+00
3.614159673452377319e-02
7.140805125236511230e-01
0.000000000000000000e+00
1.323173344135284424e-01
