8.017010688781738281e-01
0.000000000000000000e+00
2.652767300605773926e-01
2.548961400985717773e+00
4.058954119682312012e-01
7.554767280817031860e-02
5.959982275962829590e-01
3.156502246856689453e+00
6.275524616241455078e+00
1.764423608779907227e+00
1.122593358159065247e-01
1.745062708854675293e+00
6.081526353955268860e-02
1.257935285568237305e+00
2.140239715576171875e+00
5.774493813514709473e-01
9.042099714279174805e-01
1.817379713058471680e+00
9.281812310218811035e-01
9.253005497157573700e-03
1.517756819725036621e+00
0.000000000000000000e+00
1.554518342018127441e-01
1.805285930633544922e+00
1.665349304676055908e-01
7.176125794649124146e-02
6.576305627822875977e-02
1.691956162452697754e+00
4.219734668731689453e-01
3.585638944059610367e-03
1.156296821136493236e-05
0.000000000000000000e+00
9.171125888824462891e-01
6.870015263557434082e-01
9.181435704231262207e-01
3.649867296218872070e+00
1.105525344610214233e-01
3.510555028915405273e-01
6.198067069053649902e-01
8.332860469818115234e-01
4.699763655662536621e-01
4.000336229801177979e-01
2.228481471538543701e-01
4.038828372955322266e+00
1.052287369966506958e-01
1.553675293922424316e+00
3.005049824714660645e-01
1.141745924949645996e+00
3.578857779502868652e-01
1.813938617706298828e+00
2.877110958099365234e+00
0.000000000000000000e+00
1.516198873519897461e+00
8.475469052791595459e-02
8.689474463462829590e-01
4.686301350593566895e-01
6.564530730247497559e-01
9.352119266986846924e-02
1.623527646064758301e+00
1.396730244159698486e-01
7.669119630008935928e-03
1.257713884115219116e-01
3.897776827216148376e-02
5.439040064811706543e-01
1.430651307106018066e+00
4.264018833637237549e-01
6.962823122739791870e-02
1.670150905847549438e-01
1.228915333747863770e+00
7.962707430124282837e-02
0.000000000000000000e+00
9.120683185756206512e-03
3.347471654415130615e-01
6.703500151634216309e-01
8.554366976022720337e-02
1.226500511169433594e+00
0.000000000000000000e+00
1.334824204444885254e+00
5.745943188667297363e-01
1.208628058433532715e+00
1.146229878067970276e-01
5.662285089492797852e-01
2.066226720809936523e+00
4.610040038824081421e-02
1.966591358184814453e+00
1.570772677659988403e-01
1.819587230682373047e+00
2.366426773369312286e-02
5.567337274551391602e-01
4.295812547206878662e-02
3.086804645135998726e-03
2.026872336864471436e-02
0.000000000000000000e+00
0.000000000000000000e+00
6.270414590835571289e-01
5.976386666297912598e-01
8.055201172828674316e-01
1.203748106956481934e+00
1.911653578281402588e-01
6.014051660895347595e-02
2.810181467793881893e-04
8.229481428861618042e-02
1.881883665919303894e-02
1.680296897888183594e+00
6.244816780090332031e-01
1.236971020698547363e-01
1.646314620971679688e+00
9.679314494132995605e-01
3.344947695732116699e-01
2.077308595180511475e-01
1.432773828506469727e+00
0.000000000000000000e+00
6.625786423683166504e-01
4.561314284801483154e-01
5.776860713958740234e-01
3.155511245131492615e-02
3.730281889438629150e-01
3.797204196453094482e-01
1.309445738792419434e+00
2.920727729797363281e+00
8.807888031005859375e-01
3.984149992465972900e-01
6.484540645033121109e-04
2.502046346664428711e+00
6.516403555870056152e-01
5.467632412910461426e-01
4.388408269733190536e-03
7.351583838462829590e-01
1.687162399291992188e+00
1.718282103538513184e-01
1.751076430082321167e-01
6.026350259780883789e-01
1.012842133641242981e-01
3.280603513121604919e-02
4.121129512786865234e-01
7.340819388628005981e-02
1.947609186172485352e-01
4.779340267181396484e+00
0.000000000000000000e+00
4.287896677851676941e-02
2.628214955329895020e-01
5.027510523796081543e-01
1.470214009284973145e+00
4.382573068141937256e-03
0.000000000000000000e+00
2.348802089691162109e-01
1.320778012275695801e+00
4.107325673103332520e-01
1.451879382133483887e+00
2.303437096998095512e-03
5.914929866790771484e+00
5.111332610249519348e-02
3.591704070568084717e-01
2.740825414657592773e-01
2.004485368728637695e+00
1.824992537498474121e+00
5.600097179412841797e-01
9.289484471082687378e-02
2.790917873382568359e+00
4.049341678619384766e-01
2.246973812580108643e-01
1.467652916908264160e+00
7.903323173522949219e-01
1.098488867282867432e-01
2.431839555501937866e-01
7.841270565986633301e-01
0.000000000000000000e+00
0.000000000000000000e+00
1.712040781974792480e+00
2.159402370452880859e+00
4.139162003993988037e-01
8.458846062421798706e-02
1.956105530261993408e-01
1.618719696998596191e+00
7.508233189582824707e-01
7.126931667327880859e+00
6.041725352406501770e-02
6.239525973796844482e-02
2.292902618646621704e-01
6.493081897497177124e-02
0.000000000000000000e+00
4.895984530448913574e-01
3.414677381515502930e-01
3.874651670455932617e+00
3.354687094688415527e-01
2.041579410433769226e-02
4.069421589374542236e-01
7.594050765037536621e-01
0.000000000000000000e+00
2.340599708259105682e-02
0.000000000000000000e+00
1.675163209438323975e-02
6.855494976043701172e-01
7.322297096252441406e-01
1.254554390907287598e+00
4.678917527198791504e-01
6.675605773925781250e-01
1.988410353660583496e-01
3.475907742977142334e-01
9.042210578918457031e-01
1.151197195053100586e+00
2.713814973831176758e-01
2.454927563667297363e-01
5.178006887435913086e-01
8.662278652191162109e-01
0.000000000000000000e+00
8.861473202705383301e-01
1.004285085946321487e-02
8.133292198181152344e-02
1.635791659355163574e+00
0.000000000000000000e+00
9.057515859603881836e-02
7.943350672721862793e-01
1.782359600067138672e+00
8.925257325172424316e-01
8.015341162681579590e-01
1.290215700864791870e-01
9.630233049392700195e-02
1.351838707923889160e+00
7.745417356491088867e-01
0.000000000000000000e+00
1.061248630285263062e-01
5.963794589042663574e-01
1.709079742431640625e-01
3.045222461223602295e-01
0.000000000000000000e+00
0.000000000000000000e+00
5.866619944572448730e-01
1.198234502226114273e-02
4.599002897739410400e-01
1.545779854059219360e-01
7.960660755634307861e-02
2.075218677520751953e+00
1.997432470321655273e+00
5.436087250709533691e-01
1.035554170608520508e+00
2.989012479782104492e+00
4.400186538696289062e-01
7.636708766222000122e-02
4.694218337535858154e-01
1.544478088617324829e-01
3.874525800347328186e-02
3.063968848437070847e-03
2.022804737091064453e+00
1.001102328300476074e+00
6.042242646217346191e-01
2.885419726371765137e-01
7.161434739828109741e-03
2.076397895812988281e+00
1.844033598899841309e+00
7.156541198492050171e-02
4.261205196380615234e-01
2.397070266306400299e-02
1.738937020301818848e+00
8.578250408172607422e-01
1.465507317334413528e-02
2.226877212524414062e-02
0.000000000000000000e+00
2.543428838253021240e-01
2.672139406204223633e-01
1.797861814498901367e+00
4.600895345211029053e-01
0.000000000000000000e+00
5.061852280050516129e-03
1.737061538733541965e-04
8.234868291765451431e-04
2.208742856979370117e+00
0.000000000000000000e+00
5.477364063262939453e-01
3.185317814350128174e-01
1.773850679397583008e+00
1.800868101418018341e-02
7.559906244277954102e-01
2.908215224742889404e-01
2.005735486745834351e-01
1.584870368242263794e-01
2.120325118303298950e-01
8.621513247489929199e-01
1.683873414993286133e+00
3.117077052593231201e-01
5.380163192749023438e-01
2.924198806285858154e-01
5.285693407058715820e-01
3.614841997623443604e-01
2.876833975315093994e-01
1.759007453918457031e+00
2.134891748428344727e+00
2.431079931557178497e-02
6.352672725915908813e-02
0.000000000000000000e+00
1.577706694602966309e+00
1.244836211204528809e+00
3.867708742618560791e-01
2.605228424072265625e-01
2.731317281723022461e-01
5.698871612548828125e-01
4.136751294136047363e-01
3.507957756519317627e-01
9.031871557235717773e-01
5.765079975128173828e+00
3.676745593547821045e-01
2.966001629829406738e-01
3.541624844074249268e-01
4.477513730525970459e-01
2.633178420364856720e-02
1.861612498760223389e-01
5.374938994646072388e-02
0.000000000000000000e+00
1.878442056477069855e-02
6.320765614509582520e-01
8.115514516830444336e-01
1.207057014107704163e-02
3.306521475315093994e-02
1.349126100540161133e+00
3.162775039672851562e-01
1.166865825653076172e-01
0.000000000000000000e+00
1.760279536247253418e-01
1.212891101837158203e+00
2.249269746243953705e-02
2.011200428009033203e+00
0.000000000000000000e+00
4.032747745513916016e-01
2.004903405904769897e-01
0.000000000000000000e+00
3.022401332855224609e-01
9.681434184312820435e-02
0.000000000000000000e+00
8.060824871063232422e-01
8.994230628013610840e-01
1.549173612147569656e-03
4.681088775396347046e-02
4.992556571960449219e-01
8.433373644948005676e-03
5.081825074739754200e-04
5.737390518188476562e-01
1.387966156005859375e+00
1.400575637817382812e-01
1.019492745399475098e+00
1.305888772010803223e+00
3.142316043376922607e-01
2.371213166043162346e-03
5.105894804000854492e-01
3.093435801565647125e-02
7.890661358833312988e-01
1.189028978347778320e+00
6.976092234253883362e-03
5.481964908540248871e-03
5.760483741760253906e-01
4.017114639282226562e-01
4.269014000892639160e-01
1.325392246246337891e+00
2.215055078268051147e-01
9.222799539566040039e-02
2.759053930640220642e-02
4.392781853675842285e-01
0.000000000000000000e+00
7.919443398714065552e-02
2.697855234146118164e-03
8.066157102584838867e-01
4.842168092727661133e-01
0.000000000000000000e+00
1.077020406723022461e+00
6.592066287994384766e-01
8.746402263641357422e-01
1.633787155151367188e+00
1.029025554656982422e+00
1.429926037788391113e+00
1.903697490692138672e+00
2.219215631484985352e-01
4.422445297241210938e-01
1.289907932281494141e+00
8.465135097503662109e-01
1.477986425161361694e-01
9.761766791343688965e-01
0.000000000000000000e+00
1.108463779091835022e-01
4.893535748124122620e-03
2.271893667057156563e-03
5.026464462280273438e-01
7.749317288398742676e-01
3.019764661788940430e+00
2.601973295211791992e+00
8.228884339332580566e-01
0.000000000000000000e+00
4.539460837841033936e-01
1.442325068637728691e-03
2.986473403871059418e-02
0.000000000000000000e+00
2.604677677154541016e-01
6.820494681596755981e-02
5.932059139013290405e-02
0.000000000000000000e+00
1.283037811517715454e-01
3.868304938077926636e-02
5.164331793785095215e-01
2.102577924728393555e+00
4.458120837807655334e-02
8.089998364448547363e-02
1.916924238204956055e+00
2.770227938890457153e-02
8.886017799377441406e-01
0.000000000000000000e+00
6.326581239700317383e-01
1.204363465309143066e+00
6.095681712031364441e-02
1.281039357185363770e+00
2.362344264984130859e-01
1.137245178222656250e+00
3.345308899879455566e-01
1.760800629854202271e-01
1.166573911905288696e-02
5.784700512886047363e-01
2.210315465927124023e+00
1.355340983718633652e-02
0.000000000000000000e+00
3.032921314239501953e+00
1.984874457120895386e-01
1.079320311546325684e+00
2.580786347389221191e-01
4.633217453956604004e-01
7.536781430244445801e-01
0.000000000000000000e+00
3.521076917648315430e+00
3.972895741462707520e-01
7.835601568222045898e-01
8.907661437988281250e-01
2.451555728912353516e+00
0.000000000000000000e+00
2.227677345275878906e+00
0.000000000000000000e+00
4.092115163803100586e-02
9.253887087106704712e-02
4.419290646910667419e-02
8.157764077186584473e-01
2.093816250562667847e-01
2.525784969329833984e-01
2.775642462074756622e-02
2.724449932575225830e-01
8.678252100944519043e-01
1.078404784202575684e+00
0.000000000000000000e+00
5.221671238541603088e-02
8.589806556701660156e-01
1.136076092720031738e+00
0.000000000000000000e+00
0.000000000000000000e+00
0.000000000000000000e+00
8.570725470781326294e-02
1.120958566665649414e+00
9.849153161048889160e-01
2.641874551773071289e-01
2.145509719848632812e+00
0.000000000000000000e+00
7.056745290756225586e-01
2.586636245250701904e-01
1.412177979946136475e-01
9.979076683521270752e-02
0.000000000000000000e+00
1.050847530364990234e+00
2.277445316314697266e+00
2.077558189630508423e-01
2.611305713653564453e+00
2.707963436841964722e-02
1.197949051856994629e+00
3.242456354200839996e-03
1.005514115095138550e-01
2.935564517974853516e-01
1.659813404083251953e+00
1.923767328262329102e-01
0.000000000000000000e+00
2.873993217945098877e-01
1.981315314769744873e-01
4.938741624355316162e-01
2.528441905975341797e+00
3.407271504402160645e-01
0.000000000000000000e+00
3.216460943222045898e-01
6.297391653060913086e-02
6.569522023200988770e-01
1.146578118205070496e-01
7.493241876363754272e-02
4.690555483102798462e-02
8.906047344207763672e-01
9.416410326957702637e-01
1.704510068520903587e-03
3.886452317237854004e-01
1.128088310360908508e-02
1.968952178955078125e+00
1.358350664377212524e-01
7.377868294715881348e-01
3.657880425453186035e-01
0.000000000000000000e+00
2.478230446577072144e-01
8.203863501548767090e-01
2.119210548698902130e-02
1.066693067550659180e-01
2.283082246780395508e+00
4.935331344604492188e-01
1.290107844397425652e-03
5.644250661134719849e-02
2.917896032333374023e+00
4.857739806175231934e-01
1.533133029937744141e+00
4.855659902095794678e-01
2.746839761734008789e+00
2.048345327377319336e+00
7.116482853889465332e-01
1.152948439121246338e-01
9.111390709877014160e-01
0.000000000000000000e+00
7.506068330258131027e-03
