5.471303313970565796e-02
0.000000000000000000e+00
1.575711220502853394e-01
2.940770387649536133e+00
4.492557346820831299e-01
1.758147776126861572e-01
1.011859536170959473e+00
3.253056764602661133e+00
6.768554687500000000e+00
1.485501646995544434e+00
7.538853585720062256e-02
1.814710617065429688e+00
5.640704631805419922e-01
4.572201073169708252e-01
2.594773769378662109e+00
6.127919554710388184e-01
1.279619336128234863e+00
1.593368649482727051e+00
1.317878484725952148e+00
4.159266129136085510e-03
1.608242869377136230e+00
3.527497872710227966e-02
3.045230805873870850e-01
2.022221565246582031e+00
2.144691795110702515e-01
1.458127703517675400e-02
9.266478568315505981e-02
1.902599573135375977e+00
4.885303676128387451e-01
8.766946941614151001e-02
3.259985744953155518e-01
3.896702826023101807e-02
9.312462806701660156e-01
2.497579157352447510e-01
4.698835015296936035e-01
4.424062728881835938e+00
3.369596898555755615e-01
7.293204963207244873e-02
1.163730859756469727e+00
7.300809025764465332e-01
5.509521365165710449e-01
5.113121867179870605e-01
3.252530694007873535e-01
3.364917993545532227e+00
9.470435976982116699e-01
1.540018200874328613e+00
1.932652443647384644e-01
9.922776222229003906e-01
8.687818050384521484e-02
2.021837711334228516e+00
2.121893644332885742e+00
1.868212013505399227e-03
9.244426488876342773e-01
3.493665158748626709e-01
9.492126703262329102e-01
2.891378849744796753e-02
3.884363770484924316e-01
4.155384004116058350e-01
1.296560525894165039e+00
2.694592475891113281e-01
6.579140573740005493e-02
6.901115179061889648e-01
6.957320123910903931e-02
1.039238691329956055e+00
2.266800880432128906e+00
3.178782761096954346e-01
0.000000000000000000e+00
8.444788455963134766e-01
1.553808331489562988e+00
3.942586779594421387e-01
0.000000000000000000e+00
7.288449257612228394e-02
3.074584305286407471e-01
2.602914571762084961e-01
5.992765426635742188e-01
4.351077079772949219e-01
2.251525875180959702e-04
5.447997450828552246e-01
4.548528194427490234e-01
1.038174748420715332e+00
3.133794525638222694e-04
1.212092041969299316e+00
1.427886009216308594e+00
2.672367542982101440e-02
2.484605789184570312e+00
6.456783413887023926e-02
1.104757547378540039e+00
3.770922869443893433e-02
9.882375001907348633e-01
1.588595332577824593e-03
4.950373247265815735e-02
2.445391379296779633e-02
0.000000000000000000e+00
0.000000000000000000e+00
1.308795094490051270e+00
3.786367177963256836e-02
1.637726783752441406e+00
4.272509217262268066e-01
9.671417623758316040e-02
0.000000000000000000e+00
2.655668556690216064e-02
1.798219829797744751e-01
1.912841014564037323e-02
1.187714815139770508e+00
6.582788825035095215e-01
4.133259057998657227e-01
2.419245481491088867e+00
8.498687744140625000e-01
1.640661954879760742e-01
3.331189975142478943e-02
1.753955841064453125e+00
4.820165410637855530e-02
1.067421793937683105e+00
1.550899028778076172e+00
7.484576702117919922e-01
8.749686926603317261e-02
3.475448116660118103e-02
1.442807614803314209e-01
1.727411597967147827e-01
1.609891533851623535e+00
8.239973783493041992e-01
4.737994670867919922e-01
2.149445377290248871e-02
1.463110446929931641e+00
1.419780254364013672e-01
1.102800488471984863e+00
0.000000000000000000e+00
3.788266777992248535e-01
2.363611459732055664e+00
1.756094694137573242e-01
4.913250729441642761e-02
1.320211410522460938e+00
8.081412911415100098e-01
5.035246536135673523e-02
1.769538968801498413e-01
0.000000000000000000e+00
2.504644989967346191e-01
5.093511581420898438e+00
0.000000000000000000e+00
1.291555538773536682e-02
4.329260885715484619e-01
6.377497315406799316e-01
1.142087697982788086e+00
0.000000000000000000e+00
2.950572371482849121e-01
2.725289463996887207e-01
9.983500242233276367e-01
1.635688900947570801e+00
1.300492525100708008e+00
1.077188737690448761e-02
6.238666534423828125e+00
7.836191654205322266e-01
1.138100743293762207e+00
8.663643598556518555e-01
2.536493301391601562e+00
1.493996739387512207e+00
7.124141454696655273e-01
5.396176576614379883e-01
3.310537815093994141e+00
5.637144446372985840e-01
2.881439030170440674e-01
1.488483667373657227e+00
8.733973503112792969e-01
3.586896359920501709e-01
2.991117835044860840e-01
2.140518277883529663e-01
0.000000000000000000e+00
0.000000000000000000e+00
1.458077549934387207e+00
2.861926317214965820e+00
5.960830450057983398e-01
4.669656157493591309e-01
1.906172372400760651e-03
1.552774786949157715e+00
3.840679228305816650e-01
8.407266616821289062e+00
0.000000000000000000e+00
1.403427720069885254e-01
1.301496848464012146e-02
3.285259604454040527e-01
3.088537789881229401e-02
2.309178374707698822e-02
2.585919806733727455e-03
2.958835363388061523e+00
8.358535170555114746e-02
9.597827494144439697e-02
8.213206380605697632e-02
1.729701757431030273e+00
0.000000000000000000e+00
1.453094780445098877e-01
0.000000000000000000e+00
2.309363335371017456e-01
4.514722526073455811e-01
1.818185299634933472e-01
4.129566252231597900e-01
6.262521147727966309e-01
5.404735207557678223e-01
4.169471561908721924e-01
3.924072980880737305e-01
1.070517182350158691e+00
2.308910608291625977e+00
3.363529145717620850e-01
4.283694326877593994e-01
4.010469913482666016e-01
1.685948818922042847e-01
9.031632542610168457e-02
2.790257632732391357e-01
2.263930290937423706e-01
4.483814835548400879e-01
1.374008178710937500e+00
3.271979093551635742e-02
1.772115081548690796e-01
7.048363089561462402e-01
1.588151812553405762e+00
9.505250453948974609e-01
6.781944036483764648e-01
7.270070910453796387e-02
1.081954166293144226e-01
1.711225509643554688e+00
1.397921323776245117e+00
0.000000000000000000e+00
9.038618206977844238e-02
7.864459156990051270e-01
2.265552133321762085e-01
8.313869237899780273e-01
0.000000000000000000e+00
2.577874660491943359e-01
1.551516205072402954e-01
0.000000000000000000e+00
0.000000000000000000e+00
2.324120253324508667e-01
7.691884040832519531e-01
2.044498920440673828e+00
2.760150671005249023e+00
8.520998954772949219e-01
1.286709070205688477e+00
2.366774320602416992e+00
4.834030866622924805e-01
1.720613799989223480e-02
1.265304684638977051e+00
2.973877489566802979e-01
3.993879631161689758e-02
0.000000000000000000e+00
2.923855543136596680e+00
4.703388512134552002e-01
5.460084080696105957e-01
1.103632688522338867e+00
1.749754138290882111e-02
8.560649156570434570e-01
1.273039698600769043e+00
1.491331607103347778e-01
1.061571761965751648e-01
0.000000000000000000e+00
1.692918062210083008e+00
1.299649000167846680e+00
2.835335675626993179e-03
6.342630088329315186e-02
0.000000000000000000e+00
0.000000000000000000e+00
7.969977334141731262e-03
1.661529779434204102e+00
2.250211238861083984e-01
2.915117144584655762e-02
2.997326198965311050e-03
0.000000000000000000e+00
1.171789914369583130e-01
3.096140861511230469e+00
0.000000000000000000e+00
1.225882649421691895e+00
2.853392064571380615e-02
1.569187402725219727e+00
8.003985136747360229e-02
8.453566431999206543e-01
1.811707168817520142e-01
7.052395492792129517e-02
6.627070307731628418e-01
2.646077424287796021e-02
5.400734543800354004e-01
1.325620532035827637e+00
4.094814956188201904e-01
6.452421192079782486e-03
7.963873147964477539e-01
4.759734570980072021e-01
8.168834447860717773e-02
4.323513209819793701e-01
1.094852447509765625e+00
1.351928234100341797e+00
2.830075658857822418e-02
3.035126924514770508e-01
0.000000000000000000e+00
1.295583844184875488e+00
1.946426987648010254e+00
4.459255561232566833e-02
0.000000000000000000e+00
2.856190688908100128e-02
7.944155335426330566e-01
5.706347227096557617e-01
4.802200198173522949e-01
2.721424818038940430e+00
5.238440513610839844e+00
9.765224456787109375e-01
6.227992177009582520e-01
1.397348344326019287e-01
6.598109006881713867e-01
9.205486858263611794e-04
2.025797218084335327e-01
4.127476364374160767e-03
0.000000000000000000e+00
1.728424057364463806e-02
1.219210699200630188e-01
8.427742123603820801e-01
0.000000000000000000e+00
1.709499955177307129e-01
1.439601182937622070e+00
7.638484835624694824e-01
2.193538248538970947e-01
0.000000000000000000e+00
2.653778493404388428e-01
1.214090108871459961e+00
3.059671223163604736e-01
2.122494459152221680e+00
0.000000000000000000e+00
6.648349016904830933e-02
3.535896241664886475e-01
1.061312295496463776e-02
1.088322043418884277e+00
0.000000000000000000e+00
0.000000000000000000e+00
5.552439093589782715e-01
9.800656437873840332e-01
8.941941778175532818e-04
4.919409006834030151e-02
6.330224871635437012e-01
2.035328745841979980e-02
3.656770586967468262e-01
1.195082068443298340e-01
9.522464871406555176e-01
0.000000000000000000e+00
1.011612892150878906e+00
1.160510182380676270e+00
3.367312625050544739e-02
0.000000000000000000e+00
1.411359608173370361e-01
4.502841457724571228e-02
6.410419344902038574e-01
1.093498706817626953e+00
3.824159204959869385e-01
5.623582378029823303e-02
7.848229408264160156e-01
9.631299972534179688e-01
4.577761292457580566e-01
1.596531152725219727e+00
9.013084322214126587e-02
3.992192074656486511e-02
5.955200195312500000e-01
1.046974301338195801e+00
0.000000000000000000e+00
3.306560516357421875e-01
0.000000000000000000e+00
8.725311756134033203e-01
4.302156716585159302e-02
1.152418181300163269e-02
1.641960442066192627e-01
9.979646205902099609e-01
1.899355530738830566e+00
7.707146406173706055e-01
4.670639038085937500e-01
1.081024169921875000e+00
2.792933464050292969e+00
0.000000000000000000e+00
7.277654409408569336e-01
1.979412317276000977e+00
9.649940729141235352e-01
5.187437683343887329e-02
1.534977674484252930e+00
6.690440326929092407e-02
2.006992250680923462e-01
2.005995193030685186e-04
1.626801043748855591e-01
6.659443974494934082e-01
0.000000000000000000e+00
2.751880884170532227e+00
2.969415664672851562e+00
8.266312479972839355e-01
0.000000000000000000e+00
3.402847647666931152e-01
4.756235051900148392e-03
3.503447864204645157e-03
0.000000000000000000e+00
2.342128194868564606e-02
4.265310168266296387e-01
8.151737856678664684e-04
1.708395080640912056e-03
3.821138441562652588e-01
2.082121558487415314e-02
9.223671555519104004e-01
1.555546998977661133e+00
1.376760154962539673e-01
4.035583883523941040e-02
1.637416720390319824e+00
1.398231834173202515e-01
1.679106354713439941e+00
0.000000000000000000e+00
1.106472462415695190e-01
1.506671309471130371e+00
5.608535408973693848e-01
1.041967272758483887e+00
3.678871393203735352e-01
2.152985095977783203e+00
3.949178457260131836e-01
2.601689696311950684e-01
0.000000000000000000e+00
7.407321333885192871e-01
1.826101422309875488e+00
2.254967093467712402e-01
4.738086089491844177e-02
4.665236473083496094e+00
0.000000000000000000e+00
8.066052794456481934e-01
3.699560165405273438e-01
8.440430276095867157e-03
3.217725157737731934e-01
0.000000000000000000e+00
3.146435976028442383e+00
1.563478112220764160e+00
5.120105743408203125e-01
1.241512894630432129e+00
1.207459211349487305e+00
0.000000000000000000e+00
2.074649572372436523e+00
6.810539215803146362e-02
1.471899896860122681e-01
9.915074333548545837e-03
0.000000000000000000e+00
2.308367490768432617e-01
3.505981713533401489e-02
2.971925735473632812e-01
1.353226602077484131e-03
9.766906499862670898e-01
4.859545230865478516e-01
1.880272030830383301e+00
7.809115108102560043e-03
3.933677077293395996e-01
3.103700578212738037e-01
9.776704311370849609e-01
2.258988916873931885e-01
0.000000000000000000e+00
0.000000000000000000e+00
8.614494204521179199e-01
1.504726886749267578e+00
3.705630302429199219e-01
0.000000000000000000e+00
2.771537780761718750e+00
1.090919226408004761e-02
1.080828428268432617e+00
3.588161468505859375e-01
4.627802371978759766e-01
1.805935502052307129e-01
0.000000000000000000e+00
1.014598727226257324e+00
1.027477264404296875e+00
2.203971296548843384e-01
2.594069957733154297e+00
1.602742634713649750e-02
1.443975329399108887e+00
1.003984510898590088e-01
7.374302297830581665e-02
3.278158232569694519e-02
1.900613665580749512e+00
6.841034889221191406e-01
0.000000000000000000e+00
8.263188600540161133e-02
5.304660201072692871e-01
3.243111670017242432e-01
3.169128417968750000e+00
4.170164167881011963e-01
3.792126476764678955e-02
3.107596933841705322e-01
4.574364796280860901e-02
2.322998523712158203e+00
1.116816177964210510e-01
0.000000000000000000e+00
1.060784161090850830e-01
1.336527943611145020e+00
1.150590777397155762e+00
0.000000000000000000e+00
4.115641415119171143e-01
0.000000000000000000e+00
1.159540414810180664e+00
2.358529716730117798e-01
1.047315955162048340e+00
7.752864360809326172e-01
7.100043818354606628e-03
4.555640518665313721e-01
9.363009929656982422e-01
1.350753456354141235e-01
1.214352607727050781e+00
3.528452157974243164e+00
6.513363867998123169e-02
1.763312332332134247e-02
2.532770633697509766e-01
1.854807019233703613e+00
4.392111599445343018e-01
5.827392935752868652e-01
6.647977828979492188e-01
2.293714761734008789e+00
1.889492511749267578e+00
1.225127220153808594e+00
6.154624745249748230e-03
4.448292553424835205e-01
0.000000000000000000e+00
1.260552555322647095e-01
