4.372061789035797119e-01
0.000000000000000000e+00
1.964751034975051880e-01
2.854690551757812500e+00
4.940666854381561279e-01
1.432843059301376343e-01
5.448548197746276855e-01
2.261224508285522461e+00
6.450035572052001953e+00
1.248941659927368164e+00
7.050310820341110229e-02
1.174365401268005371e+00
2.520053684711456299e-01
8.775965571403503418e-01
1.776843309402465820e+00
4.926634728908538818e-01
7.048088908195495605e-01
7.321898937225341797e-01
2.089056223630905151e-01
4.550929740071296692e-02
1.336425185203552246e+00
0.000000000000000000e+00
4.653499647974967957e-02
1.858001470565795898e+00
2.283182889223098755e-01
1.094049029052257538e-02
1.619370095431804657e-02
1.609871387481689453e+00
2.980173528194427490e-01
3.211526945233345032e-02
1.938270637765526772e-03
1.214691251516342163e-01
2.457787990570068359e-01
8.636516332626342773e-01
1.058391094207763672e+00
2.355079889297485352e+00
2.607516348361968994e-01
1.769060194492340088e-01
1.025721788406372070e+00
6.318606138229370117e-01
5.918341279029846191e-01
5.268320441246032715e-01
6.645966768264770508e-01
3.290411233901977539e+00
5.656038522720336914e-01
1.478994846343994141e+00
2.098096311092376709e-01
1.637918591499328613e+00
1.692599654197692871e-01
9.988769888877868652e-01
2.843892335891723633e+00
0.000000000000000000e+00
9.514676332473754883e-01
1.480487436056137085e-01
9.450482726097106934e-01
1.407495513558387756e-02
6.528588533401489258e-01
4.182504117488861084e-01
1.591222882270812988e+00
1.405000537633895874e-01
0.000000000000000000e+00
2.312127649784088135e-01
3.296213969588279724e-02
4.652783870697021484e-01
1.219526767730712891e+00
1.755458712577819824e-01
6.310341507196426392e-02
2.548923194408416748e-01
9.998750090599060059e-01
9.085761010646820068e-02
0.000000000000000000e+00
3.477751091122627258e-02
4.613757133483886719e-01
6.640869379043579102e-01
3.084132969379425049e-01
1.117140889167785645e+00
2.751013822853565216e-02
9.239680171012878418e-01
4.015508592128753662e-01
1.177558422088623047e+00
5.506696924567222595e-02
9.247395992279052734e-01
1.911757469177246094e+00
2.276537120342254639e-01
1.718583703041076660e+00
6.926295906305313110e-02
1.052915692329406738e+00
5.701518803834915161e-02
6.807125210762023926e-01
5.935617722570896149e-03
3.021414764225482941e-02
0.000000000000000000e+00
0.000000000000000000e+00
0.000000000000000000e+00
1.280119061470031738e+00
8.446632027626037598e-01
1.168014883995056152e+00
8.311462998390197754e-01
2.345369309186935425e-01
1.027416996657848358e-02
2.266448363661766052e-02
4.475261550396680832e-03
2.346639148890972137e-02
1.638423085212707520e+00
9.480322599411010742e-01
4.841858148574829102e-01
1.534126996994018555e+00
8.280661106109619141e-01
5.612773299217224121e-01
3.038296997547149658e-01
1.344931125640869141e+00
9.792995452880859375e-02
2.315742224454879761e-01
8.062160611152648926e-01
7.998371124267578125e-01
2.204735204577445984e-02
2.477242499589920044e-01
2.178877145051956177e-01
5.293422937393188477e-01
1.551787257194519043e+00
5.788232088088989258e-01
4.616551995277404785e-01
4.971801489591598511e-02
1.673702955245971680e+00
8.271028995513916016e-01
7.094279527664184570e-01
0.000000000000000000e+00
3.684347867965698242e-01
1.226746201515197754e+00
2.490942552685737610e-02
6.109685078263282776e-02
9.200269579887390137e-01
5.190393701195716858e-02
6.973852962255477905e-02
6.043756604194641113e-01
5.690647661685943604e-02
4.256245791912078857e-01
4.149278640747070312e+00
0.000000000000000000e+00
2.223043441772460938e-01
4.215162247419357300e-03
3.232184052467346191e-01
1.746260881423950195e+00
8.226017467677593231e-03
0.000000000000000000e+00
8.868282660841941833e-03
7.962868213653564453e-01
1.227113604545593262e+00
4.862349033355712891e-01
3.074704855680465698e-02
4.907916069030761719e+00
5.820171162486076355e-02
5.916999578475952148e-01
8.123983144760131836e-01
1.786629199981689453e+00
1.726376295089721680e+00
1.280783265829086304e-01
1.196240931749343872e-01
1.902742624282836914e+00
2.828044295310974121e-01
1.958052515983581543e-01
9.354975223541259766e-01
6.870707273483276367e-01
9.118128567934036255e-02
1.103731274604797363e+00
5.563302040100097656e-01
2.887583337724208832e-03
0.000000000000000000e+00
1.168390870094299316e+00
2.346374034881591797e+00
2.822970449924468994e-01
3.252170979976654053e-01
1.504503935575485229e-01
9.287025332450866699e-01
5.920959115028381348e-01
7.194720745086669922e+00
0.000000000000000000e+00
7.635661214590072632e-02
0.000000000000000000e+00
4.883136749267578125e-01
7.370643434114754200e-04
3.386460989713668823e-02
0.000000000000000000e+00
2.660576820373535156e+00
1.787459999322891235e-01
1.437377482652664185e-01
1.261341869831085205e-01
1.451568007469177246e+00
1.194519642740488052e-02
1.363539546728134155e-01
0.000000000000000000e+00
1.016275808215141296e-01
1.361377120018005371e+00
5.982017517089843750e-01
1.195651650428771973e+00
3.939556479454040527e-01
7.683925628662109375e-01
7.013996243476867676e-01
4.114913046360015869e-01
1.464436054229736328e+00
1.900496602058410645e+00
4.160026013851165771e-01
2.575077116489410400e-01
4.148298799991607666e-01
2.264229059219360352e-01
1.599518656730651855e-01
7.082187533378601074e-01
1.156757324934005737e-01
3.587239980697631836e-01
1.438692808151245117e+00
8.040831983089447021e-02
3.587307035923004150e-01
5.798265337944030762e-01
1.169913411140441895e+00
9.809065461158752441e-01
9.491822719573974609e-01
2.776525914669036865e-01
2.258618026971817017e-01
1.168991565704345703e+00
5.584964752197265625e-01
2.103406935930252075e-02
6.372317671775817871e-03
7.669190764427185059e-01
3.107965737581253052e-02
7.353170514106750488e-01
3.047421015799045563e-02
6.753522157669067383e-01
9.229825139045715332e-01
1.985969543457031250e-01
1.161023750901222229e-01
4.732359051704406738e-01
4.089611172676086426e-01
1.002188086509704590e+00
1.808173775672912598e+00
6.293507814407348633e-01
1.381336450576782227e+00
2.716169118881225586e+00
4.680393934249877930e-01
4.778423607349395752e-01
1.178063869476318359e+00
1.823469996452331543e-01
2.080163657665252686e-01
2.628679946064949036e-02
2.871899604797363281e+00
8.679316043853759766e-01
2.516176700592041016e-01
4.624881148338317871e-01
5.355215445160865784e-02
1.486420631408691406e+00
1.807720541954040527e+00
7.053732872009277344e-03
5.139077305793762207e-01
1.810322143137454987e-02
1.548144221305847168e+00
1.219811797142028809e+00
3.722625318914651871e-03
1.559215337038040161e-01
0.000000000000000000e+00
1.113639865070581436e-02
1.723205149173736572e-01
1.744976043701171875e+00
5.585774183273315430e-01
2.030051797628402710e-01
1.402574479579925537e-01
0.000000000000000000e+00
2.323705516755580902e-02
1.270798921585083008e+00
7.615386275574564934e-04
1.305273056030273438e+00
5.486617330461740494e-03
1.575232028961181641e+00
0.000000000000000000e+00
3.755008876323699951e-01
1.715904176235198975e-01
2.696824371814727783e-01
2.825993895530700684e-01
6.047706678509712219e-02
8.976510167121887207e-01
1.040334105491638184e+00
1.110897511243820190e-01
8.415096253156661987e-02
5.672727823257446289e-01
2.817161977291107178e-01
1.146175116300582886e-01
5.888216495513916016e-01
1.375612497329711914e+00
1.525551080703735352e+00
4.844430834054946899e-02
2.198514491319656372e-01
8.954897522926330566e-02
1.525195837020874023e+00
1.537713766098022461e+00
1.141598522663116455e-01
2.068182686343789101e-03
1.264026314020156860e-01
3.164980709552764893e-01
4.906621277332305908e-01
2.859072200953960419e-02
1.041571140289306641e+00
4.357624053955078125e+00
6.042101383209228516e-01
1.310003548860549927e-01
5.285245776176452637e-01
1.108725741505622864e-01
1.184668987989425659e-01
2.638316452503204346e-01
5.416828673332929611e-03
0.000000000000000000e+00
9.257593005895614624e-02
2.992213666439056396e-01
7.542615532875061035e-01
0.000000000000000000e+00
4.691742658615112305e-01
1.059363842010498047e+00
4.525811970233917236e-01
5.957081913948059082e-01
0.000000000000000000e+00
1.197525486350059509e-01
1.139480829238891602e+00
1.629437655210494995e-01
1.810846447944641113e+00
0.000000000000000000e+00
5.290214717388153076e-02
2.477893829345703125e-01
2.645368920639157295e-03
7.776795625686645508e-01
7.522681355476379395e-02
0.000000000000000000e+00
5.257706642150878906e-01
6.530548930168151855e-01
2.212548628449440002e-02
1.158589124679565430e-02
3.051624894142150879e-01
6.305615417659282684e-03
1.494231075048446655e-01
4.257558584213256836e-01
1.504104018211364746e+00
2.107931226491928101e-01
1.200016498565673828e+00
9.973800778388977051e-01
9.482315182685852051e-02
8.533955365419387817e-02
5.750123262405395508e-01
9.936070442199707031e-02
4.862600862979888916e-01
8.555064797401428223e-01
1.665699668228626251e-02
8.790265023708343506e-02
3.462196588516235352e-01
4.908668398857116699e-01
2.931845784187316895e-01
1.157312989234924316e+00
3.937198817729949951e-01
2.052610367536544800e-01
2.438686490058898926e-01
6.720068454742431641e-01
0.000000000000000000e+00
1.085758581757545471e-01
0.000000000000000000e+00
5.333341956138610840e-01
4.599530398845672607e-01
3.046358749270439148e-02
7.976316809654235840e-01
6.383805274963378906e-01
2.405426979064941406e+00
1.390030026435852051e+00
2.948288321495056152e-01
1.295723676681518555e+00
2.284789562225341797e+00
2.585864253342151642e-02
4.407626390457153320e-01
1.847554087638854980e+00
4.098849296569824219e-01
2.977306544780731201e-01
9.005448818206787109e-01
3.320974484086036682e-02
1.381226480007171631e-01
4.928763373754918575e-04
1.070819199085235596e-01
5.293441414833068848e-01
1.802570521831512451e-01
3.432967424392700195e+00
2.400208473205566406e+00
1.094779372215270996e+00
0.000000000000000000e+00
4.364240467548370361e-01
7.189767807722091675e-02
1.459261681884527206e-02
1.659562811255455017e-02
1.192439869046211243e-01
2.697114944458007812e-01
1.175535749644041061e-02
2.734587062150239944e-03
6.283118724822998047e-01
7.810544967651367188e-02
9.044601321220397949e-01
1.718039393424987793e+00
2.196822613477706909e-01
2.811633050441741943e-01
4.923438429832458496e-01
1.739663421176373959e-03
1.265074729919433594e+00
1.864884514361619949e-03
1.747070997953414917e-01
1.252609491348266602e+00
6.137417554855346680e-01
2.020781755447387695e+00
5.521855130791664124e-02
9.757741093635559082e-01
2.812346518039703369e-01
2.552999854087829590e-01
5.333778914064168930e-03
9.311473369598388672e-01
1.531825780868530273e+00
8.834488689899444580e-02
2.140685683116316795e-03
2.850810050964355469e+00
2.820418179035186768e-01
7.637296319007873535e-01
3.517871797084808350e-01
1.018865704536437988e-01
2.282295823097229004e-01
0.000000000000000000e+00
2.490447282791137695e+00
3.901373445987701416e-01
1.574312001466751099e-01
1.173573136329650879e+00
9.722039103507995605e-01
3.368027508258819580e-02
1.783310413360595703e+00
1.046625780873000622e-03
4.582553803920745850e-01
7.600659504532814026e-03
0.000000000000000000e+00
9.117264300584793091e-02
5.421602725982666016e-02
1.104151830077171326e-01
7.032794412225484848e-03
4.963004589080810547e-01
4.105483293533325195e-01
1.354514718055725098e+00
0.000000000000000000e+00
2.492822110652923584e-01
2.592510282993316650e-01
6.893669962882995605e-01
0.000000000000000000e+00
1.824726164340972900e-02
0.000000000000000000e+00
4.060608148574829102e-01
1.181458592414855957e+00
9.839667081832885742e-01
1.573694497346878052e-01
1.730850458145141602e+00
7.640902418643236160e-03
3.156453967094421387e-01
1.658700257539749146e-01
1.905644088983535767e-01
7.902794331312179565e-02
0.000000000000000000e+00
1.118886947631835938e+00
1.941969275474548340e+00
1.405741274356842041e-01
1.949757695198059082e+00
1.562851965427398682e-01
8.689103126525878906e-01
7.694038003683090210e-02
3.715544939041137695e-01
1.905453652143478394e-01
1.785857200622558594e+00
4.764641523361206055e-01
0.000000000000000000e+00
9.030574560165405273e-02
4.993689954280853271e-01
3.335171043872833252e-01
1.601958155632019043e+00
6.576426029205322266e-01
1.536457538604736328e-01
1.945945769548416138e-01
2.019856423139572144e-01
1.072228074073791504e+00
2.678270339965820312e-01
6.366712599992752075e-02
4.123806059360504150e-01
1.191047072410583496e+00
8.665683865547180176e-01
2.477894537150859833e-02
5.891330242156982422e-01
2.916704304516315460e-02
1.249973773956298828e+00
2.941192388534545898e-01
3.405936434864997864e-02
4.874161481857299805e-01
2.728810301050543785e-03
5.153064057230949402e-02
9.096272587776184082e-01
1.878955513238906860e-01
4.256363511085510254e-01
2.165121316909790039e+00
2.984880208969116211e-01
3.950176760554313660e-02
1.151394546031951904e-01
2.082717180252075195e+00
9.399445056915283203e-01
1.032510399818420410e+00
2.577040791511535645e-01
2.264483213424682617e+00
2.033596038818359375e+00
8.297857046127319336e-01
4.499670863151550293e-02
7.264658212661743164e-01
0.000000000000000000e+00
2.148765772581100464e-01
