1.513615548610687256e-01
0.000000000000000000e+00
4.870393574237823486e-01
3.101037740707397461e+00
1.990244537591934204e-01
5.820336937904357910e-02
4.714152514934539795e-01
4.298419475555419922e+00
5.424664497375488281e+00
3.277863562107086182e-01
8.627224597148597240e-04
1.002779483795166016e+00
0.000000000000000000e+00
5.303906202316284180e-01
1.831822991371154785e+00
8.247618079185485840e-01
5.563599467277526855e-01
1.723144173622131348e+00
6.152886748313903809e-01
6.522714346647262573e-02
5.148483514785766602e-01
0.000000000000000000e+00
4.561480283737182617e-01
2.947403192520141602e+00
3.225658461451530457e-02
0.000000000000000000e+00
4.008580930531024933e-03
1.177226901054382324e+00
1.641747355461120605e-01
8.135825395584106445e-03
4.927708208560943604e-02
9.590317308902740479e-02
7.186310365796089172e-03
9.172739386558532715e-01
2.875005602836608887e-01
1.493353724479675293e+00
2.069714963436126709e-01
7.419235110282897949e-01
2.115794122219085693e-01
3.373845815658569336e-01
3.683077991008758545e-01
2.629530848935246468e-03
1.253220081329345703e+00
2.365253210067749023e+00
6.856896877288818359e-01
5.994709730148315430e-01
1.947397440671920776e-01
4.527693688869476318e-01
0.000000000000000000e+00
5.049890875816345215e-01
2.033177137374877930e+00
0.000000000000000000e+00
1.268076300621032715e+00
2.882580831646919250e-02
1.054217457771301270e+00
2.920526862144470215e-01
2.069760262966156006e-01
0.000000000000000000e+00
3.305943727493286133e+00
2.076973319053649902e-01
1.271171420812606812e-01
2.335165999829769135e-02
7.375499010086059570e-01
4.784709811210632324e-01
1.121246933937072754e+00
6.439338922500610352e-01
2.769683487713336945e-02
1.461861878633499146e-01
3.576231598854064941e-01
1.027518749237060547e+00
0.000000000000000000e+00
0.000000000000000000e+00
5.355219915509223938e-02
3.342193365097045898e-01
4.185370206832885742e-01
1.421998620033264160e+00
5.405013449490070343e-03
3.056635260581970215e-01
3.751572370529174805e-01
3.665161430835723877e-01
9.923082590103149414e-02
7.383290529251098633e-01
2.611971378326416016e+00
4.832922015339136124e-03
9.397433400154113770e-01
2.255073487758636475e-01
1.115434765815734863e+00
5.173459053039550781e-01
6.593483090400695801e-01
1.083910167217254639e-01
2.034231275320053101e-02
1.056355331093072891e-02
3.753383411094546318e-03
0.000000000000000000e+00
1.618162155151367188e+00
2.798827290534973145e-01
3.467263877391815186e-01
1.079113841056823730e+00
4.147105216979980469e-01
1.331264078617095947e-01
0.000000000000000000e+00
1.432911455631256104e-01
1.133894175291061401e-02
1.663081884384155273e+00
2.580068349838256836e+00
2.442799741402268410e-03
6.642529368400573730e-01
4.576731324195861816e-01
6.433466076850891113e-02
1.627772599458694458e-01
1.410810470581054688e+00
0.000000000000000000e+00
2.215749025344848633e-01
1.003991812467575073e-01
1.905624419450759888e-01
1.734592602588236332e-03
5.669365450739860535e-02
1.326033174991607666e-01
2.878841459751129150e-01
2.222637414932250977e+00
1.898503780364990234e+00
5.795781016349792480e-01
2.995292190462350845e-03
1.622166395187377930e+00
1.036596655845642090e+00
2.327982187271118164e-01
4.378254059702157974e-03
7.128451764583587646e-02
1.375002026557922363e+00
5.221654847264289856e-02
1.592993885278701782e-01
8.405162096023559570e-01
3.467084467411041260e-01
2.039644271135330200e-01
2.166604399681091309e-01
0.000000000000000000e+00
4.568358361721038818e-01
5.177497386932373047e+00
0.000000000000000000e+00
2.127121835947036743e-01
2.961363494396209717e-01
0.000000000000000000e+00
1.046202301979064941e+00
9.444198757410049438e-02
2.511849440634250641e-02
2.550937831401824951e-01
5.695587396621704102e-01
9.121369719505310059e-01
8.142263889312744141e-01
5.588791370391845703e-01
3.725682497024536133e+00
1.304907649755477905e-01
1.990383863449096680e-02
7.218467593193054199e-01
1.054906368255615234e+00
7.081157565116882324e-01
9.480082988739013672e-02
2.516996860504150391e-01
1.529829621315002441e+00
3.577859699726104736e-01
9.640789777040481567e-02
1.105773448944091797e+00
3.223426938056945801e-01
6.086243316531181335e-02
8.577720075845718384e-02
7.392929792404174805e-01
1.237831637263298035e-01
0.000000000000000000e+00
8.018837571144104004e-01
1.336776971817016602e+00
1.818818855099380016e-03
5.654022097587585449e-01
6.414556503295898438e-02
1.374367922544479370e-01
6.224844455718994141e-01
6.343961715698242188e+00
3.429853543639183044e-02
3.902560099959373474e-02
5.028671026229858398e-02
7.705301791429519653e-02
1.584385894238948822e-02
1.135623455047607422e-01
6.557979434728622437e-02
2.570657014846801758e+00
1.385789960622787476e-01
9.935842826962471008e-04
0.000000000000000000e+00
4.208706617355346680e-01
3.991759382188320160e-03
3.884519636631011963e-02
5.474297329783439636e-03
6.522427778691053391e-03
1.140075802803039551e+00
4.397260546684265137e-01
2.484493404626846313e-01
5.218762159347534180e-01
1.415842026472091675e-01
2.503957152366638184e-01
1.331302076578140259e-01
3.735699057579040527e-01
1.011941671371459961e+00
2.100507766008377075e-01
4.286788105964660645e-01
5.888050794601440430e-01
1.353685930371284485e-02
3.351481165736913681e-03
3.992338180541992188e-01
3.516667988151311874e-03
5.528724789619445801e-01
1.084391474723815918e+00
1.462908983230590820e-01
4.563512504100799561e-01
3.488137722015380859e-01
5.029811263084411621e-01
3.781933486461639404e-01
6.776754260063171387e-01
1.294874101877212524e-01
7.250923514366149902e-01
1.587818622589111328e+00
7.262830138206481934e-01
4.821140319108963013e-03
5.666955113410949707e-01
4.915336668491363525e-01
1.787211745977401733e-01
3.793303370475769043e-01
0.000000000000000000e+00
2.047949582338333130e-01
1.767700463533401489e-01
0.000000000000000000e+00
4.246817901730537415e-02
2.728141546249389648e-01
5.275118350982666016e-01
1.521504640579223633e+00
9.390897750854492188e-01
5.986954569816589355e-01
2.327013164758682251e-01
1.912761092185974121e+00
5.532289147377014160e-01
2.941927814390510321e-04
1.326004743576049805e+00
2.137261182069778442e-01
2.727386355400085449e-02
1.200210675597190857e-01
2.694033145904541016e+00
6.210151910781860352e-01
1.283141374588012695e-01
8.092057704925537109e-01
0.000000000000000000e+00
1.823523044586181641e+00
2.925158292055130005e-02
1.050322413444519043e+00
4.631918966770172119e-01
6.091171130537986755e-02
1.167554974555969238e+00
1.114084839820861816e+00
7.404880225658416748e-02
1.039132289588451385e-02
0.000000000000000000e+00
2.950809895992279053e-01
1.927382349967956543e-01
1.615906476974487305e+00
1.947313174605369568e-02
8.759162575006484985e-02
1.575132273137569427e-02
0.000000000000000000e+00
1.439150124788284302e-01
5.382663011550903320e-01
1.112665534019470215e-01
7.246443629264831543e-02
5.181618034839630127e-02
7.130168080329895020e-01
2.662075459957122803e-01
7.441337704658508301e-01
4.327164292335510254e-01
1.738161742687225342e-01
2.587601840496063232e-01
5.000420808792114258e-01
1.412512779235839844e+00
3.130252361297607422e-01
2.301778793334960938e-01
1.323994249105453491e-01
6.309354305267333984e-01
3.659130632877349854e-02
5.561156943440437317e-02
6.386415660381317139e-02
3.113511800765991211e-01
1.294040679931640625e-01
1.114202942699193954e-02
3.785354793071746826e-01
1.139811351895332336e-01
1.245180726051330566e+00
2.477993667125701904e-01
5.893537029623985291e-02
7.008458673954010010e-02
2.800974547863006592e-01
8.110430836677551270e-02
3.155785202980041504e-01
6.073731184005737305e-01
6.756460070610046387e-01
3.901911497116088867e+00
6.431388854980468750e-01
4.112862050533294678e-01
5.027323961257934570e-01
0.000000000000000000e+00
2.899254485964775085e-02
2.672866545617580414e-02
0.000000000000000000e+00
5.248125176876783371e-03
3.810342773795127869e-02
3.035944998264312744e-01
6.203995347023010254e-01
8.000276866368949413e-04
2.669703215360641479e-02
5.395973920822143555e-01
2.876181853935122490e-03
6.091437935829162598e-01
0.000000000000000000e+00
4.384150728583335876e-02
5.752847343683242798e-02
1.709469780325889587e-02
1.515975952148437500e+00
1.707811094820499420e-02
0.000000000000000000e+00
2.413220256567001343e-01
0.000000000000000000e+00
3.862296044826507568e-01
1.652445346117019653e-01
0.000000000000000000e+00
5.244816541671752930e-01
5.780640840530395508e-01
0.000000000000000000e+00
0.000000000000000000e+00
1.297399699687957764e-01
1.126847565174102783e-01
4.939399193972349167e-03
7.739350199699401855e-01
1.505781173706054688e+00
1.182027578353881836e+00
6.427009105682373047e-01
2.290908247232437134e-01
0.000000000000000000e+00
4.772800207138061523e-02
1.674560159444808960e-01
2.114396356046199799e-02
4.458245038986206055e-01
2.994614839553833008e-01
4.764147102832794189e-02
0.000000000000000000e+00
1.818059384822845459e-01
4.544542431831359863e-01
8.529556915163993835e-03
3.288961946964263916e-01
3.212316893041133881e-03
0.000000000000000000e+00
1.447447342798113823e-03
5.307487845420837402e-01
0.000000000000000000e+00
2.159858345985412598e-01
1.373110339045524597e-02
3.077214583754539490e-02
1.127544879913330078e+00
0.000000000000000000e+00
5.275643467903137207e-01
2.927074432373046875e-01
1.671221017837524414e+00
4.541813433170318604e-01
5.382006168365478516e-01
1.375295281410217285e+00
1.783730268478393555e+00
0.000000000000000000e+00
2.529430091381072998e-01
6.790486574172973633e-01
2.355745285749435425e-01
3.623002767562866211e-01
1.003239870071411133e+00
0.000000000000000000e+00
2.361667342483997345e-02
3.281130630057305098e-04
2.788538932800292969e-01
7.800334692001342773e-01
7.958110654726624489e-04
3.184643507003784180e+00
1.445991635322570801e+00
5.226615667343139648e-01
2.103973925113677979e-02
2.921134233474731445e-01
9.664157405495643616e-03
0.000000000000000000e+00
0.000000000000000000e+00
1.029781159013509750e-02
1.325231045484542847e-01
6.168624386191368103e-03
0.000000000000000000e+00
1.159383654594421387e-01
3.565130233764648438e-01
6.682039499282836914e-01
1.181120276451110840e+00
3.362008631229400635e-01
1.369289681315422058e-02
1.003303408622741699e+00
3.111262433230876923e-02
3.066346943378448486e-01
0.000000000000000000e+00
5.674837827682495117e-01
1.177347421646118164e+00
2.579450309276580811e-01
1.273598909378051758e+00
2.713547460734844208e-02
1.581848859786987305e+00
4.104576110839843750e-01
3.316563740372657776e-02
1.452859025448560715e-02
2.588932812213897705e-01
1.191898107528686523e+00
5.499626994132995605e-01
4.856909438967704773e-02
1.696256637573242188e+00
4.010222852230072021e-01
2.274896949529647827e-01
4.955415725708007812e-01
4.075563699007034302e-02
0.000000000000000000e+00
0.000000000000000000e+00
1.895326256752014160e+00
5.643344521522521973e-01
6.077679991722106934e-01
1.741260766983032227e+00
1.205033540725708008e+00
1.464101970195770264e-01
4.695928096771240234e-01
1.939896345138549805e-01
9.972688555717468262e-02
2.156883478164672852e-02
9.763203561305999756e-03
0.000000000000000000e+00
1.075522378087043762e-01
2.571510672569274902e-01
0.000000000000000000e+00
4.088144749402999878e-02
1.195362135767936707e-01
1.430748105049133301e+00
9.963392512872815132e-04
6.794834882020950317e-02
6.053042411804199219e-01
6.042125225067138672e-01
4.111080896109342575e-03
9.118226356804370880e-03
5.408396571874618530e-02
1.956559717655181885e-01
4.637749493122100830e-01
1.477424949407577515e-01
6.058927178382873535e-01
6.276341676712036133e-01
0.000000000000000000e+00
1.018302559852600098e+00
1.679563224315643311e-01
1.620909571647644043e-01
4.083866178989410400e-01
0.000000000000000000e+00
1.286119818687438965e+00
1.488172650337219238e+00
1.121220067143440247e-01
1.131306886672973633e+00
0.000000000000000000e+00
6.777307987213134766e-01
1.465741991996765137e-01
2.831655144691467285e-01
5.918268561363220215e-01
6.447849273681640625e-01
4.919913113117218018e-01
4.607569426298141479e-02
9.713547229766845703e-01
7.589811682701110840e-01
1.203893497586250305e-01
2.546459436416625977e+00
2.625665068626403809e-01
0.000000000000000000e+00
5.170927643775939941e-01
7.460086047649383545e-02
2.464581876993179321e-01
1.273685991764068604e-01
0.000000000000000000e+00
2.538734814152121544e-03
8.969185352325439453e-01
2.951711118221282959e-01
4.013339802622795105e-02
3.063446655869483948e-02
1.528502404689788818e-01
2.145596504211425781e+00
2.950889468193054199e-01
0.000000000000000000e+00
2.941337227821350098e-01
1.108064651489257812e-01
9.591776877641677856e-02
9.012170433998107910e-01
0.000000000000000000e+00
8.682862855494022369e-03
2.046844005584716797e+00
5.946135520935058594e-02
0.000000000000000000e+00
3.832562565803527832e-01
3.585883378982543945e-01
4.963962733745574951e-01
4.486000165343284607e-03
6.158337593078613281e-01
2.036638975143432617e+00
1.814226388931274414e+00
9.707829952239990234e-01
5.409854650497436523e-02
7.804838418960571289e-01
0.000000000000000000e+00
0.000000000000000000e+00
