1.000128760933876038e-01
0.000000000000000000e+00
6.218585371971130371e-01
3.853161811828613281e+00
5.718875527381896973e-01
6.154721975326538086e-02
6.781904697418212891e-01
2.278747558593750000e+00
6.511585235595703125e+00
8.469237089157104492e-01
1.547612696886062622e-01
1.582675814628601074e+00
9.051956236362457275e-02
9.810690879821777344e-01
2.410341262817382812e+00
1.197895765304565430e+00
1.206767797470092773e+00
1.598801851272583008e+00
6.820633411407470703e-01
5.211383104324340820e-01
8.543107509613037109e-01
0.000000000000000000e+00
3.260566890239715576e-01
3.753997802734375000e+00
8.024326711893081665e-02
0.000000000000000000e+00
0.000000000000000000e+00
1.853358626365661621e+00
1.815921217203140259e-01
1.502398997545242310e-01
1.290957033634185791e-01
2.698604203760623932e-02
5.967244505882263184e-01
8.171053528785705566e-01
6.703982353210449219e-01
2.251292943954467773e+00
4.684070646762847900e-01
1.246990859508514404e-01
9.661936014890670776e-02
1.573033928871154785e-01
8.722875267267227173e-02
1.192444935441017151e-01
1.054311394691467285e+00
2.723959207534790039e+00
9.684051871299743652e-01
1.513978600502014160e+00
1.084003299474716187e-01
2.900625169277191162e-01
5.885723978281021118e-03
9.937565922737121582e-01
2.094629287719726562e+00
0.000000000000000000e+00
1.286936640739440918e+00
1.082193776965141296e-01
1.412721276283264160e+00
6.991922855377197266e-01
4.733607172966003418e-01
1.630595140159130096e-02
2.798871755599975586e+00
4.622415602207183838e-01
1.477670967578887939e-01
2.109672874212265015e-02
1.677489727735519409e-01
1.119718432426452637e+00
1.276180028915405273e+00
3.740537166595458984e-01
1.109662204980850220e-01
5.627799630165100098e-01
8.325870037078857422e-01
1.721757292747497559e+00
0.000000000000000000e+00
1.209693700075149536e-01
1.992103755474090576e-01
6.971172094345092773e-01
3.181890249252319336e-01
1.467660546302795410e+00
0.000000000000000000e+00
6.459792256355285645e-01
4.950287640094757080e-01
7.627966403961181641e-01
1.841067522764205933e-01
5.932481884956359863e-01
2.704391956329345703e+00
2.603719942271709442e-02
5.578735470771789551e-01
4.631501734256744385e-01
1.607001185417175293e+00
2.295356392860412598e-01
1.431447267532348633e+00
9.554997086524963379e-02
2.864258177578449249e-02
1.072496175765991211e-01
1.253786385059356689e-01
1.254480448551476002e-03
1.322931408882141113e+00
1.935231685638427734e-01
4.447430372238159180e-01
1.438533186912536621e+00
9.996358305215835571e-02
4.773456230759620667e-02
3.557921620085835457e-03
2.581157982349395752e-01
9.237162023782730103e-02
2.041655540466308594e+00
2.236318588256835938e+00
3.510831447783857584e-04
9.606878757476806641e-01
2.743576467037200928e-01
3.573391437530517578e-01
2.038663774728775024e-01
1.800703048706054688e+00
2.149804979562759399e-01
1.095153212547302246e+00
2.887817323207855225e-01
2.537933886051177979e-01
1.355143785476684570e-01
5.487273447215557098e-03
5.054135322570800781e-01
5.294838547706604004e-01
1.398648619651794434e+00
2.890071868896484375e+00
3.809371292591094971e-01
3.578927218914031982e-01
8.240590691566467285e-01
9.387515187263488770e-01
3.573144972324371338e-01
3.900006040930747986e-02
6.404310464859008789e-01
1.048284649848937988e+00
6.657467782497406006e-02
1.319644302129745483e-01
4.331055283546447754e-01
1.179190754890441895e+00
5.720860362052917480e-01
3.269499540328979492e-01
9.976778179407119751e-02
2.618129253387451172e-01
4.094808101654052734e+00
0.000000000000000000e+00
0.000000000000000000e+00
2.489902228116989136e-01
2.313380241394042969e-01
8.242766261100769043e-01
5.936018005013465881e-02
6.672670841217041016e-01
2.831372618675231934e-01
1.044197082519531250e+00
4.043782353401184082e-01
1.924490928649902344e+00
2.214429825544357300e-01
4.865125179290771484e+00
3.672876954078674316e-01
5.608256906270980835e-02
5.474172234535217285e-01
1.377194762229919434e+00
3.893081843852996826e-01
5.195218324661254883e-01
6.093122959136962891e-01
1.637493848800659180e+00
2.513987123966217041e-01
5.780633091926574707e-01
6.733317971229553223e-01
1.539926975965499878e-01
2.822387497872114182e-03
1.879038214683532715e-01
2.035851329565048218e-01
1.756762899458408356e-02
0.000000000000000000e+00
7.357611060142517090e-01
1.918186068534851074e+00
5.212150216102600098e-01
8.177388310432434082e-01
0.000000000000000000e+00
2.128858119249343872e-01
4.528343677520751953e-01
7.154428005218505859e+00
8.664395660161972046e-02
0.000000000000000000e+00
1.982574015855789185e-01
1.768129467964172363e-01
0.000000000000000000e+00
1.128966361284255981e-02
9.198511391878128052e-02
3.057638406753540039e+00
2.491536177694797516e-02
1.454930100589990616e-02
1.358748413622379303e-02
5.817874073982238770e-01
0.000000000000000000e+00
2.798166312277317047e-02
0.000000000000000000e+00
2.921165712177753448e-02
7.068176269531250000e-01
9.537553787231445312e-02
5.989043712615966797e-01
4.138772785663604736e-01
5.487160682678222656e-01
2.712692022323608398e-01
3.336780369281768799e-01
6.823252439498901367e-01
1.489661931991577148e+00
1.617466807365417480e-01
1.347630321979522705e-01
5.497881174087524414e-01
3.196914494037628174e-01
1.044853478670120239e-01
4.854610860347747803e-01
1.176332216709852219e-02
5.534268021583557129e-01
1.532051563262939453e+00
5.191760063171386719e-01
4.627258479595184326e-01
5.533909201622009277e-01
7.425402998924255371e-01
7.043113708496093750e-01
5.108868479728698730e-01
4.077836573123931885e-01
4.187484681606292725e-01
2.188363790512084961e+00
9.997779726982116699e-01
8.672690391540527344e-02
6.628782749176025391e-01
9.472724795341491699e-01
2.361618429422378540e-01
4.804637432098388672e-01
9.552731178700923920e-03
1.413607895374298096e-01
1.753968894481658936e-01
3.438196144998073578e-04
1.187615096569061279e-01
2.959861159324645996e-01
9.364602565765380859e-01
1.989100217819213867e+00
9.787262082099914551e-01
7.353420257568359375e-01
1.715967953205108643e-01
2.128893136978149414e+00
8.322040438652038574e-01
8.718320727348327637e-02
8.318330049514770508e-01
4.864188134670257568e-01
1.317311171442270279e-02
8.731189370155334473e-01
2.964761734008789062e+00
7.230548858642578125e-01
2.722780704498291016e-01
3.832448124885559082e-01
0.000000000000000000e+00
1.988289356231689453e+00
3.141458705067634583e-02
8.225273489952087402e-01
6.905401945114135742e-01
2.582270279526710510e-02
1.046173572540283203e+00
8.220395445823669434e-01
3.301429748535156250e-02
1.824704813770949841e-03
0.000000000000000000e+00
4.621151387691497803e-01
1.988206524401903152e-03
1.431777000427246094e+00
1.634765863418579102e-01
3.245786204934120178e-02
2.594533190131187439e-02
0.000000000000000000e+00
5.304096937179565430e-01
1.014470577239990234e+00
3.516814112663269043e-02
1.818385533988475800e-02
3.097556829452514648e-01
1.024728298187255859e+00
1.158398315310478210e-01
3.844431638717651367e-01
3.376363217830657959e-01
3.213971853256225586e-01
9.593828916549682617e-01
6.864248514175415039e-01
1.339749693870544434e+00
7.038381695747375488e-01
4.761324822902679443e-01
1.247438937425613403e-01
2.941845357418060303e-01
3.359632194042205811e-01
1.275642067193984985e-01
9.930638670921325684e-01
9.991166591644287109e-01
1.052534878253936768e-01
4.096536338329315186e-02
7.291101664304733276e-02
2.402114868164062500e-01
7.593918442726135254e-01
1.157624483108520508e+00
3.369099199771881104e-01
1.085291877388954163e-01
1.773059368133544922e-01
5.673722177743911743e-02
2.304938584566116333e-01
5.490196347236633301e-01
1.032394886016845703e+00
4.436745643615722656e+00
1.077022075653076172e+00
2.675367593765258789e-01
8.433567285537719727e-01
0.000000000000000000e+00
9.062285535037517548e-03
5.142201483249664307e-02
6.846147775650024414e-02
0.000000000000000000e+00
2.760441601276397705e-02
4.199238419532775879e-01
3.280250430107116699e-01
3.344527631998062134e-02
4.525645375251770020e-01
3.790163099765777588e-01
1.695634424686431885e-01
8.849219083786010742e-01
0.000000000000000000e+00
2.323690801858901978e-01
7.729231566190719604e-02
1.802375912666320801e-01
1.689899682998657227e+00
0.000000000000000000e+00
7.310115545988082886e-02
5.658311247825622559e-01
1.833023130893707275e-02
2.462193518877029419e-01
6.026821210980415344e-03
0.000000000000000000e+00
1.177647352218627930e+00
4.701481163501739502e-01
1.344188489019870758e-02
0.000000000000000000e+00
1.154683530330657959e-01
7.670113444328308105e-01
1.953270053490996361e-03
2.313839942216873169e-01
1.190687537193298340e+00
5.093162655830383301e-01
8.954182863235473633e-01
7.510850429534912109e-01
1.715590357780456543e-01
1.965889893472194672e-02
2.665818855166435242e-02
3.700403124094009399e-02
5.233557224273681641e-01
1.149450182914733887e+00
1.773676872253417969e-01
1.153299212455749512e-01
6.823354959487915039e-01
6.042051911354064941e-01
2.790028927847743034e-03
1.835174262523651123e-01
0.000000000000000000e+00
0.000000000000000000e+00
0.000000000000000000e+00
1.041282057762145996e+00
0.000000000000000000e+00
2.747864723205566406e-01
2.590087987482547760e-02
6.071127206087112427e-02
1.198837876319885254e+00
2.612669020891189575e-02
9.905529022216796875e-01
9.928297400474548340e-01
1.712626695632934570e+00
3.331248462200164795e-01
6.224087476730346680e-01
1.459691524505615234e+00
2.068336963653564453e+00
7.167380768805742264e-03
4.631535112857818604e-01
1.305502057075500488e+00
9.544693827629089355e-01
5.382373332977294922e-01
1.611290216445922852e+00
6.340748164802789688e-03
1.324904710054397583e-01
1.011075302958488464e-01
7.292985171079635620e-02
8.553334474563598633e-01
7.732349634170532227e-02
3.033571720123291016e+00
1.780163288116455078e+00
8.677419424057006836e-01
0.000000000000000000e+00
3.256565332412719727e-01
2.681215759366750717e-03
0.000000000000000000e+00
0.000000000000000000e+00
5.956865381449460983e-03
2.207722961902618408e-01
0.000000000000000000e+00
1.656710356473922729e-02
2.110749110579490662e-02
1.508137881755828857e-01
6.093143224716186523e-01
2.230391979217529297e+00
2.757666446268558502e-02
9.684992581605911255e-02
1.871543049812316895e+00
2.095110714435577393e-01
9.714267849922180176e-01
0.000000000000000000e+00
2.832098603248596191e-01
1.311456918716430664e+00
1.082474440336227417e-01
1.333659291267395020e+00
6.369662284851074219e-02
1.726907372474670410e+00
3.356005549430847168e-01
1.405158489942550659e-01
0.000000000000000000e+00
8.359896391630172729e-02
1.726408600807189941e+00
2.661232352256774902e-01
6.427173614501953125e-01
2.381749153137207031e+00
3.680474460124969482e-01
6.392544507980346680e-01
3.336306214332580566e-01
0.000000000000000000e+00
3.754197359085083008e-01
0.000000000000000000e+00
2.859813690185546875e+00
1.047628760337829590e+00
1.100956201553344727e+00
1.329250216484069824e+00
1.073045849800109863e+00
3.615792840719223022e-02
4.081134200096130371e-01
3.180708587169647217e-01
0.000000000000000000e+00
1.959935724735260010e-01
6.265566498041152954e-02
3.879015147686004639e-02
2.756568137556314468e-03
6.062694191932678223e-01
1.513364538550376892e-02
0.000000000000000000e+00
5.401176810264587402e-01
1.860698103904724121e+00
0.000000000000000000e+00
2.803343236446380615e-01
1.596014797687530518e-01
8.730314970016479492e-01
8.327150344848632812e-02
0.000000000000000000e+00
4.135895520448684692e-03
3.417244255542755127e-01
9.876517057418823242e-01
1.422320753335952759e-01
8.488767147064208984e-01
1.967380404472351074e+00
1.608395949006080627e-02
1.712664484977722168e+00
1.845085918903350830e-01
1.145335063338279724e-01
3.532928228378295898e-01
0.000000000000000000e+00
2.472679615020751953e+00
1.601891279220581055e+00
2.046742141246795654e-01
2.442170381546020508e+00
5.533921066671609879e-04
5.670776367187500000e-01
2.553553283214569092e-01
2.447291761636734009e-01
1.018672108650207520e+00
1.397482395172119141e+00
7.310298681259155273e-01
4.857641085982322693e-02
1.103537559509277344e+00
4.111131429672241211e-01
5.465844273567199707e-01
3.910005569458007812e+00
2.654017508029937744e-01
0.000000000000000000e+00
9.574840962886810303e-02
9.353975206613540649e-02
8.996447920799255371e-01
3.612654507160186768e-01
1.495475918054580688e-01
4.987332038581371307e-03
1.297947287559509277e+00
4.740504324436187744e-01
6.288870237767696381e-03
1.556955277919769287e-01
5.559954792261123657e-02
1.742467045783996582e+00
5.785925984382629395e-01
6.286378949880599976e-02
1.512837409973144531e-01
2.596994936466217041e-01
5.799540504813194275e-02
1.221615076065063477e+00
0.000000000000000000e+00
2.038942873477935791e-01
2.526404142379760742e+00
1.024363562464714050e-01
4.039305262267589569e-03
4.330899715423583984e-01
7.964256405830383301e-02
2.554955184459686279e-01
3.939720615744590759e-02
2.386740446090698242e-01
1.499833822250366211e+00
1.090074300765991211e+00
6.545850634574890137e-01
1.428155452013015747e-01
3.395379483699798584e-01
0.000000000000000000e+00
0.000000000000000000e+00
