3.893244266510009766e-01
0.000000000000000000e+00
1.861663162708282471e-01
3.523958444595336914e+00
3.129997849464416504e-01
2.094830870628356934e-01
6.629315614700317383e-01
3.942663669586181641e+00
6.448423862457275391e+00
1.203333020210266113e+00
0.000000000000000000e+00
7.747950553894042969e-01
0.000000000000000000e+00
4.916758239269256592e-01
2.267849206924438477e+00
8.676071166992187500e-01
6.639378666877746582e-01
2.424203395843505859e+00
7.145055532455444336e-01
4.397987853735685349e-03
8.239004015922546387e-01
5.232781986705958843e-04
2.232604026794433594e-01
2.536113739013671875e+00
1.295599490404129028e-01
0.000000000000000000e+00
9.853272698819637299e-03
1.649512767791748047e+00
5.624743923544883728e-02
5.513424519449472427e-03
0.000000000000000000e+00
1.686882078647613525e-01
8.065518736839294434e-01
8.317078948020935059e-01
4.732724428176879883e-01
2.030063390731811523e+00
4.564232230186462402e-01
1.014377623796463013e-01
7.615096867084503174e-02
4.949071407318115234e-01
2.397675216197967529e-01
6.004451587796211243e-02
5.737403035163879395e-01
3.222497701644897461e+00
2.565342783927917480e-01
7.588375210762023926e-01
2.319125831127166748e-01
7.092143297195434570e-01
0.000000000000000000e+00
1.009911060333251953e+00
2.503865480422973633e+00
0.000000000000000000e+00
1.648254632949829102e+00
2.668248862028121948e-02
1.373451828956604004e+00
5.314511433243751526e-02
2.211542725563049316e-01
0.000000000000000000e+00
2.914239406585693359e+00
1.272710412740707397e-01
1.648386381566524506e-02
1.611887104809284210e-02
5.890353769063949585e-02
4.658245742321014404e-01
8.881086707115173340e-01
8.125666975975036621e-01
7.639090716838836670e-02
2.932547628879547119e-01
5.773581266403198242e-01
7.331537604331970215e-01
0.000000000000000000e+00
0.000000000000000000e+00
6.149341538548469543e-02
7.651066780090332031e-01
7.240041494369506836e-01
1.085282564163208008e+00
3.488878719508647919e-03
7.868746519088745117e-01
4.465104639530181885e-01
8.911029696464538574e-01
8.891458064317703247e-02
5.950446724891662598e-01
3.762198925018310547e+00
3.640128672122955322e-02
1.937656879425048828e+00
8.703614771366119385e-02
1.465616583824157715e+00
4.789879918098449707e-02
8.941594362258911133e-01
1.158901005983352661e-01
0.000000000000000000e+00
0.000000000000000000e+00
0.000000000000000000e+00
0.000000000000000000e+00
1.030065059661865234e+00
4.456877410411834717e-01
5.421465039253234863e-01
6.183747053146362305e-01
5.023476853966712952e-02
1.255638003349304199e-01
0.000000000000000000e+00
1.312614232301712036e-01
2.105245925486087799e-02
1.579888701438903809e+00
1.902171850204467773e+00
5.897568538784980774e-03
1.367417335510253906e+00
5.554167032241821289e-01
4.186048507690429688e-01
2.171180695295333862e-01
1.664504170417785645e+00
1.139726042747497559e-01
1.895289719104766846e-01
3.164959698915481567e-02
3.183443546295166016e-01
2.040992677211761475e-01
9.748231619596481323e-02
3.643233180046081543e-01
6.380021572113037109e-01
1.651635289192199707e+00
2.173123121261596680e+00
6.012061834335327148e-01
6.873004883527755737e-02
2.012787342071533203e+00
7.727529406547546387e-01
4.896782040596008301e-01
0.000000000000000000e+00
6.214287877082824707e-01
1.266826033592224121e+00
2.028178051114082336e-02
1.000848934054374695e-01
6.863836646080017090e-01
3.249604105949401855e-01
1.664759516716003418e-01
3.049209713935852051e-01
0.000000000000000000e+00
2.729145586490631104e-01
5.044286251068115234e+00
0.000000000000000000e+00
1.461973413825035095e-03
3.308521956205368042e-02
2.891182303428649902e-01
1.349913477897644043e+00
3.369027981534600258e-03
1.212069988250732422e-01
3.858205080032348633e-01
5.798723697662353516e-01
4.312929213047027588e-01
1.284474372863769531e+00
2.495479732751846313e-01
4.910041332244873047e+00
3.649788200855255127e-01
1.486044526100158691e-01
7.556805610656738281e-01
1.365402698516845703e+00
1.169550299644470215e+00
2.102738767862319946e-01
3.444151580333709717e-02
2.333624601364135742e+00
1.613123714923858643e-01
3.654301166534423828e-02
9.246177673339843750e-01
1.061036735773086548e-01
5.103427544236183167e-02
2.428579032421112061e-01
4.042443633079528809e-01
3.472032491117715836e-03
0.000000000000000000e+00
4.924224317073822021e-01
1.555293202400207520e+00
3.053043484687805176e-01
5.173647999763488770e-01
0.000000000000000000e+00
1.379328519105911255e-01
4.441179335117340088e-01
6.641570091247558594e+00
5.473625846207141876e-03
2.493487857282161713e-02
3.123929798603057861e-01
7.805629819631576538e-02
0.000000000000000000e+00
7.329847663640975952e-02
7.543544173240661621e-01
3.131715774536132812e+00
9.576299786567687988e-02
4.994337446987628937e-03
4.116756469011306763e-02
3.111462295055389404e-01
2.244044281542301178e-02
0.000000000000000000e+00
0.000000000000000000e+00
4.894196754321455956e-04
9.095718264579772949e-01
9.386839866638183594e-01
9.643911123275756836e-01
4.371860921382904053e-01
8.965796232223510742e-01
3.798326253890991211e-01
6.629755347967147827e-02
9.076754450798034668e-01
1.346094846725463867e+00
2.810087203979492188e-01
5.997228026390075684e-01
1.035449743270874023e+00
1.432952582836151123e-01
0.000000000000000000e+00
1.030991315841674805e+00
5.761296488344669342e-03
1.094331890344619751e-01
1.455695033073425293e+00
2.037272788584232330e-02
4.326300919055938721e-01
2.852301895618438721e-01
3.810928761959075928e-01
4.844967424869537354e-01
7.043469548225402832e-01
1.368085294961929321e-01
4.823773205280303955e-01
1.941862583160400391e+00
1.046634554862976074e+00
4.606801550835371017e-03
9.179688692092895508e-01
2.893557548522949219e-01
7.750429958105087280e-02
3.689812123775482178e-01
0.000000000000000000e+00
2.775873616337776184e-02
3.243912756443023682e-01
1.462154835462570190e-02
2.441853433847427368e-01
1.191106662154197693e-01
2.644037604331970215e-01
1.642658114433288574e+00
9.028360843658447266e-01
7.747432589530944824e-01
6.803603768348693848e-01
3.023046970367431641e+00
8.667212128639221191e-01
1.916433125734329224e-02
9.362432360649108887e-01
2.192334085702896118e-01
4.145503789186477661e-02
4.031223356723785400e-01
2.437356710433959961e+00
8.437627553939819336e-01
1.536556035280227661e-01
5.289040803909301758e-01
7.887275423854589462e-04
2.055948257446289062e+00
4.674569964408874512e-01
4.478263109922409058e-02
3.155651688575744629e-01
1.082242839038372040e-02
8.837151527404785156e-01
1.071571350097656250e+00
3.332214802503585815e-02
7.256823778152465820e-02
0.000000000000000000e+00
2.758410573005676270e-01
8.060906827449798584e-02
1.366134643554687500e+00
2.975413203239440918e-01
8.178754895925521851e-02
3.988923877477645874e-02
0.000000000000000000e+00
2.292426675558090210e-01
1.498050093650817871e+00
3.625225648283958435e-02
0.000000000000000000e+00
1.922388672828674316e-01
1.413630366325378418e+00
0.000000000000000000e+00
8.236132860183715820e-01
4.199953675270080566e-01
2.978762090206146240e-01
7.738001346588134766e-01
5.282513499259948730e-01
1.016556501388549805e+00
4.461348950862884521e-01
2.573876678943634033e-01
7.648834586143493652e-02
5.719408392906188965e-01
1.081107780337333679e-01
1.643474847078323364e-01
8.093887567520141602e-01
2.285492867231369019e-01
7.028387188911437988e-01
9.691169857978820801e-02
1.493031810969114304e-02
2.010773494839668274e-02
1.163685202598571777e+00
5.519908666610717773e-01
1.727787852287292480e-01
2.107920348644256592e-01
1.965313702821731567e-01
8.681405335664749146e-02
2.511905431747436523e-01
6.123582124710083008e-01
6.602277159690856934e-01
5.324465274810791016e+00
6.592550277709960938e-01
1.253528892993927002e-01
6.884128451347351074e-01
0.000000000000000000e+00
0.000000000000000000e+00
9.516380727291107178e-02
1.230033393949270248e-02
0.000000000000000000e+00
5.220885854214429855e-03
4.724104404449462891e-01
2.358140945434570312e-01
5.562609061598777771e-02
2.527916617691516876e-02
6.916648745536804199e-01
0.000000000000000000e+00
6.538696885108947754e-01
0.000000000000000000e+00
1.371191889047622681e-01
2.691047787666320801e-01
7.654463499784469604e-02
1.193703770637512207e+00
0.000000000000000000e+00
7.023324072360992432e-02
2.841803729534149170e-01
0.000000000000000000e+00
1.359807997941970825e-01
1.380619406700134277e-01
0.000000000000000000e+00
5.877299308776855469e-01
5.221266150474548340e-01
0.000000000000000000e+00
0.000000000000000000e+00
1.539428830146789551e-01
9.771021455526351929e-02
3.021755255758762360e-02
6.306841373443603516e-01
1.575456738471984863e+00
5.189156532287597656e-01
5.717699527740478516e-01
9.536166787147521973e-01
6.466858834028244019e-02
0.000000000000000000e+00
9.690160304307937622e-02
8.543839305639266968e-02
3.526866734027862549e-01
8.569878935813903809e-01
1.645431071519851685e-01
2.179626142606139183e-03
1.486120969057083130e-01
7.098190784454345703e-01
4.977987706661224365e-02
3.508064448833465576e-01
1.102285981178283691e-01
2.364713000133633614e-03
1.268536900170147419e-03
5.815397500991821289e-01
0.000000000000000000e+00
1.176351532340049744e-01
0.000000000000000000e+00
2.740058600902557373e-01
5.832960009574890137e-01
2.642413834109902382e-03
1.170042634010314941e+00
4.335113763809204102e-01
1.412925243377685547e+00
1.532234311103820801e+00
9.708999395370483398e-01
1.523774504661560059e+00
1.664164900779724121e+00
0.000000000000000000e+00
2.675170302391052246e-01
1.123260855674743652e+00
4.053806662559509277e-01
3.870017826557159424e-01
9.046847224235534668e-01
4.593002051115036011e-02
9.315491467714309692e-02
2.031277865171432495e-03
8.886586129665374756e-02
6.970947980880737305e-01
3.057409822940826416e-01
3.564030885696411133e+00
1.702133178710937500e+00
3.582303822040557861e-01
0.000000000000000000e+00
7.019280791282653809e-01
1.040083123371005058e-03
0.000000000000000000e+00
0.000000000000000000e+00
2.480543917044997215e-03
1.172352582216262817e-01
0.000000000000000000e+00
0.000000000000000000e+00
9.399026632308959961e-02
2.587134242057800293e-01
4.192491471767425537e-01
1.798417687416076660e+00
2.190438471734523773e-02
7.322257757186889648e-02
1.164502978324890137e+00
2.469640783965587616e-02
2.150582224130630493e-01
0.000000000000000000e+00
2.353401780128479004e-01
9.371651411056518555e-01
2.310173362493515015e-01
1.429727315902709961e+00
1.103678420186042786e-01
1.353365540504455566e+00
9.191887825727462769e-02
1.460133939981460571e-01
2.333843614906072617e-03
5.143822431564331055e-01
1.438719749450683594e+00
4.233107343316078186e-02
1.113574728369712830e-01
2.648102760314941406e+00
3.952986896038055420e-01
3.868176937103271484e-01
2.124738097190856934e-01
1.124136373400688171e-01
1.176164746284484863e-01
3.471953095868229866e-04
2.490595579147338867e+00
2.461786419153213501e-01
5.944849252700805664e-01
1.295654535293579102e+00
1.624507904052734375e+00
2.139547653496265411e-02
1.247855305671691895e+00
1.027672272175550461e-02
3.181884810328483582e-02
1.957515329122543335e-01
2.104488573968410492e-02
1.192365586757659912e-02
1.166681572794914246e-01
3.044299185276031494e-01
0.000000000000000000e+00
0.000000000000000000e+00
3.685562014579772949e-01
1.754202961921691895e+00
0.000000000000000000e+00
2.658488750457763672e-01
2.165383249521255493e-01
7.388283610343933105e-01
4.809802398085594177e-03
0.000000000000000000e+00
1.264794636517763138e-02
2.802767045795917511e-02
4.148965477943420410e-01
1.514792740345001221e-01
2.859516441822052002e-01
1.259785890579223633e+00
0.000000000000000000e+00
9.678816199302673340e-01
1.805757433176040649e-01
9.395252913236618042e-02
1.848530173301696777e-01
0.000000000000000000e+00
1.411488771438598633e+00
1.514142990112304688e+00
1.882577836513519287e-01
2.196179389953613281e+00
0.000000000000000000e+00
6.518926620483398438e-01
4.393022879958152771e-02
2.834336161613464355e-01
2.649519443511962891e-01
1.333541989326477051e+00
3.068743646144866943e-01
0.000000000000000000e+00
7.971202135086059570e-01
3.487720787525177002e-01
4.866127669811248779e-01
2.725642442703247070e+00
3.536032736301422119e-01
0.000000000000000000e+00
4.223078787326812744e-01
2.737168781459331512e-02
5.610185861587524414e-01
1.989909857511520386e-01
0.000000000000000000e+00
6.752142310142517090e-02
6.343964934349060059e-01
4.909177124500274658e-01
5.218318849802017212e-02
1.384067386388778687e-01
1.082834079861640930e-01
1.892788290977478027e+00
4.451791942119598389e-02
1.949446089565753937e-02
3.706530034542083740e-01
1.060714665800333023e-02
3.818629682064056396e-01
1.064651608467102051e+00
1.033172383904457092e-02
9.608505666255950928e-02
1.786402583122253418e+00
7.185125350952148438e-02
0.000000000000000000e+00
2.195235192775726318e-01
8.075406551361083984e-01
6.504932045936584473e-01
7.354804873466491699e-01
8.039180040359497070e-01
1.915226340293884277e+00
1.783980965614318848e+00
1.140886187553405762e+00
2.282562106847763062e-02
6.772485971450805664e-01
0.000000000000000000e+00
0.000000000000000000e+00
