3.265886381268501282e-02
2.974340692162513733e-03
2.251322120428085327e-01
3.255024671554565430e+00
1.158472374081611633e-01
8.662187308073043823e-02
5.817971229553222656e-01
3.051075220108032227e+00
6.268037796020507812e+00
4.755548536777496338e-01
1.242324933409690857e-01
1.439997792243957520e+00
1.457611564546823502e-02
1.241142511367797852e+00
2.477058410644531250e+00
1.330916047096252441e+00
1.194624304771423340e+00
1.297347187995910645e+00
9.054965972900390625e-01
2.603083252906799316e-01
7.825980782508850098e-01
0.000000000000000000e+00
5.749138593673706055e-01
4.341287612915039062e+00
7.645750045776367188e-02
0.000000000000000000e+00
0.000000000000000000e+00
1.784728646278381348e+00
2.798218429088592529e-01
1.719081215560436249e-02
9.964237362146377563e-02
1.725657135248184204e-01
4.483273997902870178e-02
5.321795940399169922e-01
1.025239467620849609e+00
2.041929960250854492e+00
4.526053071022033691e-01
6.610445976257324219e-01
1.782940179109573364e-01
1.590661406517028809e-01
9.958882583305239677e-04
4.104154184460639954e-02
1.011995553970336914e+00
2.986508607864379883e+00
1.284504652023315430e+00
1.172100424766540527e+00
2.540063560009002686e-01
4.478364288806915283e-01
0.000000000000000000e+00
6.988296508789062500e-01
2.599712610244750977e+00
0.000000000000000000e+00
1.025599122047424316e+00
2.221361994743347168e-01
1.108475923538208008e+00
3.923921287059783936e-01
1.441566050052642822e-01
0.000000000000000000e+00
3.031906604766845703e+00
1.529482603073120117e-01
5.096674337983131409e-02
0.000000000000000000e+00
4.298895597457885742e-01
1.138276934623718262e+00
9.698394536972045898e-01
6.480551958084106445e-01
3.634998798370361328e-01
3.268854618072509766e-01
6.909132003784179688e-01
9.105296730995178223e-01
0.000000000000000000e+00
1.336317956447601318e-01
4.922414571046829224e-02
3.676848113536834717e-01
7.523881196975708008e-01
1.325744152069091797e+00
2.834015060216188431e-03
7.371023893356323242e-01
4.602927565574645996e-01
6.155063509941101074e-01
3.632337972521781921e-02
1.031404137611389160e+00
2.629100799560546875e+00
1.398765891790390015e-01
1.075143575668334961e+00
1.807860136032104492e-01
1.267964601516723633e+00
1.321133077144622803e-01
1.160628914833068848e+00
2.532698586583137512e-02
1.155828405171632767e-02
5.334994941949844360e-02
1.161608397960662842e-01
0.000000000000000000e+00
1.603869080543518066e+00
2.124103754758834839e-01
2.523434758186340332e-01
1.432348370552062988e+00
3.168918937444686890e-02
7.302333414554595947e-02
5.042681004852056503e-03
3.721594065427780151e-02
7.484782487154006958e-03
2.231356143951416016e+00
2.724472045898437500e+00
1.072810497134923935e-02
9.086591601371765137e-01
1.047644317150115967e-01
1.576453149318695068e-01
3.203976750373840332e-01
1.623383760452270508e+00
4.443149641156196594e-02
3.656583428382873535e-01
3.102039694786071777e-01
2.649795413017272949e-01
6.157946772873401642e-03
8.773460239171981812e-02
4.371491968631744385e-01
7.685165405273437500e-01
1.019436240196228027e+00
2.072089433670043945e+00
5.283070206642150879e-01
8.332376927137374878e-02
1.389685153961181641e+00
6.250307559967041016e-01
2.967519760131835938e-01
2.415321068838238716e-03
4.244560897350311279e-01
1.692905783653259277e+00
7.282260060310363770e-02
3.723816275596618652e-01
5.283004641532897949e-01
7.117360830307006836e-01
1.487801522016525269e-01
5.281705260276794434e-01
9.669613093137741089e-02
3.369049131870269775e-01
3.808911323547363281e+00
0.000000000000000000e+00
1.122999284416437149e-02
1.367452144622802734e-01
1.373334378004074097e-01
9.047659039497375488e-01
5.780684202909469604e-02
7.295990735292434692e-02
1.051252111792564392e-01
9.975654482841491699e-01
4.987379014492034912e-01
2.013842344284057617e+00
2.120801508426666260e-01
4.560872554779052734e+00
4.116785824298858643e-01
2.329849451780319214e-01
5.518815666437149048e-02
1.277748823165893555e+00
3.443263173103332520e-01
2.541045248508453369e-01
2.609725296497344971e-01
2.106708765029907227e+00
7.650128006935119629e-02
4.508330523967742920e-01
5.898388624191284180e-01
3.356348574161529541e-01
0.000000000000000000e+00
2.795651927590370178e-02
7.855950593948364258e-01
0.000000000000000000e+00
0.000000000000000000e+00
5.216782689094543457e-01
1.765751361846923828e+00
2.347349561750888824e-02
8.957463502883911133e-01
1.547304634004831314e-02
1.814283281564712524e-01
3.643459379673004150e-01
6.678398132324218750e+00
7.559138536453247070e-02
3.128286078572273254e-02
3.398377075791358948e-02
5.652060732245445251e-02
0.000000000000000000e+00
1.099652051925659180e-01
4.165354371070861816e-02
3.364072799682617188e+00
7.366006821393966675e-02
0.000000000000000000e+00
5.899265781044960022e-02
2.271530479192733765e-01
0.000000000000000000e+00
1.532215531915426254e-02
0.000000000000000000e+00
1.503501832485198975e-01
8.286032080650329590e-01
4.987190961837768555e-01
5.513990521430969238e-01
4.187134504318237305e-01
5.226163864135742188e-01
3.370767533779144287e-01
3.168877661228179932e-01
4.959140717983245850e-01
1.009829640388488770e+00
5.571818351745605469e-01
1.473778039216995239e-01
8.336947560310363770e-01
1.481883674860000610e-01
0.000000000000000000e+00
1.542477488517761230e+00
0.000000000000000000e+00
3.755734562873840332e-01
9.990373253822326660e-01
5.514919161796569824e-01
4.002264440059661865e-01
2.731255590915679932e-01
3.397958576679229736e-01
5.770312547683715820e-01
6.248356699943542480e-01
1.662447005510330200e-01
7.098718881607055664e-01
1.882681965827941895e+00
5.816916227340698242e-01
9.410633891820907593e-02
2.041487991809844971e-01
1.040646314620971680e+00
2.762815356254577637e-01
7.647418379783630371e-01
3.780720755457878113e-02
1.923364698886871338e-01
2.911339104175567627e-01
0.000000000000000000e+00
8.215719461441040039e-02
3.316621780395507812e-01
4.513790011405944824e-01
2.150910615921020508e+00
5.813716650009155273e-01
6.601483225822448730e-01
3.523806035518646240e-01
2.047927141189575195e+00
9.365417361259460449e-01
1.355614420026540756e-02
1.046411275863647461e+00
1.588368415832519531e-01
1.247908640652894974e-02
5.169014334678649902e-01
2.495207548141479492e+00
1.043532967567443848e+00
1.257424205541610718e-01
7.500098943710327148e-01
0.000000000000000000e+00
2.148679971694946289e+00
9.914297610521316528e-02
8.904091715812683105e-01
8.983251452445983887e-01
1.104279235005378723e-01
7.692105174064636230e-01
1.273392200469970703e+00
1.031232327222824097e-01
5.179774761199951172e-02
0.000000000000000000e+00
2.451209127902984619e-01
1.914408989250659943e-02
1.519016981124877930e+00
0.000000000000000000e+00
4.283412918448448181e-02
2.169870436191558838e-01
0.000000000000000000e+00
2.542701065540313721e-01
1.034437775611877441e+00
0.000000000000000000e+00
2.741956338286399841e-02
2.394333183765411377e-01
9.240679144859313965e-01
4.997509717941284180e-02
5.938876271247863770e-01
4.624668657779693604e-01
1.905623972415924072e-01
7.877117991447448730e-01
3.515272736549377441e-01
7.818529605865478516e-01
7.670611739158630371e-01
2.596064209938049316e-01
3.487469628453254700e-02
7.304413914680480957e-01
1.683701872825622559e-01
0.000000000000000000e+00
1.027116656303405762e+00
4.992777705192565918e-01
3.541854619979858398e-01
1.628016084432601929e-01
3.247585296630859375e-01
3.812154382467269897e-02
6.402969956398010254e-01
5.677459836006164551e-01
1.678711771965026855e-01
1.019811406731605530e-01
2.021839469671249390e-01
1.909392923116683960e-01
4.010990560054779053e-01
6.987100839614868164e-01
1.031525731086730957e+00
4.317349910736083984e+00
8.135361671447753906e-01
7.432219386100769043e-02
7.600401043891906738e-01
0.000000000000000000e+00
3.587350621819496155e-02
1.681212149560451508e-02
2.328129671514034271e-02
0.000000000000000000e+00
8.297326415777206421e-02
4.537839293479919434e-01
4.943913817405700684e-01
7.401250302791595459e-02
6.154775023460388184e-01
5.471274852752685547e-01
6.103479489684104919e-02
1.186578392982482910e+00
0.000000000000000000e+00
4.517704248428344727e-01
1.485659480094909668e-01
2.002349309623241425e-02
1.489964365959167480e+00
1.401800010353326797e-02
2.017129026353359222e-02
4.804091528058052063e-02
0.000000000000000000e+00
2.689479589462280273e-01
4.483076557517051697e-02
0.000000000000000000e+00
7.111173272132873535e-01
4.258189201354980469e-01
0.000000000000000000e+00
0.000000000000000000e+00
1.235321387648582458e-01
1.976123303174972534e-01
1.023280806839466095e-02
5.520009398460388184e-01
1.353642702102661133e+00
6.478977203369140625e-01
7.937625050544738770e-01
3.258731067180633545e-01
7.057619094848632812e-02
3.003127872943878174e-02
2.870793268084526062e-02
1.082883924245834351e-01
8.132612109184265137e-01
5.473067164421081543e-01
4.623081982135772705e-01
6.447395775467157364e-03
1.360609233379364014e-01
3.529891371726989746e-01
7.459242641925811768e-02
8.803784102201461792e-02
3.308176994323730469e-03
0.000000000000000000e+00
2.070380002260208130e-02
8.903615474700927734e-01
0.000000000000000000e+00
2.918280959129333496e-01
1.596600562334060669e-02
1.500943750143051147e-01
1.343648195266723633e+00
3.920084610581398010e-02
5.518452525138854980e-01
4.006533622741699219e-01
1.611855864524841309e+00
7.093064785003662109e-01
7.523508667945861816e-01
1.405285239219665527e+00
1.820071458816528320e+00
1.618971698917448521e-03
0.000000000000000000e+00
9.080803394317626953e-01
5.653550624847412109e-01
8.259466290473937988e-01
1.052750349044799805e+00
3.072843700647354126e-02
5.544655397534370422e-02
0.000000000000000000e+00
1.257574111223220825e-01
9.568951725959777832e-01
1.376023739576339722e-01
3.205627918243408203e+00
1.484895348548889160e+00
9.017413258552551270e-01
0.000000000000000000e+00
4.389928579330444336e-01
0.000000000000000000e+00
0.000000000000000000e+00
0.000000000000000000e+00
2.240747772157192230e-02
2.419007867574691772e-01
0.000000000000000000e+00
2.351478673517704010e-03
2.612642012536525726e-02
3.993488252162933350e-01
3.299597203731536865e-01
2.122805595397949219e+00
7.160761952400207520e-02
7.236152887344360352e-02
8.972598314285278320e-01
2.106836587190628052e-01
7.558084726333618164e-01
0.000000000000000000e+00
4.322202205657958984e-01
1.307914853096008301e+00
6.574025750160217285e-02
1.877531051635742188e+00
1.145392209291458130e-01
1.568217992782592773e+00
7.586967945098876953e-01
1.836665123701095581e-01
4.475644789636135101e-03
4.804932773113250732e-01
2.078887224197387695e+00
1.494597941637039185e-01
3.737947046756744385e-01
1.632802248001098633e+00
6.914647817611694336e-01
1.683313548564910889e-01
2.025846540927886963e-01
5.982100963592529297e-03
1.281382441520690918e-01
0.000000000000000000e+00
2.753559589385986328e+00
2.467805892229080200e-01
5.950866341590881348e-01
1.042973875999450684e+00
1.500731110572814941e+00
2.995876595377922058e-02
5.066332817077636719e-01
1.314043104648590088e-01
7.148490753024816513e-03
1.799469068646430969e-02
8.821581490337848663e-03
0.000000000000000000e+00
1.045358479022979736e-01
3.682941496372222900e-01
0.000000000000000000e+00
9.846393018960952759e-03
8.485186696052551270e-01
1.998528003692626953e+00
0.000000000000000000e+00
2.613354921340942383e-01
1.645181179046630859e-01
9.901763796806335449e-01
2.827210910618305206e-02
1.120463684201240540e-01
5.145361274480819702e-02
4.451529681682586670e-01
2.899806201457977295e-01
1.145285293459892273e-01
8.922307491302490234e-01
1.539421796798706055e+00
0.000000000000000000e+00
8.932043313980102539e-01
1.954308748245239258e-01
1.376136094331741333e-01
1.292416751384735107e-01
0.000000000000000000e+00
1.556630373001098633e+00
1.338006854057312012e+00
3.414980769157409668e-01
2.570816040039062500e+00
3.464935114607214928e-03
1.123162746429443359e+00
9.138808399438858032e-02
1.193319484591484070e-01
4.400178790092468262e-01
1.358934044837951660e+00
3.887585997581481934e-01
4.653671756386756897e-02
8.182199001312255859e-01
2.769565284252166748e-01
6.365899443626403809e-01
3.583207607269287109e+00
2.152950018644332886e-01
0.000000000000000000e+00
3.682252764701843262e-01
2.228207886219024658e-02
9.637390375137329102e-01
7.030183821916580200e-02
1.090659014880657196e-02
6.518444046378135681e-03
9.270833730697631836e-01
4.043648242950439453e-01
8.822651207447052002e-02
1.087342277169227600e-01
1.405705418437719345e-02
2.187705278396606445e+00
2.383579313755035400e-01
1.676446758210659027e-02
1.939123719930648804e-01
1.571680754423141479e-01
6.382388621568679810e-02
8.841406106948852539e-01
1.040737051516771317e-02
8.654075209051370621e-04
2.154200315475463867e+00
1.327213346958160400e-01
0.000000000000000000e+00
4.676712751388549805e-01
4.023595452308654785e-01
4.190715849399566650e-01
1.346754282712936401e-01
4.719555675983428955e-01
1.893892407417297363e+00
1.614772677421569824e+00
6.859375834465026855e-01
1.346526443958282471e-01
2.521174550056457520e-01
0.000000000000000000e+00
0.000000000000000000e+00
