3.080239593982696533e-01
1.658585295081138611e-02
8.646733760833740234e-01
3.001647472381591797e+00
1.089759916067123413e-01
2.700996994972229004e-01
4.808329343795776367e-01
3.053271055221557617e+00
5.771448135375976562e+00
3.806439042091369629e-01
1.991765014827251434e-02
1.162840008735656738e+00
2.177041769027709961e-02
1.279088377952575684e+00
1.548706173896789551e+00
1.092690110206604004e+00
1.204723238945007324e+00
1.134741425514221191e+00
1.948744356632232666e-01
2.968826293945312500e-01
6.206314563751220703e-01
5.398347973823547363e-02
7.528201937675476074e-01
3.330693483352661133e+00
1.559891700744628906e-01
0.000000000000000000e+00
0.000000000000000000e+00
1.736707091331481934e+00
3.411729633808135986e-01
4.617224633693695068e-02
9.475596249103546143e-03
1.094020996242761612e-02
1.839559823274612427e-01
1.211177468299865723e+00
6.241179108619689941e-01
1.376643896102905273e+00
3.828316032886505127e-01
6.775609254837036133e-01
8.449954539537429810e-02
2.962050139904022217e-01
1.011097952723503113e-01
1.389015614986419678e-01
1.712293505668640137e+00
2.791753053665161133e+00
1.171635389328002930e+00
8.541904091835021973e-01
3.354253768920898438e-01
3.696394860744476318e-01
0.000000000000000000e+00
9.958329200744628906e-01
2.914233207702636719e+00
0.000000000000000000e+00
1.301136493682861328e+00
9.135800600051879883e-02
5.376256108283996582e-01
6.849477291107177734e-01
5.257983207702636719e-01
2.410838933428749442e-04
2.679635763168334961e+00
1.131173446774482727e-01
1.928358078002929688e-01
1.296154875308275223e-02
8.749982714653015137e-01
7.948539853096008301e-01
7.836355566978454590e-01
7.064474225044250488e-01
4.328107535839080811e-01
2.172125428915023804e-01
5.894576907157897949e-01
1.229955673217773438e+00
0.000000000000000000e+00
7.586757838726043701e-02
1.827528327703475952e-01
4.867050349712371826e-01
4.681088924407958984e-01
1.008287668228149414e+00
1.158940047025680542e-02
5.630167126655578613e-01
2.626028656959533691e-01
5.477916598320007324e-01
1.891046529635787010e-03
6.656052470207214355e-01
1.868469834327697754e+00
1.052519530057907104e-01
6.414614915847778320e-01
3.326049745082855225e-01
1.116762638092041016e+00
3.604712784290313721e-01
8.491187691688537598e-01
1.542323082685470581e-01
4.108673892915248871e-03
0.000000000000000000e+00
2.242020964622497559e-01
1.495887059718370438e-02
9.665737152099609375e-01
3.177085220813751221e-01
4.776081144809722900e-01
1.032722115516662598e+00
1.712798625230789185e-01
4.094631224870681763e-02
5.426052957773208618e-03
5.159739851951599121e-01
4.612981900572776794e-02
1.366053938865661621e+00
2.099957704544067383e+00
7.799057289958000183e-03
5.922040343284606934e-01
5.012792944908142090e-01
1.153546050190925598e-01
3.074778020381927490e-01
1.069916009902954102e+00
9.381410479545593262e-02
1.906932443380355835e-01
2.560659945011138916e-01
1.450719535350799561e-01
3.647471219301223755e-02
1.631971597671508789e-01
1.047315672039985657e-01
4.161510765552520752e-01
1.856679558753967285e+00
2.676264286041259766e+00
5.584293007850646973e-01
7.232096791267395020e-02
1.246957421302795410e+00
1.315705060958862305e+00
3.730845451354980469e-01
1.682600937783718109e-02
3.377641737461090088e-01
1.024699091911315918e+00
0.000000000000000000e+00
2.840747833251953125e-01
8.477091789245605469e-01
3.518902957439422607e-01
1.423383355140686035e-01
4.863305389881134033e-01
8.615297824144363403e-02
8.383471369743347168e-01
4.503276348114013672e+00
0.000000000000000000e+00
2.013570070266723633e-01
1.853756308555603027e-01
2.248671837151050568e-02
1.327675819396972656e+00
9.487947821617126465e-02
6.728377193212509155e-02
2.632333636283874512e-01
9.479508399963378906e-01
1.099013209342956543e+00
6.543543338775634766e-01
2.716588973999023438e-01
3.727337121963500977e+00
4.629082083702087402e-01
3.101598843932151794e-02
5.738487839698791504e-01
8.841124176979064941e-01
4.974259734153747559e-01
2.271324843168258667e-01
5.576151013374328613e-01
1.197475910186767578e+00
5.334844589233398438e-01
3.376418054103851318e-01
8.346129059791564941e-01
2.328508049249649048e-01
0.000000000000000000e+00
1.305839121341705322e-01
7.280335426330566406e-01
2.222106307744979858e-01
0.000000000000000000e+00
4.305841028690338135e-01
1.559018373489379883e+00
5.708684027194976807e-02
9.685896039009094238e-01
2.025382369756698608e-01
7.108231633901596069e-02
6.314250826835632324e-01
6.050137042999267578e+00
3.678824752569198608e-02
0.000000000000000000e+00
2.429051324725151062e-02
3.958648145198822021e-01
2.842760458588600159e-02
8.596364408731460571e-02
1.507922708988189697e-01
3.436190843582153320e+00
3.295855522155761719e-01
2.205754863098263741e-03
3.996680304408073425e-02
9.181798100471496582e-01
2.395798452198505402e-03
1.337251253426074982e-02
1.559695508331060410e-02
2.581298053264617920e-01
1.076583862304687500e+00
5.593234896659851074e-01
1.165194749832153320e+00
5.282359719276428223e-01
4.717489182949066162e-01
2.960704863071441650e-01
2.526529133319854736e-01
6.316946148872375488e-01
1.315593719482421875e+00
2.979560792446136475e-01
5.586333870887756348e-01
2.924074232578277588e-01
1.344902366399765015e-01
2.857818827033042908e-02
7.617849111557006836e-01
6.529749184846878052e-02
5.733813643455505371e-01
9.355627894401550293e-01
4.369854629039764404e-01
6.555420756340026855e-01
3.797513842582702637e-01
5.163502693176269531e-01
5.549507141113281250e-01
4.807363450527191162e-01
2.341641038656234741e-01
6.889706850051879883e-01
1.850597381591796875e+00
5.890812277793884277e-01
6.927623599767684937e-02
2.377316504716873169e-01
9.738348722457885742e-01
2.048055976629257202e-01
4.098095297813415527e-01
4.225452616810798645e-02
8.347824215888977051e-01
3.333041071891784668e-01
6.655678898096084595e-02
6.218470633029937744e-02
3.631340563297271729e-01
7.022626399993896484e-01
1.286927461624145508e+00
5.013071894645690918e-01
9.535359740257263184e-01
2.741140425205230713e-01
2.154354810714721680e+00
6.725527644157409668e-01
8.528885990381240845e-02
1.182575702667236328e+00
1.772228926420211792e-01
4.576474800705909729e-02
8.714671730995178223e-01
2.830209493637084961e+00
9.060109853744506836e-01
1.605399511754512787e-02
2.299074828624725342e-01
0.000000000000000000e+00
1.365082740783691406e+00
3.289984911680221558e-02
1.003316998481750488e+00
4.627468883991241455e-01
6.685377657413482666e-02
1.616723775863647461e+00
1.021903395652770996e+00
1.221592351794242859e-01
4.754960536956787109e-02
0.000000000000000000e+00
7.524041533470153809e-01
1.728843748569488525e-01
1.780065059661865234e+00
4.342553019523620605e-02
1.170627027750015259e-01
2.235533595085144043e-01
0.000000000000000000e+00
7.139566540718078613e-02
1.942484229803085327e-01
2.440526895225048065e-02
1.515752673149108887e-01
2.488392144441604614e-01
8.295155763626098633e-01
1.128567457199096680e-01
1.719912737607955933e-01
6.861713528633117676e-01
2.214939892292022705e-01
3.540162742137908936e-01
8.654243350028991699e-01
1.454885363578796387e+00
8.224785327911376953e-01
3.324453830718994141e-01
2.591523826122283936e-01
1.084410905838012695e+00
5.662477016448974609e-02
2.496223710477352142e-02
6.413245797157287598e-01
1.112568736076354980e+00
1.158249229192733765e-01
3.372285142540931702e-02
3.077961504459381104e-01
9.267889708280563354e-02
9.597944021224975586e-01
5.433980822563171387e-01
4.217628836631774902e-01
1.013226956129074097e-01
1.140389516949653625e-01
1.005795896053314209e-01
3.007022738456726074e-01
4.523839354515075684e-01
1.035629749298095703e+00
3.724474668502807617e+00
2.241092175245285034e-01
5.504699349403381348e-01
6.860963106155395508e-01
4.422057792544364929e-02
1.379340887069702148e-01
4.332448542118072510e-02
2.189838513731956482e-02
0.000000000000000000e+00
2.075604908168315887e-02
5.854427218437194824e-01
7.625954151153564453e-01
1.659104973077774048e-01
4.982256889343261719e-01
5.003355145454406738e-01
2.202823758125305176e-01
7.797697186470031738e-01
6.379877030849456787e-02
3.176402449607849121e-01
1.807862222194671631e-01
1.691732555627822876e-01
1.507384300231933594e+00
1.177921192720532417e-03
0.000000000000000000e+00
2.732929885387420654e-01
1.162338769063353539e-03
2.645466923713684082e-01
2.460743337869644165e-01
0.000000000000000000e+00
7.342867255210876465e-01
4.420571625232696533e-01
0.000000000000000000e+00
3.097847336903214455e-03
2.587984874844551086e-02
1.591139137744903564e-01
2.159348689019680023e-02
7.528659105300903320e-01
1.136746764183044434e+00
6.181389689445495605e-01
7.369660735130310059e-01
5.579918622970581055e-01
2.152169123291969299e-02
2.253458797931671143e-01
3.707557171583175659e-02
1.742978021502494812e-02
3.345369398593902588e-01
3.988258242607116699e-01
5.141056776046752930e-01
4.994693212211132050e-03
7.138356566429138184e-01
3.652959465980529785e-01
4.567841067910194397e-02
1.896254569292068481e-01
1.346330437809228897e-02
1.304099452681839466e-03
1.861137300729751587e-01
8.992284536361694336e-01
1.518456190824508667e-01
3.340107202529907227e-01
5.090888589620590210e-02
2.078567445278167725e-01
6.866462826728820801e-01
3.497889637947082520e-02
8.884227275848388672e-01
7.372424602508544922e-01
1.909732699394226074e+00
6.350640058517456055e-01
4.614366590976715088e-01
1.798511028289794922e+00
2.045801639556884766e+00
8.295766077935695648e-03
5.051620770245790482e-03
8.015921115875244141e-01
9.290949702262878418e-01
5.678659677505493164e-01
1.432930588722229004e+00
1.029504579491913319e-03
3.467773273587226868e-02
0.000000000000000000e+00
8.306058496236801147e-02
8.885099887847900391e-01
5.773169547319412231e-02
3.191802024841308594e+00
1.572641611099243164e+00
9.628764390945434570e-01
1.005873363465070724e-02
2.201661020517349243e-01
1.447170525789260864e-01
0.000000000000000000e+00
0.000000000000000000e+00
1.917651668190956116e-02
5.114979743957519531e-01
0.000000000000000000e+00
1.348585262894630432e-02
4.294727742671966553e-02
4.753597974777221680e-01
8.794266581535339355e-01
1.336931109428405762e+00
1.917921155691146851e-01
3.684579581022262573e-02
5.175665020942687988e-01
4.024262726306915283e-02
6.510537266731262207e-01
0.000000000000000000e+00
4.163021445274353027e-01
5.887866616249084473e-01
4.554309248924255371e-01
1.099900722503662109e+00
4.163806512951850891e-02
1.052171945571899414e+00
3.962574303150177002e-01
1.438286453485488892e-01
4.954100027680397034e-02
5.910164117813110352e-01
1.819296360015869141e+00
2.656865119934082031e-01
3.104867935180664062e-01
1.322595357894897461e+00
1.046057343482971191e+00
5.001913309097290039e-01
2.187537252902984619e-01
4.775027278810739517e-03
3.902408778667449951e-01
0.000000000000000000e+00
2.171956777572631836e+00
6.854913234710693359e-01
5.340967774391174316e-01
1.834761023521423340e+00
1.348095893859863281e+00
1.989292502403259277e-01
3.678778111934661865e-01
3.778899610042572021e-01
6.588092073798179626e-04
5.287636071443557739e-02
9.143047779798507690e-02
0.000000000000000000e+00
3.338271081447601318e-01
4.086365997791290283e-01
0.000000000000000000e+00
1.451511587947607040e-02
6.051940917968750000e-01
1.486395955085754395e+00
0.000000000000000000e+00
1.501204222440719604e-01
4.849362075328826904e-01
7.207666635513305664e-01
1.628172546625137329e-01
2.461411431431770325e-02
1.539102382957935333e-02
4.321168959140777588e-01
2.726796269416809082e-01
2.390319257974624634e-01
1.445617198944091797e+00
8.932304978370666504e-01
2.251935424283146858e-03
8.887915015220642090e-01
1.636064648628234863e-01
2.117015570402145386e-01
2.114668786525726318e-01
0.000000000000000000e+00
1.677715182304382324e+00
1.694511413574218750e+00
1.091942936182022095e-01
1.396422028541564941e+00
2.311498969793319702e-01
6.890563964843750000e-01
5.602262616157531738e-01
5.528335571289062500e-01
7.305693030357360840e-01
9.558879137039184570e-01
1.050212621688842773e+00
2.713711932301521301e-03
6.823737621307373047e-01
2.868831753730773926e-01
6.526151895523071289e-01
2.286729812622070312e+00
6.047463417053222656e-01
0.000000000000000000e+00
2.854038178920745850e-01
3.295378983020782471e-01
4.192696213722229004e-01
1.162303462624549866e-01
7.526390720158815384e-03
5.275953933596611023e-02
7.514058351516723633e-01
2.949627935886383057e-01
7.991250604391098022e-02
8.954858779907226562e-02
5.979552865028381348e-02
1.828850388526916504e+00
5.751028060913085938e-01
3.781315684318542480e-02
1.132201924920082092e-01
6.975833326578140259e-02
3.304342925548553467e-01
1.267581343650817871e+00
1.479264255613088608e-02
8.084113709628582001e-03
2.429632902145385742e+00
3.491298556327819824e-01
0.000000000000000000e+00
4.329844117164611816e-01
6.329079270362854004e-01
2.496670335531234741e-01
2.814757451415061951e-02
3.063807785511016846e-01
1.900001525878906250e+00
1.397808551788330078e+00
4.653671681880950928e-01
3.911096155643463135e-01
6.578807234764099121e-01
0.000000000000000000e+00
3.866320243105292320e-03
