5.901098251342773438e-02
5.262877047061920166e-02
5.566437244415283203e-01
3.219991207122802734e+00
1.147757917642593384e-01
9.841562807559967041e-02
4.519381225109100342e-01
3.637081861495971680e+00
5.363664627075195312e+00
6.173426508903503418e-01
1.958473026752471924e-02
1.064094185829162598e+00
1.016293242573738098e-01
8.911852240562438965e-01
1.843177080154418945e+00
1.258107542991638184e+00
6.249502897262573242e-01
7.577375173568725586e-01
8.011019825935363770e-01
2.673729956150054932e-01
3.618567287921905518e-01
2.947796834632754326e-03
3.047771453857421875e-01
2.790269374847412109e+00
4.586104303598403931e-02
0.000000000000000000e+00
8.441584184765815735e-03
1.720155596733093262e+00
1.570237129926681519e-01
9.608456492424011230e-02
4.446469247341156006e-02
6.760833412408828735e-02
5.863050371408462524e-02
9.326526522636413574e-01
3.724997341632843018e-01
1.213976502418518066e+00
2.353377044200897217e-01
5.175754427909851074e-01
3.415117263793945312e-01
3.428314924240112305e-01
2.691855430603027344e-01
2.446015059831552207e-05
1.176493525505065918e+00
2.461659193038940430e+00
7.987399101257324219e-01
1.028772473335266113e+00
1.138431951403617859e-01
6.732663512229919434e-01
0.000000000000000000e+00
9.948453307151794434e-01
1.824320912361145020e+00
0.000000000000000000e+00
6.692780256271362305e-01
1.177882999181747437e-01
7.041419744491577148e-01
7.501713633537292480e-01
1.021204739809036255e-01
2.011864446103572845e-02
3.053303480148315430e+00
7.548860460519790649e-02
1.483204662799835205e-01
3.540896996855735779e-02
2.542886137962341309e-01
6.533436775207519531e-01
7.529521584510803223e-01
4.794008135795593262e-01
4.240596592426300049e-01
3.462443053722381592e-01
6.410205364227294922e-01
1.256922960281372070e+00
0.000000000000000000e+00
8.434382826089859009e-02
1.082209348678588867e-01
4.651945829391479492e-01
7.026024460792541504e-01
1.238810420036315918e+00
5.000215023756027222e-04
4.203610718250274658e-01
8.010683655738830566e-01
1.279870867729187012e-01
8.128808438777923584e-02
1.108307123184204102e+00
2.970135927200317383e+00
2.581378212198615074e-04
5.586556196212768555e-01
4.701036214828491211e-01
8.450214266777038574e-01
3.207857608795166016e-01
1.162689805030822754e+00
2.232132256031036377e-01
0.000000000000000000e+00
1.664753444492816925e-02
5.320437625050544739e-02
0.000000000000000000e+00
1.925957441329956055e+00
1.470274925231933594e-01
2.394487410783767700e-01
1.225077748298645020e+00
4.970788955688476562e-02
2.743056416511535645e-01
0.000000000000000000e+00
1.099695339798927307e-01
5.798872560262680054e-03
2.175415039062500000e+00
2.418949604034423828e+00
3.424660116434097290e-02
1.093711733818054199e+00
3.605432510375976562e-01
2.975613772869110107e-01
4.795361757278442383e-01
1.438306093215942383e+00
1.030015349388122559e-01
9.456393867731094360e-02
1.261464655399322510e-01
2.749007344245910645e-01
1.704380810260772705e-01
3.302584961056709290e-02
4.207437336444854736e-01
4.430035352706909180e-01
1.186387419700622559e+00
2.595155239105224609e+00
5.720393657684326172e-01
1.593098491430282593e-01
1.657183885574340820e+00
1.009270906448364258e+00
2.356808334589004517e-01
7.019452750682830811e-02
2.590188980102539062e-01
1.146973013877868652e+00
1.557730883359909058e-01
2.335638105869293213e-01
5.883958935737609863e-01
6.845555901527404785e-01
4.096283018589019775e-01
4.209446310997009277e-01
1.062938105314970016e-02
9.002774357795715332e-01
3.152086973190307617e+00
0.000000000000000000e+00
0.000000000000000000e+00
2.347408980131149292e-01
2.981315553188323975e-02
1.006680011749267578e+00
3.287687525153160095e-02
1.959758996963500977e-02
2.101778686046600342e-01
5.259394049644470215e-01
1.379239678382873535e+00
8.252904415130615234e-01
4.395258724689483643e-01
4.003158092498779297e+00
3.358795642852783203e-01
3.403079807758331299e-01
1.682432144880294800e-01
1.045287251472473145e+00
4.073132872581481934e-01
2.615790367126464844e-01
5.567865371704101562e-01
1.360210418701171875e+00
7.473162561655044556e-02
2.438155747950077057e-02
4.889129996299743652e-01
0.000000000000000000e+00
8.801266551017761230e-02
9.862240403890609741e-02
5.458829402923583984e-01
2.996433060616254807e-03
0.000000000000000000e+00
3.158696293830871582e-01
1.145829439163208008e+00
5.502351373434066772e-02
8.679149150848388672e-01
7.960708439350128174e-02
2.775555849075317383e-01
1.031793475151062012e+00
5.994542598724365234e+00
3.806729242205619812e-02
1.324270665645599365e-02
1.418759580701589584e-02
2.056603282690048218e-01
3.496053977869451046e-04
8.901618421077728271e-02
6.655457615852355957e-02
3.070285081863403320e+00
1.191145405173301697e-01
0.000000000000000000e+00
3.627612255513668060e-03
6.556616425514221191e-01
2.387153799645602703e-04
0.000000000000000000e+00
4.692806396633386612e-03
5.964735895395278931e-02
1.190394520759582520e+00
2.707873880863189697e-01
7.013454437255859375e-01
3.444272875785827637e-01
4.899818897247314453e-01
3.149018883705139160e-01
1.447990983724594116e-01
6.645193099975585938e-01
1.228739976882934570e+00
5.592167004942893982e-02
1.229699328541755676e-01
3.988028466701507568e-01
4.198119044303894043e-02
9.212688542902469635e-03
1.298238873481750488e+00
4.926934372633695602e-03
1.127987742424011230e+00
1.291061162948608398e+00
2.033286392688751221e-01
5.994995236396789551e-01
1.742253601551055908e-01
5.072067379951477051e-01
5.315115451812744141e-01
6.974101066589355469e-01
2.323961555957794189e-01
9.695379137992858887e-01
2.142741680145263672e+00
8.397347331047058105e-01
0.000000000000000000e+00
4.744875431060791016e-01
3.761264085769653320e-01
5.586709380149841309e-01
1.007341146469116211e+00
4.774187132716178894e-02
3.007988929748535156e-01
3.528118431568145752e-01
0.000000000000000000e+00
4.375508427619934082e-02
2.597761154174804688e-01
5.240405201911926270e-01
1.802695155143737793e+00
2.692232728004455566e-01
8.153147697448730469e-01
3.566145896911621094e-01
1.524226665496826172e+00
7.382252812385559082e-01
3.220488876104354858e-02
9.656941890716552734e-01
5.428673028945922852e-01
3.017558157444000244e-02
5.652122497558593750e-01
2.842605829238891602e+00
7.540422677993774414e-01
4.632640257477760315e-02
3.088878989219665527e-01
0.000000000000000000e+00
2.057588100433349609e+00
5.019707977771759033e-02
7.510271668434143066e-01
7.185196876525878906e-01
1.379255112260580063e-02
7.668305039405822754e-01
1.094147443771362305e+00
1.305903047323226929e-01
9.455370600335299969e-04
0.000000000000000000e+00
3.766211569309234619e-01
4.796716198325157166e-02
9.665624499320983887e-01
1.494112312793731689e-01
9.572961181402206421e-02
1.749075204133987427e-01
0.000000000000000000e+00
4.497218132019042969e-01
3.375184834003448486e-01
4.596456419676542282e-03
3.023271858692169189e-01
2.116617411375045776e-01
6.980423927307128906e-01
1.849966645240783691e-01
6.000635623931884766e-01
8.409853577613830566e-01
2.962095439434051514e-01
2.845897078514099121e-01
4.352036118507385254e-01
8.310265541076660156e-01
1.938789933919906616e-01
2.013285458087921143e-01
1.311713159084320068e-01
6.116152405738830566e-01
1.490715891122817993e-01
4.891424439847469330e-03
4.028389453887939453e-01
6.104897260665893555e-01
4.428871348500251770e-02
1.275490969419479370e-02
2.198659181594848633e-01
4.255544245243072510e-01
6.558344364166259766e-01
8.043970465660095215e-01
2.663159668445587158e-01
7.775611709803342819e-03
1.079119667410850525e-01
3.886410892009735107e-01
1.287611275911331177e-01
5.564093589782714844e-01
5.843834877014160156e-01
3.149068355560302734e+00
1.029864907264709473e+00
4.446434378623962402e-01
8.955211639404296875e-01
0.000000000000000000e+00
8.775255642831325531e-03
1.148050185292959213e-02
0.000000000000000000e+00
0.000000000000000000e+00
8.733852207660675049e-02
2.836971580982208252e-01
3.915863633155822754e-01
1.476234011352062225e-02
5.473335981369018555e-01
4.707731008529663086e-01
1.533774733543395996e-01
9.031115174293518066e-01
0.000000000000000000e+00
2.649624645709991455e-01
1.123578995466232300e-01
2.841982245445251465e-02
1.400925159454345703e+00
1.972003839910030365e-02
2.935577067546546459e-04
1.284099817276000977e-01
0.000000000000000000e+00
1.833765655755996704e-01
3.099035099148750305e-02
0.000000000000000000e+00
5.205218195915222168e-01
3.725934624671936035e-01
0.000000000000000000e+00
0.000000000000000000e+00
2.900967895984649658e-01
3.799188435077667236e-01
1.236830186098814011e-02
8.235908746719360352e-01
1.082283735275268555e+00
9.788541197776794434e-01
5.402098298072814941e-01
2.713994681835174561e-01
2.291289530694484711e-02
2.425659894943237305e-01
1.285140812397003174e-01
1.717791557312011719e-01
3.898307681083679199e-01
4.068716168403625488e-01
2.466540783643722534e-01
2.220036089420318604e-02
5.466237664222717285e-02
3.516767323017120361e-01
2.711976319551467896e-02
1.664540618658065796e-01
1.607515662908554077e-01
4.322573659010231495e-04
1.693112030625343323e-02
8.363639712333679199e-01
9.345589578151702881e-02
2.489837706089019775e-01
1.089644879102706909e-01
2.270047664642333984e-01
1.834811449050903320e+00
2.898646332323551178e-02
8.573762178421020508e-01
4.981215894222259521e-01
2.267250776290893555e+00
6.147145628929138184e-01
5.799705386161804199e-01
1.673185467720031738e+00
1.457493305206298828e+00
0.000000000000000000e+00
2.721809968352317810e-02
7.160372138023376465e-01
6.164749264717102051e-01
6.581793427467346191e-01
8.522019386291503906e-01
0.000000000000000000e+00
4.573537409305572510e-02
0.000000000000000000e+00
2.536998391151428223e-01
8.080612421035766602e-01
4.757301881909370422e-02
2.961594104766845703e+00
1.473612546920776367e+00
6.960340142250061035e-01
0.000000000000000000e+00
2.974272668361663818e-01
1.835372968344017863e-04
0.000000000000000000e+00
0.000000000000000000e+00
4.549238458275794983e-02
1.577300280332565308e-01
0.000000000000000000e+00
0.000000000000000000e+00
6.065796595066785812e-03
2.822486758232116699e-01
2.119492292404174805e-01
1.701299667358398438e+00
4.127933457493782043e-02
3.160407841205596924e-01
9.510572552680969238e-01
6.692843139171600342e-02
5.934268832206726074e-01
0.000000000000000000e+00
2.802438735961914062e-01
1.459139704704284668e+00
1.715858578681945801e-01
1.627065658569335938e+00
2.035816386342048645e-02
1.208178639411926270e+00
4.333849549293518066e-01
1.114476397633552551e-01
5.164629593491554260e-02
7.515798211097717285e-01
1.814947962760925293e+00
3.331386446952819824e-01
1.182952284812927246e+00
1.314043283462524414e+00
7.476463913917541504e-01
1.080624684691429138e-01
4.372704029083251953e-01
4.375707823783159256e-03
4.481668397784233093e-02
0.000000000000000000e+00
2.332682609558105469e+00
5.477392077445983887e-01
3.186902999877929688e-01
1.329858541488647461e+00
9.246730804443359375e-01
1.587114632129669189e-01
4.236429929733276367e-01
2.940364181995391846e-01
6.500864028930664062e-02
1.425744444131851196e-01
7.895839214324951172e-02
0.000000000000000000e+00
1.235460396856069565e-03
2.249706238508224487e-01
0.000000000000000000e+00
0.000000000000000000e+00
6.237211227416992188e-01
1.497086048126220703e+00
0.000000000000000000e+00
3.169439136981964111e-01
2.846285104751586914e-01
1.035737395286560059e+00
1.143836379051208496e-01
8.165808767080307007e-02
6.354082375764846802e-02
2.039183974266052246e-01
2.977150678634643555e-01
8.413706719875335693e-02
7.715777754783630371e-01
9.983346462249755859e-01
0.000000000000000000e+00
9.290848374366760254e-01
2.592750489711761475e-01
1.547119915485382080e-01
3.341887593269348145e-01
0.000000000000000000e+00
1.541106104850769043e+00
1.139654040336608887e+00
3.794253468513488770e-01
1.530117034912109375e+00
0.000000000000000000e+00
1.154152989387512207e+00
1.795435100793838501e-01
6.926158815622329712e-02
4.214698970317840576e-01
1.507664203643798828e+00
5.582299232482910156e-01
6.309569627046585083e-02
3.582059741020202637e-01
3.145398795604705811e-01
2.260048687458038330e-01
2.452696800231933594e+00
8.238990604877471924e-02
0.000000000000000000e+00
3.234115839004516602e-01
7.335166633129119873e-02
7.789158821105957031e-01
2.571547031402587891e-01
0.000000000000000000e+00
1.921641230583190918e-01
5.516332387924194336e-01
4.499821066856384277e-01
4.502772167325019836e-02
8.604241907596588135e-02
5.387675389647483826e-02
1.152557015419006348e+00
4.765487015247344971e-01
8.155842870473861694e-02
3.869388401508331299e-01
4.237218573689460754e-02
1.817793846130371094e-01
7.440730333328247070e-01
4.756581410765647888e-02
1.146234013140201569e-02
2.193169116973876953e+00
1.683990061283111572e-01
1.971838995814323425e-02
6.934331655502319336e-01
1.793799698352813721e-01
2.458170205354690552e-01
0.000000000000000000e+00
3.754932880401611328e-01
2.008736371994018555e+00
1.719052910804748535e+00
8.819862008094787598e-01
4.156493544578552246e-01
3.875237107276916504e-01
0.000000000000000000e+00
0.000000000000000000e+00
