5.979696288704872131e-02
0.000000000000000000e+00
4.175664782524108887e-01
3.187728404998779297e+00
7.327669858932495117e-01
1.788177490234375000e-01
9.299792647361755371e-01
1.718376874923706055e+00
6.555181026458740234e+00
2.894477546215057373e-01
1.625850349664688110e-01
1.189037084579467773e+00
2.827678807079792023e-02
1.245943903923034668e+00
2.097458362579345703e+00
1.237798810005187988e+00
8.612809181213378906e-01
1.205022692680358887e+00
9.576084017753601074e-01
5.325383543968200684e-01
1.021777749061584473e+00
0.000000000000000000e+00
5.981967449188232422e-01
4.096264362335205078e+00
3.193296194076538086e-01
0.000000000000000000e+00
0.000000000000000000e+00
1.776478052139282227e+00
4.199690520763397217e-01
3.917174413800239563e-02
2.423801720142364502e-01
9.174202382564544678e-02
8.117682337760925293e-01
8.503232598304748535e-01
4.065814316272735596e-01
1.769818305969238281e+00
3.266271352767944336e-01
3.728482723236083984e-01
2.777742743492126465e-01
5.093421787023544312e-02
6.616741884499788284e-03
3.801242681220173836e-03
8.700176477432250977e-01
4.089049816131591797e+00
1.189024329185485840e+00
1.335151672363281250e+00
0.000000000000000000e+00
4.804660677909851074e-01
0.000000000000000000e+00
1.095592737197875977e+00
2.263581991195678711e+00
0.000000000000000000e+00
6.514354348182678223e-01
1.288795322179794312e-01
1.167934060096740723e+00
2.496787756681442261e-01
3.904444873332977295e-01
1.897573284804821014e-02
2.702813625335693359e+00
3.729162216186523438e-01
4.936673212796449661e-03
4.943170398473739624e-02
1.292224228382110596e-01
1.328999400138854980e+00
8.933757543563842773e-01
3.779027760028839111e-01
2.771230638027191162e-01
3.670210540294647217e-01
6.004133820533752441e-01
1.173937082290649414e+00
0.000000000000000000e+00
2.135143429040908813e-01
9.099296480417251587e-02
6.984911561012268066e-01
5.385807752609252930e-01
1.591415047645568848e+00
1.327382177114486694e-01
7.654513716697692871e-01
5.824946165084838867e-01
8.051497340202331543e-01
6.367646157741546631e-02
4.710212647914886475e-01
2.044738769531250000e+00
0.000000000000000000e+00
5.134820938110351562e-01
7.386083602905273438e-01
4.378738701343536377e-01
2.781690843403339386e-02
8.575155735015869141e-01
4.395260009914636612e-03
5.213623121380805969e-02
6.930467486381530762e-02
3.121000900864601135e-02
0.000000000000000000e+00
1.615561127662658691e+00
3.108391463756561279e-01
1.315384060144424438e-01
1.520102977752685547e+00
9.945386648178100586e-02
8.684623241424560547e-02
0.000000000000000000e+00
1.094061881303787231e-01
4.123786091804504395e-02
1.639200925827026367e+00
2.251991748809814453e+00
2.065973170101642609e-02
7.659544348716735840e-01
2.458750456571578979e-02
9.028393775224685669e-02
4.234245121479034424e-01
1.243132948875427246e+00
5.186868906021118164e-01
4.953482449054718018e-01
1.265191435813903809e-01
1.995626091957092285e-01
1.138012576848268509e-02
1.632491648197174072e-01
1.386838555335998535e-01
5.450459718704223633e-01
1.188679218292236328e+00
3.489284276962280273e+00
5.016737580299377441e-01
1.778305321931838989e-02
1.526068687438964844e+00
9.978201389312744141e-01
2.450131028890609741e-01
9.442518651485443115e-02
4.053707122802734375e-01
1.065792560577392578e+00
6.608992069959640503e-02
1.965640634298324585e-01
7.252353429794311523e-01
3.496098220348358154e-01
9.471490979194641113e-02
3.567440509796142578e-01
2.047596573829650879e-01
7.911357879638671875e-01
3.410272598266601562e+00
0.000000000000000000e+00
0.000000000000000000e+00
3.812529444694519043e-01
1.577648520469665527e-01
1.430010437965393066e+00
0.000000000000000000e+00
3.571789264678955078e-01
2.850699424743652344e-01
1.237132191658020020e+00
4.357306063175201416e-01
9.672116637229919434e-01
3.085212111473083496e-01
3.590725898742675781e+00
5.504127740859985352e-01
8.009893447160720825e-02
3.615384697914123535e-01
1.420035362243652344e+00
4.155632555484771729e-01
1.465406417846679688e-01
3.050014376640319824e-01
1.589241147041320801e+00
2.891911864280700684e-01
4.871191978454589844e-01
7.901341319084167480e-01
4.562629759311676025e-01
2.874043071642518044e-03
1.493542343378067017e-01
5.895359516143798828e-01
2.686273679137229919e-02
0.000000000000000000e+00
2.044748961925506592e-01
1.343798875808715820e+00
1.884116083383560181e-01
7.468885183334350586e-01
2.839629538357257843e-02
1.021510139107704163e-01
3.738941550254821777e-01
5.745721817016601562e+00
4.588453844189643860e-02
1.387353427708148956e-02
5.867275223135948181e-02
1.001877188682556152e-01
0.000000000000000000e+00
1.716371253132820129e-02
3.202725946903228760e-02
3.089709520339965820e+00
6.792634725570678711e-02
5.721062421798706055e-03
4.473328962922096252e-02
1.215536743402481079e-01
0.000000000000000000e+00
7.683083415031433105e-02
7.905068248510360718e-02
9.398680925369262695e-02
8.756685853004455566e-01
1.558077484369277954e-01
2.641891539096832275e-01
7.606856226921081543e-01
5.162190794944763184e-01
4.069702327251434326e-01
4.095294177532196045e-01
4.629781842231750488e-01
1.162602901458740234e+00
2.681060135364532471e-01
1.478529572486877441e-01
8.531503081321716309e-01
1.313862651586532593e-01
1.039642491377890110e-03
1.475350499153137207e+00
8.141420036554336548e-02
4.746018052101135254e-01
1.084594130516052246e+00
2.830084264278411865e-01
8.488789796829223633e-01
2.662805914878845215e-01
1.791161149740219116e-01
3.431180119514465332e-01
5.915740132331848145e-01
4.747616946697235107e-01
3.367114365100860596e-01
1.926458239555358887e+00
2.117924541234970093e-01
0.000000000000000000e+00
2.533935606479644775e-01
9.357692003250122070e-01
2.532088160514831543e-01
7.634675502777099609e-01
0.000000000000000000e+00
2.447215467691421509e-01
6.335390210151672363e-01
8.202814497053623199e-03
2.752562761306762695e-01
7.238555699586868286e-02
7.016424536705017090e-01
1.865960478782653809e+00
4.837404191493988037e-01
8.845574855804443359e-01
2.264693677425384521e-01
1.916756629943847656e+00
1.059737801551818848e+00
0.000000000000000000e+00
7.704209089279174805e-01
3.148266077041625977e-01
5.042194575071334839e-02
2.568151354789733887e-01
2.928881645202636719e+00
9.023717641830444336e-01
1.028192341327667236e-01
7.324435710906982422e-01
0.000000000000000000e+00
1.923006296157836914e+00
2.972438372671604156e-02
6.878060698509216309e-01
8.751516342163085938e-01
7.647539675235748291e-02
9.014858007431030273e-01
1.231403946876525879e+00
2.429183572530746460e-01
0.000000000000000000e+00
5.217761732637882233e-03
5.054863169789314270e-02
2.866719476878643036e-02
1.005626559257507324e+00
5.018075462430715561e-03
3.885037079453468323e-02
7.138805091381072998e-02
0.000000000000000000e+00
3.996415436267852783e-01
4.397272169589996338e-01
1.237506866455078125e-01
7.612799108028411865e-02
2.366940975189208984e-01
1.143287658691406250e+00
6.146160885691642761e-02
6.383718252182006836e-01
3.968389034271240234e-01
3.411699235439300537e-01
9.463170170783996582e-01
5.258501768112182617e-01
6.314448714256286621e-01
4.845354855060577393e-01
1.908867657184600830e-01
2.369977906346321106e-02
1.072767734527587891e+00
1.235715895891189575e-01
5.083863437175750732e-02
7.554870843887329102e-01
9.326378107070922852e-01
2.746790945529937744e-01
1.114721223711967468e-02
3.199690878391265869e-01
1.414564847946166992e-01
5.695922970771789551e-01
9.833613038063049316e-01
3.911134302616119385e-01
5.785793438553810120e-02
2.112706154584884644e-01
1.405171900987625122e-01
1.456756293773651123e-01
7.424393892288208008e-01
7.695871591567993164e-01
4.047197818756103516e+00
1.106693744659423828e+00
1.173566356301307678e-01
2.886586785316467285e-01
0.000000000000000000e+00
2.347424440085887909e-02
4.365149140357971191e-02
4.035048186779022217e-04
0.000000000000000000e+00
1.876005828380584717e-01
2.181293666362762451e-01
3.517461419105529785e-01
2.693764679133892059e-02
4.931259751319885254e-01
4.592115283012390137e-01
3.489590017125010490e-03
1.578209996223449707e+00
5.450621247291564941e-03
5.224187970161437988e-01
6.751127541065216064e-02
1.616314426064491272e-02
1.262319445610046387e+00
0.000000000000000000e+00
1.893032691441476345e-03
4.624320864677429199e-01
1.354570267722010612e-03
3.017884790897369385e-01
1.522196978330612183e-01
0.000000000000000000e+00
6.941699981689453125e-01
4.582873284816741943e-01
0.000000000000000000e+00
0.000000000000000000e+00
1.845650970935821533e-01
8.850543200969696045e-02
9.796552360057830811e-02
6.055062413215637207e-01
1.087437629699707031e+00
7.843515872955322266e-01
6.473820805549621582e-01
6.639557480812072754e-01
1.416461775079369545e-03
2.008023113012313843e-01
1.181950978934764862e-02
8.133307844400405884e-02
3.825990557670593262e-01
3.036246299743652344e-01
8.358446508646011353e-02
1.653613895177841187e-02
1.457572728395462036e-01
3.887683898210525513e-02
1.006660051643848419e-02
2.228350043296813965e-01
2.975587360560894012e-02
2.420451864600181580e-02
1.495267357677221298e-02
1.168105840682983398e+00
3.720082715153694153e-02
1.924738138914108276e-01
4.366409406065940857e-02
1.078605949878692627e-01
6.991938352584838867e-01
1.194699481129646301e-01
6.306856274604797363e-01
5.526130199432373047e-01
1.936838865280151367e+00
6.644132733345031738e-01
4.049237370491027832e-01
1.424545526504516602e+00
1.847672104835510254e+00
0.000000000000000000e+00
4.685669764876365662e-02
8.031693100929260254e-01
6.593918204307556152e-01
7.625259757041931152e-01
1.846863746643066406e+00
6.554333120584487915e-02
7.272195816040039062e-02
0.000000000000000000e+00
2.511271089315414429e-02
5.867782831192016602e-01
5.133264139294624329e-02
2.400458574295043945e+00
1.954776525497436523e+00
7.725098133087158203e-01
0.000000000000000000e+00
3.505264520645141602e-01
1.227718684822320938e-02
0.000000000000000000e+00
0.000000000000000000e+00
0.000000000000000000e+00
3.754426836967468262e-01
0.000000000000000000e+00
2.460304088890552521e-02
4.284928739070892334e-01
3.499090671539306641e-01
3.604269921779632568e-01
2.324351072311401367e+00
1.230305433273315430e-01
1.044995710253715515e-02
7.564929127693176270e-01
7.498524338006973267e-02
7.297686338424682617e-01
0.000000000000000000e+00
5.251821875572204590e-01
1.074385762214660645e+00
1.896824836730957031e-01
1.176306128501892090e+00
2.698148041963577271e-02
1.018842220306396484e+00
5.496092438697814941e-01
1.797296404838562012e-01
8.505766745656728745e-04
5.536433458328247070e-01
2.409934759140014648e+00
1.948092430830001831e-01
9.195662140846252441e-01
2.277291536331176758e+00
2.534742653369903564e-01
4.510141015052795410e-01
1.500468254089355469e-01
1.097122766077518463e-02
4.600123465061187744e-01
0.000000000000000000e+00
2.660334825515747070e+00
4.313960075378417969e-01
4.456249177455902100e-01
1.559546947479248047e+00
6.893046498298645020e-01
9.271679818630218506e-02
3.846412897109985352e-01
5.116968750953674316e-01
1.195192709565162659e-01
5.826190859079360962e-02
1.702264137566089630e-02
0.000000000000000000e+00
4.879724606871604919e-02
1.558805406093597412e-01
0.000000000000000000e+00
5.031182616949081421e-02
5.220364928245544434e-01
1.906233191490173340e+00
0.000000000000000000e+00
1.418956965208053589e-01
2.117782682180404663e-01
9.702492952346801758e-01
3.082767501473426819e-02
3.488903492689132690e-02
1.616034284234046936e-02
3.376191258430480957e-01
5.548930764198303223e-01
4.636141657829284668e-01
8.572139739990234375e-01
1.160327196121215820e+00
2.139189466834068298e-02
9.734473228454589844e-01
1.325853075832128525e-02
1.035486534237861633e-01
1.637608557939529419e-01
6.687460932880640030e-03
2.483425855636596680e+00
1.461831808090209961e+00
4.665635526180267334e-01
2.514018297195434570e+00
3.300550580024719238e-02
8.428915739059448242e-01
1.143476217985153198e-01
4.631886184215545654e-01
4.234471917152404785e-01
1.022364616394042969e+00
4.192278385162353516e-01
1.090004146099090576e-01
7.042326331138610840e-01
1.615592241287231445e-01
4.270513057708740234e-01
3.184549331665039062e+00
9.986371994018554688e-01
0.000000000000000000e+00
2.703313529491424561e-01
2.416863888502120972e-01
6.963844895362854004e-01
5.024467110633850098e-01
2.019484527409076691e-03
1.306927297264337540e-02
8.662149906158447266e-01
5.066751837730407715e-01
0.000000000000000000e+00
3.596028685569763184e-01
2.739399373531341553e-01
1.477528452873229980e+00
5.174036622047424316e-01
1.216231007128953934e-02
5.010510236024856567e-02
7.030573487281799316e-02
1.438010036945343018e-01
5.868042707443237305e-01
3.897784277796745300e-02
0.000000000000000000e+00
1.865416765213012695e+00
4.340042471885681152e-01
5.094211664982140064e-04
1.932753473520278931e-01
7.047358751296997070e-01
4.512843489646911621e-01
1.053528487682342529e-01
3.487944602966308594e-01
1.808664917945861816e+00
1.520628333091735840e+00
7.807806730270385742e-01
3.295427262783050537e-01
5.589592456817626953e-01
0.000000000000000000e+00
2.789247967302799225e-02
