7.990571111440658569e-02
0.000000000000000000e+00
6.227877140045166016e-01
3.390867233276367188e+00
4.305317401885986328e-01
2.639948129653930664e-01
5.187768936157226562e-01
4.334044933319091797e+00
6.981392383575439453e+00
3.608946800231933594e-01
2.014348059892654419e-01
1.345870018005371094e+00
1.909199059009552002e-01
7.295002937316894531e-01
2.112784862518310547e+00
1.258236169815063477e+00
8.261798024177551270e-01
1.347589731216430664e+00
7.817915081977844238e-01
3.314857780933380127e-01
8.134078979492187500e-01
0.000000000000000000e+00
4.821051359176635742e-01
4.213179588317871094e+00
7.862551137804985046e-03
0.000000000000000000e+00
5.559914186596870422e-02
2.143616199493408203e+00
1.687392890453338623e-01
2.736231870949268341e-02
1.660757213830947876e-01
4.932481423020362854e-02
3.049247860908508301e-01
4.174489378929138184e-01
3.326894640922546387e-01
2.082809448242187500e+00
4.778667390346527100e-01
5.683052539825439453e-01
2.589242160320281982e-01
2.925891578197479248e-01
3.028396703302860260e-02
0.000000000000000000e+00
9.128213524818420410e-01
2.702083349227905273e+00
1.018914699554443359e+00
1.060187935829162598e+00
1.154965385794639587e-01
3.297953605651855469e-01
1.304402109235525131e-02
6.202832460403442383e-01
2.400250196456909180e+00
0.000000000000000000e+00
1.093211889266967773e+00
1.402969360351562500e-01
1.053949117660522461e+00
5.092910528182983398e-01
5.969175696372985840e-01
4.986116290092468262e-02
3.973284482955932617e+00
3.128114938735961914e-01
1.334118992090225220e-01
4.462889581918716431e-02
3.793106079101562500e-01
1.498800754547119141e+00
6.053290963172912598e-01
1.090596675872802734e+00
1.629787385463714600e-01
5.352947115898132324e-01
6.307002902030944824e-01
1.436182141304016113e+00
0.000000000000000000e+00
8.895985782146453857e-02
4.621907472610473633e-01
6.111493706703186035e-01
1.159849882125854492e+00
1.670945525169372559e+00
3.332667797803878784e-02
6.799553036689758301e-01
6.339794397354125977e-01
7.024984359741210938e-01
2.534168958663940430e-01
6.026312708854675293e-01
1.933302879333496094e+00
1.085544452071189880e-01
1.309961438179016113e+00
4.592349827289581299e-01
1.264892697334289551e+00
2.011893093585968018e-01
1.030520081520080566e+00
1.321080978959798813e-02
1.242415048182010651e-02
0.000000000000000000e+00
1.824618279933929443e-01
0.000000000000000000e+00
1.527665257453918457e+00
3.567356467247009277e-01
4.822543263435363770e-01
1.684374570846557617e+00
7.980115711688995361e-02
1.173658668994903564e-01
0.000000000000000000e+00
5.508783459663391113e-01
9.519344568252563477e-02
2.244799852371215820e+00
2.294367790222167969e+00
1.200744882225990295e-02
6.879608631134033203e-01
1.526309996843338013e-01
6.974698603153228760e-02
3.242425024509429932e-01
1.600400447845458984e+00
9.062735736370086670e-02
7.318378090858459473e-01
3.056697174906730652e-02
1.779986917972564697e-01
1.577231287956237793e-02
1.605278849601745605e-01
3.136801719665527344e-01
7.247746586799621582e-01
1.403548836708068848e+00
2.973826169967651367e+00
7.228948473930358887e-01
2.113752253353595734e-02
1.236174583435058594e+00
6.111543774604797363e-01
7.844753265380859375e-01
6.596941500902175903e-02
3.933792710304260254e-01
1.463944673538208008e+00
2.645714282989501953e-01
2.006181329488754272e-01
4.584945738315582275e-01
5.774000883102416992e-01
3.172692358493804932e-01
2.280344814062118530e-01
1.910113096237182617e-01
6.278399229049682617e-01
4.308246612548828125e+00
0.000000000000000000e+00
0.000000000000000000e+00
5.393776893615722656e-01
2.760955989360809326e-01
1.080398559570312500e+00
4.616858437657356262e-03
2.554637193679809570e-01
1.074320673942565918e+00
1.355876564979553223e+00
1.556386947631835938e-01
1.397543072700500488e+00
3.590530753135681152e-01
4.720833301544189453e+00
1.016185760498046875e+00
2.187158912420272827e-01
4.794231355190277100e-01
1.375890851020812988e+00
3.247968256473541260e-01
4.394854903221130371e-01
2.846183776855468750e-01
2.033023118972778320e+00
3.441892266273498535e-01
2.524986565113067627e-01
3.553443253040313721e-01
2.163292020559310913e-01
2.450091391801834106e-02
2.957160770893096924e-01
3.452811539173126221e-01
1.219387911260128021e-02
0.000000000000000000e+00
6.187050938606262207e-01
1.955942749977111816e+00
2.112824097275733948e-02
7.682539224624633789e-01
1.675810106098651886e-02
2.396979331970214844e-01
6.652724742889404297e-01
6.321153640747070312e+00
2.351016737520694733e-03
0.000000000000000000e+00
1.432603448629379272e-01
5.036918446421623230e-02
2.211183868348598480e-02
3.383147716522216797e-02
1.761988252401351929e-01
3.102457761764526367e+00
1.596450805664062500e-01
0.000000000000000000e+00
1.777680031955242157e-02
2.912355363368988037e-01
0.000000000000000000e+00
1.633031107485294342e-02
0.000000000000000000e+00
4.758153110742568970e-02
9.009715318679809570e-01
3.179419934749603271e-01
6.145673990249633789e-01
6.509832739830017090e-01
9.458775520324707031e-01
1.936098933219909668e-01
3.206514418125152588e-01
8.977113366127014160e-01
1.155368685722351074e+00
4.185877442359924316e-01
3.347165584564208984e-01
3.523118495941162109e-01
5.571407452225685120e-02
6.153460219502449036e-02
1.142411708831787109e+00
2.855379716493189335e-04
3.212596178054809570e-01
1.762507081031799316e+00
2.953675687313079834e-01
6.014826297760009766e-01
2.634354531764984131e-01
4.682562649250030518e-01
5.803483724594116211e-01
6.690654754638671875e-01
2.342615723609924316e-01
6.539731621742248535e-01
1.971614837646484375e+00
8.103200197219848633e-01
1.461195293813943863e-02
9.432196617126464844e-01
9.185729622840881348e-01
2.383303344249725342e-01
3.119064867496490479e-01
0.000000000000000000e+00
4.433911144733428955e-01
3.838258087635040283e-01
0.000000000000000000e+00
2.416481636464595795e-02
3.376920148730278015e-02
5.310903191566467285e-01
2.324048519134521484e+00
8.845264315605163574e-01
9.306606054306030273e-01
6.563216447830200195e-02
2.281115055084228516e+00
1.252249598503112793e+00
2.163155935704708099e-03
6.519315242767333984e-01
1.840113848447799683e-01
3.506914898753166199e-02
6.109614968299865723e-01
3.140423059463500977e+00
8.912837505340576172e-01
1.796933114528656006e-01
8.486262559890747070e-01
0.000000000000000000e+00
2.177868843078613281e+00
1.221401393413543701e-01
9.619865417480468750e-01
5.509521365165710449e-01
3.548015356063842773e-01
5.364159345626831055e-01
1.090049862861633301e+00
1.465919762849807739e-01
1.812316942960023880e-03
0.000000000000000000e+00
1.922072768211364746e-01
2.828279435634613037e-01
1.595900535583496094e+00
1.195048317313194275e-01
2.374074794352054596e-02
1.036159917712211609e-01
0.000000000000000000e+00
6.609973907470703125e-01
1.105935931205749512e+00
1.487018889747560024e-03
1.937622725963592529e-01
1.263191550970077515e-01
8.883748054504394531e-01
7.326032221317291260e-02
4.748947620391845703e-01
5.427007079124450684e-01
4.614187777042388916e-01
7.944974303245544434e-01
1.494106531143188477e+00
1.290384411811828613e+00
6.745308041572570801e-01
3.652243316173553467e-01
1.648919135332107544e-01
6.756638288497924805e-01
1.128080561757087708e-01
1.225744932889938354e-01
7.964538931846618652e-01
8.553338050842285156e-01
2.096442282199859619e-01
3.211325034499168396e-02
3.511841297149658203e-01
5.894805863499641418e-02
6.860631108283996582e-01
5.713340640068054199e-01
2.709773182868957520e-01
2.219138592481613159e-01
2.793223857879638672e-01
1.297044903039932251e-01
2.798235714435577393e-01
5.520951151847839355e-01
8.068825602531433105e-01
4.356520175933837891e+00
7.184034585952758789e-01
1.625619530677795410e-01
6.457501649856567383e-01
0.000000000000000000e+00
4.088087379932403564e-02
5.542182177305221558e-02
1.396355871111154556e-02
4.342022351920604706e-03
3.078320063650608063e-02
7.391960024833679199e-01
9.196549654006958008e-01
2.290450222790241241e-02
4.581717252731323242e-01
2.504339814186096191e-01
5.099600180983543396e-02
1.104762196540832520e+00
6.754506845027208328e-03
3.514461517333984375e-01
9.212463349103927612e-02
0.000000000000000000e+00
1.235791683197021484e+00
3.725715447217226028e-03
0.000000000000000000e+00
1.867931634187698364e-01
4.126366600394248962e-02
2.216378003358840942e-01
8.748239278793334961e-02
0.000000000000000000e+00
9.031660556793212891e-01
9.046347141265869141e-01
0.000000000000000000e+00
0.000000000000000000e+00
5.468535795807838440e-02
5.891160294413566589e-02
1.303667668253183365e-02
4.066368043422698975e-01
1.078609347343444824e+00
5.166752934455871582e-01
7.561353445053100586e-01
4.210895895957946777e-01
1.765094464644789696e-03
4.017160274088382721e-03
1.250509768724441528e-01
2.483321726322174072e-02
5.860742926597595215e-01
8.655319213867187500e-01
3.466716110706329346e-01
0.000000000000000000e+00
1.993311494588851929e-01
9.690485149621963501e-02
7.720602303743362427e-02
1.262230277061462402e-01
8.434607088565826416e-02
1.195199601352214813e-02
3.979133069515228271e-02
1.121101617813110352e+00
0.000000000000000000e+00
2.610540091991424561e-01
4.049229994416236877e-02
9.304551407694816589e-03
7.745300531387329102e-01
5.343673983588814735e-04
5.686740279197692871e-01
4.845859706401824951e-01
1.298266410827636719e+00
4.870584309101104736e-01
8.423656225204467773e-01
1.906519055366516113e+00
2.215510845184326172e+00
7.270596688613295555e-04
2.513269186019897461e-01
1.027197837829589844e+00
1.202650427818298340e+00
7.653130292892456055e-01
1.681201219558715820e+00
1.077707409858703613e-01
0.000000000000000000e+00
1.446081791073083878e-03
3.119098544120788574e-01
5.671828389167785645e-01
1.890116557478904724e-02
3.317468166351318359e+00
1.603546261787414551e+00
4.752627015113830566e-01
7.797057926654815674e-02
8.572446703910827637e-01
0.000000000000000000e+00
0.000000000000000000e+00
0.000000000000000000e+00
2.290070988237857819e-02
3.970291018486022949e-01
3.176500648260116577e-02
2.152171451598405838e-03
2.145214080810546875e-01
2.629967033863067627e-01
6.583755612373352051e-01
2.121319770812988281e+00
6.764028221368789673e-02
4.914801195263862610e-02
9.952052831649780273e-01
3.459644913673400879e-01
7.030581831932067871e-01
0.000000000000000000e+00
3.283978104591369629e-01
6.132454872131347656e-01
1.482629403471946716e-02
1.284986853599548340e+00
3.960526883602142334e-01
1.332613229751586914e+00
1.482528895139694214e-01
3.855940401554107666e-01
0.000000000000000000e+00
4.064086377620697021e-01
1.601007223129272461e+00
2.084165662527084351e-01
6.702201366424560547e-01
2.055688619613647461e+00
3.811948299407958984e-01
2.991583943367004395e-01
1.295535713434219360e-01
0.000000000000000000e+00
4.645207226276397705e-01
0.000000000000000000e+00
2.372992038726806641e+00
4.549227952957153320e-01
5.371316671371459961e-01
1.585479140281677246e+00
1.471343398094177246e+00
9.688742458820343018e-02
6.252587437629699707e-01
9.505290538072586060e-02
7.736255880445241928e-03
1.600843071937561035e-01
1.062244549393653870e-02
6.409518537111580372e-04
1.685903668403625488e-01
2.458736151456832886e-01
0.000000000000000000e+00
1.532450225204229355e-02
7.575015425682067871e-01
2.470637083053588867e+00
0.000000000000000000e+00
2.885667681694030762e-01
2.699895799160003662e-01
1.007696270942687988e+00
2.314722239971160889e-01
1.070293262600898743e-01
1.969038844108581543e-01
2.279401719570159912e-01
4.722372591495513916e-01
8.853007853031158447e-02
7.140730023384094238e-01
2.057919740676879883e+00
1.611393690109252930e-02
1.267747640609741211e+00
1.855867952108383179e-01
2.206751853227615356e-01
2.767030000686645508e-01
0.000000000000000000e+00
2.147292852401733398e+00
2.149392604827880859e+00
3.012479543685913086e-01
2.875590562820434570e+00
4.854795709252357483e-02
6.324102878570556641e-01
1.365876644849777222e-01
5.421862006187438965e-04
7.445014715194702148e-01
8.813344836235046387e-01
4.183381497859954834e-01
1.640544384717941284e-01
1.162542104721069336e+00
5.004187226295471191e-01
4.391649961471557617e-01
3.634297132492065430e+00
7.444545626640319824e-01
0.000000000000000000e+00
1.932008266448974609e-01
5.661283433437347412e-02
4.597246944904327393e-01
5.050535798072814941e-01
6.539487093687057495e-02
9.437221102416515350e-03
1.096344470977783203e+00
2.858022451400756836e-01
3.825797140598297119e-02
3.323223590850830078e-01
1.729101091623306274e-01
1.890677452087402344e+00
1.924436837434768677e-01
2.176430643885396421e-05
1.750510782003402710e-01
3.031973354518413544e-02
6.358324885368347168e-01
8.525716662406921387e-01
3.994161635637283325e-02
4.195454064756631851e-03
2.245908975601196289e+00
7.051554322242736816e-02
0.000000000000000000e+00
4.561094045639038086e-01
6.564295291900634766e-01
3.983981907367706299e-01
4.396639019250869751e-02
8.254542946815490723e-01
2.100394248962402344e+00
1.200001001358032227e+00
7.735624909400939941e-01
8.734039962291717529e-02
4.831826388835906982e-01
0.000000000000000000e+00
0.000000000000000000e+00
