7.994388043880462646e-02
1.106757670640945435e-01
9.149407148361206055e-01
3.403398513793945312e+00
1.851839274168014526e-01
8.691698312759399414e-02
7.161522507667541504e-01
3.311471700668334961e+00
5.719442844390869141e+00
2.423008531332015991e-01
6.655740737915039062e-02
1.276128768920898438e+00
2.494858927093446255e-04
8.590475916862487793e-01
1.523213386535644531e+00
9.896085858345031738e-01
9.398562312126159668e-01
7.771907448768615723e-01
2.376279234886169434e-01
1.536163687705993652e-01
8.273895978927612305e-01
0.000000000000000000e+00
5.989766120910644531e-01
3.233854055404663086e+00
9.347473829984664917e-02
0.000000000000000000e+00
0.000000000000000000e+00
8.865047693252563477e-01
2.719349265098571777e-01
2.271458506584167480e-01
6.960170716047286987e-02
2.695343494415283203e-01
2.241491675376892090e-01
1.071166634559631348e+00
1.003585696220397949e+00
1.381486535072326660e+00
3.238894343376159668e-01
5.796026587486267090e-01
6.873461604118347168e-02
2.266899049282073975e-01
2.401638627052307129e-01
4.732451960444450378e-02
1.205971956253051758e+00
2.859674453735351562e+00
6.222555637359619141e-01
1.157830715179443359e+00
2.890515625476837158e-01
3.778679966926574707e-01
1.696697436273097992e-03
7.241956591606140137e-01
2.245936393737792969e+00
0.000000000000000000e+00
1.163371801376342773e+00
1.322954613715410233e-02
9.914815425872802734e-01
5.326994061470031738e-01
3.390725553035736084e-01
0.000000000000000000e+00
3.180904626846313477e+00
8.491856604814529419e-02
7.200922816991806030e-02
8.574378676712512970e-03
3.945884704589843750e-01
2.572509646415710449e-01
7.959890365600585938e-01
4.245768189430236816e-01
1.704729646444320679e-01
5.463975071907043457e-01
5.822926759719848633e-01
8.083307743072509766e-01
1.683969865553081036e-03
0.000000000000000000e+00
4.587310254573822021e-01
5.865990519523620605e-01
4.870498776435852051e-01
1.147480130195617676e+00
4.315122030675411224e-03
1.021113991737365723e+00
9.750121086835861206e-02
1.156934723258018494e-01
2.272755056619644165e-01
1.006565093994140625e+00
2.464076042175292969e+00
2.469013072550296783e-02
6.487236022949218750e-01
6.377203464508056641e-01
1.216905355453491211e+00
2.677465975284576416e-01
1.131685733795166016e+00
1.646198332309722900e-01
1.066032797098159790e-02
3.672629967331886292e-02
1.301703415811061859e-02
8.281702548265457153e-02
1.551132798194885254e+00
5.582883954048156738e-01
3.548636734485626221e-01
1.209009528160095215e+00
5.518449097871780396e-02
8.880028873682022095e-02
0.000000000000000000e+00
1.432336121797561646e-01
0.000000000000000000e+00
2.208420276641845703e+00
2.159693717956542969e+00
1.059737708419561386e-02
1.062465548515319824e+00
5.072047710418701172e-01
3.073203563690185547e-01
1.459314823150634766e-01
1.268155932426452637e+00
4.441358894109725952e-02
5.764803290367126465e-01
1.911468058824539185e-01
4.941017180681228638e-02
7.454834133386611938e-02
6.549807637929916382e-02
7.357798814773559570e-01
5.152451395988464355e-01
1.440778732299804688e+00
2.330304145812988281e+00
4.679377675056457520e-01
5.480752885341644287e-02
2.100582838058471680e+00
9.814863204956054688e-01
3.156882226467132568e-01
2.607123181223869324e-02
3.977489769458770752e-01
1.071372747421264648e+00
4.133280739188194275e-02
4.150753617286682129e-01
4.174675345420837402e-01
5.507154464721679688e-01
4.901354908943176270e-01
6.411234736442565918e-01
1.880732737481594086e-02
8.271232843399047852e-01
4.435899734497070312e+00
0.000000000000000000e+00
6.923123449087142944e-02
1.663503199815750122e-01
1.245936825871467590e-01
1.092557072639465332e+00
3.905216977000236511e-02
2.131110988557338715e-02
2.378711998462677002e-01
8.690093755722045898e-01
1.031217098236083984e+00
9.467223882675170898e-01
1.897429823875427246e-01
3.824531316757202148e+00
3.168755173683166504e-01
2.045406252145767212e-01
2.469452023506164551e-01
6.325963735580444336e-01
5.541141033172607422e-01
3.706694245338439941e-01
2.547481954097747803e-01
1.834645271301269531e+00
4.624020755290985107e-01
1.484387665987014771e-01
5.968340039253234863e-01
8.431337028741836548e-02
1.702264882624149323e-03
4.074177145957946777e-01
6.998050808906555176e-01
8.293807506561279297e-02
0.000000000000000000e+00
7.582336664199829102e-01
1.105718135833740234e+00
2.095576375722885132e-02
5.133001804351806641e-01
1.616327911615371704e-01
1.947149336338043213e-01
7.426366806030273438e-01
5.936767578125000000e+00
6.878502666950225830e-02
2.042428217828273773e-02
3.868341445922851562e-03
2.353964187204837799e-02
0.000000000000000000e+00
2.669989466667175293e-01
9.515906125307083130e-02
3.593429803848266602e+00
2.873456105589866638e-02
1.087226206436753273e-03
2.376117277890443802e-03
7.130919396877288818e-02
0.000000000000000000e+00
5.585396289825439453e-02
0.000000000000000000e+00
9.980773925781250000e-02
9.509897828102111816e-01
3.469149470329284668e-01
3.168263435363769531e-01
7.369116544723510742e-01
4.639222919940948486e-01
1.081208884716033936e-01
2.702541947364807129e-01
2.681526243686676025e-01
1.394163489341735840e+00
2.282852828502655029e-01
1.860915869474411011e-01
3.758138418197631836e-01
1.509371250867843628e-01
0.000000000000000000e+00
5.863103866577148438e-01
0.000000000000000000e+00
1.089754700660705566e+00
1.203272819519042969e+00
3.569803833961486816e-01
7.279676795005798340e-01
2.611561119556427002e-01
7.952125668525695801e-01
4.084588885307312012e-01
5.837309360504150391e-01
1.023016571998596191e-01
6.515908241271972656e-01
1.553039550781250000e+00
5.704547166824340820e-01
2.270186087116599083e-03
8.876544237136840820e-02
1.025981783866882324e+00
3.643108904361724854e-01
7.896382212638854980e-01
0.000000000000000000e+00
1.485843062400817871e-01
7.379621863365173340e-01
0.000000000000000000e+00
1.614260370843112469e-03
1.663134843111038208e-01
6.421550512313842773e-01
1.732402682304382324e+00
8.724615573883056641e-01
7.346387505531311035e-01
4.345730245113372803e-01
1.947526812553405762e+00
7.379812002182006836e-01
1.635575108230113983e-02
1.175793051719665527e+00
1.656965315341949463e-01
1.496596727520227432e-02
7.560098916292190552e-02
2.145304918289184570e+00
6.487926840782165527e-01
1.269622296094894409e-01
4.635002315044403076e-01
0.000000000000000000e+00
1.852460384368896484e+00
1.838673278689384460e-02
7.615351676940917969e-01
7.018204331398010254e-01
1.163546219468116760e-01
1.640362977981567383e+00
9.822118282318115234e-01
3.129937499761581421e-02
1.133517129346728325e-03
0.000000000000000000e+00
5.041678547859191895e-01
2.712118811905384064e-02
1.494725584983825684e+00
8.544341474771499634e-02
5.987997353076934814e-02
1.007302924990653992e-01
0.000000000000000000e+00
3.112976551055908203e-01
3.647330403327941895e-01
2.235702052712440491e-02
2.578539252281188965e-01
5.376266241073608398e-01
9.123713970184326172e-01
5.103220045566558838e-02
7.101166248321533203e-01
4.018503129482269287e-01
1.413994431495666504e-01
4.947264492511749268e-01
1.077555060386657715e+00
8.058029413223266602e-01
9.326699376106262207e-02
3.043488562107086182e-01
1.646820753812789917e-01
6.273506283760070801e-01
1.135424152016639709e-01
4.014972597360610962e-02
7.723183631896972656e-01
4.731949269771575928e-01
2.662486732006072998e-01
6.489748484455049038e-04
1.469108462333679199e-01
9.973609447479248047e-02
4.622567892074584961e-01
4.250572323799133301e-01
4.270982444286346436e-01
8.884999901056289673e-02
4.688433408737182617e-01
2.493783645331859589e-02
1.133657768368721008e-01
3.374219536781311035e-01
4.093428552150726318e-01
4.389925479888916016e+00
4.490101635456085205e-01
5.881869196891784668e-01
8.487882018089294434e-01
1.024688221514225006e-02
8.084559440612792969e-02
1.035650540143251419e-02
6.546638906002044678e-02
5.199405364692211151e-03
6.421973556280136108e-02
5.966386198997497559e-01
5.499076843261718750e-01
0.000000000000000000e+00
4.400803148746490479e-01
4.274640977382659912e-01
2.502117713447660208e-04
8.916112780570983887e-01
0.000000000000000000e+00
2.443367987871170044e-01
3.967604413628578186e-02
2.416689507663249969e-02
9.870713353157043457e-01
0.000000000000000000e+00
9.129118174314498901e-03
5.788394212722778320e-01
2.835832303389906883e-03
4.117757380008697510e-01
1.788789331912994385e-01
0.000000000000000000e+00
8.601702451705932617e-01
3.647917807102203369e-01
0.000000000000000000e+00
0.000000000000000000e+00
4.460618831217288971e-03
7.680727541446685791e-02
1.026810612529516220e-02
9.404149651527404785e-01
1.467143893241882324e+00
6.939788460731506348e-01
9.534960389137268066e-01
2.916435599327087402e-01
1.051715239882469177e-01
3.242589533329010010e-01
7.471168041229248047e-02
2.980637922883033752e-02
5.575625896453857422e-01
6.453497409820556641e-01
4.734164103865623474e-02
0.000000000000000000e+00
1.079734936356544495e-01
5.732107162475585938e-01
9.430527687072753906e-03
1.557408869266510010e-01
1.328295283019542694e-02
4.636391997337341309e-03
0.000000000000000000e+00
7.265942692756652832e-01
2.792849205434322357e-03
3.792462125420570374e-02
2.616820484399795532e-02
3.600827977061271667e-02
1.559084534645080566e+00
0.000000000000000000e+00
7.672424912452697754e-01
6.545279026031494141e-01
1.242443203926086426e+00
8.567454218864440918e-01
3.592857122421264648e-01
1.739629387855529785e+00
1.381885409355163574e+00
1.928476057946681976e-02
1.134489849209785461e-01
6.410772800445556641e-01
4.807739853858947754e-01
6.824513673782348633e-01
1.219385027885437012e+00
0.000000000000000000e+00
9.847160428762435913e-02
8.367312257178127766e-04
4.553351700305938721e-01
7.423731088638305664e-01
8.061884343624114990e-02
2.785186052322387695e+00
1.741867303848266602e+00
6.422318220138549805e-01
2.113335020840167999e-02
3.466869294643402100e-01
0.000000000000000000e+00
0.000000000000000000e+00
0.000000000000000000e+00
1.555903851985931396e-01
1.107226759195327759e-01
1.934403553605079651e-02
8.554156869649887085e-03
6.518498063087463379e-02
1.707789152860641479e-01
7.410634160041809082e-01
1.500073790550231934e+00
4.607965052127838135e-02
6.873906403779983521e-02
5.891165137290954590e-01
7.709525525569915771e-04
3.042820394039154053e-01
0.000000000000000000e+00
3.519999682903289795e-01
9.432025551795959473e-01
8.142051845788955688e-02
1.270832538604736328e+00
4.900198057293891907e-02
1.659982919692993164e+00
1.752721220254898071e-01
2.678196690976619720e-02
1.321511110290884972e-03
8.781711459159851074e-01
1.939183115959167480e+00
3.424228727817535400e-01
1.016789600253105164e-01
1.362801194190979004e+00
5.540041923522949219e-01
1.153826862573623657e-01
5.217667222023010254e-01
4.379173740744590759e-03
5.123845860362052917e-02
0.000000000000000000e+00
2.335227966308593750e+00
3.637606203556060791e-01
7.635539770126342773e-01
1.722347497940063477e+00
1.071371674537658691e+00
2.314635217189788818e-01
6.552782654762268066e-01
1.414676159620285034e-01
4.346994217485189438e-03
1.204731762409210205e-01
2.935755299404263496e-03
0.000000000000000000e+00
1.847494095563888550e-01
1.697425991296768188e-01
0.000000000000000000e+00
3.107238095253705978e-03
2.404463589191436768e-01
1.594074487686157227e+00
2.478362293913960457e-03
4.510812461376190186e-01
7.280429601669311523e-01
8.269774317741394043e-01
0.000000000000000000e+00
5.145242065191268921e-02
1.768371164798736572e-01
1.397446841001510620e-01
2.747521698474884033e-01
6.118286773562431335e-02
1.009332656860351562e+00
8.528549075126647949e-01
5.375664308667182922e-02
9.210170507431030273e-01
3.525339812040328979e-02
1.296201348304748535e-01
1.960501074790954590e-01
0.000000000000000000e+00
1.350307822227478027e+00
1.196028351783752441e+00
3.275276124477386475e-01
1.344190120697021484e+00
0.000000000000000000e+00
1.022307634353637695e+00
1.767258048057556152e-01
3.347629308700561523e-01
3.529747724533081055e-01
1.549944162368774414e+00
3.915646076202392578e-01
8.877456933259963989e-02
5.823234319686889648e-01
2.493818849325180054e-01
9.966733306646347046e-02
2.750203609466552734e+00
2.443809807300567627e-01
0.000000000000000000e+00
2.572489678859710693e-01
1.773744635283946991e-02
3.331381380558013916e-01
3.071035742759704590e-01
2.749268896877765656e-02
1.330965012311935425e-01
6.616226434707641602e-01
3.197617232799530029e-01
8.894789963960647583e-02
9.520114213228225708e-02
1.661710143089294434e-01
1.457401633262634277e+00
3.921997547149658203e-01
3.975491225719451904e-02
5.962444543838500977e-01
7.736827433109283447e-02
5.134871974587440491e-02
7.917931675910949707e-01
0.000000000000000000e+00
9.851086884737014771e-03
1.537461876869201660e+00
3.331332504749298096e-01
0.000000000000000000e+00
1.509869396686553955e-01
4.809396564960479736e-01
5.278348326683044434e-01
7.856896519660949707e-02
4.042826890945434570e-01
2.091199636459350586e+00
1.656163454055786133e+00
5.638983249664306641e-01
2.269065529108047485e-01
2.529921233654022217e-01
0.000000000000000000e+00
0.000000000000000000e+00
