8.166293799877166748e-02
1.687065698206424713e-03
8.668321967124938965e-01
2.937664985656738281e+00
2.346581220626831055e-01
6.620055437088012695e-02
3.295642733573913574e-01
2.656673431396484375e+00
5.736356735229492188e+00
2.479489743709564209e-01
2.709154784679412842e-01
7.184113860130310059e-01
8.672916446812450886e-04
1.353026747703552246e+00
1.683274865150451660e+00
1.360092401504516602e+00
9.151877164840698242e-01
1.230820536613464355e+00
8.076663613319396973e-01
6.047103404998779297e-01
1.097565531730651855e+00
0.000000000000000000e+00
2.994489073753356934e-01
3.512080430984497070e+00
2.094122916460037231e-01
0.000000000000000000e+00
0.000000000000000000e+00
1.465390563011169434e+00
1.982440352439880371e-01
2.788124233484268188e-02
6.066301837563514709e-02
4.084706306457519531e-02
2.428073436021804810e-01
1.074462890625000000e+00
2.757607698440551758e-01
1.597347021102905273e+00
4.152486920356750488e-01
8.655973076820373535e-01
1.196302473545074463e-01
8.509637415409088135e-02
7.899136096239089966e-02
0.000000000000000000e+00
1.287725925445556641e+00
2.983755350112915039e+00
1.149449229240417480e+00
9.489515423774719238e-01
8.182494342327117920e-02
3.521196842193603516e-01
0.000000000000000000e+00
6.664023995399475098e-01
1.729110360145568848e+00
0.000000000000000000e+00
1.183643102645874023e+00
1.168936416506767273e-01
1.339789032936096191e+00
5.045132637023925781e-01
2.522504031658172607e-01
1.797456853091716766e-02
2.198197603225708008e+00
3.916749954223632812e-01
1.368410140275955200e-01
2.661052532494068146e-02
2.941419482231140137e-01
1.187379717826843262e+00
6.413472890853881836e-01
5.676910877227783203e-01
5.216644406318664551e-01
2.795868515968322754e-01
8.514209389686584473e-01
1.350381374359130859e+00
0.000000000000000000e+00
2.527619600296020508e-01
2.658309228718280792e-02
3.123174309730529785e-01
4.384090602397918701e-01
1.135958552360534668e+00
2.039241231977939606e-02
3.589064180850982666e-01
6.277539730072021484e-01
2.870673239231109619e-01
1.824187040328979492e-01
8.236954808235168457e-01
2.685025453567504883e+00
2.765073208138346672e-03
4.728410542011260986e-01
9.305138140916824341e-02
1.223663568496704102e+00
1.475004106760025024e-01
7.276494503021240234e-01
1.016554161906242371e-01
0.000000000000000000e+00
1.029393523931503296e-01
2.730116248130798340e-01
1.949534006416797638e-02
1.885029315948486328e+00
3.057547807693481445e-01
4.471712708473205566e-01
1.611762523651123047e+00
2.278408734127879143e-03
1.582442224025726318e-01
0.000000000000000000e+00
4.538486897945404053e-02
5.646780878305435181e-02
1.735323309898376465e+00
2.728521585464477539e+00
3.292138874530792236e-02
5.580873489379882812e-01
1.102308928966522217e-01
1.994994431734085083e-01
2.382059693336486816e-01
1.246656298637390137e+00
1.134020909667015076e-01
5.427796244621276855e-01
1.687758713960647583e-01
2.964442968368530273e-01
7.299707084894180298e-02
8.663210086524486542e-03
1.411804407835006714e-01
3.856855034828186035e-01
8.903962373733520508e-01
2.893089294433593750e+00
1.267731040716171265e-01
1.377267539501190186e-01
1.414363741874694824e+00
1.216155171394348145e+00
2.421615719795227051e-01
4.118045046925544739e-02
2.618903219699859619e-01
1.335950851440429688e+00
0.000000000000000000e+00
3.229715228080749512e-01
1.689293682575225830e-01
5.378943085670471191e-01
9.050764143466949463e-02
7.516759634017944336e-01
4.845986515283584595e-02
7.207922339439392090e-01
3.345232486724853516e+00
0.000000000000000000e+00
9.249968454241752625e-03
7.995790243148803711e-02
8.397670835256576538e-02
1.217011094093322754e+00
0.000000000000000000e+00
1.205854583531618118e-02
4.798524379730224609e-01
1.407682418823242188e+00
1.090908288955688477e+00
1.262164711952209473e+00
3.702775239944458008e-01
3.495868921279907227e+00
5.489938259124755859e-01
1.651088474318385124e-03
1.014547049999237061e-01
1.207470059394836426e+00
4.314932599663734436e-02
4.843939095735549927e-02
2.877757847309112549e-01
1.205592274665832520e+00
2.233779430389404297e-01
6.536244601011276245e-02
4.862892329692840576e-01
4.154236316680908203e-01
1.627190560102462769e-01
2.948949672281742096e-02
6.068007946014404297e-01
3.909634798765182495e-02
0.000000000000000000e+00
3.171697556972503662e-01
1.900786042213439941e+00
6.965246796607971191e-02
9.595068097114562988e-01
1.430872455239295959e-02
7.550751324743032455e-03
4.681075513362884521e-01
5.989675521850585938e+00
7.378894090652465820e-02
2.248889580368995667e-02
7.891254127025604248e-02
7.058170437812805176e-02
0.000000000000000000e+00
1.389610487967729568e-02
7.036464661359786987e-02
3.267570018768310547e+00
7.440445572137832642e-02
1.025354415178298950e-01
2.036507241427898407e-02
2.746704220771789551e-01
0.000000000000000000e+00
0.000000000000000000e+00
6.270028185099363327e-03
1.247218847274780273e-01
9.566739201545715332e-01
5.721960663795471191e-01
5.484157204627990723e-01
6.276826262474060059e-01
4.583581686019897461e-01
1.949002593755722046e-01
2.405443936586380005e-01
7.515602111816406250e-01
1.337229371070861816e+00
2.257990688085556030e-01
3.032421469688415527e-01
5.708104372024536133e-01
2.446587383747100830e-02
0.000000000000000000e+00
1.504607558250427246e+00
0.000000000000000000e+00
4.584985673427581787e-01
1.018105030059814453e+00
2.887850999832153320e-01
5.722181200981140137e-01
2.602116763591766357e-01
1.969407051801681519e-01
4.111209809780120850e-01
4.715565145015716553e-01
2.595895528793334961e-01
6.246776580810546875e-01
2.089920997619628906e+00
8.099142909049987793e-01
6.532067898660898209e-03
3.859443962574005127e-01
7.004652023315429688e-01
3.891216516494750977e-01
7.838832139968872070e-01
0.000000000000000000e+00
2.686736285686492920e-01
2.403164505958557129e-01
4.479370254557579756e-04
7.732449471950531006e-02
1.432290673255920410e-01
3.703729212284088135e-01
1.800298810005187988e+00
1.925709098577499390e-01
7.744075059890747070e-01
2.579114139080047607e-01
2.083443641662597656e+00
8.289129734039306641e-01
6.802324205636978149e-02
7.070177793502807617e-01
2.086594551801681519e-01
1.942024528980255127e-01
7.335011363029479980e-01
2.895390748977661133e+00
6.669613718986511230e-01
1.126527264714241028e-01
4.386175274848937988e-01
0.000000000000000000e+00
1.692277550697326660e+00
1.859343424439430237e-02
5.574620366096496582e-01
7.453924417495727539e-01
1.425644196569919586e-02
8.352410197257995605e-01
1.009473919868469238e+00
2.903847992420196533e-01
1.818403042852878571e-02
1.017688121646642685e-02
4.968630671501159668e-01
3.166309744119644165e-02
8.907143473625183105e-01
6.817471235990524292e-02
1.383115202188491821e-01
7.796370238065719604e-02
0.000000000000000000e+00
2.499143928289413452e-01
6.882750988006591797e-01
4.152964055538177490e-02
3.668210804462432861e-01
4.051301181316375732e-01
7.916727662086486816e-01
5.183853954076766968e-02
6.442601084709167480e-01
2.702788412570953369e-01
1.652954220771789551e-01
5.280464291572570801e-01
4.900386035442352295e-01
8.269206881523132324e-01
4.241016805171966553e-01
1.751792579889297485e-01
4.627250600606203079e-03
9.258993864059448242e-01
3.022070825099945068e-01
3.764801472425460815e-02
8.105536103248596191e-01
4.834414124488830566e-01
1.616818457841873169e-02
5.760021135210990906e-02
7.968648523092269897e-02
1.991356462240219116e-01
5.737379789352416992e-01
4.256384670734405518e-01
1.960824280977249146e-01
1.873754560947418213e-01
2.267925590276718140e-01
6.547372043132781982e-02
5.451619252562522888e-02
4.836574792861938477e-01
7.430766224861145020e-01
3.732523918151855469e+00
1.551005125045776367e+00
3.579162955284118652e-01
2.749308943748474121e-01
0.000000000000000000e+00
5.386040359735488892e-02
1.093484344892203808e-03
0.000000000000000000e+00
3.761701285839080811e-02
1.737255901098251343e-01
2.033205181360244751e-01
2.261347025632858276e-01
2.229831367731094360e-02
2.366459667682647705e-01
3.289410173892974854e-01
4.312267899513244629e-02
5.436919927597045898e-01
4.703335091471672058e-02
3.361272811889648438e-01
5.042707547545433044e-02
1.559261232614517212e-02
1.881549835205078125e+00
2.487631514668464661e-02
6.969908718019723892e-03
3.958226442337036133e-01
0.000000000000000000e+00
1.948353052139282227e-01
1.027933806180953979e-01
0.000000000000000000e+00
8.498170375823974609e-01
2.032578885555267334e-01
0.000000000000000000e+00
6.630122661590576172e-03
1.149960309267044067e-01
3.260178864002227783e-01
2.149342745542526245e-02
9.791790246963500977e-01
1.622700572013854980e+00
1.173367381095886230e+00
5.826255679130554199e-01
4.207525253295898438e-01
1.473361104726791382e-01
1.491994410753250122e-01
2.299510128796100616e-02
1.826902031898498535e-01
6.681402921676635742e-01
3.738730847835540771e-01
2.624695897102355957e-01
1.455374341458082199e-02
3.125299513339996338e-01
1.667461991310119629e-01
2.875940315425395966e-02
1.069519743323326111e-01
4.063581302762031555e-02
2.458175271749496460e-02
2.583039551973342896e-02
7.075144052505493164e-01
3.013584949076175690e-02
8.766479492187500000e-01
1.929177939891815186e-01
3.120169937610626221e-01
1.167947292327880859e+00
2.880250848829746246e-02
5.961854457855224609e-01
3.009543418884277344e-01
1.918682098388671875e+00
5.664921998977661133e-01
5.108855962753295898e-01
1.229787945747375488e+00
1.196635603904724121e+00
1.295287441462278366e-02
0.000000000000000000e+00
4.796214401721954346e-01
7.068879604339599609e-01
6.192722320556640625e-01
7.584033608436584473e-01
8.954887278378009796e-03
2.394591718912124634e-01
3.872413421049714088e-03
7.724863290786743164e-02
8.707396388053894043e-01
2.449764907360076904e-01
2.568439245223999023e+00
1.328120946884155273e+00
9.640264511108398438e-01
0.000000000000000000e+00
1.864147782325744629e-01
1.602648384869098663e-02
0.000000000000000000e+00
0.000000000000000000e+00
2.702994644641876221e-02
2.494344860315322876e-01
0.000000000000000000e+00
0.000000000000000000e+00
1.696418374776840210e-01
1.398243904113769531e-01
3.839308917522430420e-01
1.997180223464965820e+00
7.595051079988479614e-02
1.207425817847251892e-01
4.695447683334350586e-01
8.823978155851364136e-02
7.803162336349487305e-01
0.000000000000000000e+00
1.131170690059661865e-01
8.305094242095947266e-01
1.349883228540420532e-01
1.487076401710510254e+00
1.382634490728378296e-01
1.663351178169250488e+00
7.810366153717041016e-01
5.977927148342132568e-02
0.000000000000000000e+00
5.256752967834472656e-01
1.860991477966308594e+00
1.041890010237693787e-01
5.756800174713134766e-01
1.212942361831665039e+00
6.764494180679321289e-01
1.933245360851287842e-01
2.006236761808395386e-01
2.492718957364559174e-02
8.321841955184936523e-01
0.000000000000000000e+00
2.297342777252197266e+00
2.573229372501373291e-01
3.159423172473907471e-01
1.352976918220520020e+00
7.333361506462097168e-01
1.823572814464569092e-02
4.212164878845214844e-01
5.478459969162940979e-02
6.451843678951263428e-02
3.136327862739562988e-02
3.785140439867973328e-02
0.000000000000000000e+00
3.317771255970001221e-01
2.421778440475463867e-01
0.000000000000000000e+00
6.635737605392932892e-03
6.141006946563720703e-01
1.546401023864746094e+00
0.000000000000000000e+00
1.697687618434429169e-02
2.585058510303497314e-01
5.755987763404846191e-01
4.715792462229728699e-02
1.279738731682300568e-02
7.379249483346939087e-02
4.251101613044738770e-01
1.633053570985794067e-01
2.458546012639999390e-01
1.037288546562194824e+00
1.023689508438110352e+00
0.000000000000000000e+00
9.520053267478942871e-01
1.167845055460929871e-01
1.584349200129508972e-02
1.254570931196212769e-01
0.000000000000000000e+00
1.349769353866577148e+00
1.212206959724426270e+00
1.981472373008728027e-01
1.893407225608825684e+00
2.151286602020263672e-01
9.408920407295227051e-01
2.443507015705108643e-01
4.334030747413635254e-01
3.665641546249389648e-01
7.009486556053161621e-01
9.327766895294189453e-01
8.599906228482723236e-03
7.043824195861816406e-01
3.028714954853057861e-01
4.842857718467712402e-01
2.770021915435791016e+00
1.327136009931564331e-01
0.000000000000000000e+00
4.665676653385162354e-01
3.825672715902328491e-02
9.128207564353942871e-01
3.477778732776641846e-01
1.616742089390754700e-02
1.748707960359752178e-03
5.615237951278686523e-01
6.328348517417907715e-01
5.761668086051940918e-03
6.467318534851074219e-02
1.477640122175216675e-01
1.106699228286743164e+00
1.634779125452041626e-01
5.630218610167503357e-02
3.204334676265716553e-01
4.488781467080116272e-02
9.034818410873413086e-02
6.245413422584533691e-01
0.000000000000000000e+00
0.000000000000000000e+00
1.963829755783081055e+00
4.113312065601348877e-01
0.000000000000000000e+00
9.614412784576416016e-01
7.958152890205383301e-02
2.135514914989471436e-01
8.676013350486755371e-02
3.773370385169982910e-01
1.959402203559875488e+00
1.901828169822692871e+00
9.140791296958923340e-01
2.929967939853668213e-01
8.012975454330444336e-01
0.000000000000000000e+00
1.187080517411231995e-03
