1.390698105096817017e-01
4.658359102904796600e-03
3.848292231559753418e-01
3.695201635360717773e+00
1.991515606641769409e-01
3.480416536331176758e-01
4.625853300094604492e-01
3.147975206375122070e+00
6.264809608459472656e+00
2.460870146751403809e-01
1.746489256620407104e-01
1.292845368385314941e+00
2.343772538006305695e-02
4.681535065174102783e-01
2.397513628005981445e+00
1.054900765419006348e+00
1.083818674087524414e+00
1.248121738433837891e+00
5.155051946640014648e-01
1.536688059568405151e-01
4.023167788982391357e-01
8.294932544231414795e-02
3.203392624855041504e-01
3.849442481994628906e+00
7.916447706520557404e-03
0.000000000000000000e+00
0.000000000000000000e+00
1.159786343574523926e+00
3.846068680286407471e-01
7.201841101050376892e-03
1.310466527938842773e-01
2.020301818847656250e-01
6.650038361549377441e-01
5.489947199821472168e-01
3.268337547779083252e-01
1.328796625137329102e+00
5.302183628082275391e-01
6.276004910469055176e-01
1.482426822185516357e-01
1.348485201597213745e-01
2.222266048192977905e-01
4.125132784247398376e-02
1.469698548316955566e+00
2.586457490921020508e+00
9.978262186050415039e-01
8.418363332748413086e-01
1.088305860757827759e-01
4.835708141326904297e-01
0.000000000000000000e+00
1.159330010414123535e+00
2.120162248611450195e+00
0.000000000000000000e+00
1.073794007301330566e+00
0.000000000000000000e+00
8.721022009849548340e-01
3.157650232315063477e-01
2.960552871227264404e-01
1.881335116922855377e-02
2.921006202697753906e+00
2.863065004348754883e-01
1.903911232948303223e-01
1.577284038066864014e-01
2.419653236865997314e-01
1.141691207885742188e+00
1.253348112106323242e+00
6.151045560836791992e-01
2.961184680461883545e-01
3.746156394481658936e-01
3.895171582698822021e-01
1.224073171615600586e+00
0.000000000000000000e+00
9.337852895259857178e-02
3.781776428222656250e-01
4.241225123405456543e-01
7.821369171142578125e-01
1.562057495117187500e+00
2.372061833739280701e-02
4.787330627441406250e-01
4.174197018146514893e-01
5.891655087471008301e-01
8.034232258796691895e-02
8.964011073112487793e-01
2.494281053543090820e+00
0.000000000000000000e+00
6.618500947952270508e-01
2.828548252582550049e-01
1.309712767601013184e+00
2.609717547893524170e-01
1.166898131370544434e+00
4.156246408820152283e-02
1.654566079378128052e-02
3.983386605978012085e-02
1.161210164427757263e-01
0.000000000000000000e+00
1.519476056098937988e+00
1.897708326578140259e-01
3.031788468360900879e-01
9.526342153549194336e-01
1.303976625204086304e-01
4.864475131034851074e-02
0.000000000000000000e+00
2.872556746006011963e-01
4.780683666467666626e-02
1.961199760437011719e+00
2.315562725067138672e+00
0.000000000000000000e+00
9.965633749961853027e-01
4.673617184162139893e-01
1.911957412958145142e-01
4.724391549825668335e-02
1.578309059143066406e+00
2.055007033050060272e-02
4.305136799812316895e-01
1.624688059091567993e-01
1.873708367347717285e-01
6.436889618635177612e-02
3.841992914676666260e-01
2.277930229902267456e-01
3.487459719181060791e-01
1.608425974845886230e+00
3.048843383789062500e+00
3.867272138595581055e-01
2.087223343551158905e-03
1.337261199951171875e+00
8.182584643363952637e-01
2.215609997510910034e-01
9.371811151504516602e-02
2.150024622678756714e-01
1.103582859039306641e+00
7.251583039760589600e-02
1.482932865619659424e-01
5.845388770103454590e-01
6.678891777992248535e-01
1.710406243801116943e-01
1.985328793525695801e-01
1.595470607280731201e-01
8.378610014915466309e-01
4.016521930694580078e+00
0.000000000000000000e+00
0.000000000000000000e+00
2.472951412200927734e-01
6.707207113504409790e-02
8.453337550163269043e-01
7.999584823846817017e-02
7.176730036735534668e-01
3.655099570751190186e-01
8.287051916122436523e-01
5.882296562194824219e-01
9.330292940139770508e-01
2.959606349468231201e-01
3.846057415008544922e+00
2.584983706474304199e-01
1.549068540334701538e-01
7.026408910751342773e-01
1.020037531852722168e+00
1.579125225543975830e-01
4.681855738162994385e-01
4.386672973632812500e-01
1.486275672912597656e+00
2.511600852012634277e-01
4.896954074501991272e-02
9.016579389572143555e-01
6.746244430541992188e-02
0.000000000000000000e+00
6.383466720581054688e-02
6.909874081611633301e-01
8.885299414396286011e-02
0.000000000000000000e+00
2.441896647214889526e-01
1.225927114486694336e+00
4.122815653681755066e-02
8.033851981163024902e-01
1.099775172770023346e-02
1.989650875329971313e-01
2.866269350051879883e-01
5.818284511566162109e+00
2.543866634368896484e-02
0.000000000000000000e+00
1.623666733503341675e-01
2.110393792390823364e-01
8.690358698368072510e-02
9.275604784488677979e-02
1.783292158506810665e-03
2.644380807876586914e+00
1.294810920953750610e-01
2.968336048070341349e-04
1.327828969806432724e-02
6.491432785987854004e-01
0.000000000000000000e+00
2.047534883022308350e-01
0.000000000000000000e+00
1.150490269064903259e-01
1.124649167060852051e+00
2.916512191295623779e-01
2.682864964008331299e-01
9.449844360351562500e-01
2.588849067687988281e-01
1.634055972099304199e-01
8.594106882810592651e-02
3.497917354106903076e-01
1.077281951904296875e+00
1.962474435567855835e-01
9.584570676088333130e-02
6.377052068710327148e-01
1.083711322280578315e-05
3.347569331526756287e-02
5.744431614875793457e-01
7.097472902387380600e-03
7.074762582778930664e-01
9.256129860877990723e-01
4.165159165859222412e-01
4.274807274341583252e-01
1.789860576391220093e-01
4.715632796287536621e-01
4.218184053897857666e-01
8.288953304290771484e-01
3.282729089260101318e-01
6.082764267921447754e-01
2.014742374420166016e+00
5.218423008918762207e-01
2.004817873239517212e-02
3.890320956707000732e-01
8.511398434638977051e-01
2.734338045120239258e-01
9.978883266448974609e-01
0.000000000000000000e+00
3.066750764846801758e-01
3.646929860115051270e-01
3.121413057669997215e-03
4.071633890271186829e-02
1.036110520362854004e-01
7.565658688545227051e-01
2.044055700302124023e+00
8.769122958183288574e-01
6.955547332763671875e-01
2.965464591979980469e-01
1.882876634597778320e+00
1.016942501068115234e+00
1.744940062053501606e-03
8.966413736343383789e-01
5.688928961753845215e-01
0.000000000000000000e+00
4.956129193305969238e-01
2.462990760803222656e+00
1.012489199638366699e+00
3.994447365403175354e-02
1.161540865898132324e+00
1.930706319399178028e-03
1.777088522911071777e+00
1.101847272366285324e-02
9.937025904655456543e-01
4.450432062149047852e-01
3.709132596850395203e-02
1.430522441864013672e+00
9.533703923225402832e-01
1.259666085243225098e-01
0.000000000000000000e+00
0.000000000000000000e+00
3.215538337826728821e-03
1.755880713462829590e-01
1.653003454208374023e+00
2.498182002454996109e-03
0.000000000000000000e+00
1.090806648135185242e-01
0.000000000000000000e+00
5.413762331008911133e-01
5.035210847854614258e-01
6.791028380393981934e-02
2.293868064880371094e-01
3.486897647380828857e-01
8.410737514495849609e-01
1.118505224585533142e-01
3.407154381275177002e-01
6.607982516288757324e-01
3.845853209495544434e-01
8.757934570312500000e-01
6.772487759590148926e-01
1.110076069831848145e+00
3.546694517135620117e-01
1.609971821308135986e-01
3.325021564960479736e-01
7.170453667640686035e-01
2.096491605043411255e-01
2.923744032159447670e-03
4.798916280269622803e-01
7.840219736099243164e-01
1.303457468748092651e-01
7.515408843755722046e-02
4.064725637435913086e-01
1.040335521101951599e-01
7.657399773597717285e-01
1.043479561805725098e+00
1.003108620643615723e-01
1.912590265274047852e-01
2.759919464588165283e-01
1.220905929803848267e-01
1.056184172630310059e-01
7.626764774322509766e-01
8.243505954742431641e-01
3.506683349609375000e+00
8.498226404190063477e-01
3.860380053520202637e-01
7.135577201843261719e-01
0.000000000000000000e+00
0.000000000000000000e+00
4.240635782480239868e-02
0.000000000000000000e+00
0.000000000000000000e+00
6.635261327028274536e-02
6.466957926750183105e-01
3.806481659412384033e-01
0.000000000000000000e+00
3.065966367721557617e-01
2.736572623252868652e-01
5.942249298095703125e-02
1.217351794242858887e+00
0.000000000000000000e+00
2.739292383193969727e-01
2.812222577631473541e-02
9.831801056861877441e-02
1.110833406448364258e+00
0.000000000000000000e+00
0.000000000000000000e+00
6.769403815269470215e-02
0.000000000000000000e+00
3.140079379081726074e-01
2.389425337314605713e-01
0.000000000000000000e+00
7.501279711723327637e-01
4.232454895973205566e-01
5.157906096428632736e-03
2.067218068987131119e-03
1.338125616312026978e-01
2.478183358907699585e-01
1.105331256985664368e-01
6.859778165817260742e-01
1.188081383705139160e+00
7.003830671310424805e-01
5.703133940696716309e-01
2.758225798606872559e-01
0.000000000000000000e+00
8.395213633775711060e-02
1.093557551503181458e-01
5.569592118263244629e-02
5.249086618423461914e-01
5.264078378677368164e-01
2.582326233386993408e-01
0.000000000000000000e+00
5.101140141487121582e-01
2.717414200305938721e-01
2.259365841746330261e-02
9.566750377416610718e-02
2.176133915781974792e-02
7.679887581616640091e-03
8.278942666947841644e-03
1.180261731147766113e+00
3.763787448406219482e-02
2.403058707714080811e-01
5.534517019987106323e-02
5.291607975959777832e-02
1.444964051246643066e+00
1.285614222288131714e-01
8.384425640106201172e-01
4.353246092796325684e-01
1.616237401962280273e+00
4.772548973560333252e-01
6.393768787384033203e-01
1.431564927101135254e+00
1.573751091957092285e+00
5.352039821445941925e-03
2.121078670024871826e-01
9.470753669738769531e-01
4.844781756401062012e-01
6.837051510810852051e-01
1.310837388038635254e+00
1.946989819407463074e-02
2.881555072963237762e-02
0.000000000000000000e+00
8.224415779113769531e-02
5.455854535102844238e-01
1.016287654638290405e-01
2.918597698211669922e+00
1.687485337257385254e+00
7.285276651382446289e-01
1.993707753717899323e-02
4.846857190132141113e-01
6.553649902343750000e-03
0.000000000000000000e+00
0.000000000000000000e+00
1.322871074080467224e-03
7.177706956863403320e-01
5.758103355765342712e-02
7.415974885225296021e-02
2.906283736228942871e-02
4.915738999843597412e-01
6.976873874664306641e-01
1.668235898017883301e+00
4.690882936120033264e-02
7.510822266340255737e-02
6.196719408035278320e-01
3.998197615146636963e-02
7.420583367347717285e-01
0.000000000000000000e+00
1.821223795413970947e-01
1.157366991043090820e+00
1.340765804052352905e-01
1.417982101440429688e+00
1.502509415149688721e-01
1.634609580039978027e+00
2.203600704669952393e-01
1.779250502586364746e-01
2.113987691700458527e-02
3.081018328666687012e-01
1.725849986076354980e+00
3.691219985485076904e-01
5.904921889305114746e-01
1.780379891395568848e+00
4.912672042846679688e-01
1.941999047994613647e-01
6.943311691284179688e-01
3.973150998353958130e-02
1.639738976955413818e-01
0.000000000000000000e+00
1.882027149200439453e+00
9.382233619689941406e-01
5.978063344955444336e-01
1.556549310684204102e+00
8.842121362686157227e-01
9.089513868093490601e-02
3.197183609008789062e-01
2.981915771961212158e-01
0.000000000000000000e+00
1.327207833528518677e-01
1.637429185211658478e-02
0.000000000000000000e+00
7.866124808788299561e-02
3.686062097549438477e-01
0.000000000000000000e+00
0.000000000000000000e+00
2.604674100875854492e-01
1.699530720710754395e+00
1.148491259664297104e-02
2.449558377265930176e-01
4.079596400260925293e-01
1.083967566490173340e+00
1.070030331611633301e-01
1.455370616167783737e-02
1.408148258924484253e-01
3.803942203521728516e-01
4.340821802616119385e-01
2.840178608894348145e-01
8.873739242553710938e-01
1.190281271934509277e+00
2.579054562374949455e-03
1.166422247886657715e+00
9.015589207410812378e-02
1.104471534490585327e-01
6.289656758308410645e-01
0.000000000000000000e+00
2.685949802398681641e+00
1.607948422431945801e+00
5.042361617088317871e-01
1.670525670051574707e+00
0.000000000000000000e+00
8.480108976364135742e-01
1.777796447277069092e-01
1.517457664012908936e-01
9.026448726654052734e-01
8.492920398712158203e-01
3.194864094257354736e-01
1.247420832514762878e-01
7.609459757804870605e-01
3.348746001720428467e-01
3.002409636974334717e-01
3.320397138595581055e+00
4.804915785789489746e-01
0.000000000000000000e+00
3.518030941486358643e-01
3.523173630237579346e-01
3.290850520133972168e-01
2.332500219345092773e-01
1.506057288497686386e-02
2.646848373115062714e-02
1.028802871704101562e+00
6.614159941673278809e-01
9.231428802013397217e-02
8.211218565702438354e-02
1.008712127804756165e-01
1.502890467643737793e+00
7.648958563804626465e-01
2.237957715988159180e-02
1.844529807567596436e-01
3.685335814952850342e-02
2.124358117580413818e-01
7.762322425842285156e-01
6.404488533735275269e-02
1.004285831004381180e-02
2.575862407684326172e+00
2.846719622611999512e-01
9.577712975442409515e-03
1.994927078485488892e-01
1.980512887239456177e-01
3.082163929939270020e-01
0.000000000000000000e+00
5.047594308853149414e-01
1.458043336868286133e+00
1.334323048591613770e+00
1.176750421524047852e+00
1.343826502561569214e-01
1.550185084342956543e-01
0.000000000000000000e+00
3.015843965113162994e-02
