3.696211278438568115e-01
0.000000000000000000e+00
5.338456034660339355e-01
3.243484020233154297e+00
1.683859713375568390e-02
1.210265755653381348e-01
1.416505724191665649e-01
2.070082426071166992e+00
6.335591793060302734e+00
1.336711496114730835e-01
2.166716605424880981e-01
1.051386475563049316e+00
0.000000000000000000e+00
9.721715450286865234e-01
1.419711828231811523e+00
7.854002118110656738e-01
7.063744664192199707e-01
1.579006910324096680e+00
3.528566062450408936e-01
1.380274295806884766e-01
8.839916437864303589e-02
0.000000000000000000e+00
1.076590493321418762e-01
2.958963871002197266e+00
3.284984454512596130e-02
1.726560667157173157e-02
1.006662845611572266e-02
1.470376610755920410e+00
1.706414073705673218e-01
1.492366194725036621e-03
2.834687530994415283e-01
1.082159802317619324e-01
6.723823398351669312e-02
2.589620053768157959e-01
1.562828570604324341e-01
9.313665032386779785e-01
2.838910818099975586e-01
5.302101969718933105e-01
4.033713638782501221e-01
7.354433834552764893e-02
5.335434153676033020e-02
2.016596961766481400e-03
8.131011724472045898e-01
2.069756746292114258e+00
9.205157160758972168e-01
9.478163719177246094e-01
9.092153608798980713e-02
4.847560226917266846e-01
0.000000000000000000e+00
1.090234279632568359e+00
1.081348180770874023e+00
0.000000000000000000e+00
1.061746001243591309e+00
1.668067649006843567e-02
1.379732012748718262e+00
4.950052127242088318e-02
1.659399271011352539e-01
0.000000000000000000e+00
3.356495380401611328e+00
8.979446887969970703e-01
1.482039839029312134e-01
2.422642707824707031e-02
1.915959268808364868e-01
1.672616124153137207e+00
5.979306697845458984e-01
4.458754062652587891e-01
5.538836121559143066e-02
2.680496275424957275e-01
3.685793876647949219e-01
1.225153684616088867e+00
0.000000000000000000e+00
4.027370512485504150e-01
1.217126264236867428e-03
1.083218604326248169e-01
7.900090217590332031e-01
2.217656850814819336e+00
2.179268375039100647e-02
1.266602892428636551e-03
2.946000993251800537e-01
4.284639060497283936e-01
2.539274096488952637e-01
1.656178832054138184e-01
2.704198122024536133e+00
3.683686489239335060e-03
6.941976547241210938e-01
5.109380483627319336e-01
1.587214827537536621e+00
3.328579962253570557e-01
4.896592795848846436e-01
9.367199242115020752e-02
0.000000000000000000e+00
2.254753857851028442e-01
1.258077770471572876e-01
0.000000000000000000e+00
1.930320501327514648e+00
3.182310163974761963e-01
1.731262207031250000e-01
1.811841368675231934e+00
5.335628613829612732e-02
4.127202332019805908e-01
0.000000000000000000e+00
9.781711734831333160e-03
2.958060801029205322e-01
1.869738459587097168e+00
2.635519266128540039e+00
2.286331914365291595e-02
4.122621417045593262e-01
1.157841011881828308e-01
2.353572845458984375e-02
8.210145868360996246e-03
1.232631325721740723e+00
1.249106824398040771e-01
3.270323574542999268e-01
3.890233486890792847e-02
1.475134193897247314e-01
3.275513648986816406e-02
8.486275374889373779e-02
2.035678178071975708e-01
5.077300593256950378e-02
7.510339021682739258e-01
3.129114151000976562e+00
1.504087150096893311e-01
1.070715263485908508e-01
1.274005889892578125e+00
3.382312953472137451e-01
3.596726059913635254e-01
2.093994766473770142e-01
3.614486008882522583e-02
7.639226317405700684e-01
1.521951891481876373e-02
3.903076350688934326e-01
2.251243591308593750e-01
1.703973114490509033e-01
1.899928748607635498e-01
1.856662482023239136e-01
4.538533464074134827e-02
4.483963251113891602e-01
3.332744598388671875e+00
0.000000000000000000e+00
0.000000000000000000e+00
5.886500477790832520e-01
3.043989185243844986e-03
1.455229163169860840e+00
7.254292815923690796e-02
7.242926955223083496e-02
3.345947265625000000e-01
9.263805150985717773e-01
4.575373828411102295e-01
1.183151364326477051e+00
1.085089817643165588e-01
3.721264839172363281e+00
6.559313535690307617e-01
6.203063577413558960e-02
2.662583589553833008e-01
9.122335910797119141e-01
3.038072027266025543e-02
3.023884957656264305e-03
1.293422579765319824e-01
1.755963921546936035e+00
2.898960411548614502e-01
1.366044878959655762e-01
6.296887993812561035e-01
2.273098975419998169e-01
1.228783056139945984e-01
1.077583432197570801e-01
6.979622840881347656e-01
5.032441392540931702e-02
0.000000000000000000e+00
4.032458066940307617e-01
1.150376796722412109e+00
1.169821619987487793e-02
4.888591766357421875e-01
1.474620960652828217e-02
1.076017543673515320e-01
1.659482568502426147e-01
5.231486797332763672e+00
1.726296148262917995e-03
0.000000000000000000e+00
8.606268167495727539e-01
5.787330493330955505e-02
0.000000000000000000e+00
9.025825187563896179e-03
1.075388640165328979e-01
2.507601976394653320e+00
2.493388578295707703e-02
1.127220503985881805e-02
7.239536941051483154e-02
6.677536964416503906e-01
9.568545222282409668e-02
0.000000000000000000e+00
9.345838427543640137e-02
1.431539356708526611e-01
1.017074704170227051e+00
4.755910336971282959e-01
3.639339804649353027e-01
4.192960262298583984e-01
8.993778228759765625e-01
1.649244576692581177e-01
4.850683808326721191e-01
4.322201907634735107e-01
9.918014407157897949e-01
4.877672791481018066e-01
3.229025900363922119e-01
6.955501437187194824e-01
2.606739662587642670e-02
1.035506464540958405e-02
1.130435466766357422e+00
3.803141042590141296e-02
2.196844071149826050e-01
1.144481420516967773e+00
8.446822874248027802e-03
2.741973400115966797e-01
2.935592830181121826e-02
7.781924679875373840e-03
2.631871402263641357e-01
4.475920796394348145e-01
1.954369843006134033e-01
4.201728105545043945e-01
1.557374000549316406e+00
5.022829771041870117e-01
8.324066177010536194e-03
8.806110024452209473e-01
1.159163832664489746e+00
4.369783774018287659e-02
9.535809755325317383e-01
0.000000000000000000e+00
3.521807193756103516e-01
2.580777108669281006e-01
1.673002913594245911e-02
8.572143316268920898e-02
6.537445820868015289e-03
4.320449829101562500e-01
1.006349921226501465e+00
7.120608091354370117e-01
5.215620398521423340e-01
4.239244759082794189e-02
1.752813339233398438e+00
8.725637197494506836e-01
6.693667732179164886e-03
8.460319638252258301e-01
2.614502608776092529e-01
2.736421860754489899e-02
2.798508703708648682e-01
2.195482015609741211e+00
6.474534273147583008e-01
1.702546477317810059e-01
5.739242434501647949e-01
0.000000000000000000e+00
2.712938308715820312e+00
9.947400540113449097e-03
1.555631607770919800e-01
2.998418807983398438e-01
1.559339016675949097e-01
3.577994406223297119e-01
5.448864698410034180e-01
2.178818434476852417e-01
8.275493048131465912e-03
0.000000000000000000e+00
1.060255151242017746e-02
1.179862581193447113e-02
1.285998106002807617e+00
1.752105802297592163e-01
7.451380370184779167e-04
9.742248803377151489e-02
0.000000000000000000e+00
4.637094438076019287e-01
2.033053785562515259e-01
1.888014674186706543e-01
2.382642924785614014e-01
5.888341069221496582e-01
8.040273189544677734e-01
6.416395902633666992e-01
7.329092025756835938e-01
2.587981522083282471e-01
4.786651134490966797e-01
9.673976898193359375e-01
5.065892338752746582e-01
1.202378511428833008e+00
2.766953110694885254e-01
6.855830550193786621e-02
3.671193867921829224e-02
1.117475867271423340e+00
2.287370264530181885e-01
5.969609483145177364e-04
3.299118280410766602e-01
2.812094092369079590e-01
2.377620190382003784e-01
1.248776447027921677e-02
4.270156323909759521e-01
3.975374624133110046e-02
9.550626277923583984e-01
4.919371306896209717e-01
1.680373549461364746e-01
0.000000000000000000e+00
1.947676688432693481e-01
1.205410435795783997e-01
1.777182966470718384e-01
1.036849975585937500e+00
6.463864445686340332e-01
2.761071681976318359e+00
1.218836545944213867e+00
3.463018834590911865e-01
4.372980445623397827e-02
0.000000000000000000e+00
4.896188527345657349e-02
9.968520142138004303e-03
3.850157186388969421e-02
0.000000000000000000e+00
8.388645946979522705e-02
1.944971233606338501e-01
2.327768653631210327e-01
1.318742521107196808e-03
1.198855414986610413e-01
3.169784545898437500e-01
1.042091548442840576e-01
6.274592280387878418e-01
0.000000000000000000e+00
5.692834258079528809e-01
1.935787615366280079e-03
2.065191417932510376e-02
1.249827623367309570e+00
3.716942295432090759e-02
0.000000000000000000e+00
2.436105012893676758e-01
6.864082999527454376e-03
6.666582226753234863e-01
1.399356424808502197e-01
0.000000000000000000e+00
6.634522676467895508e-01
4.014104902744293213e-01
0.000000000000000000e+00
3.442523255944252014e-02
0.000000000000000000e+00
3.938594833016395569e-02
6.821765005588531494e-02
1.424120664596557617e+00
1.028838992118835449e+00
4.657057821750640869e-01
3.281050324440002441e-01
9.602861851453781128e-02
0.000000000000000000e+00
4.974663257598876953e-02
1.273282710462808609e-02
6.752958055585622787e-03
3.584619462490081787e-01
5.240662693977355957e-01
2.806455194950103760e-01
0.000000000000000000e+00
3.848276101052761078e-03
2.596804201602935791e-01
2.234348841011524200e-02
9.728875011205673218e-02
1.155951619148254395e-01
5.628236755728721619e-02
1.586609482765197754e-01
4.563788175582885742e-01
2.528472803533077240e-02
8.636751025915145874e-02
5.625363811850547791e-02
2.089557200670242310e-01
1.667304158210754395e+00
4.290043935179710388e-02
2.833007574081420898e-01
1.993928998708724976e-01
1.205928444862365723e+00
6.861033439636230469e-01
8.704941272735595703e-01
1.450038909912109375e+00
1.348717212677001953e+00
0.000000000000000000e+00
9.037782251834869385e-02
3.142644166946411133e-01
4.171471893787384033e-01
1.680925488471984863e+00
1.053936481475830078e+00
7.451078295707702637e-02
1.682071201503276825e-02
0.000000000000000000e+00
2.303476035594940186e-01
5.161866545677185059e-01
1.089807525277137756e-01
3.157252073287963867e+00
1.476018905639648438e+00
5.559812784194946289e-01
0.000000000000000000e+00
4.825621247291564941e-01
1.064798142760992050e-02
0.000000000000000000e+00
0.000000000000000000e+00
0.000000000000000000e+00
1.287247389554977417e-01
0.000000000000000000e+00
1.692037447355687618e-03
5.227650403976440430e-01
3.267557024955749512e-01
7.728973627090454102e-01
1.853209376335144043e+00
1.981820017099380493e-01
0.000000000000000000e+00
1.094770550727844238e+00
2.730243504047393799e-01
4.785943925380706787e-01
0.000000000000000000e+00
2.158041894435882568e-01
9.258791804313659668e-01
1.094798594713211060e-01
1.394587278366088867e+00
1.482038497924804688e-01
1.106789112091064453e+00
4.633244872093200684e-01
1.648671776056289673e-01
0.000000000000000000e+00
2.617825269699096680e-01
1.836589217185974121e+00
4.086472690105438232e-01
3.713660538196563721e-01
1.020020127296447754e+00
4.125410616397857666e-01
6.712099164724349976e-02
1.559735536575317383e-01
5.251409113407135010e-02
0.000000000000000000e+00
0.000000000000000000e+00
1.216958880424499512e+00
2.306940108537673950e-01
1.636161953210830688e-01
1.450888276100158691e+00
1.134592294692993164e+00
3.341512382030487061e-01
2.176814079284667969e-01
1.167144849896430969e-01
1.139828003942966461e-03
0.000000000000000000e+00
3.352914750576019287e-02
0.000000000000000000e+00
8.228630572557449341e-02
3.296493589878082275e-01
0.000000000000000000e+00
0.000000000000000000e+00
5.699769258499145508e-01
1.423711299896240234e+00
0.000000000000000000e+00
3.989056870341300964e-02
3.496473729610443115e-01
7.922478318214416504e-01
9.279417991638183594e-02
5.162771418690681458e-02
2.934109270572662354e-01
1.683933436870574951e-01
2.452315092086791992e-01
3.434624969959259033e-01
5.455516576766967773e-01
1.657145857810974121e+00
4.539961740374565125e-02
8.624067902565002441e-01
1.404788903892040253e-02
5.736589431762695312e-02
4.296664595603942871e-01
0.000000000000000000e+00
1.141727089881896973e+00
2.151750087738037109e+00
5.602055191993713379e-01
1.185042738914489746e+00
6.126382853835821152e-03
8.937687873840332031e-01
2.422184310853481293e-02
8.271001279354095459e-02
6.623769998550415039e-01
8.468735218048095703e-01
7.285781502723693848e-01
3.984580338001251221e-01
9.069908261299133301e-01
1.903188787400722504e-02
4.570237994194030762e-01
2.343391418457031250e+00
3.202227950096130371e-01
0.000000000000000000e+00
8.387809991836547852e-01
2.693574130535125732e-01
4.234921932220458984e-01
2.720841765403747559e-01
0.000000000000000000e+00
1.207680851221084595e-01
7.748889327049255371e-01
3.449298143386840820e-01
0.000000000000000000e+00
5.739559978246688843e-02
5.177641659975051880e-02
1.362599849700927734e+00
3.930826187133789062e-01
4.045792296528816223e-02
3.013479411602020264e-01
2.072982676327228546e-02
2.911802828311920166e-01
2.916175127029418945e-01
3.731055185198783875e-04
0.000000000000000000e+00
2.179268360137939453e+00
4.101669490337371826e-01
0.000000000000000000e+00
1.531217396259307861e-01
4.559687152504920959e-02
3.873101770877838135e-01
1.075584515929222107e-01
6.056463718414306641e-01
1.424169421195983887e+00
1.493721127510070801e+00
2.553918063640594482e-01
7.656030356884002686e-02
3.294215500354766846e-01
0.000000000000000000e+00
0.000000000000000000e+00
