2.262149900197982788e-01
0.000000000000000000e+00
1.071261048316955566e+00
3.074523925781250000e+00
6.397008150815963745e-02
1.408316493034362793e-01
6.014869809150695801e-01
1.477018952369689941e+00
5.886959552764892578e+00
2.264712899923324585e-01
3.152507841587066650e-01
9.050365090370178223e-01
8.832019567489624023e-02
5.119737982749938965e-01
1.755349397659301758e+00
9.030140042304992676e-01
7.488797903060913086e-01
2.042638540267944336e+00
2.500489950180053711e-01
5.332828164100646973e-01
4.085464403033256531e-02
9.509373456239700317e-02
1.901538819074630737e-01
3.522719383239746094e+00
2.759346067905426025e-01
6.329412013292312622e-02
0.000000000000000000e+00
2.166753530502319336e+00
2.728649079799652100e-01
4.194913432002067566e-02
2.291776388883590698e-01
1.310937404632568359e-01
3.810473084449768066e-01
8.251299262046813965e-01
1.020336225628852844e-01
1.210089087486267090e+00
3.564913868904113770e-01
6.864683032035827637e-01
5.969914793968200684e-01
4.663592949509620667e-02
6.850314736366271973e-01
1.099448502063751221e-01
1.422140240669250488e+00
2.133355617523193359e+00
2.203593969345092773e+00
9.005033969879150391e-01
2.339329943060874939e-02
4.314755797386169434e-01
9.892341680824756622e-03
8.706408739089965820e-01
1.230972051620483398e+00
2.502948045730590820e-02
4.889572262763977051e-01
9.989166259765625000e-02
1.537597775459289551e+00
1.810326874256134033e-01
9.708539843559265137e-01
0.000000000000000000e+00
1.970478057861328125e+00
9.656091332435607910e-01
1.633875668048858643e-01
0.000000000000000000e+00
7.787411808967590332e-01
2.205614089965820312e+00
1.692716628313064575e-01
7.712648808956146240e-02
2.563939429819583893e-02
4.178282618522644043e-01
5.610132813453674316e-01
1.875815272331237793e+00
0.000000000000000000e+00
1.285630464553833008e+00
0.000000000000000000e+00
3.777040243148803711e-01
4.970956742763519287e-01
1.931416869163513184e+00
1.754824370145797729e-01
1.047854572534561157e-01
1.117179870605468750e+00
8.402571082115173340e-01
4.837222993373870850e-01
3.025129623711109161e-02
2.254807949066162109e+00
1.793080121278762817e-01
1.580289155244827271e-01
6.562669575214385986e-02
1.410349249839782715e+00
3.240849673748016357e-01
8.733795881271362305e-01
4.153277724981307983e-02
0.000000000000000000e+00
5.020936727523803711e-01
5.152145773172378540e-02
2.001210115849971771e-03
2.541358470916748047e+00
1.995694488286972046e-01
1.996320188045501709e-01
2.062628030776977539e+00
2.762276912108063698e-03
7.279345393180847168e-01
0.000000000000000000e+00
3.089638352394104004e-01
5.198500156402587891e-01
1.524271368980407715e+00
2.405758380889892578e+00
2.164099551737308502e-02
6.560115814208984375e-01
3.032347261905670166e-01
2.508943974971771240e-01
7.478656172752380371e-01
1.230761647224426270e+00
3.199389576911926270e-01
4.449783563613891602e-01
6.831726059317588806e-03
9.455426782369613647e-02
1.155699267983436584e-01
8.425639243796467781e-04
3.282813355326652527e-02
3.081035241484642029e-02
6.872371435165405273e-01
3.504659891128540039e+00
1.200848296284675598e-01
6.136799231171607971e-03
5.116457939147949219e-01
7.553308010101318359e-01
3.713470324873924255e-02
1.835680156946182251e-01
2.922102622687816620e-02
9.625738263130187988e-01
4.304389003664255142e-03
4.053686261177062988e-01
7.053680419921875000e-01
7.052073478698730469e-01
2.030173689126968384e-01
3.192803263664245605e-01
1.055038124322891235e-01
4.927990734577178955e-01
3.262300968170166016e+00
0.000000000000000000e+00
0.000000000000000000e+00
5.830063819885253906e-01
4.991005733609199524e-02
1.759970068931579590e+00
1.280876994132995605e-01
2.119703292846679688e-01
3.877264857292175293e-01
5.885872840881347656e-01
1.644126892089843750e+00
1.506853461265563965e+00
2.175967246294021606e-01
2.927212476730346680e+00
5.565822720527648926e-01
5.478564277291297913e-02
2.179976850748062134e-01
1.725928425788879395e+00
5.840853787958621979e-03
1.310569941997528076e-01
1.960187256336212158e-01
1.095242738723754883e+00
2.276534438133239746e-01
1.654175668954849243e-01
6.023538112640380859e-01
2.675142288208007812e-01
1.713453978300094604e-01
2.858813703060150146e-01
3.287459611892700195e-01
3.744078427553176880e-02
0.000000000000000000e+00
2.911195158958435059e-01
1.033569693565368652e+00
1.485367417335510254e-01
1.397540330886840820e+00
0.000000000000000000e+00
4.091978445649147034e-02
1.852909326553344727e-01
5.650868415832519531e+00
2.106980886310338974e-03
0.000000000000000000e+00
9.745685458183288574e-01
1.254090309143066406e+00
0.000000000000000000e+00
0.000000000000000000e+00
3.125220537185668945e-01
2.201606035232543945e+00
1.126506552100181580e-01
3.675874695181846619e-02
1.505634933710098267e-02
1.541113018989562988e+00
8.659829944372177124e-02
0.000000000000000000e+00
1.797237060964107513e-02
1.425437331199645996e-01
6.674845814704895020e-01
8.236310482025146484e-01
3.158644735813140869e-01
3.862532377243041992e-01
7.184603810310363770e-01
1.504911929368972778e-01
2.238284498453140259e-01
5.673121809959411621e-01
1.534044981002807617e+00
1.914725303649902344e-01
2.901106774806976318e-01
1.180432081222534180e+00
6.344279646873474121e-02
1.005775108933448792e-01
9.208072423934936523e-01
3.916596621274948120e-02
1.632815599441528320e-01
1.906065344810485840e+00
4.228493943810462952e-02
1.053355336189270020e+00
5.314469709992408752e-02
6.572554260492324829e-02
6.577358245849609375e-01
4.435974359512329102e-01
3.414790332317352295e-01
4.496847093105316162e-01
2.217956781387329102e+00
9.294881224632263184e-01
2.852144241333007812e-01
1.881502717733383179e-01
6.035046577453613281e-01
6.710892776027321815e-04
4.722283184528350830e-01
0.000000000000000000e+00
6.795003414154052734e-01
3.429547548294067383e-01
3.376851603388786316e-02
3.038532845675945282e-02
1.862741559743881226e-01
6.394236683845520020e-01
1.385035753250122070e+00
3.320477604866027832e-01
5.941716432571411133e-01
1.638195961713790894e-01
1.491094112396240234e+00
4.402728080749511719e-01
1.633456163108348846e-02
1.551417469978332520e+00
6.476872563362121582e-01
1.205060705542564392e-01
6.895424723625183105e-01
2.672713279724121094e+00
6.547374725341796875e-01
1.363226026296615601e-01
4.714729785919189453e-01
5.915338639169931412e-03
2.363897800445556641e+00
5.339590134099125862e-04
1.059783577919006348e+00
3.339937627315521240e-01
9.843572974205017090e-02
2.473278343677520752e-01
3.674764335155487061e-01
4.236395359039306641e-01
3.473554924130439758e-02
2.116589806973934174e-02
6.201038509607315063e-02
0.000000000000000000e+00
4.143487215042114258e-01
3.629066348075866699e-01
1.454792022705078125e-01
1.157705709338188171e-01
0.000000000000000000e+00
7.226002812385559082e-01
1.422405987977981567e-02
4.446047171950340271e-02
6.968352943658828735e-02
4.265352189540863037e-01
7.873840332031250000e-01
1.685688346624374390e-01
2.628950476646423340e-01
1.166942834854125977e+00
1.115482568740844727e+00
1.832559704780578613e-01
3.250837624073028564e-01
1.275898218154907227e+00
1.170595139265060425e-01
4.299227893352508545e-02
8.740335702896118164e-02
7.605711817741394043e-01
1.351819932460784912e-01
2.645931839942932129e-01
1.998599618673324585e-01
4.946874380111694336e-01
7.276726514101028442e-02
3.542466554790735245e-03
8.555015325546264648e-01
6.457415968179702759e-02
7.933184504508972168e-01
9.347524642944335938e-01
1.027478277683258057e-01
2.964754402637481689e-02
1.495777517557144165e-01
1.839419826865196228e-02
0.000000000000000000e+00
5.888984799385070801e-01
8.040845990180969238e-01
1.806769251823425293e+00
9.449704289436340332e-01
8.119520545005798340e-01
3.420107364654541016e-01
0.000000000000000000e+00
1.946397721767425537e-01
4.449284635484218597e-03
2.914936840534210205e-02
0.000000000000000000e+00
1.710531264543533325e-01
3.171176016330718994e-01
4.142792820930480957e-01
1.640275679528713226e-02
1.731541305780410767e-01
3.115140199661254883e-01
1.410525739192962646e-01
1.110577464103698730e+00
0.000000000000000000e+00
5.590617656707763672e-01
6.350927054882049561e-02
1.183825805783271790e-01
1.248746514320373535e+00
7.216950505971908569e-02
0.000000000000000000e+00
1.151427254080772400e-01
4.026768729090690613e-03
1.053249001502990723e+00
3.449671566486358643e-01
0.000000000000000000e+00
5.131582617759704590e-01
5.803470611572265625e-01
0.000000000000000000e+00
0.000000000000000000e+00
2.304483503103256226e-01
1.009149923920631409e-01
2.367131710052490234e-01
1.710772871971130371e+00
1.144454360008239746e+00
9.057475328445434570e-01
2.412239760160446167e-01
2.128896713256835938e-01
4.773389548063278198e-03
7.693393528461456299e-02
3.388778865337371826e-02
1.566003412008285522e-01
4.567071497440338135e-01
3.834343552589416504e-01
5.867058634757995605e-01
2.325299568474292755e-02
5.465991422533988953e-02
9.293378144502639771e-02
2.352322218939661980e-03
3.996018171310424805e-01
4.812599718570709229e-02
3.622757196426391602e-01
1.134554892778396606e-01
8.279457688331604004e-01
3.127208212390542030e-03
1.528694182634353638e-01
7.084312383085489273e-03
1.815308928489685059e-01
1.440649867057800293e+00
9.311635792255401611e-02
7.011579871177673340e-01
7.642570137977600098e-01
1.997857213020324707e+00
8.809096366167068481e-02
7.765144109725952148e-01
1.119134187698364258e+00
1.290005207061767578e+00
1.594316679984331131e-03
2.607271969318389893e-01
6.515632867813110352e-01
6.746082305908203125e-01
8.651775121688842773e-01
6.579717397689819336e-01
9.529685601592063904e-03
6.614557653665542603e-02
3.494520112872123718e-02
3.102209046483039856e-02
3.313376605510711670e-01
0.000000000000000000e+00
2.619572162628173828e+00
1.184547543525695801e+00
1.233937263488769531e+00
1.158456597477197647e-02
5.442059785127639771e-02
1.235121395438909531e-03
0.000000000000000000e+00
0.000000000000000000e+00
0.000000000000000000e+00
2.215662896633148193e-01
0.000000000000000000e+00
1.581717655062675476e-02
2.466418147087097168e-01
7.888070493936538696e-02
6.941750645637512207e-01
2.379169225692749023e+00
6.420961022377014160e-02
1.718410551548004150e-01
1.584081530570983887e+00
2.180577218532562256e-01
2.162927150726318359e+00
3.572025522589683533e-02
7.244226932525634766e-01
2.658883929252624512e-01
3.935202956199645996e-01
1.243792414665222168e+00
6.706297397613525391e-02
6.747958064079284668e-01
4.263751208782196045e-01
3.242598474025726318e-02
1.298311948776245117e-01
4.649327695369720459e-01
2.222932100296020508e+00
1.453763246536254883e-01
1.180060744285583496e+00
8.513367772102355957e-01
7.768123745918273926e-01
4.857455492019653320e-01
2.128038406372070312e-01
3.437288850545883179e-02
8.510097116231918335e-02
2.548848045989871025e-03
1.905864119529724121e+00
7.927739620208740234e-01
2.203650474548339844e-01
1.307048439979553223e+00
4.753015339374542236e-01
1.745418906211853027e-01
3.656182587146759033e-01
3.210583925247192383e-01
2.458789795637130737e-01
0.000000000000000000e+00
1.136581152677536011e-01
0.000000000000000000e+00
4.985761642456054688e-01
6.646246314048767090e-01
0.000000000000000000e+00
5.694755166769027710e-02
5.240135788917541504e-01
1.954649567604064941e+00
0.000000000000000000e+00
1.080144345760345459e-01
2.038365900516510010e-01
6.823281645774841309e-01
1.303950548171997070e-01
2.218833658844232559e-03
1.227437332272529602e-01
1.010047569870948792e-01
5.963841676712036133e-01
4.804194271564483643e-01
7.582904696464538574e-01
9.147592186927795410e-01
1.747269416227936745e-03
9.181730151176452637e-01
3.528165817260742188e-01
1.812353283166885376e-01
4.410846829414367676e-01
2.353272866457700729e-03
2.076213359832763672e+00
1.316496253013610840e+00
5.441905856132507324e-01
8.393590450286865234e-01
0.000000000000000000e+00
5.090001225471496582e-01
1.277943849563598633e-01
5.275413393974304199e-01
3.958871066570281982e-01
5.431914329528808594e-01
9.048352837562561035e-01
2.118640542030334473e-01
8.532611727714538574e-01
1.321700215339660645e+00
1.989405304193496704e-01
1.797228455543518066e+00
6.716390848159790039e-01
0.000000000000000000e+00
1.077867746353149414e+00
6.619712710380554199e-01
5.199641585350036621e-01
3.121285140514373779e-01
4.104604013264179230e-03
2.002675831317901611e-02
1.605814099311828613e+00
6.161883100867271423e-02
2.293912507593631744e-02
4.492324292659759521e-01
4.793780446052551270e-01
7.345144748687744141e-01
5.096192359924316406e-01
2.384364604949951172e-01
8.434321731328964233e-02
4.024233669042587280e-02
2.539364993572235107e-01
1.368680298328399658e-01
5.627479869872331619e-03
0.000000000000000000e+00
3.361556529998779297e+00
3.721053004264831543e-01
1.275428198277950287e-02
2.297708541154861450e-01
1.218882948160171509e-01
5.246664583683013916e-02
2.271314524114131927e-02
2.288137078285217285e-01
1.761577367782592773e+00
1.141021728515625000e+00
6.797246932983398438e-01
1.663907915353775024e-01
6.322068572044372559e-01
1.875474303960800171e-02
7.690605241805315018e-03
