1.265643979422748089e-03
1.109624281525611877e-02
6.969330906867980957e-01
3.083876609802246094e+00
2.360551208257675171e-01
4.506944119930267334e-01
1.184802293777465820e+00
4.392230510711669922e+00
6.506171703338623047e+00
9.314783811569213867e-01
4.937267303466796875e-02
1.367697238922119141e+00
1.228592917323112488e-01
9.172095060348510742e-01
2.831516027450561523e+00
9.876600503921508789e-01
4.945802390575408936e-01
5.926286578178405762e-01
6.140756011009216309e-01
7.904025167226791382e-02
8.735119104385375977e-01
5.090156570076942444e-03
4.513789117336273193e-01
3.327226161956787109e+00
1.443924009799957275e-01
4.079094156622886658e-03
2.096503041684627533e-02
1.345914840698242188e+00
6.592058390378952026e-02
2.708912491798400879e-01
1.198936812579631805e-02
8.198459446430206299e-02
5.057468414306640625e-01
9.764537811279296875e-01
3.911027908325195312e-01
1.927054286003112793e+00
2.796411514282226562e-01
7.127935290336608887e-01
4.235437512397766113e-02
3.738608658313751221e-01
4.291081130504608154e-01
0.000000000000000000e+00
1.339065313339233398e+00
3.765857219696044922e+00
6.060575246810913086e-01
1.157856464385986328e+00
4.603308811783790588e-02
2.212390005588531494e-01
1.892566797323524952e-03
6.476212143898010254e-01
3.155461549758911133e+00
1.692110789008438587e-03
1.018776178359985352e+00
4.698085039854049683e-02
8.807017207145690918e-01
9.865769147872924805e-01
6.650654673576354980e-01
5.320231430232524872e-03
4.113561630249023438e+00
9.005511552095413208e-02
4.037849977612495422e-02
4.000495374202728271e-01
3.808431029319763184e-01
2.839796543121337891e-01
9.523084759712219238e-01
7.355955243110656738e-01
4.437069594860076904e-01
6.840604543685913086e-01
9.873672723770141602e-01
1.455472588539123535e+00
0.000000000000000000e+00
0.000000000000000000e+00
4.058288931846618652e-01
8.042422533035278320e-01
5.075919628143310547e-01
9.046306014060974121e-01
1.571137271821498871e-02
1.123956322669982910e+00
6.568182706832885742e-01
6.282652020454406738e-01
5.129291415214538574e-01
8.573979735374450684e-01
2.256727695465087891e+00
2.162358164787292480e-02
1.425792574882507324e+00
4.769250750541687012e-01
1.513207554817199707e+00
5.477210879325866699e-01
1.347787380218505859e+00
1.781773567199707031e-01
1.374571700580418110e-03
0.000000000000000000e+00
1.047436669468879700e-01
0.000000000000000000e+00
1.543221592903137207e+00
2.935013175010681152e-01
2.022580653429031372e-01
2.163218736648559570e+00
2.115471810102462769e-01
3.308194875717163086e-01
1.775159314274787903e-02
3.185345232486724854e-01
0.000000000000000000e+00
3.031758785247802734e+00
1.452091932296752930e+00
1.820272505283355713e-01
1.549539446830749512e+00
6.866829991340637207e-01
3.276318907737731934e-01
1.384154856204986572e-01
1.487571358680725098e+00
8.248189091682434082e-02
4.830653667449951172e-01
7.123864442110061646e-02
4.662630856037139893e-01
7.237972319126129150e-02
2.823256850242614746e-01
1.113118410110473633e+00
1.473406434059143066e+00
1.478608965873718262e+00
2.059412717819213867e+00
3.871743679046630859e-01
6.505244970321655273e-02
1.961400866508483887e+00
1.320076465606689453e+00
8.005986213684082031e-01
5.574847757816314697e-02
4.724676012992858887e-01
2.056063175201416016e+00
3.804901838302612305e-01
2.515402436256408691e-01
1.634206920862197876e-01
6.828252077102661133e-01
5.002885460853576660e-01
1.559032350778579712e-01
8.037222921848297119e-02
8.504214286804199219e-01
4.215741157531738281e+00
0.000000000000000000e+00
0.000000000000000000e+00
1.791375130414962769e-01
3.390578329563140869e-01
1.682743430137634277e+00
1.681980094872415066e-03
1.048837006092071533e-01
4.285471439361572266e-01
1.169320583343505859e+00
6.733574271202087402e-01
1.566731691360473633e+00
1.786578744649887085e-01
4.644047737121582031e+00
4.604682028293609619e-01
5.493206977844238281e-01
1.890204101800918579e-01
1.759847760200500488e+00
7.718162536621093750e-01
7.778041362762451172e-01
7.962491512298583984e-01
2.112144947052001953e+00
3.911550045013427734e-01
9.187908144667744637e-04
7.501506209373474121e-01
3.682048991322517395e-02
3.846587846055626869e-03
5.895296931266784668e-01
4.777336120605468750e-01
2.787066623568534851e-04
0.000000000000000000e+00
5.386365652084350586e-01
1.046216011047363281e+00
1.548943761736154556e-02
5.730247497558593750e-01
4.511213675141334534e-02
6.185852885246276855e-01
8.987178802490234375e-01
6.372516632080078125e+00
1.163897067308425903e-01
4.327572416514158249e-03
1.025137212127447128e-02
3.017593026161193848e-01
2.149841748178005219e-02
4.003888368606567383e-01
6.508901715278625488e-01
3.973400354385375977e+00
3.687615096569061279e-01
6.473767571151256561e-03
1.130764931440353394e-01
2.202528119087219238e-01
0.000000000000000000e+00
7.176097016781568527e-03
0.000000000000000000e+00
1.602323725819587708e-02
9.545605778694152832e-01
6.869664192199707031e-01
5.059989690780639648e-01
9.619313478469848633e-01
7.050550580024719238e-01
4.165784716606140137e-01
3.426176682114601135e-02
1.653024077415466309e+00
1.584658026695251465e+00
1.303763836622238159e-01
3.742416501045227051e-01
5.491473078727722168e-01
3.915002048015594482e-01
0.000000000000000000e+00
8.240232467651367188e-01
9.279168210923671722e-03
1.116287469863891602e+00
1.532108187675476074e+00
5.122430920600891113e-01
1.463637709617614746e+00
3.708778917789459229e-01
1.720546483993530273e+00
6.293147802352905273e-01
4.248629808425903320e-01
2.187362164258956909e-01
1.012929916381835938e+00
2.179789304733276367e+00
6.590840816497802734e-01
2.106056176126003265e-02
3.558048307895660400e-01
1.075764656066894531e+00
5.482677221298217773e-01
1.194381475448608398e+00
0.000000000000000000e+00
7.708346247673034668e-01
4.780209362506866455e-01
1.040328852832317352e-02
5.832799524068832397e-02
3.306890428066253662e-01
7.029577493667602539e-01
2.987900972366333008e+00
6.484723091125488281e-01
1.489261507987976074e+00
5.526527166366577148e-01
2.394961357116699219e+00
1.190491318702697754e+00
0.000000000000000000e+00
7.456952929496765137e-01
9.174889922142028809e-01
0.000000000000000000e+00
4.705142080783843994e-01
2.628421306610107422e+00
7.505789399147033691e-01
9.690764546394348145e-02
3.860141932964324951e-01
5.035918671637773514e-03
2.759041786193847656e+00
2.700285613536834717e-01
1.159329533576965332e+00
4.910920560359954834e-01
6.734248995780944824e-02
1.270764946937561035e+00
1.027936577796936035e+00
2.008420377969741821e-01
0.000000000000000000e+00
0.000000000000000000e+00
5.370637774467468262e-01
7.400068640708923340e-02
1.164741992950439453e+00
1.195491850376129150e-01
0.000000000000000000e+00
9.218394011259078979e-02
0.000000000000000000e+00
2.527681291103363037e-01
9.368499517440795898e-01
0.000000000000000000e+00
4.094959199428558350e-01
3.737051784992218018e-01
1.306733369827270508e+00
7.939943112432956696e-03
1.568991184234619141e+00
4.524875059723854065e-02
3.294414281845092773e-01
5.049620270729064941e-01
1.300250411033630371e+00
1.312712192535400391e+00
5.444996953010559082e-01
4.477328360080718994e-01
2.242767363786697388e-01
5.873167514801025391e-01
2.466362565755844116e-01
5.183131247758865356e-02
4.291788637638092041e-01
1.165149450302124023e+00
6.561173796653747559e-01
4.113061819225549698e-03
2.346593439579010010e-01
2.932290546596050262e-03
5.433619022369384766e-01
1.109313368797302246e+00
9.462792873382568359e-01
9.435927122831344604e-02
5.674653053283691406e-01
3.946683108806610107e-01
1.545350253582000732e-01
5.554817318916320801e-01
2.345190197229385376e-01
5.609462738037109375e+00
5.056861639022827148e-01
5.364029407501220703e-01
1.168232202529907227e+00
0.000000000000000000e+00
1.015768051147460938e-01
2.579387426376342773e-01
6.805207580327987671e-02
0.000000000000000000e+00
3.685703873634338379e-01
6.177042722702026367e-01
8.486773967742919922e-01
2.545637264847755432e-02
4.191924929618835449e-01
2.798479497432708740e-01
7.129602879285812378e-02
1.126534461975097656e+00
2.480087336152791977e-03
6.005759835243225098e-01
6.154211163520812988e-01
0.000000000000000000e+00
2.106673955917358398e+00
8.131195791065692902e-03
0.000000000000000000e+00
2.628261446952819824e-01
0.000000000000000000e+00
7.557564973831176758e-01
2.367001473903656006e-01
0.000000000000000000e+00
8.045785427093505859e-01
6.137284636497497559e-01
0.000000000000000000e+00
0.000000000000000000e+00
8.910039067268371582e-02
4.612825214862823486e-01
1.142564788460731506e-01
1.180195808410644531e+00
8.654482960700988770e-01
6.214146614074707031e-01
7.870396971702575684e-01
7.649136781692504883e-01
1.535264253616333008e-01
4.907977208495140076e-02
1.462255567312240601e-01
1.916395723819732666e-01
1.127777576446533203e+00
7.265427708625793457e-01
4.578738473355770111e-03
0.000000000000000000e+00
5.790024399757385254e-01
5.293025970458984375e-01
5.741753801703453064e-02
1.179127022624015808e-01
7.665161788463592529e-02
1.220644637942314148e-01
8.192837238311767578e-03
8.849445581436157227e-01
4.162530240137130022e-04
6.144120097160339355e-01
0.000000000000000000e+00
3.129203319549560547e-01
1.534589886665344238e+00
5.277730524539947510e-02
4.352996647357940674e-01
7.318096160888671875e-01
1.313717246055603027e+00
8.454861640930175781e-01
1.215990066528320312e+00
1.770712256431579590e+00
1.797299146652221680e+00
0.000000000000000000e+00
2.437810003757476807e-01
1.104187011718750000e+00
6.997421979904174805e-01
4.835274219512939453e-01
1.346513628959655762e+00
8.055634680204093456e-04
4.987504184246063232e-01
0.000000000000000000e+00
4.798407256603240967e-01
8.776123523712158203e-01
3.099982440471649170e-01
3.198315620422363281e+00
2.145316362380981445e+00
4.918231368064880371e-01
7.339010480791330338e-03
1.136269569396972656e+00
5.007571354508399963e-02
0.000000000000000000e+00
0.000000000000000000e+00
4.124276340007781982e-01
1.972952038049697876e-01
0.000000000000000000e+00
6.550457794219255447e-03
2.160891145467758179e-02
1.274603158235549927e-01
8.733825683593750000e-01
2.677948474884033203e+00
5.321239680051803589e-02
2.462657392024993896e-01
1.445389747619628906e+00
1.051907241344451904e-01
1.747120358049869537e-02
0.000000000000000000e+00
2.695031464099884033e-01
7.732050418853759766e-01
1.482799500226974487e-01
1.104154467582702637e+00
1.480473875999450684e-01
1.902253270149230957e+00
3.853421509265899658e-01
1.114137470722198486e-01
0.000000000000000000e+00
8.411239385604858398e-01
1.935044407844543457e+00
3.199380338191986084e-01
5.637105107307434082e-01
1.968171715736389160e+00
5.050233602523803711e-01
2.909591794013977051e-01
6.148240715265274048e-02
0.000000000000000000e+00
9.961736947298049927e-02
0.000000000000000000e+00
3.825947046279907227e+00
4.485976994037628174e-01
1.680411219596862793e+00
2.029977560043334961e+00
8.982676267623901367e-01
1.625183820724487305e-01
7.492944002151489258e-01
1.007807254791259766e-01
1.274599879980087280e-01
1.738500744104385376e-01
2.704552188515663147e-02
6.602916866540908813e-02
2.257843613624572754e-01
2.787641063332557678e-02
0.000000000000000000e+00
3.755929321050643921e-02
5.982096791267395020e-01
1.670787692070007324e+00
0.000000000000000000e+00
5.299881473183631897e-02
1.139549911022186279e-01
1.878711938858032227e+00
0.000000000000000000e+00
2.714066505432128906e-01
2.312805801630020142e-01
1.015398725867271423e-01
3.701501488685607910e-01
3.606172502040863037e-01
1.079525232315063477e+00
1.465648651123046875e+00
0.000000000000000000e+00
6.381762027740478516e-01
5.822391808032989502e-02
0.000000000000000000e+00
5.078892782330513000e-02
0.000000000000000000e+00
2.198733329772949219e+00
2.065782308578491211e+00
2.004110068082809448e-01
2.351301908493041992e+00
0.000000000000000000e+00
1.550082087516784668e+00
5.345043912529945374e-02
2.705712616443634033e-01
1.517763584852218628e-01
1.672793149948120117e+00
7.319636940956115723e-01
2.715206518769264221e-02
1.075576782226562500e+00
1.030386239290237427e-01
2.168596535921096802e-01
3.218726158142089844e+00
1.075931861996650696e-01
0.000000000000000000e+00
4.076329469680786133e-01
1.368825584650039673e-01
5.499740242958068848e-01
7.452426552772521973e-01
7.410788536071777344e-02
5.384830292314291000e-03
1.343380928039550781e+00
4.070472717285156250e-01
1.425560330972075462e-03
4.935500323772430420e-01
4.784276336431503296e-02
1.199353694915771484e+00
1.860443949699401855e-01
4.173789918422698975e-01
4.290427267551422119e-01
2.817635238170623779e-01
3.469212725758552551e-02
1.288138270378112793e+00
0.000000000000000000e+00
9.954682737588882446e-02
2.184419155120849609e+00
1.497979164123535156e-01
4.280369356274604797e-02
2.975310683250427246e-01
6.775177717208862305e-01
8.649036288261413574e-01
9.565351903438568115e-02
6.045350432395935059e-01
2.497691392898559570e+00
2.135476589202880859e+00
9.612069725990295410e-01
3.257869780063629150e-01
4.571032896637916565e-02
0.000000000000000000e+00
0.000000000000000000e+00
