1.366871148347854614e-01
0.000000000000000000e+00
5.542939305305480957e-01
2.519239902496337891e+00
2.700578272342681885e-01
3.945152163505554199e-01
1.192333459854125977e+00
2.388897180557250977e+00
7.020669460296630859e+00
1.545646667480468750e+00
1.222153007984161377e-01
1.932988643646240234e+00
3.766488283872604370e-02
1.514840722084045410e+00
2.536129474639892578e+00
1.272090196609497070e+00
6.983023285865783691e-01
1.157311081886291504e+00
5.562255978584289551e-01
3.642101958394050598e-02
1.630752325057983398e+00
0.000000000000000000e+00
5.389744639396667480e-01
1.706818342208862305e+00
2.539562582969665527e-01
1.345045268535614014e-01
8.495674468576908112e-03
9.361726045608520508e-01
4.745669364929199219e-01
1.697716712951660156e-01
0.000000000000000000e+00
2.290886268019676208e-02
3.892081379890441895e-01
1.847434759140014648e+00
8.092302680015563965e-01
3.657289505004882812e+00
3.227110803127288818e-01
1.899623572826385498e-01
2.590823546051979065e-02
7.734560370445251465e-01
5.773555636405944824e-01
1.274080425500869751e-01
1.065586805343627930e+00
5.131778240203857422e+00
4.644798338413238525e-01
2.531670093536376953e+00
4.671273529529571533e-01
9.855986237525939941e-01
6.886233091354370117e-01
1.555352449417114258e+00
4.273491382598876953e+00
0.000000000000000000e+00
1.879233837127685547e+00
6.230494379997253418e-02
1.957128047943115234e+00
7.683079838752746582e-01
7.557276487350463867e-01
8.701534271240234375e-01
3.934128761291503906e+00
2.209561318159103394e-01
0.000000000000000000e+00
4.667776226997375488e-01
5.649313703179359436e-02
3.754454255104064941e-01
9.927157163619995117e-01
4.173572957515716553e-01
2.997471094131469727e-01
6.089342832565307617e-01
1.748243927955627441e+00
1.019829869270324707e+00
0.000000000000000000e+00
4.152529407292604446e-03
5.053251385688781738e-01
1.082593202590942383e+00
4.452284574508666992e-01
4.283661544322967529e-01
1.042866893112659454e-02
1.698609590530395508e+00
4.426067769527435303e-01
6.463412046432495117e-01
5.691352486610412598e-01
1.418547511100769043e+00
2.808875083923339844e+00
2.640107572078704834e-01
1.327860116958618164e+00
5.304866433143615723e-01
1.971759676933288574e+00
1.414966732263565063e-01
1.079135656356811523e+00
3.219665288925170898e-01
0.000000000000000000e+00
0.000000000000000000e+00
0.000000000000000000e+00
0.000000000000000000e+00
2.552628993988037109e+00
8.857979774475097656e-01
1.057951688766479492e+00
2.466892719268798828e+00
4.607326537370681763e-02
2.130698561668395996e-01
0.000000000000000000e+00
7.942833751440048218e-02
2.562162466347217560e-03
3.170552968978881836e+00
7.188438177108764648e-01
4.232541620731353760e-01
2.034610509872436523e+00
6.115595102310180664e-01
1.368013143539428711e+00
4.739318788051605225e-02
1.712986230850219727e+00
5.181515961885452271e-02
3.292911350727081299e-01
1.667930781841278076e-01
7.455210685729980469e-01
1.666518598794937134e-01
3.234944641590118408e-01
1.761297702789306641e+00
2.247966289520263672e+00
2.594974040985107422e+00
6.277068853378295898e-01
2.569483220577239990e-01
6.250784546136856079e-02
2.037087202072143555e+00
1.206331610679626465e+00
1.311876535415649414e+00
0.000000000000000000e+00
3.275173008441925049e-01
1.626561164855957031e+00
1.242545805871486664e-02
6.944320201873779297e-01
4.125631451606750488e-01
3.146955072879791260e-01
6.586416810750961304e-02
4.754636585712432861e-01
1.247765198349952698e-01
2.782138586044311523e-01
4.901173114776611328e+00
0.000000000000000000e+00
6.410210579633712769e-02
1.498265657573938370e-03
6.039971113204956055e-01
1.664328098297119141e+00
0.000000000000000000e+00
0.000000000000000000e+00
1.250706519931554794e-02
1.895319938659667969e+00
5.740055441856384277e-01
1.892135858535766602e+00
6.863738596439361572e-02
5.336831092834472656e+00
1.421558111906051636e-01
8.377066254615783691e-01
5.504158735275268555e-01
1.589217305183410645e+00
1.473718285560607910e+00
9.489135742187500000e-01
5.420449376106262207e-01
2.159262180328369141e+00
2.717401981353759766e-01
0.000000000000000000e+00
1.309121966361999512e+00
6.608679294586181641e-01
0.000000000000000000e+00
1.467668294906616211e+00
3.433755040168762207e-01
0.000000000000000000e+00
0.000000000000000000e+00
1.242673754692077637e+00
2.015378236770629883e+00
2.068632990121841431e-01
3.073543012142181396e-01
1.042596846818923950e-01
1.545170187950134277e+00
1.598797321319580078e+00
7.642189502716064453e+00
1.534694880247116089e-01
4.218013212084770203e-02
1.329088807106018066e-01
2.031487971544265747e-01
1.497754305601119995e-01
1.223770976066589355e+00
1.127338290214538574e+00
4.781274318695068359e+00
7.027651369571685791e-02
1.048609893769025803e-02
5.813572406768798828e-01
1.619298815727233887e+00
3.773418068885803223e-02
1.563870348036289215e-02
0.000000000000000000e+00
3.995776176452636719e-02
1.652395367622375488e+00
8.930885791778564453e-01
1.155941247940063477e+00
6.515462994575500488e-01
1.042622447013854980e+00
1.142191737890243530e-01
2.645951509475708008e-01
1.280576825141906738e+00
9.936122894287109375e-01
9.306012094020843506e-02
7.277645915746688843e-02
3.314724266529083252e-01
1.113428831100463867e+00
0.000000000000000000e+00
8.971282839775085449e-01
4.639992956072092056e-03
8.736602663993835449e-01
1.215852022171020508e+00
1.153648495674133301e-01
7.536481022834777832e-01
4.839429855346679688e-01
1.333143830299377441e+00
7.702016234397888184e-01
1.532102972269058228e-01
3.557471334934234619e-01
5.773457288742065430e-01
2.528418779373168945e+00
1.387238025665283203e+00
8.279750496149063110e-02
4.770519211888313293e-02
5.526288747787475586e-01
5.168051123619079590e-01
5.105475783348083496e-01
0.000000000000000000e+00
3.451020419597625732e-01
5.290669798851013184e-01
9.861883707344532013e-03
3.322348296642303467e-01
1.430919021368026733e-01
4.581093192100524902e-01
3.323320388793945312e+00
1.512723445892333984e+00
1.629161596298217773e+00
1.153839230537414551e+00
2.804961681365966797e+00
4.089663028717041016e-01
1.834960281848907471e-01
1.057697534561157227e+00
3.557968735694885254e-01
4.633001089096069336e-01
1.319821327924728394e-01
3.063233375549316406e+00
6.581898927688598633e-01
2.602773308753967285e-01
1.789176464080810547e-01
0.000000000000000000e+00
2.349838256835937500e+00
1.154379844665527344e+00
2.460715025663375854e-01
5.802307128906250000e-01
0.000000000000000000e+00
1.071001410484313965e+00
1.023187279701232910e+00
2.034081220626831055e-01
0.000000000000000000e+00
1.009940449148416519e-02
1.008628964424133301e+00
5.411711987107992172e-03
1.331614136695861816e+00
7.977721095085144043e-01
3.263382017612457275e-01
2.316295653581619263e-01
0.000000000000000000e+00
7.666447758674621582e-02
2.046008110046386719e+00
0.000000000000000000e+00
4.203424155712127686e-01
5.543680191040039062e-01
2.152506351470947266e+00
0.000000000000000000e+00
1.238632917404174805e+00
1.731145195662975311e-02
1.246341466903686523e-01
1.051330804824829102e+00
1.156822681427001953e+00
1.171364903450012207e+00
1.872196435928344727e+00
2.331848889589309692e-01
1.317497849464416504e+00
3.206815123558044434e-01
1.356209665536880493e-01
3.749507069587707520e-01
1.050682067871093750e-01
1.754299879074096680e+00
1.463854193687438965e+00
3.466053605079650879e-01
0.000000000000000000e+00
2.093433439731597900e-01
1.661683320999145508e+00
1.701284527778625488e+00
5.407783389091491699e-01
5.293861031532287598e-01
9.617357850074768066e-01
3.940741121768951416e-01
2.130006998777389526e-01
2.969025969505310059e-01
9.648737907409667969e-01
6.947964191436767578e+00
5.923964977264404297e-01
5.167515277862548828e-01
9.292628765106201172e-01
1.034887135028839111e-01
6.117892265319824219e-02
3.623474836349487305e-01
1.541317999362945557e-01
0.000000000000000000e+00
4.567084461450576782e-02
1.412196278572082520e+00
4.946615397930145264e-01
1.622527092695236206e-02
2.096556425094604492e-01
1.245648384094238281e+00
7.332034707069396973e-01
4.225705265998840332e-01
0.000000000000000000e+00
2.865790724754333496e-01
1.930424213409423828e+00
0.000000000000000000e+00
3.296663522720336914e+00
0.000000000000000000e+00
3.545503020286560059e-01
5.206590890884399414e-01
0.000000000000000000e+00
3.558798730373382568e-01
2.345489114522933960e-01
0.000000000000000000e+00
5.758458375930786133e-01
9.783572554588317871e-01
0.000000000000000000e+00
9.632593719288706779e-04
6.751706004142761230e-01
2.148072570562362671e-01
1.644156686961650848e-02
1.107622504234313965e+00
1.665071368217468262e+00
4.912633597850799561e-01
1.193029403686523438e+00
1.081741333007812500e+00
2.431301921606063843e-01
0.000000000000000000e+00
6.732606291770935059e-01
3.210218250751495361e-01
7.716054320335388184e-01
1.209681749343872070e+00
1.085904911160469055e-01
1.545372903347015381e-01
7.614383697509765625e-01
2.506114840507507324e-01
6.826618313789367676e-02
1.223144054412841797e+00
4.968736693263053894e-02
3.327489271759986877e-02
5.441685207188129425e-03
8.179141879081726074e-01
2.560293767601251602e-03
3.455111384391784668e-01
5.362662300467491150e-02
9.097656011581420898e-01
3.770589530467987061e-01
0.000000000000000000e+00
1.517515182495117188e+00
1.235562205314636230e+00
1.585880041122436523e+00
1.287460565567016602e+00
1.099192023277282715e+00
2.324644327163696289e+00
2.410750865936279297e+00
1.868839561939239502e-01
3.068310916423797607e-01
2.577148675918579102e+00
1.748929381370544434e+00
3.274659812450408936e-01
1.257328033447265625e+00
0.000000000000000000e+00
1.472133491188287735e-02
0.000000000000000000e+00
7.692710757255554199e-01
4.719831943511962891e-01
4.789161682128906250e-01
3.966323137283325195e+00
2.060530900955200195e+00
1.615216612815856934e+00
0.000000000000000000e+00
7.520315647125244141e-01
6.423034518957138062e-02
1.062239613384008408e-02
0.000000000000000000e+00
7.533814907073974609e-01
0.000000000000000000e+00
4.927572980523109436e-02
0.000000000000000000e+00
6.797162443399429321e-02
2.037284374237060547e-01
6.734706163406372070e-01
2.046763896942138672e+00
2.820261754095554352e-02
6.235458850860595703e-01
1.893120527267456055e+00
0.000000000000000000e+00
1.021733283996582031e-01
9.367123246192932129e-02
1.023855581879615784e-01
7.583588957786560059e-01
6.725668162107467651e-02
1.870792269706726074e+00
1.577666699886322021e-01
1.221669435501098633e+00
4.148435592651367188e-01
2.771035432815551758e-01
1.224682928295806050e-04
7.705457806587219238e-01
2.139843225479125977e+00
1.525745354592800140e-02
3.690419252961874008e-04
3.151274919509887695e+00
3.738740384578704834e-01
9.121633172035217285e-01
8.088945597410202026e-02
3.883085679262876511e-03
4.484479725360870361e-01
0.000000000000000000e+00
4.505776405334472656e+00
1.972317546606063843e-01
1.677770495414733887e+00
9.309337139129638672e-01
1.427119374275207520e+00
0.000000000000000000e+00
2.420791149139404297e+00
7.208503037691116333e-02
9.618581831455230713e-02
1.264562159776687622e-01
5.847655981779098511e-02
5.190976262092590332e-01
1.983827799558639526e-01
6.895554065704345703e-01
0.000000000000000000e+00
2.661134898662567139e-01
8.151232600212097168e-01
1.116571187973022461e+00
0.000000000000000000e+00
4.251510500907897949e-01
1.046995520591735840e+00
1.295757055282592773e+00
0.000000000000000000e+00
1.847804710268974304e-02
0.000000000000000000e+00
7.338179647922515869e-02
3.808887302875518799e-01
7.686228752136230469e-01
4.108348786830902100e-01
1.986608386039733887e+00
0.000000000000000000e+00
1.138575434684753418e+00
5.976989865303039551e-02
8.191278902813792229e-04
1.077721267938613892e-02
0.000000000000000000e+00
1.981087446212768555e+00
2.343568801879882812e+00
9.419845789670944214e-02
3.392091751098632812e+00
0.000000000000000000e+00
9.199379086494445801e-01
1.381481904536485672e-02
6.628642082214355469e-01
1.973342597484588623e-01
1.925643086433410645e+00
4.097576141357421875e-01
3.559058997780084610e-03
1.073827743530273438e+00
5.766314864158630371e-01
2.526073455810546875e-01
2.986390113830566406e+00
1.880947798490524292e-01
3.885474428534507751e-02
3.500407338142395020e-01
3.055085195228457451e-03
5.587961673736572266e-01
2.770563960075378418e-01
5.779365077614784241e-02
6.131442189216613770e-01
1.543552279472351074e+00
1.337129712104797363e+00
0.000000000000000000e+00
1.516646891832351685e-01
1.204735860228538513e-01
4.671351313591003418e-01
3.248472213745117188e-01
7.131165266036987305e-01
3.238720297813415527e-01
5.270877107977867126e-02
5.750476717948913574e-01
1.780861377716064453e+00
2.007973147556185722e-03
5.749209523200988770e-01
1.597723364830017090e+00
7.617995142936706543e-01
0.000000000000000000e+00
3.036122396588325500e-02
1.610361456871032715e+00
9.211804866790771484e-01
3.160246908664703369e-01
5.391973257064819336e-01
2.911020755767822266e+00
2.608330249786376953e+00
5.312443971633911133e-01
3.683505058288574219e-01
8.357883691787719727e-01
0.000000000000000000e+00
0.000000000000000000e+00
