3.779650926589965820e-01
0.000000000000000000e+00
3.933930695056915283e-01
3.177409887313842773e+00
9.323899745941162109e-01
5.269383788108825684e-01
7.722631692886352539e-01
3.298808813095092773e+00
5.584169864654541016e+00
2.267515182495117188e+00
1.114623621106147766e-02
2.127080440521240234e+00
4.162167012691497803e-01
4.375409483909606934e-01
3.532895088195800781e+00
1.097672820091247559e+00
1.058729648590087891e+00
1.697619676589965820e+00
1.992073059082031250e-01
1.037603430449962616e-02
1.366058468818664551e+00
0.000000000000000000e+00
1.298760175704956055e-01
2.013657331466674805e+00
8.320757001638412476e-02
7.921879738569259644e-02
7.678306847810745239e-02
1.819488525390625000e+00
2.429431974887847900e-01
8.610720038414001465e-01
1.722971536219120026e-02
3.494145870208740234e-01
1.065808534622192383e+00
7.299972176551818848e-01
9.186742305755615234e-01
3.756079673767089844e+00
4.207318648695945740e-02
2.357973307371139526e-01
7.336672395467758179e-02
1.118581652641296387e+00
9.043526053428649902e-01
6.264808773994445801e-02
7.026830911636352539e-01
4.776998519897460938e+00
1.234564483165740967e-01
7.631269693374633789e-01
4.668859392404556274e-02
1.036751389503479004e+00
1.951207071542739868e-01
1.974119305610656738e+00
3.104578018188476562e+00
0.000000000000000000e+00
1.941707372665405273e+00
1.335860490798950195e-01
1.452193737030029297e+00
2.175466567277908325e-01
4.994284510612487793e-01
2.720521390438079834e-01
2.784375190734863281e+00
2.020570784807205200e-01
0.000000000000000000e+00
3.118057847023010254e-01
4.208941459655761719e-01
1.281854987144470215e+00
1.126941919326782227e+00
7.900961637496948242e-01
8.674586564302444458e-02
1.246000409126281738e+00
1.394955873489379883e+00
9.535709023475646973e-01
2.743252844084054232e-04
1.241560354828834534e-01
7.577496767044067383e-02
9.251675605773925781e-01
1.219434887170791626e-01
5.919937491416931152e-01
2.328684367239475250e-02
1.543354511260986328e+00
1.093312740325927734e+00
1.362258076667785645e+00
2.925093173980712891e-01
7.228183746337890625e-01
2.418449878692626953e+00
2.253188192844390869e-01
2.021802663803100586e+00
3.603717088699340820e-01
2.676877260208129883e+00
3.035730719566345215e-01
1.450781464576721191e+00
2.794001437723636627e-02
1.519396807998418808e-02
1.349244732409715652e-02
4.511049389839172363e-01
0.000000000000000000e+00
9.047800898551940918e-01
1.607896447181701660e+00
1.005008339881896973e+00
1.177160263061523438e+00
1.241223886609077454e-02
1.208282336592674255e-01
0.000000000000000000e+00
5.482848882675170898e-01
1.598619371652603149e-01
3.564935684204101562e+00
8.128823637962341309e-01
3.218509852886199951e-01
1.762370228767395020e+00
1.018180489540100098e+00
1.995912492275238037e-01
2.832625210285186768e-01
1.891739845275878906e+00
2.867359519004821777e-01
1.165105342864990234e+00
4.353832304477691650e-01
4.090450704097747803e-01
2.200264334678649902e-01
9.018463641405105591e-02
1.609938859939575195e+00
1.301370382308959961e+00
2.196777343750000000e+00
1.212178945541381836e+00
2.672368586063385010e-01
1.635798662900924683e-01
2.078249931335449219e+00
7.114838361740112305e-01
5.171354413032531738e-01
0.000000000000000000e+00
1.108649253845214844e+00
2.327142477035522461e+00
7.627370357513427734e-01
1.833803951740264893e-01
8.106967806816101074e-01
9.211766719818115234e-01
4.406503736972808838e-01
7.418894767761230469e-01
5.133935809135437012e-02
6.804152131080627441e-01
3.658812761306762695e+00
0.000000000000000000e+00
1.512575298547744751e-01
2.411212921142578125e-01
9.474276900291442871e-01
2.664660930633544922e+00
2.598710358142852783e-01
1.040318794548511505e-02
4.201757013797760010e-01
1.309485316276550293e+00
8.148884773254394531e-01
1.173356294631958008e+00
6.158206611871719360e-02
6.702627658843994141e+00
2.208043336868286133e-01
7.653543949127197266e-01
5.548837184906005859e-01
2.267203807830810547e+00
2.584031820297241211e+00
6.928029060363769531e-01
2.129709571599960327e-01
3.489707708358764648e+00
1.820760220289230347e-01
2.099746018648147583e-01
1.713682532310485840e+00
8.321157693862915039e-01
5.923908948898315430e-02
7.163169384002685547e-01
2.032224982976913452e-01
0.000000000000000000e+00
3.599794115871191025e-03
8.618249297142028809e-01
2.334677696228027344e+00
1.582678914070129395e+00
4.476239904761314392e-03
8.585754781961441040e-02
5.463410615921020508e-01
1.684675514698028564e-01
8.052571296691894531e+00
0.000000000000000000e+00
6.760979536920785904e-03
1.358106732368469238e-01
9.787382483482360840e-01
2.531601814553141594e-03
8.308039605617523193e-02
5.474642515182495117e-01
4.167563915252685547e+00
3.982368707656860352e-01
3.936300054192543030e-02
2.955812811851501465e-01
2.284333705902099609e+00
5.044571589678525925e-03
0.000000000000000000e+00
0.000000000000000000e+00
0.000000000000000000e+00
1.148424506187438965e+00
2.064404934644699097e-01
9.651141762733459473e-01
4.806226789951324463e-01
1.381060242652893066e+00
2.740325033664703369e-01
3.874757587909698486e-01
1.506001353263854980e+00
1.653177857398986816e+00
4.656608998775482178e-01
2.473494261503219604e-01
2.934765219688415527e-01
1.507375836372375488e-01
3.757323622703552246e-01
6.356611847877502441e-01
6.437345743179321289e-01
2.149916589260101318e-01
2.261337757110595703e+00
1.862814724445343018e-01
2.090750336647033691e-01
7.072920203208923340e-01
9.553494453430175781e-01
5.179038643836975098e-01
1.045571088790893555e+00
4.358714222908020020e-01
3.169873356819152832e-01
2.053705930709838867e+00
7.138263583183288574e-01
9.387813806533813477e-01
1.837509721517562866e-01
1.071666955947875977e+00
2.999555468559265137e-01
9.785138964653015137e-01
2.434932626783847809e-02
3.038991093635559082e-01
5.822817087173461914e-01
1.013529896736145020e-01
3.248512148857116699e-01
3.109387457370758057e-01
3.600537776947021484e-01
2.135257244110107422e+00
2.485217094421386719e+00
4.374983906745910645e-01
1.201664090156555176e+00
2.900824308395385742e+00
1.119136095046997070e+00
0.000000000000000000e+00
9.596916437149047852e-01
2.855805158615112305e-01
3.429055809974670410e-01
4.436187446117401123e-02
2.506377696990966797e+00
3.965940177440643311e-01
1.026564836502075195e+00
3.504196703433990479e-01
0.000000000000000000e+00
3.073758840560913086e+00
8.158568143844604492e-01
3.490294516086578369e-01
7.085168361663818359e-01
1.927999220788478851e-02
4.006548523902893066e-01
6.065982580184936523e-01
4.049289524555206299e-01
5.103373900055885315e-03
0.000000000000000000e+00
5.790498107671737671e-02
2.011500000953674316e-01
1.532045960426330566e+00
1.198919296264648438e+00
3.183752670884132385e-02
3.149275900796055794e-03
1.183519959449768066e-01
3.620872497558593750e-01
1.644152283668518066e+00
4.252878949046134949e-03
8.008306622505187988e-01
1.231074810028076172e+00
1.999731540679931641e+00
1.498009171336889267e-02
6.873051524162292480e-01
3.455949127674102783e-01
5.022502541542053223e-01
9.030770063400268555e-01
1.082561135292053223e+00
7.989153265953063965e-01
2.425938367843627930e+00
6.746441721916198730e-01
1.034196734428405762e+00
3.937295973300933838e-01
1.220151782035827637e-01
1.049137115478515625e+00
5.850365161895751953e-01
1.346324086189270020e+00
2.116941213607788086e+00
2.650785446166992188e-01
1.797807663679122925e-01
1.606977730989456177e-02
7.816773653030395508e-01
1.382936716079711914e+00
7.889519929885864258e-01
6.466249823570251465e-01
1.640465110540390015e-01
1.117478966712951660e+00
6.236055493354797363e-01
8.837979286909103394e-02
8.144569396972656250e-01
5.793159961700439453e+00
1.485464930534362793e+00
1.851368099451065063e-01
3.107632696628570557e-01
1.215909360325895250e-04
5.408386513590812683e-02
5.504099726676940918e-01
1.998494006693363190e-02
2.180761512136086822e-04
3.251603990793228149e-02
3.143001794815063477e-01
2.010330855846405029e-01
2.597887516021728516e-01
1.339872833341360092e-02
1.226644635200500488e+00
9.515730142593383789e-01
2.550301849842071533e-01
5.127205979079008102e-03
2.581074237823486328e-01
1.566522955894470215e+00
3.263067221269011497e-03
3.154913187026977539e+00
6.731687486171722412e-02
6.202250123023986816e-01
5.598680973052978516e-01
9.758505038917064667e-03
5.502700209617614746e-01
5.149790048599243164e-01
0.000000000000000000e+00
7.550081610679626465e-01
7.012870907783508301e-01
9.477564162807539105e-05
5.464099347591400146e-02
6.357363462448120117e-01
7.247837185859680176e-01
1.359901726245880127e-01
3.647161424160003662e-01
1.463322043418884277e+00
5.664567351341247559e-01
1.803210377693176270e+00
1.659596681594848633e+00
5.405871868133544922e-01
1.348046585917472839e-02
9.515441209077835083e-02
1.168598771095275879e+00
6.907183527946472168e-01
2.056361198425292969e+00
2.067445069551467896e-01
4.628517031669616699e-01
5.857890248298645020e-01
1.856269091367721558e-01
5.281738638877868652e-01
2.054062366485595703e+00
4.832322895526885986e-01
7.140588946640491486e-03
4.028790071606636047e-02
1.237880110740661621e+00
0.000000000000000000e+00
7.111869007349014282e-02
1.142210662364959717e-01
1.094425559043884277e+00
7.172511219978332520e-01
1.030701771378517151e-02
8.198824524879455566e-01
6.357600092887878418e-01
8.283308148384094238e-01
5.125817060470581055e-01
1.451298236846923828e+00
1.772637605667114258e+00
2.605955123901367188e+00
4.876611009240150452e-02
8.169425725936889648e-01
3.396138668060302734e+00
7.548286318778991699e-01
3.744480609893798828e-01
5.174047946929931641e-01
3.196374047547578812e-03
8.132050037384033203e-01
1.025031805038452148e-01
8.180806040763854980e-02
5.192160606384277344e-01
1.188200592994689941e+00
3.007356643676757812e+00
1.569238901138305664e+00
2.859459519386291504e-01
0.000000000000000000e+00
8.764565587043762207e-01
1.745964735746383667e-01
1.567802429199218750e-01
0.000000000000000000e+00
4.747249782085418701e-01
1.832990944385528564e-01
1.643313020467758179e-01
1.685436873231083155e-04
1.720859557390213013e-01
2.770789861679077148e-01
1.509125828742980957e+00
2.267239809036254883e+00
1.601378023624420166e-01
3.968508169054985046e-02
1.775285005569458008e+00
4.698906838893890381e-02
5.093386769294738770e-01
0.000000000000000000e+00
1.698942929506301880e-01
9.940425753593444824e-01
4.040551558136940002e-02
8.215390443801879883e-01
1.089136227965354919e-01
1.197475075721740723e+00
5.585766434669494629e-01
1.815367043018341064e-01
0.000000000000000000e+00
7.197394967079162598e-01
2.207589626312255859e+00
9.192390739917755127e-02
6.692823767662048340e-02
2.661524534225463867e+00
4.757793843746185303e-01
1.114153742790222168e+00
1.161166578531265259e-01
0.000000000000000000e+00
5.492228269577026367e-01
1.243343576788902283e-02
3.487373352050781250e+00
4.027470946311950684e-01
1.909287691116333008e+00
2.072546243667602539e+00
2.195346593856811523e+00
6.760864052921533585e-03
1.861160039901733398e+00
2.908075600862503052e-02
3.435426652431488037e-01
1.563286632299423218e-01
0.000000000000000000e+00
9.323848485946655273e-01
5.733644217252731323e-02
1.821482479572296143e-01
4.558616876602172852e-01
6.595091521739959717e-02
3.625109195709228516e-01
1.254024505615234375e+00
0.000000000000000000e+00
1.197719387710094452e-02
1.741148680448532104e-01
1.217847466468811035e+00
1.501347310841083527e-02
9.785716980695724487e-02
3.527165623381733894e-03
1.149169579148292542e-01
1.213394880294799805e+00
6.000952124595642090e-01
1.911919593811035156e+00
2.793482542037963867e+00
0.000000000000000000e+00
1.062963008880615234e+00
1.752018183469772339e-01
1.399328112602233887e-01
4.724917933344841003e-03
0.000000000000000000e+00
1.810065984725952148e+00
3.112804651260375977e+00
1.269755363464355469e-01
2.287490367889404297e+00
0.000000000000000000e+00
7.211971282958984375e-01
4.982654750347137451e-02
2.611356675624847412e-01
1.058763146400451660e+00
3.247644901275634766e-01
4.845073223114013672e-01
0.000000000000000000e+00
7.486643791198730469e-01
2.078534066677093506e-01
1.164637923240661621e+00
3.077943086624145508e+00
2.866630069911479950e-02
3.974178433418273926e-02
6.726761162281036377e-02
4.678694531321525574e-02
6.783757209777832031e-01
1.856598854064941406e-01
6.845699995756149292e-02
3.447168171405792236e-01
2.689966201782226562e+00
1.587691187858581543e+00
0.000000000000000000e+00
4.707232713699340820e-01
2.453104406595230103e-01
8.257134556770324707e-01
0.000000000000000000e+00
1.316616088151931763e-01
9.149007797241210938e-01
2.521904408931732178e-01
4.575996696949005127e-01
7.560619115829467773e-01
1.955032348632812500e-01
0.000000000000000000e+00
1.534721136093139648e+00
8.035713434219360352e-01
1.322565483860671520e-03
6.087913513183593750e-01
2.062885284423828125e+00
2.780652940273284912e-01
1.528643250465393066e+00
5.410197973251342773e-01
2.928904294967651367e+00
3.394118547439575195e+00
1.695134997367858887e+00
3.002971708774566650e-01
5.557599663734436035e-01
0.000000000000000000e+00
0.000000000000000000e+00
