1.159138083457946777e-01
0.000000000000000000e+00
3.588791489601135254e-01
3.329502582550048828e+00
5.373352766036987305e-01
4.693592786788940430e-01
1.016541481018066406e+00
2.551005363464355469e+00
7.186717510223388672e+00
6.203072071075439453e-01
1.026424095034599304e-01
1.085902929306030273e+00
1.122625824064016342e-02
8.743748664855957031e-01
1.704211115837097168e+00
5.887839794158935547e-01
9.442723989486694336e-01
7.799284458160400391e-01
1.879804730415344238e-01
2.907672822475433350e-01
9.518094062805175781e-01
0.000000000000000000e+00
2.947250902652740479e-01
2.666945695877075195e+00
2.760573662817478180e-02
0.000000000000000000e+00
1.358139514923095703e-02
1.324185729026794434e+00
5.031488537788391113e-01
3.630323335528373718e-02
1.942406594753265381e-02
9.781924076378345490e-03
2.830331027507781982e-01
1.390799045562744141e+00
1.529046446084976196e-01
2.043440103530883789e+00
2.649400830268859863e-01
1.242869123816490173e-01
2.739105820655822754e-01
2.792722880840301514e-01
3.320673704147338867e-01
9.889668971300125122e-02
1.259066820144653320e+00
3.845419406890869141e+00
7.523409128189086914e-01
1.772522211074829102e+00
5.048475577495992184e-04
7.534593939781188965e-01
3.003703951835632324e-01
1.021718502044677734e+00
3.826455116271972656e+00
0.000000000000000000e+00
1.008598804473876953e+00
8.217633515596389771e-02
1.073147654533386230e+00
3.309506773948669434e-01
5.397145152091979980e-01
3.958072960376739502e-01
4.072122097015380859e+00
3.999800384044647217e-01
3.231396258343011141e-04
4.333700239658355713e-01
1.271905452013015747e-01
4.088945090770721436e-01
7.148474454879760742e-01
3.864838778972625732e-01
7.087420821189880371e-01
7.206937074661254883e-01
9.173255562782287598e-01
6.835387945175170898e-01
0.000000000000000000e+00
4.837861657142639160e-02
2.450774908065795898e-01
1.149954676628112793e+00
4.157064557075500488e-01
1.205046296119689941e+00
4.637509956955909729e-02
1.384926319122314453e+00
3.509782850742340088e-01
1.238502860069274902e+00
3.051188588142395020e-01
5.422396063804626465e-01
2.410161495208740234e+00
3.700100630521774292e-02
1.792101263999938965e+00
1.026059016585350037e-01
2.145871400833129883e+00
2.427462488412857056e-01
7.739818096160888672e-01
3.843141347169876099e-02
5.182843282818794250e-02
0.000000000000000000e+00
0.000000000000000000e+00
4.544669296592473984e-03
1.606516003608703613e+00
9.184962511062622070e-01
2.009420394897460938e-01
1.709745883941650391e+00
4.772400259971618652e-01
1.252538114786148071e-01
0.000000000000000000e+00
1.518855541944503784e-01
9.932617098093032837e-02
3.236258983612060547e+00
7.120217084884643555e-01
9.829840064048767090e-02
1.310167193412780762e+00
8.469033241271972656e-01
7.330818772315979004e-01
2.374250590801239014e-01
1.364187359809875488e+00
5.714493244886398315e-02
1.927075237035751343e-01
1.452022492885589600e-01
1.051213026046752930e+00
1.588062494993209839e-01
2.698421478271484375e-01
9.319632053375244141e-01
1.880994439125061035e+00
2.373457670211791992e+00
8.725712895393371582e-01
2.459626048803329468e-01
0.000000000000000000e+00
1.160232543945312500e+00
1.135095000267028809e+00
9.105101227760314941e-01
0.000000000000000000e+00
1.041947007179260254e-01
6.770014762878417969e-01
0.000000000000000000e+00
1.563657671213150024e-01
5.174108147621154785e-01
1.987766623497009277e-01
2.692126929759979248e-01
9.523052722215652466e-02
3.294950127601623535e-01
2.240699827671051025e-01
4.630872726440429688e+00
0.000000000000000000e+00
5.129650235176086426e-03
9.555945545434951782e-02
4.814213216304779053e-01
1.884406805038452148e+00
0.000000000000000000e+00
4.666873719543218613e-03
9.507579803466796875e-01
9.986428618431091309e-01
3.382404446601867676e-01
1.465534567832946777e+00
1.865095049142837524e-01
4.050688266754150391e+00
4.406464993953704834e-01
4.896751642227172852e-01
8.729797601699829102e-01
1.798983693122863770e+00
1.586960911750793457e+00
3.802376091480255127e-01
3.703313693404197693e-02
1.480007410049438477e+00
1.010865345597267151e-02
1.105238217860460281e-02
1.168201088905334473e+00
3.242205083370208740e-02
6.521741393953561783e-03
1.033276796340942383e+00
4.609371125698089600e-01
0.000000000000000000e+00
0.000000000000000000e+00
5.990077853202819824e-01
1.173866391181945801e+00
3.995909988880157471e-01
6.199429631233215332e-01
2.415168881416320801e-01
2.796900272369384766e-01
7.699635624885559082e-01
6.611523151397705078e+00
2.599992230534553528e-02
3.553887130692601204e-03
9.180328249931335449e-02
1.944872140884399414e-01
3.509723022580146790e-02
4.777388274669647217e-01
3.455703854560852051e-01
2.409256219863891602e+00
2.119596861302852631e-02
0.000000000000000000e+00
4.711558818817138672e-01
9.184011220932006836e-01
0.000000000000000000e+00
6.199395656585693359e-02
0.000000000000000000e+00
0.000000000000000000e+00
1.126703381538391113e+00
5.156223177909851074e-01
6.510864496231079102e-01
4.114725589752197266e-01
1.144610047340393066e+00
4.132346212863922119e-01
2.769277393817901611e-01
1.189687490463256836e+00
8.289333581924438477e-01
6.713334470987319946e-02
2.202648520469665527e-01
6.950096487998962402e-01
5.872276425361633301e-01
0.000000000000000000e+00
3.425303697586059570e-01
1.457783021032810211e-02
5.107567310333251953e-01
1.432866573333740234e+00
2.079761028289794922e-01
7.329276800155639648e-01
8.499953150749206543e-01
1.183237075805664062e+00
4.607736468315124512e-01
1.220948025584220886e-01
8.302127569913864136e-02
4.031831622123718262e-01
2.286249637603759766e+00
3.815568983554840088e-01
2.276540920138359070e-02
2.091212272644042969e-01
4.858880341053009033e-01
3.084047436714172363e-01
5.704022645950317383e-01
0.000000000000000000e+00
5.744071602821350098e-01
6.054350137710571289e-01
0.000000000000000000e+00
1.167943924665451050e-01
2.483174651861190796e-01
5.353193879127502441e-01
2.572048902511596680e+00
1.154494643211364746e+00
1.405482053756713867e+00
7.340741157531738281e-01
2.588068485260009766e+00
1.006686329841613770e+00
1.630198359489440918e-01
1.010134577751159668e+00
5.707231760025024414e-01
5.189733114093542099e-03
2.417245805263519287e-01
2.439116954803466797e+00
8.772451877593994141e-01
8.144048042595386505e-03
4.071667790412902832e-01
2.953547053039073944e-02
2.235528469085693359e+00
4.877876937389373779e-01
4.809291362762451172e-01
4.037753939628601074e-01
0.000000000000000000e+00
1.617451667785644531e+00
6.543796062469482422e-01
4.665592685341835022e-02
0.000000000000000000e+00
0.000000000000000000e+00
3.217265307903289795e-01
1.331069618463516235e-01
8.613680601119995117e-01
3.407028317451477051e-02
3.462950000539422035e-03
3.080048190895467997e-04
1.745451125316321850e-03
9.265252202749252319e-02
1.032239079475402832e+00
0.000000000000000000e+00
2.913058400154113770e-01
1.070153783075511456e-03
1.965335130691528320e+00
0.000000000000000000e+00
8.209913372993469238e-01
8.133220672607421875e-02
3.847007751464843750e-01
1.152909874916076660e+00
1.241808533668518066e+00
1.112080931663513184e+00
3.024655580520629883e-01
2.160795181989669800e-01
1.720108389854431152e-01
8.094663619995117188e-01
5.748882144689559937e-02
1.468304544687271118e-01
1.013235747814178467e-01
1.126106381416320801e+00
8.208770751953125000e-01
5.275905132293701172e-02
3.690598532557487488e-02
9.589107334613800049e-02
1.331283330917358398e+00
1.093055963516235352e+00
5.260506868362426758e-01
3.373317718505859375e-01
4.285056293010711670e-01
3.481009230017662048e-02
3.565670549869537354e-01
8.048668503761291504e-02
3.185009360313415527e-01
5.811929225921630859e+00
5.692384839057922363e-01
2.395196855068206787e-01
6.811341047286987305e-01
0.000000000000000000e+00
8.805850893259048462e-02
1.279534250497817993e-01
8.344577997922897339e-02
0.000000000000000000e+00
2.062329947948455811e-01
1.203891992568969727e+00
5.813211798667907715e-01
1.644022762775421143e-01
3.562064170837402344e-01
8.407905697822570801e-01
2.520284801721572876e-02
8.870326280593872070e-01
0.000000000000000000e+00
3.326587975025177002e-01
4.706697165966033936e-01
0.000000000000000000e+00
2.131825208663940430e+00
0.000000000000000000e+00
4.903879761695861816e-02
3.082036375999450684e-01
2.545182651374489069e-04
8.544153571128845215e-01
1.268386244773864746e-01
0.000000000000000000e+00
5.086815953254699707e-01
2.262751907110214233e-01
0.000000000000000000e+00
0.000000000000000000e+00
2.155515998601913452e-01
3.465751409530639648e-01
6.059909705072641373e-03
2.332719862461090088e-01
1.047570347785949707e+00
7.253347039222717285e-01
6.087221503257751465e-01
6.671776175498962402e-01
2.734535560011863708e-02
4.319136496633291245e-04
5.687593817710876465e-01
2.355165593326091766e-02
5.578832626342773438e-01
5.624428391456604004e-01
9.483497589826583862e-03
1.161530613899230957e-02
1.840740889310836792e-01
4.343386888504028320e-01
7.510799914598464966e-02
4.140718579292297363e-01
0.000000000000000000e+00
4.400272294878959656e-02
2.265222370624542236e-03
1.297851562500000000e+00
0.000000000000000000e+00
3.608769178390502930e-02
4.844358935952186584e-02
1.848067194223403931e-01
6.743146106600761414e-03
0.000000000000000000e+00
4.452416896820068359e-01
9.494830965995788574e-01
1.750916838645935059e+00
1.147743463516235352e+00
1.000727772712707520e+00
1.698274850845336914e+00
7.661294341087341309e-01
0.000000000000000000e+00
1.242489516735076904e-01
1.511879682540893555e+00
9.621682763099670410e-01
3.234641253948211670e-01
9.559878706932067871e-01
0.000000000000000000e+00
4.960095509886741638e-02
9.575235890224575996e-04
7.866638153791427612e-02
2.714689075946807861e-01
2.071728706359863281e-01
3.332302331924438477e+00
2.132352590560913086e+00
5.559301376342773438e-01
0.000000000000000000e+00
9.331840276718139648e-01
2.163510769605636597e-02
0.000000000000000000e+00
1.794824190437793732e-02
4.125976562500000000e-01
6.066100671887397766e-02
4.974984005093574524e-02
5.920341983437538147e-02
1.598809957504272461e-01
3.917027711868286133e-01
6.426539421081542969e-01
2.339652538299560547e+00
9.341659955680370331e-03
6.868284195661544800e-02
8.045186400413513184e-01
3.906315192580223083e-02
3.504417836666107178e-01
0.000000000000000000e+00
7.017046213150024414e-02
1.012560486793518066e+00
1.605320572853088379e-01
9.317581057548522949e-01
1.425813585519790649e-01
8.779969811439514160e-01
2.498743236064910889e-01
1.624480932950973511e-01
2.059263875707983971e-03
1.578979790210723877e-01
1.952667713165283203e+00
3.345087170600891113e-02
1.903224363923072815e-02
2.795090675354003906e+00
1.581601947546005249e-01
1.073535799980163574e+00
1.355569111183285713e-03
0.000000000000000000e+00
4.055325686931610107e-01
0.000000000000000000e+00
4.172935009002685547e+00
3.490019738674163818e-01
1.287930965423583984e+00
1.892246961593627930e+00
7.634189128875732422e-01
0.000000000000000000e+00
1.287662148475646973e+00
5.370023846626281738e-01
3.700515627861022949e-02
1.295091807842254639e-01
1.263304264284670353e-03
1.705630272626876831e-01
1.922083646059036255e-01
2.018057703971862793e-01
1.121301902458071709e-03
9.038608521223068237e-03
9.447988271713256836e-01
1.691208958625793457e+00
0.000000000000000000e+00
3.159010410308837891e-01
6.805969476699829102e-01
1.049635291099548340e+00
0.000000000000000000e+00
9.389001131057739258e-02
6.090977042913436890e-02
5.176038667559623718e-02
7.679392695426940918e-01
9.750723838806152344e-01
3.849783539772033691e-01
1.101883172988891602e+00
9.725597919896245003e-04
5.899333953857421875e-01
1.396410316228866577e-01
2.120871655642986298e-02
2.094397693872451782e-02
0.000000000000000000e+00
2.054471969604492188e+00
2.656223773956298828e+00
5.463802069425582886e-02
2.720292568206787109e+00
0.000000000000000000e+00
9.494116306304931641e-01
1.449241186492145061e-03
2.810762524604797363e-01
5.129126459360122681e-02
1.445104718208312988e+00
7.672649025917053223e-01
1.848464831709861755e-02
9.189211726188659668e-01
1.824668794870376587e-01
1.528280079364776611e-01
2.714476346969604492e+00
5.271522998809814453e-01
4.629788920283317566e-02
2.072765678167343140e-01
2.779679000377655029e-01
4.946852624416351318e-01
5.528455972671508789e-01
3.290069848299026489e-02
1.549555659294128418e-01
9.652749300003051758e-01
7.236961722373962402e-01
1.066493522375822067e-02
3.627531528472900391e-01
2.410245239734649658e-01
7.160542607307434082e-01
1.848392486572265625e-01
4.001390561461448669e-02
3.977859616279602051e-01
0.000000000000000000e+00
4.619161412119865417e-02
1.432783484458923340e+00
4.629658162593841553e-02
3.429585602134466171e-03
1.709080100059509277e+00
1.740972101688385010e-01
0.000000000000000000e+00
2.756820432841777802e-02
1.436460971832275391e+00
8.430728912353515625e-01
2.078857719898223877e-01
6.797005534172058105e-01
2.196990251541137695e+00
2.028259992599487305e+00
1.377553343772888184e+00
2.627235949039459229e-01
7.272841930389404297e-01
0.000000000000000000e+00
1.144462451338768005e-01
