4.791754484176635742e-02
1.452739443629980087e-02
6.422182321548461914e-01
1.577021360397338867e+00
4.249750971794128418e-01
6.646488308906555176e-01
1.254222393035888672e+00
3.845485925674438477e+00
5.408204078674316406e+00
1.468116879463195801e+00
0.000000000000000000e+00
1.650741815567016602e+00
2.206904068589210510e-02
1.738491535186767578e+00
2.895917654037475586e+00
9.473142027854919434e-01
1.753968596458435059e-01
7.878881692886352539e-01
1.557400077581405640e-01
2.968225628137588501e-02
7.943825125694274902e-01
0.000000000000000000e+00
8.573810458183288574e-01
2.720505714416503906e+00
1.570218354463577271e-01
1.032394263893365860e-02
0.000000000000000000e+00
1.519234180450439453e+00
7.057113647460937500e-01
3.385444879531860352e-01
0.000000000000000000e+00
8.296423591673374176e-03
1.086645722389221191e+00
5.248407721519470215e-01
3.710805773735046387e-01
2.058384895324707031e+00
3.457299470901489258e-01
4.707490503787994385e-01
1.925288327038288116e-02
5.028460621833801270e-01
3.603482842445373535e-01
5.528137832880020142e-02
1.343876361846923828e+00
4.863667964935302734e+00
2.354992479085922241e-01
1.611962437629699707e+00
2.784076333045959473e-01
1.436737060546875000e+00
4.202364478260278702e-03
1.506259441375732422e+00
3.942976474761962891e+00
0.000000000000000000e+00
1.334647655487060547e+00
1.087387837469577789e-02
1.226154208183288574e+00
8.323487639427185059e-01
5.499090552330017090e-01
3.438059687614440918e-01
3.193636417388916016e+00
1.253207176923751831e-01
2.270513921976089478e-01
1.157632991671562195e-01
4.199089109897613525e-01
6.661280393600463867e-01
3.753445148468017578e-01
1.463096141815185547e+00
8.058881759643554688e-01
1.605329215526580811e-01
7.838163971900939941e-01
1.159853219985961914e+00
3.858287120237946510e-03
7.073787599802017212e-02
7.222459465265274048e-02
8.752762675285339355e-01
8.063789606094360352e-01
1.251007318496704102e+00
0.000000000000000000e+00
2.084917068481445312e+00
2.826600670814514160e-01
4.162989854812622070e-01
4.224432632327079773e-02
1.234675526618957520e+00
2.093000411987304688e+00
1.484961807727813721e-01
1.603135943412780762e+00
3.375121057033538818e-01
5.272095203399658203e-01
4.951425194740295410e-01
6.886709928512573242e-01
3.400714695453643799e-01
0.000000000000000000e+00
0.000000000000000000e+00
4.735452821478247643e-04
0.000000000000000000e+00
1.690545082092285156e+00
7.074936628341674805e-01
3.291584253311157227e-01
2.610343217849731445e+00
2.392033338546752930e-01
4.297714531421661377e-01
0.000000000000000000e+00
4.320657253265380859e-01
0.000000000000000000e+00
2.902910470962524414e+00
1.867427706718444824e+00
8.352748304605484009e-02
1.070976972579956055e+00
4.919072985649108887e-01
7.142664194107055664e-01
4.298744201660156250e-01
1.117563962936401367e+00
1.581221818923950195e-01
1.748805865645408630e-02
3.732495009899139404e-01
3.310706317424774170e-01
2.483424358069896698e-02
6.995322704315185547e-01
4.523729085922241211e-01
2.397323846817016602e+00
3.113904953002929688e+00
7.873479127883911133e-01
5.972072482109069824e-01
1.054425612092018127e-01
2.243841886520385742e+00
1.040975928306579590e+00
1.276618480682373047e+00
5.077859759330749512e-02
7.297242432832717896e-02
2.080010414123535156e+00
0.000000000000000000e+00
1.056461483240127563e-01
7.933368682861328125e-01
1.201329976320266724e-01
5.563932284712791443e-02
4.752001762390136719e-01
1.001430898904800415e-01
8.572968244552612305e-01
4.557953357696533203e+00
0.000000000000000000e+00
1.970941126346588135e-01
2.159035950899124146e-01
1.355938762426376343e-01
1.882875680923461914e+00
9.663359820842742920e-02
4.989859834313392639e-02
1.554060578346252441e-01
1.093782186508178711e+00
8.974933624267578125e-01
4.240899980068206787e-01
7.473360896110534668e-01
4.870301246643066406e+00
4.924598932266235352e-01
5.338359475135803223e-01
3.527877032756805420e-01
1.752242207527160645e+00
9.609538316726684570e-01
6.342463493347167969e-01
5.011119246482849121e-01
1.577512741088867188e+00
4.604956209659576416e-01
2.757155150175094604e-02
7.500958442687988281e-01
4.268769621849060059e-01
2.492352388799190521e-03
7.042485475540161133e-01
1.749560832977294922e-01
0.000000000000000000e+00
0.000000000000000000e+00
4.974762201309204102e-01
1.297905921936035156e+00
4.672992229461669922e-01
1.336061358451843262e-01
2.856116369366645813e-02
6.993693113327026367e-01
1.034442901611328125e+00
7.497119426727294922e+00
1.191480383276939392e-01
2.015774883329868317e-02
7.747136056423187256e-02
3.187991678714752197e-01
6.165253371000289917e-02
6.480006575584411621e-01
1.120975732803344727e+00
3.599626064300537109e+00
7.529590278863906860e-02
0.000000000000000000e+00
7.765164971351623535e-02
1.787036180496215820e+00
1.985976286232471466e-02
0.000000000000000000e+00
3.089835867285728455e-02
0.000000000000000000e+00
1.924203634262084961e+00
1.159061670303344727e+00
6.423342227935791016e-01
6.941004991531372070e-01
6.645601987838745117e-01
7.470886111259460449e-01
1.287044435739517212e-01
1.144108533859252930e+00
9.895464777946472168e-01
1.686524301767349243e-01
2.709036171436309814e-01
5.392318367958068848e-01
5.175694823265075684e-01
2.438863180577754974e-02
4.653491377830505371e-01
2.020645420998334885e-03
5.494043827056884766e-01
5.208035707473754883e-01
2.222504466772079468e-01
6.131284832954406738e-01
7.315334677696228027e-02
7.818216681480407715e-01
8.232219219207763672e-01
2.784932553768157959e-01
9.542801976203918457e-01
8.940462470054626465e-01
2.644068956375122070e+00
6.508678793907165527e-01
1.225067824125289917e-01
4.174563288688659668e-01
1.423039436340332031e+00
4.365688860416412354e-01
5.928016304969787598e-01
0.000000000000000000e+00
1.001047492027282715e+00
4.691921174526214600e-01
0.000000000000000000e+00
6.053596362471580505e-02
5.359238982200622559e-01
4.780527055263519287e-01
2.934931516647338867e+00
5.029478669166564941e-01
1.328675508499145508e+00
2.509983479976654053e-01
2.025836229324340820e+00
1.089735627174377441e+00
9.429629147052764893e-02
9.572250843048095703e-01
4.549797773361206055e-01
1.574715524911880493e-01
4.284698367118835449e-01
3.515482902526855469e+00
8.432068228721618652e-01
1.067576780915260315e-01
3.925737440586090088e-01
0.000000000000000000e+00
3.089735746383666992e+00
1.546259522438049316e-01
6.730535030364990234e-01
7.005130052566528320e-01
1.379893813282251358e-02
2.760884761810302734e-01
1.620903491973876953e+00
4.018983542919158936e-01
0.000000000000000000e+00
0.000000000000000000e+00
3.460792899131774902e-01
1.467161476612091064e-01
1.055693626403808594e+00
1.147873044013977051e+00
2.577618658542633057e-01
4.470928907394409180e-01
1.100792456418275833e-02
2.009179443120956421e-02
5.163132548332214355e-01
9.521973878145217896e-02
4.760200381278991699e-01
1.163234487175941467e-01
1.028006911277770996e+00
2.120218873023986816e-01
1.421073675155639648e+00
5.365242362022399902e-01
6.428080201148986816e-01
5.572710633277893066e-01
4.836827814579010010e-01
5.717769265174865723e-01
9.868629574775695801e-01
1.007436066865921021e-01
3.561335504055023193e-01
5.321488380432128906e-01
8.847133070230484009e-02
5.371403694152832031e-01
4.147559106349945068e-01
1.261938333511352539e+00
1.518669724464416504e+00
2.221599817276000977e-01
9.815037995576858521e-02
6.845916807651519775e-02
7.622086405754089355e-01
1.455846667289733887e+00
6.013178825378417969e-01
2.056368142366409302e-01
2.292134016752243042e-01
5.365006327629089355e-01
5.235566496849060059e-01
2.466520518064498901e-01
3.541384935379028320e-01
5.106340408325195312e+00
2.651050984859466553e-01
2.505302429199218750e-02
7.131873965263366699e-01
2.515094354748725891e-02
3.188451826572418213e-01
6.990549713373184204e-02
1.384378224611282349e-01
0.000000000000000000e+00
2.124146819114685059e-01
6.787984967231750488e-01
1.015034466981887817e-01
1.995398290455341339e-02
1.543416380882263184e-01
9.774046540260314941e-01
4.242112338542938232e-01
7.946467995643615723e-01
1.516292919404804707e-03
5.921316742897033691e-01
7.967288494110107422e-01
0.000000000000000000e+00
3.054023265838623047e+00
2.015442587435245514e-03
7.851227372884750366e-02
3.965608775615692139e-02
0.000000000000000000e+00
5.432953834533691406e-01
1.195495843887329102e+00
0.000000000000000000e+00
1.106184363365173340e+00
7.867879867553710938e-01
6.472600623965263367e-03
0.000000000000000000e+00
3.101333677768707275e-01
2.062845379114151001e-01
1.259710192680358887e-01
1.851639389991760254e+00
1.441825032234191895e+00
3.603761196136474609e-01
9.051860570907592773e-01
7.479556202888488770e-01
1.543357875198125839e-02
7.596636563539505005e-02
7.199082374572753906e-01
1.865818798542022705e-01
1.266709923744201660e+00
6.347622871398925781e-01
1.331906318664550781e-01
1.837576366961002350e-02
2.199756950139999390e-01
4.986438900232315063e-02
1.825726181268692017e-01
7.020185589790344238e-01
6.824010014533996582e-01
3.136892318725585938e-01
2.375238807871937752e-03
9.701910018920898438e-01
1.541312318295240402e-03
3.202275931835174561e-01
1.344871241599321365e-02
4.365466237068176270e-01
6.995067596435546875e-01
3.082103095948696136e-02
8.798882365226745605e-01
3.986442387104034424e-01
1.773114800453186035e+00
6.676124334335327148e-01
8.790835738182067871e-01
1.553962945938110352e+00
1.926743149757385254e+00
9.984401054680347443e-03
9.161367267370223999e-02
2.073462963104248047e+00
1.519845366477966309e+00
4.304985404014587402e-01
1.300221204757690430e+00
8.606982231140136719e-02
2.229396998882293701e-01
2.135841734707355499e-02
1.053936481475830078e+00
1.318244695663452148e+00
3.310788273811340332e-01
4.416129589080810547e+00
1.717617273330688477e+00
9.889328479766845703e-01
3.139309212565422058e-02
1.442301869392395020e+00
2.270510494709014893e-01
0.000000000000000000e+00
0.000000000000000000e+00
2.961387038230895996e-01
2.975875735282897949e-01
2.047683298587799072e-02
3.100616624578833580e-03
6.662160903215408325e-02
7.669010162353515625e-01
8.279480934143066406e-01
2.516113758087158203e+00
1.364405006170272827e-01
9.170147776603698730e-02
1.649760007858276367e+00
1.042193248867988586e-01
3.705553710460662842e-02
0.000000000000000000e+00
2.413161098957061768e-01
7.950912714004516602e-01
5.874521657824516296e-02
1.839908123016357422e+00
3.734311088919639587e-02
1.185154080390930176e+00
8.170391321182250977e-01
3.779505491256713867e-01
5.479828454554080963e-03
5.482131838798522949e-01
1.431668877601623535e+00
1.825596690177917480e-01
3.448134660720825195e-01
1.131888985633850098e+00
3.120428919792175293e-01
5.328171849250793457e-01
1.615246292203664780e-04
3.490155562758445740e-02
3.261874914169311523e-01
2.099253702908754349e-03
5.607732772827148438e+00
4.342205449938774109e-02
1.700779914855957031e+00
1.097864985466003418e+00
1.983044505119323730e+00
6.210794672369956970e-02
1.678142786026000977e+00
7.459465414285659790e-02
1.694156527519226074e-01
3.096216917037963867e-02
1.506208777427673340e-01
5.441415589302778244e-03
9.368501305580139160e-01
3.767048418521881104e-01
1.387320924550294876e-02
1.170686781406402588e-01
9.742285013198852539e-01
1.077031135559082031e+00
0.000000000000000000e+00
3.452241420745849609e-01
4.939131438732147217e-01
2.538297891616821289e+00
1.129505597054958344e-02
7.287992537021636963e-02
7.904582656919956207e-03
3.431150019168853760e-01
8.120865374803543091e-02
6.257678866386413574e-01
3.466761410236358643e-01
9.301636815071105957e-01
6.637465208768844604e-02
9.389664530754089355e-01
0.000000000000000000e+00
5.310558080673217773e-01
1.555491089820861816e-01
0.000000000000000000e+00
2.077231168746948242e+00
2.126425027847290039e+00
4.361751377582550049e-01
2.814003467559814453e+00
8.852802962064743042e-02
9.607888460159301758e-01
1.028836965560913086e-01
1.010301336646080017e-01
1.215211302042007446e-01
1.696159601211547852e+00
4.937016665935516357e-01
1.140898279845714569e-02
6.727547049522399902e-01
9.861213564872741699e-01
2.480456382036209106e-01
2.063422203063964844e+00
1.755732148885726929e-01
7.521500438451766968e-02
2.832819521427154541e-01
1.269219666719436646e-01
6.170516610145568848e-01
5.942360758781433105e-01
1.045727729797363281e-01
2.222016602754592896e-01
1.051277041435241699e+00
5.927076935768127441e-01
0.000000000000000000e+00
4.176065027713775635e-01
9.269692748785018921e-02
1.285583019256591797e+00
1.450740844011306763e-01
3.067918121814727783e-02
1.993884593248367310e-01
2.061600983142852783e-02
3.737415671348571777e-01
1.881448388099670410e+00
1.448102574795484543e-02
4.659184440970420837e-02
9.526975154876708984e-01
4.054735898971557617e-01
2.257551439106464386e-02
3.874085843563079834e-01
1.607670664787292480e+00
1.262283921241760254e-01
4.657455682754516602e-01
3.497306108474731445e-01
2.366238832473754883e+00
3.387972593307495117e+00
5.225169658660888672e-01
8.484151959419250488e-01
4.229626357555389404e-01
1.371599081903696060e-02
0.000000000000000000e+00
