1.490381956100463867e+00
0.000000000000000000e+00
6.456418037414550781e-01
2.579006195068359375e+00
2.239038050174713135e-01
2.771168015897274017e-02
6.407951712608337402e-01
3.835262298583984375e+00
5.215811252593994141e+00
1.249439716339111328e+00
7.704291492700576782e-02
1.641425132751464844e+00
1.122742444276809692e-01
3.480298221111297607e-01
1.979178309440612793e+00
2.150400876998901367e-01
5.062915682792663574e-01
1.798633098602294922e+00
2.804304063320159912e-01
2.955603972077369690e-02
1.020615220069885254e+00
1.158479508012533188e-02
1.580479145050048828e-01
1.449504733085632324e+00
2.194148749113082886e-01
4.789232090115547180e-02
1.611427403986454010e-02
1.508316040039062500e+00
3.029238581657409668e-01
1.624935567378997803e-01
1.065085059963166714e-03
1.473512384109199047e-04
9.849600195884704590e-01
3.145321607589721680e-01
3.210664987564086914e-01
2.999184370040893555e+00
2.563769817352294922e-01
1.451902985572814941e-01
1.080244660377502441e+00
8.346267938613891602e-01
1.441486924886703491e-01
5.906404256820678711e-01
2.244625091552734375e-01
2.076747417449951172e+00
4.900884032249450684e-01
1.207123517990112305e+00
7.576600313186645508e-01
7.790508270263671875e-01
6.816183775663375854e-02
2.536363363265991211e+00
1.793806433677673340e+00
0.000000000000000000e+00
1.019106149673461914e+00
0.000000000000000000e+00
1.548489570617675781e+00
1.094633527100086212e-02
5.068582892417907715e-01
1.406390666961669922e-01
1.867127060890197754e+00
4.214052855968475342e-01
3.161969128996133804e-03
7.870478183031082153e-02
1.726288050413131714e-01
1.321474790573120117e+00
1.332661032676696777e+00
9.088923931121826172e-01
2.665191143751144409e-02
5.349879860877990723e-01
7.620549201965332031e-01
3.220254182815551758e-01
0.000000000000000000e+00
7.362109608948230743e-03
5.005193948745727539e-01
2.209779471158981323e-01
1.361885368824005127e-01
1.191494345664978027e+00
1.553956046700477600e-02
6.588773727416992188e-01
3.200550675392150879e-01
6.564520597457885742e-01
1.405554115772247314e-01
9.038234949111938477e-01
2.337516546249389648e+00
7.068872451782226562e-02
1.610405445098876953e+00
9.160573035478591919e-02
1.208992719650268555e+00
6.393379718065261841e-02
7.778928875923156738e-01
4.350975155830383301e-03
0.000000000000000000e+00
8.772899396717548370e-03
1.147940196096897125e-02
0.000000000000000000e+00
1.189441323280334473e+00
2.558348476886749268e-01
9.668119549751281738e-01
6.897917389869689941e-01
0.000000000000000000e+00
2.210288494825363159e-02
0.000000000000000000e+00
1.359793841838836670e-01
4.322634935379028320e-01
1.468763947486877441e+00
8.450905680656433105e-01
3.169384002685546875e-01
1.533953547477722168e+00
5.325904488563537598e-01
8.685337752103805542e-02
3.027441501617431641e-01
1.937255144119262695e+00
0.000000000000000000e+00
1.053067803382873535e+00
1.090914368629455566e+00
1.037670373916625977e+00
4.315819963812828064e-02
5.428201332688331604e-02
1.014577522873878479e-01
2.986681163311004639e-01
2.657763481140136719e+00
2.461443841457366943e-01
5.985308289527893066e-01
0.000000000000000000e+00
1.375934481620788574e+00
3.223291337490081787e-01
1.175502777099609375e+00
0.000000000000000000e+00
4.349474906921386719e-01
1.714879870414733887e+00
7.307676598429679871e-03
4.979119449853897095e-02
1.141790270805358887e+00
1.876283586025238037e-01
2.480098791420459747e-02
2.987031936645507812e-01
3.764783963561058044e-02
5.428855121135711670e-02
4.510853767395019531e+00
0.000000000000000000e+00
2.193106897175312042e-02
3.578282594680786133e-01
2.999956309795379639e-01
1.465483069419860840e+00
2.851496450603008270e-02
4.861654713749885559e-03
7.001507878303527832e-01
8.854658007621765137e-01
1.129803657531738281e+00
2.691311538219451904e-01
7.242561578750610352e-01
4.951783180236816406e+00
6.663620471954345703e-02
1.081686854362487793e+00
2.590965330600738525e-01
2.009151697158813477e+00
1.214432239532470703e+00
4.001073837280273438e-01
1.089401096105575562e-01
3.065076112747192383e+00
1.159101501107215881e-01
6.358532905578613281e-01
1.823148131370544434e+00
1.564033746719360352e+00
1.720374524593353271e-01
3.053068518638610840e-01
4.058791100978851318e-01
0.000000000000000000e+00
0.000000000000000000e+00
1.908832311630249023e+00
1.779699206352233887e+00
4.874302148818969727e-01
2.170681254938244820e-03
3.602234646677970886e-03
1.180786728858947754e+00
3.710578978061676025e-01
7.492156982421875000e+00
0.000000000000000000e+00
1.046945247799158096e-02
4.771094620227813721e-01
2.968379668891429901e-02
1.982993260025978088e-02
1.338627338409423828e-01
2.523752152919769287e-01
2.517762660980224609e+00
1.108242291957139969e-02
0.000000000000000000e+00
2.426807582378387451e-01
1.390572309494018555e+00
0.000000000000000000e+00
8.739830553531646729e-02
4.440706688910722733e-03
5.862954258918762207e-02
1.143339753150939941e+00
1.377640366554260254e+00
2.692998051643371582e-01
7.429730296134948730e-01
4.061040580272674561e-01
4.570949375629425049e-01
5.631998777389526367e-01
5.995758771896362305e-01
1.430183529853820801e+00
3.072362840175628662e-01
5.158726572990417480e-01
4.799292981624603271e-01
3.476970791816711426e-01
8.676885068416595459e-02
1.512782275676727295e-01
1.432688534259796143e-01
3.818383812904357910e-02
2.218183279037475586e+00
0.000000000000000000e+00
8.491183817386627197e-02
1.108194813132286072e-01
9.095929265022277832e-01
5.342311263084411621e-01
8.376380801200866699e-01
1.873146146535873413e-01
2.310862243175506592e-01
1.566146850585937500e+00
1.069108724594116211e+00
2.297914214432239532e-02
4.170554280281066895e-01
4.673528373241424561e-01
6.231343746185302734e-02
5.322911143302917480e-01
0.000000000000000000e+00
4.115632176399230957e-02
2.824267446994781494e-01
0.000000000000000000e+00
1.795550808310508728e-02
2.281578034162521362e-01
2.301861047744750977e-01
1.503980755805969238e+00
2.420953512191772461e+00
3.098937869071960449e-01
7.411109805107116699e-01
1.945557832717895508e+00
6.972150206565856934e-01
5.034577846527099609e-02
7.519737482070922852e-01
1.041985973715782166e-01
4.727800562977790833e-02
0.000000000000000000e+00
2.205847501754760742e+00
6.031626462936401367e-01
4.863961637020111084e-01
8.647614121437072754e-01
5.627517774701118469e-02
1.945463299751281738e+00
1.471524238586425781e+00
1.583323329687118530e-01
2.751773595809936523e-01
9.060958027839660645e-02
4.502780139446258545e-01
7.454692125320434570e-01
3.316494226455688477e-01
7.268907874822616577e-02
1.586113683879375458e-02
9.416843950748443604e-02
1.026667561382055283e-02
1.183493018150329590e+00
2.190981209278106689e-01
9.464855492115020752e-02
8.752000518143177032e-03
0.000000000000000000e+00
5.000839382410049438e-02
2.166397571563720703e+00
4.965146631002426147e-02
9.953113198280334473e-01
3.128635883331298828e-01
8.454284667968750000e-01
7.829461246728897095e-03
6.078704595565795898e-01
5.173775553703308105e-01
6.936283409595489502e-02
3.060971796512603760e-01
2.942548692226409912e-01
5.463178753852844238e-01
1.919540166854858398e+00
1.719767302274703979e-01
2.907802537083625793e-02
8.077408075332641602e-01
1.380690187215805054e-01
9.760870039463043213e-02
3.611913025379180908e-01
4.195620417594909668e-01
1.466483831405639648e+00
1.793305738829076290e-03
4.620234966278076172e-01
0.000000000000000000e+00
1.353487610816955566e+00
1.810477733612060547e+00
1.236551403999328613e-01
1.651111990213394165e-02
2.365151420235633850e-02
1.461910158395767212e-01
4.344821870326995850e-01
8.722435832023620605e-01
1.455730795860290527e+00
4.947601795196533203e+00
7.019336223602294922e-01
7.820449024438858032e-02
1.466035097837448120e-01
1.681494414806365967e-01
0.000000000000000000e+00
8.430340886116027832e-02
8.904159069061279297e-03
0.000000000000000000e+00
2.202231698902323842e-04
1.964631378650665283e-01
5.038312077522277832e-01
4.423473402857780457e-02
0.000000000000000000e+00
1.521405577659606934e+00
4.735541641712188721e-01
7.063558697700500488e-02
0.000000000000000000e+00
8.572655916213989258e-02
6.796683073043823242e-01
8.575540781021118164e-02
1.742247104644775391e+00
0.000000000000000000e+00
5.420138314366340637e-02
8.941071033477783203e-01
7.449323683977127075e-02
6.229618787765502930e-01
7.295994553714990616e-03
0.000000000000000000e+00
4.492244720458984375e-01
5.903927683830261230e-01
3.502626204863190651e-03
6.512320134788751602e-03
0.000000000000000000e+00
0.000000000000000000e+00
1.189396083354949951e-01
2.929359376430511475e-01
1.282580018043518066e+00
0.000000000000000000e+00
8.855342268943786621e-01
7.390482425689697266e-01
4.275380671024322510e-01
0.000000000000000000e+00
2.792392671108245850e-01
2.724831365048885345e-02
7.894206047058105469e-01
1.150110960006713867e+00
9.154251217842102051e-02
0.000000000000000000e+00
2.299616187810897827e-01
2.541861534118652344e-01
6.342031955718994141e-01
1.620828509330749512e+00
3.579901531338691711e-03
0.000000000000000000e+00
3.704022169113159180e-01
1.126151204109191895e+00
0.000000000000000000e+00
2.288921624422073364e-01
2.332456409931182861e-03
5.781707763671875000e-01
6.365329027175903320e-01
1.158959493041038513e-01
3.262807726860046387e-01
3.381307125091552734e-01
7.667967677116394043e-01
9.500068426132202148e-01
8.110173344612121582e-01
6.328226327896118164e-01
2.107676982879638672e+00
7.905292510986328125e-02
6.912783384323120117e-01
7.208631038665771484e-01
5.591360330581665039e-01
4.986571073532104492e-01
7.117973566055297852e-01
1.337241828441619873e-01
7.878090254962444305e-03
1.286334246397018433e-01
1.284708827733993530e-01
6.277638077735900879e-01
1.226985082030296326e-02
2.182508468627929688e+00
3.727668523788452148e+00
7.714678645133972168e-01
0.000000000000000000e+00
6.873201727867126465e-01
0.000000000000000000e+00
1.914858119562268257e-03
0.000000000000000000e+00
1.961729973554611206e-01
1.612897217273712158e-01
1.260057836771011353e-01
0.000000000000000000e+00
4.499952793121337891e-01
3.839176595211029053e-01
5.435351729393005371e-01
1.351638317108154297e+00
9.335267241112887859e-04
6.694958359003067017e-02
2.289591312408447266e+00
1.854027248919010162e-02
9.336921572685241699e-01
2.290391363203525543e-02
2.781778275966644287e-01
1.718708276748657227e+00
9.335659444332122803e-02
1.110843658447265625e+00
1.527366787195205688e-01
1.116708993911743164e+00
4.100729823112487793e-01
3.202576935291290283e-01
0.000000000000000000e+00
1.070632457733154297e+00
1.140740513801574707e+00
2.045543193817138672e-01
0.000000000000000000e+00
2.501119852066040039e+00
1.937341317534446716e-02
9.271187782287597656e-01
1.409075409173965454e-01
2.897266112267971039e-02
1.451934874057769775e-01
1.474500633776187897e-03
3.652933120727539062e+00
7.253884673118591309e-01
5.927854776382446289e-01
6.745111942291259766e-01
1.697605848312377930e+00
6.448934972286224365e-02
1.798268079757690430e+00
2.859396114945411682e-02
1.721057146787643433e-01
1.873354427516460419e-02
0.000000000000000000e+00
2.782849967479705811e-01
3.330595493316650391e-01
3.272866085171699524e-02
0.000000000000000000e+00
5.642301216721534729e-02
5.309832096099853516e-01
1.008122682571411133e+00
0.000000000000000000e+00
2.568837404251098633e-01
6.076762676239013672e-01
1.132758021354675293e+00
4.655514657497406006e-02
0.000000000000000000e+00
3.554161265492439270e-02
4.585193693637847900e-01
1.007873654365539551e+00
6.262938976287841797e-01
4.135723039507865906e-02
1.991456270217895508e+00
2.140241116285324097e-01
1.051430702209472656e+00
4.618293140083551407e-03
7.411956787109375000e-01
1.672851443290710449e-01
0.000000000000000000e+00
7.529554963111877441e-01
1.814715027809143066e+00
6.587619185447692871e-01
1.407009005546569824e+00
2.165686525404453278e-02
8.242505192756652832e-01
1.187823936343193054e-01
3.493601456284523010e-02
6.611038446426391602e-01
1.074775099754333496e+00
8.909547328948974609e-02
3.899652138352394104e-02
5.307847261428833008e-01
3.035849928855895996e-01
2.176619768142700195e-01
2.306923389434814453e+00
3.776347935199737549e-01
5.083936452865600586e-02
2.421414405107498169e-01
7.631857693195343018e-02
9.330469965934753418e-01
2.317993789911270142e-01
0.000000000000000000e+00
3.023106232285499573e-02
1.823671936988830566e+00
1.478309154510498047e+00
6.907141767442226410e-03
2.113654762506484985e-01
2.662193030118942261e-02
1.911975383758544922e+00
1.986838579177856445e-01
8.963771462440490723e-01
1.092188239097595215e+00
0.000000000000000000e+00
8.309919834136962891e-01
9.922511577606201172e-01
1.153016164898872375e-01
2.762989513576030731e-02
1.622653722763061523e+00
1.150097846984863281e-01
2.007477916777133942e-02
5.218520015478134155e-02
2.469414234161376953e+00
4.442683979868888855e-02
6.347674727439880371e-01
1.121703609824180603e-01
1.208974957466125488e+00
2.016842365264892578e+00
1.359759926795959473e+00
1.237673535943031311e-01
1.206704854965209961e+00
0.000000000000000000e+00
3.131124377250671387e-02
