1.203885376453399658e-01
0.000000000000000000e+00
3.532568514347076416e-01
1.661725044250488281e+00
1.605919748544692993e-01
5.324851274490356445e-01
1.369578599929809570e+00
3.240216493606567383e+00
7.879769325256347656e+00
1.677081346511840820e+00
1.233218833804130554e-01
2.004932880401611328e+00
1.809075325727462769e-01
8.063433766365051270e-01
2.557652235031127930e+00
1.199790716171264648e+00
4.446904957294464111e-01
1.059883475303649902e+00
4.122475981712341309e-01
6.376159936189651489e-02
1.429973959922790527e+00
0.000000000000000000e+00
4.862947165966033936e-01
1.661855220794677734e+00
0.000000000000000000e+00
2.713391743600368500e-02
0.000000000000000000e+00
1.054662823677062988e+00
4.046676754951477051e-01
1.438421010971069336e-02
0.000000000000000000e+00
1.354683842509984970e-02
3.398280441761016846e-01
1.160692334175109863e+00
8.142743706703186035e-01
3.533164978027343750e+00
1.110039800405502319e-01
4.205535352230072021e-02
1.986854821443557739e-01
8.654528260231018066e-01
5.051727294921875000e-01
8.827220648527145386e-02
7.840678095817565918e-01
4.723623275756835938e+00
4.974697232246398926e-01
2.108207702636718750e+00
1.723368614912033081e-01
1.092899799346923828e+00
1.847419887781143188e-01
1.415891528129577637e+00
4.023177146911621094e+00
0.000000000000000000e+00
1.363263607025146484e+00
1.626103371381759644e-01
1.329403162002563477e+00
5.441295504570007324e-01
1.608173698186874390e-01
3.345959782600402832e-01
4.134780406951904297e+00
1.815222948789596558e-01
2.566442638635635376e-02
1.508527845144271851e-01
5.195289850234985352e-03
7.725728750228881836e-01
9.490985274314880371e-01
6.543020009994506836e-01
4.840240776538848877e-01
7.734193205833435059e-01
1.821370959281921387e+00
1.027301788330078125e+00
0.000000000000000000e+00
8.249930106103420258e-03
2.438040077686309814e-01
1.083571076393127441e+00
2.229304313659667969e-01
1.238103747367858887e+00
5.257610697299242020e-03
1.143530488014221191e+00
5.702583789825439453e-01
8.850375413894653320e-01
3.061943948268890381e-01
1.152149915695190430e+00
2.303148508071899414e+00
7.846274226903915405e-02
2.115233898162841797e+00
4.315813779830932617e-01
2.076800346374511719e+00
2.365461587905883789e-01
8.009850382804870605e-01
4.124819766730070114e-03
0.000000000000000000e+00
0.000000000000000000e+00
9.293733746744692326e-04
0.000000000000000000e+00
1.756275653839111328e+00
1.379284262657165527e+00
6.690770387649536133e-01
2.577046632766723633e+00
4.418988153338432312e-02
1.469628512859344482e-01
2.014088258147239685e-02
6.725876778364181519e-02
0.000000000000000000e+00
2.992451429367065430e+00
6.978750228881835938e-01
2.139260321855545044e-01
2.024081468582153320e+00
8.973460793495178223e-01
8.431760668754577637e-01
6.227563321590423584e-02
1.748878121376037598e+00
2.174713909626007080e-01
5.026239156723022461e-02
1.634601205587387085e-01
7.247943878173828125e-01
8.079968392848968506e-04
8.254901319742202759e-02
1.439851403236389160e+00
2.512326240539550781e+00
2.534400224685668945e+00
3.183122873306274414e-01
6.189079582691192627e-02
1.891295760869979858e-01
2.007914066314697266e+00
9.127700924873352051e-01
1.567687034606933594e+00
0.000000000000000000e+00
2.152725607156753540e-01
1.723327159881591797e+00
7.366919517517089844e-02
3.556769192218780518e-01
8.747190237045288086e-01
2.320898324251174927e-01
7.804230600595474243e-02
2.200683504343032837e-01
2.491832524538040161e-02
1.519844233989715576e-01
4.219658374786376953e+00
0.000000000000000000e+00
8.864481747150421143e-02
0.000000000000000000e+00
3.836105763912200928e-01
2.181221723556518555e+00
0.000000000000000000e+00
0.000000000000000000e+00
2.393293529748916626e-01
1.858689427375793457e+00
6.016895771026611328e-01
1.861519336700439453e+00
1.053873971104621887e-01
5.958854675292968750e+00
5.037461519241333008e-01
7.646911740303039551e-01
3.493385612964630127e-01
1.770745515823364258e+00
1.725038886070251465e+00
2.717175781726837158e-01
1.840452104806900024e-01
2.543185710906982422e+00
8.798774331808090210e-02
0.000000000000000000e+00
1.165159106254577637e+00
3.845635056495666504e-01
0.000000000000000000e+00
1.357526183128356934e+00
2.928848564624786377e-01
0.000000000000000000e+00
0.000000000000000000e+00
1.087440490722656250e+00
2.231416463851928711e+00
2.292641997337341309e-01
4.840597212314605713e-01
4.819934070110321045e-02
1.193356513977050781e+00
1.382764458656311035e+00
7.437189579010009766e+00
0.000000000000000000e+00
3.172171418555080891e-04
6.722940504550933838e-02
2.027676254510879517e-01
3.328284993767738342e-02
7.876442074775695801e-01
8.966367840766906738e-01
3.825931310653686523e+00
6.448019295930862427e-02
0.000000000000000000e+00
3.655189275741577148e-01
1.255224108695983887e+00
2.662817016243934631e-02
0.000000000000000000e+00
0.000000000000000000e+00
1.624863129109144211e-03
1.509571313858032227e+00
4.452739655971527100e-01
1.079737424850463867e+00
6.428619623184204102e-01
1.299337983131408691e+00
1.167016625404357910e-01
2.921831309795379639e-01
1.161693572998046875e+00
1.082735896110534668e+00
4.699615016579627991e-02
1.055630818009376526e-01
5.422275662422180176e-01
9.235657453536987305e-01
0.000000000000000000e+00
8.526360392570495605e-01
0.000000000000000000e+00
3.215045034885406494e-01
1.213232994079589844e+00
2.719065248966217041e-01
7.632445096969604492e-01
5.616526007652282715e-01
1.371980547904968262e+00
3.977133929729461670e-01
3.592871725559234619e-01
5.872046947479248047e-02
5.660396218299865723e-01
2.502245903015136719e+00
6.060044169425964355e-01
1.704697497189044952e-02
1.819530725479125977e-01
5.745414495468139648e-01
3.914261460304260254e-01
6.898954510688781738e-01
0.000000000000000000e+00
4.025956392288208008e-01
6.201983094215393066e-01
2.986244857311248779e-02
3.367734551429748535e-01
4.672505334019660950e-02
5.581031441688537598e-01
3.948597669601440430e+00
1.570164084434509277e+00
1.088167071342468262e+00
1.066496253013610840e+00
2.321218967437744141e+00
6.154518723487854004e-01
2.003663331270217896e-01
8.465254306793212891e-01
5.740509033203125000e-01
1.579392850399017334e-01
6.603720784187316895e-02
2.446127176284790039e+00
7.266428470611572266e-01
3.756598532199859619e-01
4.311291873455047607e-01
0.000000000000000000e+00
2.631229877471923828e+00
1.233785986900329590e+00
1.329556703567504883e-01
8.740934729576110840e-01
1.464655064046382904e-02
1.028771400451660156e+00
8.052770495414733887e-01
4.032611846923828125e-01
0.000000000000000000e+00
0.000000000000000000e+00
2.153653800487518311e-01
0.000000000000000000e+00
9.892871975898742676e-01
5.679576992988586426e-01
1.884470111690461636e-03
2.283038571476936340e-02
0.000000000000000000e+00
2.588857114315032959e-01
2.150334119796752930e+00
0.000000000000000000e+00
4.476442933082580566e-01
1.200286075472831726e-01
1.865154981613159180e+00
9.610332548618316650e-03
1.455473303794860840e+00
2.896338002756237984e-03
2.479645013809204102e-01
3.148127794265747070e-01
9.386360049247741699e-01
1.322831630706787109e+00
1.247216224670410156e+00
3.409605026245117188e-01
9.684522747993469238e-01
4.498942792415618896e-01
1.701351851224899292e-01
1.567001491785049438e-01
1.843012422323226929e-01
1.677335739135742188e+00
1.205652832984924316e+00
2.363884896039962769e-01
0.000000000000000000e+00
4.409504123032093048e-03
1.246686220169067383e+00
1.778009772300720215e+00
3.187650740146636963e-01
1.564452797174453735e-01
5.231389403343200684e-01
2.700597047805786133e-01
2.535859942436218262e-01
3.145273327827453613e-01
8.182597160339355469e-01
6.203497886657714844e+00
6.131860017776489258e-01
1.418060064315795898e-01
1.146003484725952148e+00
3.797762468457221985e-02
5.191107466816902161e-02
3.665400147438049316e-01
2.278648503124713898e-02
0.000000000000000000e+00
1.750249415636062622e-01
1.059608817100524902e+00
4.416605830192565918e-01
0.000000000000000000e+00
1.263598203659057617e-01
1.299108028411865234e+00
3.689267635345458984e-01
3.140092492103576660e-01
0.000000000000000000e+00
4.705481231212615967e-01
1.906757831573486328e+00
0.000000000000000000e+00
3.043021202087402344e+00
0.000000000000000000e+00
1.925401389598846436e-01
1.631336361169815063e-01
0.000000000000000000e+00
5.024085640907287598e-01
1.887191683053970337e-01
0.000000000000000000e+00
6.308974027633666992e-01
8.271690011024475098e-01
2.890980569645762444e-03
2.205150667577981949e-03
2.692532241344451904e-01
1.661914736032485962e-01
3.611863823607563972e-03
1.222542285919189453e+00
1.742358922958374023e+00
2.424931377172470093e-01
1.102054238319396973e+00
7.682009339332580566e-01
2.790095508098602295e-01
0.000000000000000000e+00
4.352617263793945312e-01
1.232806220650672913e-01
9.405259490013122559e-01
1.623255848884582520e+00
1.449782699346542358e-01
2.470523864030838013e-02
1.572824120521545410e-01
1.068567112088203430e-01
1.116916313767433167e-01
9.943835735321044922e-01
1.320969164371490479e-01
2.739041112363338470e-02
4.954336583614349365e-02
6.126738190650939941e-01
0.000000000000000000e+00
5.004030466079711914e-01
2.349038841202855110e-03
5.987265110015869141e-01
7.274327278137207031e-01
0.000000000000000000e+00
8.514586091041564941e-01
3.852095901966094971e-01
1.457821369171142578e+00
1.407779574394226074e+00
1.276859045028686523e+00
1.991407036781311035e+00
1.907668113708496094e+00
0.000000000000000000e+00
2.042698860168457031e-01
1.895067811012268066e+00
1.689357042312622070e+00
3.632542192935943604e-01
1.012267947196960449e+00
0.000000000000000000e+00
4.315463826060295105e-02
4.057445377111434937e-02
5.659617185592651367e-01
6.104432344436645508e-01
2.318903356790542603e-01
4.632074832916259766e+00
1.610986590385437012e+00
1.012622833251953125e+00
1.322875148616731167e-03
6.326408982276916504e-01
1.384655833244323730e-01
0.000000000000000000e+00
7.537191850133240223e-04
4.955068528652191162e-01
2.530784904956817627e-02
0.000000000000000000e+00
0.000000000000000000e+00
4.780154302716255188e-02
2.714981436729431152e-01
1.138705968856811523e+00
1.651493787765502930e+00
8.073420077562332153e-02
2.336006164550781250e-01
1.870081067085266113e+00
1.783750340109691024e-04
1.859077438712120056e-02
1.524045015685260296e-03
7.820732891559600830e-02
9.110186696052551270e-01
1.635891199111938477e-01
1.752371668815612793e+00
1.837172359228134155e-01
1.273380517959594727e+00
5.917196273803710938e-01
1.674111634492874146e-01
0.000000000000000000e+00
5.403050184249877930e-01
2.389623641967773438e+00
3.035600821021944284e-04
4.128402099013328552e-03
2.873861551284790039e+00
3.678648173809051514e-02
9.501138329505920410e-01
1.512767821550369263e-01
2.215814776718616486e-02
1.430057585239410400e-01
0.000000000000000000e+00
4.275888919830322266e+00
1.941225375048816204e-03
1.517590284347534180e+00
5.930142998695373535e-01
2.042536735534667969e+00
0.000000000000000000e+00
1.645956873893737793e+00
0.000000000000000000e+00
3.361872956156730652e-02
1.482706069946289062e-01
1.183638814836740494e-03
3.856211304664611816e-01
1.443125586956739426e-02
2.978380955755710602e-02
0.000000000000000000e+00
1.462787985801696777e-01
7.504976987838745117e-01
1.328939557075500488e+00
0.000000000000000000e+00
1.648636758327484131e-01
4.979489147663116455e-01
1.372623682022094727e+00
0.000000000000000000e+00
1.834943424910306931e-03
0.000000000000000000e+00
6.679423619061708450e-03
4.757058918476104736e-01
8.484775424003601074e-01
2.334965020418167114e-01
2.400182008743286133e+00
0.000000000000000000e+00
6.418511867523193359e-01
8.888870477676391602e-02
0.000000000000000000e+00
0.000000000000000000e+00
0.000000000000000000e+00
1.613568902015686035e+00
2.936728954315185547e+00
8.651440963149070740e-03
3.611519813537597656e+00
0.000000000000000000e+00
1.053519606590270996e+00
0.000000000000000000e+00
2.323218248784542084e-02
4.155773296952247620e-02
2.092379570007324219e+00
5.566072463989257812e-01
0.000000000000000000e+00
1.014494895935058594e+00
3.508218228816986084e-01
3.765269517898559570e-01
2.663143873214721680e+00
1.290742307901382446e-01
4.724420141428709030e-03
2.510840296745300293e-01
1.035528909415006638e-02
3.537953794002532959e-01
3.601339831948280334e-02
1.015179883688688278e-02
5.451927334070205688e-02
1.099576950073242188e+00
1.178871512413024902e+00
0.000000000000000000e+00
2.091147005558013916e-01
1.831299513578414917e-01
5.970935225486755371e-01
8.509300649166107178e-02
4.499368667602539062e-01
3.099496066570281982e-01
2.727110637351870537e-03
2.101128250360488892e-01
1.304731965065002441e+00
4.326353222131729126e-02
3.723601251840591431e-02
2.444926023483276367e+00
4.835863709449768066e-01
0.000000000000000000e+00
1.138114333152770996e-01
1.366479754447937012e+00
5.922926664352416992e-01
3.633570671081542969e-01
7.995473742485046387e-01
3.203618526458740234e+00
3.128229856491088867e+00
4.777668416500091553e-01
3.335920870304107666e-01
3.027457296848297119e-01
0.000000000000000000e+00
0.000000000000000000e+00
