6.976206302642822266e-01
0.000000000000000000e+00
7.446698546409606934e-01
1.660542011260986328e+00
4.701997339725494385e-01
3.959949612617492676e-01
1.608208179473876953e+00
3.775487899780273438e+00
5.697783470153808594e+00
1.299476742744445801e+00
3.138999454677104950e-04
2.232017993927001953e+00
1.833072048611938953e-03
1.217254042625427246e+00
1.912747979164123535e+00
1.269172191619873047e+00
5.815889835357666016e-01
1.305384039878845215e+00
6.300276517868041992e-02
1.794735528528690338e-02
1.368333935737609863e+00
0.000000000000000000e+00
3.020726442337036133e-01
2.768745899200439453e+00
3.224347233772277832e-01
0.000000000000000000e+00
0.000000000000000000e+00
1.404434919357299805e+00
5.802635550498962402e-01
2.383266389369964600e-01
2.216128073632717133e-02
0.000000000000000000e+00
3.073225021362304688e-01
1.166850566864013672e+00
1.806809455156326294e-01
1.938302040100097656e+00
2.299433350563049316e-01
3.356220424175262451e-01
1.617159508168697357e-02
3.779987394809722900e-01
1.558228433132171631e-01
6.607423722743988037e-02
1.302202939987182617e+00
5.107142925262451172e+00
3.414514362812042236e-01
1.859547495841979980e+00
5.969111621379852295e-02
1.421750426292419434e+00
5.847429633140563965e-01
1.137937068939208984e+00
4.032780647277832031e+00
1.329691149294376373e-02
1.611106395721435547e+00
1.712934114038944244e-02
1.712667584419250488e+00
7.599722743034362793e-01
3.028876483440399170e-01
5.745040774345397949e-01
3.237848997116088867e+00
4.094643294811248779e-01
4.533601552248001099e-02
2.672372460365295410e-01
4.131795763969421387e-01
6.897347569465637207e-01
4.637778699398040771e-01
1.278315186500549316e+00
1.449393987655639648e+00
4.388502836227416992e-01
5.374702215194702148e-01
1.001786231994628906e+00
0.000000000000000000e+00
1.465131491422653198e-01
4.826771020889282227e-01
1.226696491241455078e+00
4.297974705696105957e-01
1.272448182106018066e+00
3.074601525440812111e-03
1.829361557960510254e+00
8.285396546125411987e-02
6.341703534126281738e-01
4.001756012439727783e-01
7.293411493301391602e-01
2.777761697769165039e+00
2.579396367073059082e-01
1.848803758621215820e+00
5.890073180198669434e-01
1.158303141593933105e+00
4.358398914337158203e-01
7.218757271766662598e-01
3.107183277606964111e-01
2.264205738902091980e-02
0.000000000000000000e+00
6.779333576560020447e-03
8.919989690184593201e-03
2.170852422714233398e+00
1.636634588241577148e+00
4.540880024433135986e-01
2.601430177688598633e+00
1.056103408336639404e-01
1.476592272520065308e-01
0.000000000000000000e+00
2.497348785400390625e-01
1.120032668113708496e-01
2.907701730728149414e+00
1.944172263145446777e+00
1.764844805002212524e-01
1.258337378501892090e+00
3.008482456207275391e-01
1.364677429199218750e+00
3.149012625217437744e-01
1.190332293510437012e+00
4.369091242551803589e-02
8.269237726926803589e-02
3.257197439670562744e-01
8.072797060012817383e-01
1.504334807395935059e-02
3.196644783020019531e-01
6.304441690444946289e-01
2.352947235107421875e+00
3.431949377059936523e+00
1.225640296936035156e+00
3.358824551105499268e-01
9.363366663455963135e-02
1.691371917724609375e+00
1.012607812881469727e+00
1.365817308425903320e+00
0.000000000000000000e+00
4.372465908527374268e-01
2.076689481735229492e+00
0.000000000000000000e+00
1.119105666875839233e-01
1.911054253578186035e-01
8.170200884342193604e-02
6.625887006521224976e-02
1.364620625972747803e-01
1.049398109316825867e-01
8.143421411514282227e-01
4.144418239593505859e+00
0.000000000000000000e+00
1.613055467605590820e-01
1.275900006294250488e-01
5.393795967102050781e-01
1.776751160621643066e+00
1.880974322557449341e-02
1.487941741943359375e-01
8.095656037330627441e-01
1.669054865837097168e+00
6.815624237060546875e-01
6.401673555374145508e-01
1.043101191520690918e+00
4.184449195861816406e+00
2.499261200428009033e-01
3.861660063266754150e-01
5.634752511978149414e-01
1.317064046859741211e+00
9.253218173980712891e-01
3.786486685276031494e-01
4.009079933166503906e-02
1.432499766349792480e+00
2.208219915628433228e-01
9.530041366815567017e-03
9.479488134384155273e-01
3.207296133041381836e-01
2.218635752797126770e-03
1.394340634346008301e+00
3.797466754913330078e-01
1.586852036416530609e-02
0.000000000000000000e+00
1.689142882823944092e-01
1.313310265541076660e+00
1.867571175098419189e-01
5.325661897659301758e-01
7.847357541322708130e-02
7.405775189399719238e-01
7.080686688423156738e-01
6.814661026000976562e+00
2.177441865205764771e-01
8.907207846641540527e-02
5.374336615204811096e-02
2.650339901447296143e-01
2.087809145450592041e-02
1.057423114776611328e+00
1.252111315727233887e+00
4.189030170440673828e+00
9.903781861066818237e-02
0.000000000000000000e+00
2.097380459308624268e-01
1.797164201736450195e+00
0.000000000000000000e+00
3.327741473913192749e-02
0.000000000000000000e+00
0.000000000000000000e+00
1.808117389678955078e+00
1.253164887428283691e+00
9.520439505577087402e-01
6.162332892417907715e-01
4.536588788032531738e-01
4.498716890811920166e-01
3.012833893299102783e-01
8.126376867294311523e-01
7.188212871551513672e-01
2.342579327523708344e-02
1.991856545209884644e-01
6.469805836677551270e-01
3.743243217468261719e-01
2.269622869789600372e-02
4.040387868881225586e-01
3.453081473708152771e-02
9.469127058982849121e-01
1.049648523330688477e+00
1.435509920120239258e-01
7.983774542808532715e-01
1.585996598005294800e-01
5.460914969444274902e-01
3.563635945320129395e-01
8.488873839378356934e-01
9.166597723960876465e-01
6.624085307121276855e-01
2.378708362579345703e+00
7.557779550552368164e-01
1.286388933658599854e-01
2.027494460344314575e-01
5.761456489562988281e-01
2.357186228036880493e-01
7.508906126022338867e-01
0.000000000000000000e+00
5.944373607635498047e-01
1.050942063331604004e+00
0.000000000000000000e+00
1.897608339786529541e-01
4.415483474731445312e-01
8.404181897640228271e-02
2.792325258255004883e+00
5.806134939193725586e-01
1.307235360145568848e+00
5.329148173332214355e-01
2.227024316787719727e+00
1.369376778602600098e+00
2.189640402793884277e-01
1.054374575614929199e+00
2.681824266910552979e-01
1.057808920741081238e-01
9.138522744178771973e-01
2.939451217651367188e+00
1.415587306022644043e+00
7.395105808973312378e-02
4.585241377353668213e-01
0.000000000000000000e+00
3.256436109542846680e+00
2.309219986200332642e-01
6.116234064102172852e-01
5.291054844856262207e-01
1.222169143147766590e-03
8.546565175056457520e-01
1.103454947471618652e+00
6.541922092437744141e-01
0.000000000000000000e+00
1.668445952236652374e-02
7.705525755882263184e-01
3.035659193992614746e-01
1.157428741455078125e+00
4.847737550735473633e-01
4.672058299183845520e-02
8.667608350515365601e-02
0.000000000000000000e+00
3.981097135692834854e-03
1.228965997695922852e+00
1.493226885795593262e-01
4.436854422092437744e-01
6.924334168434143066e-01
1.758067488670349121e+00
0.000000000000000000e+00
1.794546008110046387e+00
2.063666880130767822e-01
4.598045349121093750e-01
1.245886445045471191e+00
6.685867905616760254e-01
9.708850979804992676e-01
1.246993541717529297e+00
1.868822872638702393e-01
6.150068640708923340e-01
3.480460941791534424e-01
8.268120884895324707e-02
4.806657731533050537e-01
4.693479537963867188e-01
6.715886592864990234e-01
1.336831212043762207e+00
2.499326169490814209e-01
6.669858843088150024e-02
9.271055459976196289e-02
1.022598266601562500e+00
1.303598284721374512e+00
1.222291588783264160e+00
6.594544649124145508e-01
4.901528060436248779e-01
3.059099987149238586e-02
2.304859459400177002e-01
2.507116496562957764e-01
3.071551620960235596e-01
5.931840896606445312e+00
4.392310380935668945e-01
1.162077262997627258e-01
9.457919597625732422e-01
1.105711050331592560e-02
2.718102931976318359e-01
1.550639141350984573e-02
1.864389628171920776e-01
0.000000000000000000e+00
9.482251107692718506e-02
1.106798648834228516e+00
4.654796794056892395e-02
6.737569570541381836e-01
1.058277785778045654e-01
1.013367533683776855e+00
4.347967803478240967e-01
7.189002633094787598e-01
4.115395713597536087e-03
4.860570728778839111e-01
8.485685586929321289e-01
0.000000000000000000e+00
2.686712503433227539e+00
0.000000000000000000e+00
2.342830002307891846e-01
7.444780319929122925e-02
0.000000000000000000e+00
5.160441994667053223e-01
7.337051033973693848e-01
2.167670615017414093e-02
8.519900441169738770e-01
7.802165746688842773e-01
0.000000000000000000e+00
0.000000000000000000e+00
1.238397285342216492e-01
1.908670067787170410e-01
6.631013751029968262e-02
1.135325670242309570e+00
1.316555380821228027e+00
2.631625831127166748e-01
6.739634871482849121e-01
6.674283146858215332e-01
2.765013575553894043e-01
8.484043180942535400e-02
9.050807356834411621e-01
1.699381023645401001e-01
1.004186630249023438e+00
3.062847554683685303e-01
1.321863569319248199e-02
9.281001240015029907e-02
3.636811673641204834e-01
1.603043265640735626e-02
9.668809175491333008e-02
5.858735442161560059e-01
2.172078937292098999e-02
3.345702216029167175e-02
0.000000000000000000e+00
6.240006089210510254e-01
0.000000000000000000e+00
1.484324187040328979e-01
2.775215543806552887e-03
1.456522643566131592e-01
5.236080288887023926e-01
0.000000000000000000e+00
9.027411341667175293e-01
3.577102422714233398e-01
9.311587810516357422e-01
9.063840508460998535e-01
9.481854438781738281e-01
1.425682783126831055e+00
1.271557569503784180e+00
9.315233677625656128e-02
1.624498367309570312e-01
1.601690769195556641e+00
1.088786721229553223e+00
7.272971868515014648e-01
5.380921363830566406e-01
6.721790134906768799e-02
1.946663111448287964e-01
3.970748186111450195e-02
1.060976862907409668e+00
1.089196920394897461e+00
1.015114307403564453e+00
3.744578361511230469e+00
1.592567205429077148e+00
8.027530908584594727e-01
2.155179856345057487e-03
1.692111968994140625e+00
1.128397360444068909e-01
1.286235451698303223e-01
0.000000000000000000e+00
3.161966800689697266e-01
5.576805397868156433e-02
1.299910098314285278e-01
1.054946915246546268e-03
1.411367487162351608e-02
4.303635954856872559e-01
7.194192409515380859e-01
2.724339008331298828e+00
2.323876507580280304e-02
7.125030457973480225e-02
1.575368762016296387e+00
1.116873417049646378e-02
0.000000000000000000e+00
1.010210812091827393e-02
4.176149964332580566e-01
1.134554386138916016e+00
1.517128199338912964e-01
1.631959795951843262e+00
4.216723144054412842e-02
9.061554074287414551e-01
6.742788553237915039e-01
2.733186483383178711e-01
7.351469993591308594e-02
5.123549103736877441e-01
1.814810156822204590e+00
9.718252718448638916e-02
1.727458238601684570e-01
1.282314538955688477e+00
9.567712992429733276e-02
5.189911723136901855e-01
0.000000000000000000e+00
0.000000000000000000e+00
7.937737703323364258e-01
1.691102981567382812e-02
5.879431724548339844e+00
2.263658493757247925e-01
1.878274321556091309e+00
1.248790740966796875e+00
1.361937165260314941e+00
6.154195591807365417e-02
2.864293575286865234e+00
7.605557329952716827e-04
2.116794735193252563e-01
1.271464526653289795e-01
1.383549124002456665e-01
1.686642915010452271e-01
2.741798162460327148e-01
1.378324031829833984e-01
0.000000000000000000e+00
9.720567613840103149e-03
7.726311683654785156e-01
1.801075458526611328e+00
3.476558625698089600e-02
2.222188562154769897e-01
1.012881875038146973e+00
1.979940533638000488e+00
7.047079969197511673e-03
1.807424724102020264e-01
4.940389096736907959e-02
5.657506361603736877e-02
1.547330766916275024e-01
1.148915529251098633e+00
6.906045079231262207e-01
8.978893160820007324e-01
1.479351893067359924e-02
6.190221309661865234e-01
0.000000000000000000e+00
1.198157966136932373e-01
9.185820072889328003e-02
0.000000000000000000e+00
1.931182026863098145e+00
2.024203538894653320e+00
1.890908181667327881e-01
2.062990188598632812e+00
0.000000000000000000e+00
5.193361639976501465e-01
8.366546034812927246e-02
9.672143459320068359e-01
1.478630602359771729e-01
1.547722339630126953e+00
1.621703356504440308e-01
0.000000000000000000e+00
1.255571722984313965e+00
7.889729738235473633e-01
1.645331829786300659e-01
2.270694732666015625e+00
7.565091550350189209e-02
8.701674640178680420e-03
4.299201369285583496e-01
5.949480459094047546e-02
1.293973773717880249e-01
7.403804063796997070e-01
4.416675865650177002e-02
2.029813677072525024e-01
1.215797185897827148e+00
7.720233798027038574e-01
0.000000000000000000e+00
4.717643857002258301e-01
1.631277650594711304e-01
5.788434743881225586e-01
1.898338831961154938e-02
3.866737708449363708e-02
4.516674578189849854e-02
1.672932505607604980e-02
6.453858017921447754e-01
1.621373653411865234e+00
0.000000000000000000e+00
7.113828510046005249e-02
5.313929915428161621e-01
8.559853434562683105e-01
4.609743878245353699e-02
0.000000000000000000e+00
1.659388661384582520e+00
4.428666532039642334e-01
5.950531363487243652e-01
1.296081066131591797e+00
2.423676490783691406e+00
2.976378202438354492e+00
1.119607448577880859e+00
6.178771853446960449e-01
1.259776353836059570e+00
8.651410229504108429e-03
8.974250406026840210e-03
