1.611258685588836670e-01
0.000000000000000000e+00
4.335620105266571045e-01
2.221875429153442383e+00
7.533533871173858643e-02
4.029338955879211426e-01
1.259814739227294922e+00
2.631263017654418945e+00
7.550262928009033203e+00
1.574574470520019531e+00
2.253347449004650116e-02
1.530823945999145508e+00
2.085150405764579773e-02
4.461142718791961670e-01
1.696879506111145020e+00
9.466241002082824707e-01
5.879384279251098633e-01
6.045317649841308594e-01
6.551878061145544052e-03
0.000000000000000000e+00
1.642498254776000977e+00
0.000000000000000000e+00
6.245416402816772461e-01
1.604569435119628906e+00
6.675275973975658417e-03
1.368350982666015625e-01
0.000000000000000000e+00
7.176603674888610840e-01
9.164146333932876587e-02
1.905755512416362762e-02
0.000000000000000000e+00
5.982180312275886536e-02
4.987140893936157227e-01
1.276051044464111328e+00
4.899158775806427002e-01
3.528672456741333008e+00
1.865498274564743042e-01
2.501936554908752441e-01
1.107964068651199341e-01
8.101741075515747070e-01
2.792105078697204590e-01
7.755604386329650879e-02
1.008292555809020996e+00
4.142574310302734375e+00
2.465758770704269409e-01
1.678001880645751953e+00
4.043833911418914795e-02
1.207881569862365723e+00
1.272183805704116821e-01
1.321411728858947754e+00
3.773284196853637695e+00
0.000000000000000000e+00
1.773011803627014160e+00
1.392869800329208374e-01
1.249166011810302734e+00
2.223082780838012695e-01
2.074831277132034302e-01
3.812418580055236816e-01
3.745235681533813477e+00
3.835455477237701416e-01
1.187494676560163498e-02
1.376370936632156372e-01
8.675663731992244720e-03
8.811976909637451172e-01
8.319988250732421875e-01
6.508450508117675781e-01
4.011524319648742676e-01
7.342867255210876465e-01
1.294746756553649902e+00
8.702227473258972168e-01
0.000000000000000000e+00
6.606657803058624268e-02
1.621526330709457397e-01
9.260826706886291504e-01
3.087348341941833496e-01
1.352215647697448730e+00
0.000000000000000000e+00
6.430041790008544922e-01
5.383215099573135376e-02
8.403059840202331543e-01
6.487420201301574707e-01
6.032579541206359863e-01
2.089403390884399414e+00
1.925598084926605225e-01
1.812918543815612793e+00
9.528869390487670898e-02
2.495768308639526367e+00
5.047460794448852539e-01
9.979520440101623535e-01
5.120763555169105530e-02
0.000000000000000000e+00
0.000000000000000000e+00
0.000000000000000000e+00
1.435468159615993500e-02
1.902407407760620117e+00
1.852897763252258301e+00
5.327973365783691406e-01
2.309650659561157227e+00
4.337381571531295776e-02
4.972251355648040771e-01
0.000000000000000000e+00
6.423965841531753540e-02
4.081524908542633057e-02
2.654157400131225586e+00
1.843206435441970825e-01
3.775719404220581055e-01
1.866847753524780273e+00
8.933802843093872070e-01
2.465317398309707642e-01
8.021467924118041992e-02
1.838878154754638672e+00
6.812711944803595543e-04
1.746973246335983276e-01
2.050409913063049316e-01
7.509183287620544434e-01
7.179054617881774902e-02
1.718464046716690063e-01
1.577793359756469727e+00
1.795943379402160645e+00
3.081867694854736328e+00
1.521431803703308105e-01
6.025878712534904480e-02
5.810024216771125793e-02
2.042071819305419922e+00
9.108546972274780273e-01
1.878782868385314941e+00
0.000000000000000000e+00
4.451902508735656738e-01
1.314111948013305664e+00
5.144357681274414062e-02
3.691227138042449951e-01
5.195683836936950684e-01
7.953160256147384644e-02
1.211391761898994446e-01
2.141474783420562744e-01
6.005281209945678711e-02
1.251960843801498413e-01
4.711202621459960938e+00
0.000000000000000000e+00
3.209021091461181641e-01
5.028032511472702026e-02
5.322383642196655273e-01
1.668900728225708008e+00
8.285966701805591583e-03
6.635486148297786713e-03
4.445107281208038330e-01
1.710262060165405273e+00
7.191780209541320801e-01
1.592101812362670898e+00
1.869083642959594727e-01
5.796795368194580078e+00
4.231600463390350342e-01
6.833095550537109375e-01
3.719055056571960449e-01
1.523133277893066406e+00
1.415956020355224609e+00
3.945024907588958740e-01
5.917519703507423401e-02
3.065423727035522461e+00
1.088936030864715576e-01
1.642583520151674747e-03
6.394701004028320312e-01
1.393370479345321655e-01
0.000000000000000000e+00
6.799980998039245605e-01
4.968512654304504395e-01
0.000000000000000000e+00
0.000000000000000000e+00
1.074567317962646484e+00
1.430301427841186523e+00
3.637134730815887451e-01
7.039415091276168823e-02
2.013093605637550354e-02
1.004314422607421875e+00
1.271849036216735840e+00
7.695712089538574219e+00
9.641326032578945160e-03
0.000000000000000000e+00
9.581526368856430054e-02
1.053610518574714661e-01
0.000000000000000000e+00
5.956106781959533691e-01
8.212722092866897583e-02
3.983188390731811523e+00
1.367920786142349243e-01
0.000000000000000000e+00
1.951761394739151001e-01
9.835779666900634766e-01
0.000000000000000000e+00
7.426579017192125320e-03
0.000000000000000000e+00
0.000000000000000000e+00
1.577343225479125977e+00
5.574284791946411133e-01
4.809701144695281982e-01
7.570915818214416504e-01
1.628590822219848633e+00
1.525150835514068604e-01
7.020972967147827148e-01
1.175612211227416992e+00
1.332476854324340820e+00
2.258230894804000854e-01
6.601826101541519165e-02
2.096541970968246460e-01
5.079218149185180664e-01
0.000000000000000000e+00
7.856957912445068359e-01
2.197189722210168839e-03
4.081630110740661621e-01
1.397961378097534180e+00
1.823011226952075958e-02
5.477503538131713867e-01
3.779713809490203857e-01
1.156651854515075684e+00
4.320593476295471191e-01
3.316755294799804688e-01
2.271708659827709198e-02
6.293190121650695801e-01
2.180343389511108398e+00
3.159070909023284912e-01
1.108903437852859497e-02
1.016711369156837463e-01
5.632420182228088379e-01
3.965045213699340820e-01
6.234631538391113281e-01
0.000000000000000000e+00
4.165477752685546875e-01
7.852081656455993652e-01
9.209570474922657013e-03
1.877994686365127563e-01
8.796001970767974854e-02
3.243256211280822754e-01
2.409549713134765625e+00
1.698043823242187500e+00
7.170124053955078125e-01
1.051527619361877441e+00
2.832135915756225586e+00
5.629913210868835449e-01
1.116428524255752563e-02
2.792875766754150391e-01
2.639330327510833740e-01
5.076275765895843506e-02
2.864050865173339844e-02
2.668222904205322266e+00
4.701324999332427979e-01
5.304403901100158691e-01
2.057138979434967041e-01
8.519315160810947418e-04
3.117947816848754883e+00
1.169887423515319824e+00
1.810543984174728394e-01
6.153964996337890625e-01
6.320908665657043457e-03
5.475212931632995605e-01
6.848213076591491699e-01
2.215942591428756714e-01
0.000000000000000000e+00
0.000000000000000000e+00
1.023117974400520325e-01
9.400266408920288086e-02
1.023492336273193359e+00
6.741245388984680176e-01
0.000000000000000000e+00
1.728008687496185303e-02
0.000000000000000000e+00
1.113442797213792801e-02
1.214658975601196289e+00
3.634337102994322777e-03
6.452925205230712891e-01
2.009152024984359741e-01
1.673041224479675293e+00
0.000000000000000000e+00
1.045458197593688965e+00
0.000000000000000000e+00
1.108529567718505859e-01
7.145296335220336914e-01
1.090634346008300781e+00
9.543342590332031250e-01
1.097176313400268555e+00
2.686497867107391357e-01
4.481679201126098633e-01
6.980257630348205566e-01
9.916831739246845245e-03
1.130823120474815369e-01
3.139732480049133301e-01
8.283506035804748535e-01
1.241554141044616699e+00
2.375527918338775635e-01
0.000000000000000000e+00
0.000000000000000000e+00
9.350185394287109375e-01
1.520419836044311523e+00
1.044541597366333008e+00
8.015181124210357666e-02
3.429546356201171875e-01
2.891620397567749023e-01
1.955722123384475708e-01
1.529974956065416336e-02
4.828559756278991699e-01
6.067867279052734375e+00
1.074140906333923340e+00
4.358382523059844971e-01
5.727717280387878418e-01
0.000000000000000000e+00
3.038154728710651398e-02
2.000189572572708130e-01
6.950639933347702026e-02
0.000000000000000000e+00
6.643572449684143066e-02
8.862830996513366699e-01
1.603165864944458008e-01
9.422111511230468750e-02
2.358038276433944702e-01
1.403536438941955566e+00
1.103034839034080505e-01
3.522585332393646240e-01
0.000000000000000000e+00
5.962343215942382812e-01
1.136680006980895996e+00
0.000000000000000000e+00
2.905427455902099609e+00
0.000000000000000000e+00
6.377162784337997437e-02
3.671273887157440186e-01
8.241534233093261719e-03
8.484052419662475586e-01
3.175737261772155762e-01
0.000000000000000000e+00
6.287438273429870605e-01
6.116578578948974609e-01
0.000000000000000000e+00
0.000000000000000000e+00
8.380935178138315678e-04
6.788965314626693726e-02
3.632500302046537399e-03
9.704334139823913574e-01
1.409412145614624023e+00
3.415471911430358887e-01
7.465589642524719238e-01
8.130515813827514648e-01
5.106059834361076355e-02
0.000000000000000000e+00
5.376477241516113281e-01
4.566314816474914551e-02
5.768278837203979492e-01
1.199025154113769531e+00
2.335506305098533630e-02
4.729520902037620544e-02
3.532810136675834656e-02
1.554487496614456177e-01
1.845093965530395508e-01
1.073632001876831055e+00
6.633185595273971558e-02
5.032266303896903992e-02
0.000000000000000000e+00
1.122284173965454102e+00
0.000000000000000000e+00
1.951290220022201538e-01
0.000000000000000000e+00
3.798904716968536377e-01
4.642283916473388672e-01
0.000000000000000000e+00
4.576661288738250732e-01
5.591270327568054199e-01
1.090092182159423828e+00
1.449981451034545898e+00
1.064089775085449219e+00
1.927580237388610840e+00
1.520520567893981934e+00
0.000000000000000000e+00
8.799651265144348145e-02
1.635463476181030273e+00
9.714567065238952637e-01
2.500244975090026855e-01
8.593483567237854004e-01
0.000000000000000000e+00
8.197628706693649292e-02
1.843570615164935589e-03
4.876184165477752686e-01
8.257485032081604004e-01
4.010614156723022461e-01
4.031647205352783203e+00
2.684138059616088867e+00
4.195712208747863770e-01
0.000000000000000000e+00
1.500354051589965820e+00
1.418063491582870483e-01
0.000000000000000000e+00
0.000000000000000000e+00
2.298640310764312744e-01
0.000000000000000000e+00
7.140064612030982971e-03
0.000000000000000000e+00
3.607939556241035461e-02
5.561805963516235352e-01
1.169102549552917480e+00
1.865917563438415527e+00
1.131140217185020447e-01
1.506502479314804077e-01
1.444190502166748047e+00
0.000000000000000000e+00
3.175915405154228210e-02
0.000000000000000000e+00
1.083914861083030701e-01
9.148694872856140137e-01
6.828355789184570312e-02
1.357918858528137207e+00
1.548795551061630249e-01
1.099264264106750488e+00
4.061492383480072021e-01
1.762923747301101685e-01
0.000000000000000000e+00
9.561163187026977539e-01
2.113149881362915039e+00
4.088839516043663025e-03
0.000000000000000000e+00
2.155573606491088867e+00
1.986447870731353760e-01
7.920212149620056152e-01
1.644869893789291382e-02
5.064521357417106628e-02
2.134306877851486206e-01
0.000000000000000000e+00
3.967286348342895508e+00
6.413084920495748520e-03
1.810934662818908691e+00
1.172464728355407715e+00
1.628902196884155273e+00
0.000000000000000000e+00
1.673655629158020020e+00
2.797139063477516174e-02
5.229610204696655273e-02
3.297021090984344482e-01
3.343665041029453278e-03
7.943933457136154175e-02
2.486082911491394043e-02
1.326080858707427979e-01
0.000000000000000000e+00
2.527135610580444336e-02
6.455529332160949707e-01
1.435002565383911133e+00
1.024567894637584686e-02
1.147314980626106262e-01
1.114452242851257324e+00
1.560000181198120117e+00
0.000000000000000000e+00
3.489422798156738281e-02
0.000000000000000000e+00
6.256806105375289917e-02
6.788119673728942871e-01
1.084852576255798340e+00
3.038718402385711670e-01
2.215494632720947266e+00
0.000000000000000000e+00
8.654215335845947266e-01
2.288921736180782318e-03
2.453324943780899048e-02
1.610852032899856567e-02
0.000000000000000000e+00
1.055057048797607422e+00
3.069617271423339844e+00
5.477278307080268860e-02
2.969702243804931641e+00
0.000000000000000000e+00
9.362111091613769531e-01
0.000000000000000000e+00
9.616339951753616333e-02
7.694317400455474854e-02
1.852620601654052734e+00
1.703138053417205811e-01
0.000000000000000000e+00
6.579433083534240723e-01
1.854289025068283081e-01
1.246780082583427429e-01
1.918752312660217285e+00
4.554114118218421936e-02
2.303948858752846718e-03
1.066460981965065002e-01
9.229682385921478271e-03
4.119176864624023438e-01
2.521292865276336670e-01
0.000000000000000000e+00
5.816126614809036255e-02
1.466817975044250488e+00
1.438898444175720215e+00
0.000000000000000000e+00
3.714026510715484619e-01
1.051944047212600708e-01
6.872121095657348633e-01
5.071092396974563599e-02
1.233579441905021667e-01
5.478533506393432617e-01
0.000000000000000000e+00
4.993809163570404053e-01
1.036959409713745117e+00
0.000000000000000000e+00
3.015376627445220947e-02
1.680691123008728027e+00
3.888903558254241943e-01
0.000000000000000000e+00
0.000000000000000000e+00
2.414274215698242188e+00
2.494006156921386719e-01
6.584405303001403809e-01
6.831252574920654297e-01
2.829832077026367188e+00
2.970978736877441406e+00
3.800698518753051758e-01
3.876021802425384521e-01
5.885387063026428223e-01
0.000000000000000000e+00
0.000000000000000000e+00
