5.226505920290946960e-02
4.469798295758664608e-04
4.778115823864936829e-02
2.891877412796020508e+00
2.161846458911895752e-01
1.603329628705978394e-01
8.864660263061523438e-01
2.983555316925048828e+00
7.236767768859863281e+00
1.087423086166381836e+00
3.553440272808074951e-01
1.635384917259216309e+00
2.342563867568969727e-01
1.468047022819519043e+00
2.353005409240722656e+00
5.492295622825622559e-01
4.020788967609405518e-01
8.273578882217407227e-01
6.457728147506713867e-01
1.342615634202957153e-01
1.129122376441955566e+00
0.000000000000000000e+00
5.009422898292541504e-01
2.112147092819213867e+00
3.546308726072311401e-02
1.539123654365539551e-01
1.705010607838630676e-02
1.837140560150146484e+00
5.099987983703613281e-01
7.106996327638626099e-02
0.000000000000000000e+00
0.000000000000000000e+00
7.768404483795166016e-01
2.662436664104461670e-01
3.551396727561950684e-01
2.675590515136718750e+00
2.933181226253509521e-01
1.096527501940727234e-01
1.938350647687911987e-01
4.572905600070953369e-01
3.216766417026519775e-01
2.498702555894851685e-01
9.742150306701660156e-01
4.283103942871093750e+00
2.441818863153457642e-01
1.056757092475891113e+00
2.049434781074523926e-01
1.639435052871704102e+00
4.754550009965896606e-02
1.442960858345031738e+00
2.586529970169067383e+00
0.000000000000000000e+00
1.508423328399658203e+00
4.930325224995613098e-02
1.072177886962890625e+00
1.133158132433891296e-01
2.582271099090576172e-01
2.155491113662719727e-01
2.565273523330688477e+00
2.204144746065139771e-01
4.189982544630765915e-03
1.518844515085220337e-01
1.859365962445735931e-02
5.440548658370971680e-01
1.243834972381591797e+00
4.793757200241088867e-01
1.003422066569328308e-01
2.278200238943099976e-01
8.358569741249084473e-01
3.979043662548065186e-01
0.000000000000000000e+00
0.000000000000000000e+00
1.220091655850410461e-01
4.222342669963836670e-01
9.179945588111877441e-01
1.115606307983398438e+00
5.714103579521179199e-03
9.828723669052124023e-01
2.890174090862274170e-01
9.230425953865051270e-01
3.636347129940986633e-02
1.312657117843627930e+00
2.292201280593872070e+00
2.970829047262668610e-02
1.889593243598937988e+00
2.788777649402618408e-02
1.233486175537109375e+00
7.706395536661148071e-02
2.167064249515533447e-01
6.136095151305198669e-02
0.000000000000000000e+00
0.000000000000000000e+00
1.415628241375088692e-03
0.000000000000000000e+00
1.245646238327026367e+00
1.150138825178146362e-01
3.720091581344604492e-01
1.116100788116455078e+00
1.019990295171737671e-01
6.296725571155548096e-02
0.000000000000000000e+00
6.759397685527801514e-02
8.808037266135215759e-03
2.155344247817993164e+00
9.325168728828430176e-01
1.096673309803009033e-01
1.611868739128112793e+00
3.163455128669738770e-01
1.923252344131469727e-01
3.715346753597259521e-01
1.047081351280212402e+00
6.007556337863206863e-03
3.507149219512939453e-01
4.258320927619934082e-01
5.803702473640441895e-01
3.581243753433227539e-02
1.159249693155288696e-01
1.100693866610527039e-01
7.100184559822082520e-01
2.237985610961914062e+00
7.430786490440368652e-01
1.972585618495941162e-01
0.000000000000000000e+00
1.912439227104187012e+00
6.005117297172546387e-01
8.180986642837524414e-01
0.000000000000000000e+00
2.731292545795440674e-01
1.561020493507385254e+00
4.287346825003623962e-02
9.584621526300907135e-03
7.969825863838195801e-01
3.388135135173797607e-02
2.871151864528656006e-01
3.408588171005249023e-01
5.799602344632148743e-02
2.140097618103027344e-01
4.715806484222412109e+00
0.000000000000000000e+00
3.116440773010253906e-02
6.137409806251525879e-02
1.204956043511629105e-02
1.736343026161193848e+00
5.302148684859275818e-02
5.936081055551767349e-03
7.348034530878067017e-02
1.031813621520996094e+00
9.030404686927795410e-01
1.180816531181335449e+00
1.181339919567108154e-01
5.640951633453369141e+00
2.568867802619934082e-01
6.324996948242187500e-01
2.125246226787567139e-01
1.672810435295104980e+00
1.443542957305908203e+00
3.425109684467315674e-01
2.923721671104431152e-01
2.351117849349975586e+00
9.031122177839279175e-02
3.148282319307327271e-02
1.062449693679809570e+00
4.826307296752929688e-01
0.000000000000000000e+00
1.752563118934631348e-01
2.781539857387542725e-01
0.000000000000000000e+00
0.000000000000000000e+00
1.083673000335693359e+00
2.419578552246093750e+00
3.735819756984710693e-01
4.451017454266548157e-02
2.400139532983303070e-02
1.018837451934814453e+00
5.226687192916870117e-01
7.663104057312011719e+00
0.000000000000000000e+00
1.611374132335186005e-02
1.446468010544776917e-02
6.462105363607406616e-02
4.419292788952589035e-03
6.823661923408508301e-02
2.061379700899124146e-01
2.904746770858764648e+00
2.178916521370410919e-02
9.325350634753704071e-03
2.066930234432220459e-01
1.403090119361877441e+00
0.000000000000000000e+00
4.142181947827339172e-02
0.000000000000000000e+00
0.000000000000000000e+00
1.386352658271789551e+00
6.519934535026550293e-01
7.230669856071472168e-01
4.539108276367187500e-01
8.822680115699768066e-01
1.609245538711547852e-01
2.369662970304489136e-01
4.683903157711029053e-01
1.330217242240905762e+00
3.445476293563842773e-01
4.150545224547386169e-02
3.739994764328002930e-01
1.272239685058593750e-01
0.000000000000000000e+00
1.081147193908691406e+00
6.865047663450241089e-02
2.348751127719879150e-01
1.419198751449584961e+00
9.025978296995162964e-02
8.649582415819168091e-02
5.922148227691650391e-01
1.420914649963378906e+00
1.008205771446228027e+00
5.076264739036560059e-01
2.949666380882263184e-01
4.367240071296691895e-01
1.666350364685058594e+00
5.537499785423278809e-01
0.000000000000000000e+00
2.148796990513801575e-02
7.941627502441406250e-01
2.343988567590713501e-01
3.838502466678619385e-01
0.000000000000000000e+00
3.805186152458190918e-01
2.203457057476043701e-01
1.362218614667654037e-02
1.613640487194061279e-01
1.391022950410842896e-01
3.551638126373291016e-01
2.210766553878784180e+00
1.436770081520080566e+00
8.859372735023498535e-01
7.969490289688110352e-01
2.453710317611694336e+00
9.669660925865173340e-01
5.684215109795331955e-03
5.935685038566589355e-01
1.518514901399612427e-01
7.559319585561752319e-02
2.514465749263763428e-01
2.568296909332275391e+00
7.243553996086120605e-01
1.573297530412673950e-01
7.946199774742126465e-01
0.000000000000000000e+00
2.104841709136962891e+00
9.707675576210021973e-01
1.491116881370544434e-01
4.923816025257110596e-01
8.997913450002670288e-03
8.408017158508300781e-01
1.398438453674316406e+00
2.036879770457744598e-02
5.403418093919754028e-03
0.000000000000000000e+00
0.000000000000000000e+00
7.664188742637634277e-02
1.278299212455749512e+00
4.181340336799621582e-01
4.247498512268066406e-02
7.551662158221006393e-03
0.000000000000000000e+00
9.277048520743846893e-03
1.495388031005859375e+00
6.838122010231018066e-02
1.325662493705749512e+00
7.687322050333023071e-02
1.395714282989501953e+00
1.317108608782291412e-02
7.732571959495544434e-01
1.452137231826782227e-01
1.375183612108230591e-01
5.833434462547302246e-01
1.609271615743637085e-01
6.226545572280883789e-01
1.199012517929077148e+00
1.438063476234674454e-02
5.629694089293479919e-02
9.421486258506774902e-01
1.954946517944335938e-01
1.345221400260925293e-01
2.391322702169418335e-01
7.390544414520263672e-01
1.483233332633972168e+00
3.313834546133875847e-03
1.557001769542694092e-01
2.416976727545261383e-03
1.066792011260986328e+00
9.673385620117187500e-01
2.019048333168029785e-01
3.742315806448459625e-03
3.993655741214752197e-02
2.909988462924957275e-01
3.863002955913543701e-01
1.700874567031860352e-01
1.293480634689331055e+00
5.730631351470947266e+00
6.116073727607727051e-01
4.201253652572631836e-01
2.951941788196563721e-01
9.955593198537826538e-02
4.215070232748985291e-02
7.386964745819568634e-03
6.552586797624826431e-03
0.000000000000000000e+00
1.295133233070373535e-01
1.674896925687789917e-01
6.857104897499084473e-01
3.180610761046409607e-02
1.286542415618896484e-01
9.191656112670898438e-01
1.942272186279296875e-01
4.067783355712890625e-01
0.000000000000000000e+00
3.603530228137969971e-01
5.800596475601196289e-01
5.743708461523056030e-02
2.014445066452026367e+00
0.000000000000000000e+00
1.299265623092651367e-01
2.823952734470367432e-01
0.000000000000000000e+00
4.726925492286682129e-01
2.285399138927459717e-01
0.000000000000000000e+00
5.296284556388854980e-01
5.719258785247802734e-01
0.000000000000000000e+00
0.000000000000000000e+00
3.754444792866706848e-02
2.035999298095703125e-01
0.000000000000000000e+00
4.561668932437896729e-01
1.380874633789062500e+00
5.093799233436584473e-01
8.202889561653137207e-01
7.977821230888366699e-01
2.601435966789722443e-02
0.000000000000000000e+00
1.430927515029907227e-01
1.740759611129760742e-01
5.788615942001342773e-01
7.482745051383972168e-01
1.098610982298851013e-01
1.418624818325042725e-02
3.324592411518096924e-01
3.622416257858276367e-01
2.026760280132293701e-01
6.971720457077026367e-01
1.292858421802520752e-01
5.917158722877502441e-02
3.242896497249603271e-02
9.868493080139160156e-01
0.000000000000000000e+00
9.853621572256088257e-02
0.000000000000000000e+00
4.787117242813110352e-01
2.812007665634155273e-01
4.170197620987892151e-02
2.134781181812286377e-01
3.992794454097747803e-01
1.871738195419311523e+00
1.247688770294189453e+00
3.496826291084289551e-01
1.437670111656188965e+00
1.919529318809509277e+00
1.000131852924823761e-02
3.370416462421417236e-01
1.034535527229309082e+00
5.965427160263061523e-01
1.217044666409492493e-01
8.357144594192504883e-01
7.557008881121873856e-03
1.628596484661102295e-01
2.611624076962471008e-02
2.236834168434143066e-01
9.752964973449707031e-01
3.211599588394165039e-01
4.263060092926025391e+00
3.129219770431518555e+00
4.610473513603210449e-01
0.000000000000000000e+00
7.980759143829345703e-01
4.023963585495948792e-03
0.000000000000000000e+00
0.000000000000000000e+00
2.700792551040649414e-01
2.257911860942840576e-01
5.565621424466371536e-03
0.000000000000000000e+00
1.102812588214874268e-01
1.488360762596130371e-01
6.435943245887756348e-01
1.954796791076660156e+00
9.656257927417755127e-02
4.379797354340553284e-02
6.322703957557678223e-01
1.451246347278356552e-02
6.184477210044860840e-01
0.000000000000000000e+00
9.576518833637237549e-02
1.115787148475646973e+00
2.507096529006958008e-01
9.208176732063293457e-01
1.508058160543441772e-01
1.681912183761596680e+00
2.928644120693206787e-01
2.289233058691024780e-01
0.000000000000000000e+00
7.168387174606323242e-01
1.469783544540405273e+00
8.859845995903015137e-02
7.776710204780101776e-03
2.897155761718750000e+00
1.705852448940277100e-01
1.532009094953536987e-01
1.289627850055694580e-01
1.109447032213211060e-01
2.414881587028503418e-01
0.000000000000000000e+00
3.017780542373657227e+00
3.143961429595947266e-01
5.036408305168151855e-01
1.892011284828186035e+00
1.273479461669921875e+00
1.142756547778844833e-02
1.203694343566894531e+00
5.098629742860794067e-03
0.000000000000000000e+00
1.676682084798812866e-01
0.000000000000000000e+00
3.322535157203674316e-01
4.820482432842254639e-02
1.561866849660873413e-01
0.000000000000000000e+00
1.008879044093191624e-03
5.166886448860168457e-01
1.337739825248718262e+00
0.000000000000000000e+00
2.308133095502853394e-01
3.587981164455413818e-01
1.708917379379272461e+00
5.105889867991209030e-03
2.475902903825044632e-03
1.310909353196620941e-02
3.441067039966583252e-01
7.751595973968505859e-01
8.943611383438110352e-01
4.624988511204719543e-02
1.983550071716308594e+00
0.000000000000000000e+00
6.923977732658386230e-01
2.356246262788772583e-01
5.490412935614585876e-02
2.299861051142215729e-02
0.000000000000000000e+00
1.090111255645751953e+00
1.841492652893066406e+00
2.315837591886520386e-01
3.039363145828247070e+00
0.000000000000000000e+00
1.500258803367614746e+00
4.188482998870313168e-04
0.000000000000000000e+00
1.210656240582466125e-01
1.716668844223022461e+00
9.009474515914916992e-01
0.000000000000000000e+00
7.346370816230773926e-02
2.331760525703430176e-01
2.728266417980194092e-01
2.577842473983764648e+00
4.966607391834259033e-01
3.737685456871986389e-02
4.097418785095214844e-01
1.933481171727180481e-02
6.901270151138305664e-01
2.450179606676101685e-01
4.035267513245344162e-03
2.521401345729827881e-01
6.587784290313720703e-01
1.505700826644897461e+00
0.000000000000000000e+00
1.575981676578521729e-01
4.759199544787406921e-02
1.514530420303344727e+00
1.117634475231170654e-01
3.735092878341674805e-01
5.242784023284912109e-01
0.000000000000000000e+00
3.631198704242706299e-01
1.228670477867126465e+00
2.664441987872123718e-02
8.956187963485717773e-02
1.928248405456542969e+00
7.525084912776947021e-02
6.651677656918764114e-03
1.331828981637954712e-01
2.030117988586425781e+00
3.114207386970520020e-01
1.072147250175476074e+00
2.060545682907104492e-01
2.263564348220825195e+00
3.287739038467407227e+00
5.519808530807495117e-01
1.150388717651367188e-01
4.074430465698242188e-01
0.000000000000000000e+00
5.833638831973075867e-02
