6.144119799137115479e-02
9.862502105534076691e-03
2.512916624546051025e-01
2.987095117568969727e+00
1.020591497421264648e+00
4.544225633144378662e-01
1.500204205513000488e+00
1.917626619338989258e+00
7.627836227416992188e+00
1.520192027091979980e+00
3.913457393646240234e-01
1.907299995422363281e+00
2.523894608020782471e-01
1.077867507934570312e+00
2.584183692932128906e+00
5.292652249336242676e-01
1.130053400993347168e+00
9.617776274681091309e-01
1.529756307601928711e+00
1.918952465057373047e-01
1.324552178382873535e+00
0.000000000000000000e+00
2.711791992187500000e-01
2.911735057830810547e+00
2.387710511684417725e-01
2.123848907649517059e-02
2.348716408014297485e-01
2.178085565567016602e+00
4.816941022872924805e-01
5.487076938152313232e-02
1.431093551218509674e-03
2.368475683033466339e-02
9.316617846488952637e-01
3.556177616119384766e-01
8.082016706466674805e-01
3.667765617370605469e+00
3.303240537643432617e-01
1.847882866859436035e-01
4.228729903697967529e-01
6.132870912551879883e-01
5.185226798057556152e-01
4.125493764877319336e-01
7.317948341369628906e-01
4.580832481384277344e+00
7.104218006134033203e-01
1.940087080001831055e+00
1.278818249702453613e-01
1.738202095031738281e+00
3.827833831310272217e-01
9.872146844863891602e-01
3.216522216796875000e+00
0.000000000000000000e+00
1.494604229927062988e+00
2.939364127814769745e-02
1.765456438064575195e+00
1.663675457239151001e-01
4.154790639877319336e-01
4.365248382091522217e-01
2.255434513092041016e+00
1.303095519542694092e-01
2.983683720231056213e-02
2.139220684766769409e-01
2.438747556880116463e-03
9.361842870712280273e-01
4.192903637886047363e-01
2.852659225463867188e-01
5.265201628208160400e-02
6.568078398704528809e-01
1.155709505081176758e+00
6.267990469932556152e-01
6.842812057584524155e-03
2.613909542560577393e-01
4.103019535541534424e-01
1.547596454620361328e+00
3.443360030651092529e-01
8.090668916702270508e-01
0.000000000000000000e+00
1.454864978790283203e+00
4.532426297664642334e-01
1.676345944404602051e+00
3.388894349336624146e-02
8.145570158958435059e-01
2.240031480789184570e+00
1.307432055473327637e-01
3.289464235305786133e+00
5.624118819832801819e-02
6.336429119110107422e-01
3.834801260381937027e-03
8.882274627685546875e-01
1.681231707334518433e-01
2.732930481433868408e-01
0.000000000000000000e+00
0.000000000000000000e+00
0.000000000000000000e+00
7.981535792350769043e-01
3.991365134716033936e-01
1.216163873672485352e+00
1.524933099746704102e+00
1.384949684143066406e-01
1.377644836902618408e-01
0.000000000000000000e+00
9.388307482004165649e-02
2.135602980852127075e-01
2.375460147857666016e+00
5.208162069320678711e-01
2.826471626758575439e-01
1.929912090301513672e+00
6.008709073066711426e-01
7.311680912971496582e-01
2.123610228300094604e-01
1.569256186485290527e+00
5.672269463539123535e-01
7.072303891181945801e-01
2.909361422061920166e-01
7.644299864768981934e-01
3.417589962482452393e-01
1.212656199932098389e-01
3.188301622867584229e-01
1.046497344970703125e+00
1.556535840034484863e+00
5.020375251770019531e-01
4.761109054088592529e-01
1.000358536839485168e-01
1.280074715614318848e+00
5.921031236648559570e-01
1.369391798973083496e+00
0.000000000000000000e+00
5.421462655067443848e-01
1.731858849525451660e+00
2.030945383012294769e-02
1.470828354358673096e-01
1.031529307365417480e+00
9.545062184333801270e-01
1.561151146888732910e-01
6.443667411804199219e-01
2.736630849540233612e-02
4.892832338809967041e-01
4.881439208984375000e+00
0.000000000000000000e+00
1.169265136122703552e-01
4.009437561035156250e-01
9.827723503112792969e-01
1.934812545776367188e+00
0.000000000000000000e+00
1.913926750421524048e-01
4.346551597118377686e-01
8.107218742370605469e-01
7.508744597434997559e-01
1.743649244308471680e+00
1.326619088649749756e-01
6.049742698669433594e+00
1.119712829589843750e+00
6.948435306549072266e-01
9.390425086021423340e-01
2.440698385238647461e+00
1.783239364624023438e+00
2.490492910146713257e-01
2.531301379203796387e-01
2.074568986892700195e+00
2.076293230056762695e-01
5.112192407250404358e-02
1.330770015716552734e+00
4.113139212131500244e-01
4.646244645118713379e-02
6.094911694526672363e-01
3.817836940288543701e-02
0.000000000000000000e+00
0.000000000000000000e+00
9.283000826835632324e-01
3.320621013641357422e+00
1.008673667907714844e+00
5.481613278388977051e-01
1.095057800412178040e-01
9.217684864997863770e-01
4.549302756786346436e-01
7.890452861785888672e+00
0.000000000000000000e+00
3.730382025241851807e-02
2.961696870625019073e-02
4.044290482997894287e-01
1.280448026955127716e-02
1.892990916967391968e-01
2.442871779203414917e-01
3.226002931594848633e+00
1.880564540624618530e-01
9.009361267089843750e-03
7.956805080175399780e-02
2.283496618270874023e+00
0.000000000000000000e+00
2.894468232989311218e-02
0.000000000000000000e+00
0.000000000000000000e+00
1.188598632812500000e+00
2.830777168273925781e-01
9.963059425354003906e-01
1.773263961076736450e-01
1.031039834022521973e+00
4.528810083866119385e-01
1.939766854047775269e-01
1.772843718528747559e+00
2.029188871383666992e+00
3.913434147834777832e-01
7.527682185173034668e-02
6.024488806724548340e-01
2.989393174648284912e-01
3.405715227127075195e-01
7.678664922714233398e-01
7.950575649738311768e-02
7.013616710901260376e-02
1.740876197814941406e+00
1.956654340028762817e-01
8.674051761627197266e-01
1.779020786285400391e+00
1.363160252571105957e+00
1.224461197853088379e+00
7.276552915573120117e-01
4.499216675758361816e-01
2.075637429952621460e-01
1.958845138549804688e+00
7.123593688011169434e-01
7.347121369093656540e-03
1.812576353549957275e-01
6.865885257720947266e-01
2.023262716829776764e-02
3.623540103435516357e-01
0.000000000000000000e+00
1.094460606575012207e+00
6.551437377929687500e-01
5.091263353824615479e-02
2.321936637163162231e-01
2.429404258728027344e-01
4.695205688476562500e-01
3.477943181991577148e+00
1.772040963172912598e+00
9.613940119743347168e-01
1.434023737907409668e+00
2.901012182235717773e+00
5.519948601722717285e-01
2.556087374687194824e-01
6.125563979148864746e-01
6.245503425598144531e-01
2.298485785722732544e-01
5.131788551807403564e-02
3.064970254898071289e+00
9.960505962371826172e-01
2.085849344730377197e-01
6.590571403503417969e-01
0.000000000000000000e+00
2.122468948364257812e+00
1.111939191818237305e+00
1.219320297241210938e-02
5.895909667015075684e-01
2.308631315827369690e-03
1.232709169387817383e+00
1.329343318939208984e+00
0.000000000000000000e+00
1.834267564117908478e-02
2.337264595553278923e-03
3.853572532534599304e-02
1.417789906263351440e-01
1.125151991844177246e+00
5.911773443222045898e-01
2.884079236537218094e-03
3.800568729639053345e-02
0.000000000000000000e+00
2.289567440748214722e-01
2.876494646072387695e+00
0.000000000000000000e+00
1.503226637840270996e+00
0.000000000000000000e+00
2.457562685012817383e+00
0.000000000000000000e+00
1.021818637847900391e+00
8.711736649274826050e-02
2.852270007133483887e-01
1.030640482902526855e+00
2.113861963152885437e-02
7.225121855735778809e-01
1.134286880493164062e+00
1.527445167303085327e-01
1.725825597532093525e-03
3.432689905166625977e-01
7.748814672231674194e-02
1.504877954721450806e-01
6.497709751129150391e-01
1.475123882293701172e+00
1.820401668548583984e+00
7.850634865462779999e-03
6.046163849532604218e-03
1.439656596630811691e-02
2.152870893478393555e+00
2.099539518356323242e+00
2.047389596700668335e-01
0.000000000000000000e+00
1.222587004303932190e-01
3.197823166847229004e-01
1.068072676658630371e+00
8.807615935802459717e-02
1.648032307624816895e+00
6.277248382568359375e+00
7.939059138298034668e-01
1.403844505548477173e-01
7.770051360130310059e-01
2.256121933460235596e-01
7.567887753248214722e-02
2.044903337955474854e-01
4.519467055797576904e-02
0.000000000000000000e+00
1.858091652393341064e-01
4.577934443950653076e-01
7.194359898567199707e-01
4.178552702069282532e-02
2.352037727832794189e-01
1.158434033393859863e+00
1.890358626842498779e-01
8.467901945114135742e-01
0.000000000000000000e+00
5.910595655441284180e-01
1.120011925697326660e+00
1.358808279037475586e-01
1.930118322372436523e+00
0.000000000000000000e+00
6.714850068092346191e-01
8.048073388636112213e-03
0.000000000000000000e+00
8.451667428016662598e-01
1.378499567508697510e-01
0.000000000000000000e+00
1.174062728881835938e+00
6.810718178749084473e-01
6.160482764244079590e-03
4.734418354928493500e-03
4.001483321189880371e-01
4.896529018878936768e-01
6.176887080073356628e-02
6.634427905082702637e-01
1.572149753570556641e+00
8.567661792039871216e-02
1.622779369354248047e+00
1.452448010444641113e+00
1.587204486131668091e-01
0.000000000000000000e+00
2.234520763158798218e-01
4.408225789666175842e-02
6.173387169837951660e-01
1.161335706710815430e+00
1.946642696857452393e-01
3.215551972389221191e-01
4.694385528564453125e-01
7.239369750022888184e-01
1.601468175649642944e-01
1.070275545120239258e+00
6.635284423828125000e-01
3.858468532562255859e-01
2.958896569907665253e-02
9.689665436744689941e-01
0.000000000000000000e+00
2.199282646179199219e-01
0.000000000000000000e+00
3.341523706912994385e-01
2.025954574346542358e-01
4.026914536952972412e-01
2.051377147436141968e-01
1.013820528984069824e+00
2.147457838058471680e+00
8.987624049186706543e-01
2.304019033908843994e-01
2.446134328842163086e+00
2.006738185882568359e+00
0.000000000000000000e+00
9.058545827865600586e-01
2.576708793640136719e+00
1.412274956703186035e+00
2.732045948505401611e-01
1.143622517585754395e+00
7.227704045362770557e-04
1.982793956995010376e-01
0.000000000000000000e+00
2.164069712162017822e-01
7.532788515090942383e-01
2.429936379194259644e-01
4.473899364471435547e+00
2.017220020294189453e+00
8.888110518455505371e-01
0.000000000000000000e+00
8.734354972839355469e-01
5.885652452707290649e-02
0.000000000000000000e+00
0.000000000000000000e+00
1.234304606914520264e-01
1.320561319589614868e-01
5.532896611839532852e-04
0.000000000000000000e+00
5.290636420249938965e-01
3.612113744020462036e-02
7.511579394340515137e-01
3.095326185226440430e+00
6.260263762669637799e-05
8.582156151533126831e-03
8.247022628784179688e-01
8.348692208528518677e-02
1.043614268302917480e+00
1.860277540981769562e-02
7.465036213397979736e-02
8.276178836822509766e-01
3.563013970851898193e-01
9.913504123687744141e-01
2.284598052501678467e-01
1.723561882972717285e+00
5.121473073959350586e-01
2.879191637039184570e-01
0.000000000000000000e+00
6.458852887153625488e-01
1.817582726478576660e+00
1.020923163741827011e-02
3.755322992801666260e-01
3.778634071350097656e+00
5.182061344385147095e-02
1.088203430175781250e+00
4.520679358392953873e-03
1.692117750644683838e-01
9.291748404502868652e-01
0.000000000000000000e+00
3.156183004379272461e+00
6.393346786499023438e-01
5.197021961212158203e-01
1.603535175323486328e+00
1.234577536582946777e+00
1.018779445439577103e-02
1.840431332588195801e+00
8.717756718397140503e-02
1.027291566133499146e-01
2.103614807128906250e-01
0.000000000000000000e+00
2.218662202358245850e-01
2.373030483722686768e-01
1.438600569963455200e-01
2.105352729558944702e-01
2.766895592212677002e-01
5.554697513580322266e-01
2.460553407669067383e+00
0.000000000000000000e+00
2.323667854070663452e-01
3.923839703202247620e-02
1.522914290428161621e+00
0.000000000000000000e+00
6.769647449254989624e-02
3.000403195619583130e-02
2.410455048084259033e-01
1.786483049392700195e+00
1.024588942527770996e+00
3.130389377474784851e-02
1.653279542922973633e+00
0.000000000000000000e+00
1.042183518409729004e+00
5.283309817314147949e-01
0.000000000000000000e+00
9.704638272523880005e-02
0.000000000000000000e+00
1.532035589218139648e+00
1.746932148933410645e+00
3.478224202990531921e-02
3.707437753677368164e+00
4.690761864185333252e-02
1.250288486480712891e+00
6.432457012124359608e-04
3.911149501800537109e-02
1.185335870832204819e-02
2.294002532958984375e+00
6.536189317703247070e-01
8.356466144323348999e-02
3.431217372417449951e-01
1.316953599452972412e-01
3.848232626914978027e-01
3.466787576675415039e+00
1.267644524574279785e+00
0.000000000000000000e+00
3.906418085098266602e-01
4.464606940746307373e-02
1.128518819808959961e+00
6.527706980705261230e-01
3.381691575050354004e-01
1.555569767951965332e-01
1.120403289794921875e+00
1.173693895339965820e+00
0.000000000000000000e+00
4.053647220134735107e-01
3.430735692381858826e-02
1.270127058029174805e+00
1.065326556563377380e-01
3.391085863113403320e-01
4.327577054500579834e-01
3.720130771398544312e-02
1.948464363813400269e-01
1.138185858726501465e+00
1.789295822381973267e-01
2.487419396638870239e-01
2.362828493118286133e+00
2.132948637008666992e-01
1.579103432595729828e-02
2.348241806030273438e-01
2.149969100952148438e+00
5.407829284667968750e-01
1.138082027435302734e+00
7.574259042739868164e-01
2.539171695709228516e+00
2.773837804794311523e+00
1.198713302612304688e+00
2.184778451919555664e-02
2.392629384994506836e-01
0.000000000000000000e+00
1.040480136871337891e-01
