1.447935938835144043e+00
6.625366950174793601e-05
2.917189002037048340e-01
2.661893844604492188e+00
1.286558359861373901e-01
1.228955760598182678e-02
2.383387833833694458e-01
3.452249765396118164e+00
4.174816608428955078e+00
8.817577362060546875e-01
6.074308417737483978e-03
1.736662507057189941e+00
2.350033372640609741e-01
4.096331894397735596e-01
2.053386449813842773e+00
1.811985298991203308e-02
6.801552176475524902e-01
2.664801120758056641e+00
6.166924238204956055e-01
1.555831637233495712e-02
1.029243946075439453e+00
2.618699893355369568e-02
2.535223960876464844e-02
1.063662528991699219e+00
4.268217682838439941e-01
1.511221975088119507e-01
4.229629039764404297e-02
2.402302742004394531e+00
8.216720819473266602e-02
0.000000000000000000e+00
1.403911970555782318e-03
4.028073698282241821e-02
2.493865340948104858e-01
4.798319935798645020e-02
5.721772462129592896e-02
2.748436689376831055e+00
7.533600181341171265e-02
8.933971635997295380e-03
1.509752392768859863e+00
8.395367860794067383e-02
1.579840332269668579e-01
6.594529151916503906e-01
4.179577529430389404e-01
1.416961908340454102e+00
9.232345819473266602e-01
1.004146218299865723e+00
8.244083523750305176e-01
1.777634322643280029e-01
3.147922083735466003e-02
2.113915443420410156e+00
1.366494894027709961e+00
0.000000000000000000e+00
5.353163480758666992e-01
3.859084472060203552e-02
1.958298921585083008e+00
2.561207115650177002e-01
5.233665704727172852e-01
1.112521216273307800e-01
1.742749094963073730e+00
6.499461531639099121e-01
2.231912687420845032e-02
1.751516573131084442e-02
7.895036935806274414e-01
1.304693818092346191e+00
9.464263916015625000e-01
6.509237885475158691e-01
0.000000000000000000e+00
6.599010527133941650e-02
1.102192252874374390e-01
6.926736235618591309e-01
0.000000000000000000e+00
1.469353288412094116e-01
1.018931120634078979e-01
1.042037755250930786e-01
4.390796124935150146e-01
1.020541906356811523e+00
1.522647123783826828e-02
3.797380030155181885e-01
1.097035884857177734e+00
6.763690114021301270e-01
1.651542782783508301e-01
2.807160615921020508e-01
1.921768903732299805e+00
4.112222045660018921e-02
8.383565545082092285e-01
3.584842197597026825e-04
1.410389184951782227e+00
1.230074018239974976e-01
5.997345447540283203e-01
2.332380227744579315e-02
0.000000000000000000e+00
8.725100755691528320e-02
1.600050926208496094e-01
0.000000000000000000e+00
1.429935336112976074e+00
1.290717162191867828e-02
1.031447291374206543e+00
7.469337582588195801e-01
0.000000000000000000e+00
3.016917034983634949e-02
1.477771997451782227e-02
1.294417232275009155e-01
1.720862686634063721e-01
9.413875341415405273e-01
9.234159588813781738e-01
5.992251038551330566e-01
1.040421962738037109e+00
1.798943877220153809e-01
1.659258455038070679e-01
6.113495677709579468e-02
1.650022864341735840e+00
3.125877305865287781e-02
9.996494054794311523e-01
8.790146112442016602e-01
8.959744572639465332e-01
2.278248034417629242e-02
0.000000000000000000e+00
6.238357629626989365e-03
1.706716865301132202e-01
3.275503635406494141e+00
1.141443729400634766e+00
1.205875873565673828e-01
7.243569474667310715e-03
1.496428608894348145e+00
7.905539274215698242e-01
1.078798651695251465e+00
8.230614475905895233e-04
1.985590159893035889e-02
1.623575925827026367e+00
7.903745770454406738e-02
0.000000000000000000e+00
1.140602469444274902e+00
5.607254058122634888e-02
5.282372608780860901e-02
4.950286149978637695e-01
9.284559637308120728e-03
6.654937863349914551e-01
4.288094043731689453e+00
0.000000000000000000e+00
5.717290937900543213e-02
1.925888359546661377e-01
2.977198958396911621e-01
1.368384838104248047e+00
5.648035090416669846e-03
7.202544063329696655e-02
1.045710682868957520e+00
7.533494234085083008e-01
1.529316902160644531e+00
2.844913303852081299e-01
8.344596624374389648e-01
4.057826519012451172e+00
2.244168221950531006e-01
9.189748764038085938e-01
2.338162958621978760e-01
2.078591346740722656e+00
8.236117362976074219e-01
4.028513431549072266e-01
1.353582888841629028e-01
1.563619017601013184e+00
4.766784608364105225e-01
2.020368129014968872e-01
2.089623928070068359e+00
2.747236251831054688e+00
1.756986826658248901e-01
6.832789629697799683e-02
1.555928736925125122e-01
1.074491720646619797e-02
0.000000000000000000e+00
1.629077792167663574e+00
2.121983766555786133e+00
5.257607698440551758e-01
0.000000000000000000e+00
0.000000000000000000e+00
6.120375394821166992e-01
4.256733879446983337e-02
7.726360321044921875e+00
0.000000000000000000e+00
0.000000000000000000e+00
1.244733184576034546e-01
6.445162892341613770e-01
3.127516806125640869e-01
8.478852920234203339e-03
6.044542044401168823e-02
5.980888009071350098e-01
4.532869532704353333e-02
0.000000000000000000e+00
3.722396865487098694e-02
1.948587656021118164e+00
0.000000000000000000e+00
3.784235715866088867e-01
0.000000000000000000e+00
2.413745224475860596e-01
1.112572669982910156e+00
7.729278802871704102e-01
1.275827642530202866e-02
2.484231591224670410e-01
3.825140595436096191e-01
7.373611330986022949e-01
5.727351903915405273e-01
1.760919928550720215e+00
1.340800642967224121e+00
2.677410244941711426e-01
6.333799958229064941e-01
4.238114655017852783e-01
4.468260332942008972e-02
3.585832118988037109e-01
1.048316713422536850e-03
4.447507262229919434e-01
2.112418878823518753e-03
2.961564064025878906e+00
1.280344575643539429e-01
8.499298989772796631e-02
2.069961577653884888e-01
1.985441893339157104e-01
7.455806136131286621e-01
1.086817383766174316e+00
5.163794159889221191e-01
4.402646422386169434e-01
1.154639840126037598e+00
1.822597742080688477e+00
8.678105473518371582e-02
3.224972784519195557e-01
4.177716970443725586e-01
1.482429504394531250e-01
3.989481925964355469e-01
0.000000000000000000e+00
3.616926670074462891e-01
2.895286306738853455e-02
0.000000000000000000e+00
0.000000000000000000e+00
4.956635236740112305e-01
2.640969455242156982e-01
6.781408190727233887e-01
1.656803607940673828e+00
5.996854305267333984e-01
2.532044053077697754e-01
1.644381165504455566e+00
1.035626888275146484e+00
0.000000000000000000e+00
1.432175159454345703e+00
1.354032158851623535e-01
2.555436491966247559e-01
0.000000000000000000e+00
2.900532007217407227e+00
3.078819215297698975e-01
1.441952865570783615e-02
7.821161746978759766e-01
9.810004383325576782e-02
1.861274361610412598e+00
1.218200087547302246e+00
7.455305457115173340e-01
6.808347702026367188e-01
3.990461304783821106e-02
0.000000000000000000e+00
2.779288291931152344e-01
3.081764578819274902e-01
6.220628693699836731e-02
0.000000000000000000e+00
3.730409545823931694e-03
1.545308530330657959e-01
7.088627815246582031e-01
4.895519912242889404e-01
6.737603545188903809e-01
4.066782072186470032e-03
3.738105297088623047e-04
5.066988617181777954e-02
2.053347349166870117e+00
6.597523111850023270e-03
5.296697020530700684e-01
4.019190669059753418e-01
6.534713506698608398e-01
3.774744868278503418e-01
4.737164974212646484e-01
5.554301142692565918e-01
4.614007771015167236e-01
4.763167202472686768e-01
4.412182271480560303e-01
2.753172516822814941e-01
1.327862143516540527e+00
2.740061655640602112e-02
2.689910233020782471e-01
9.767922163009643555e-01
2.144867926836013794e-01
1.775526069104671478e-02
7.869795709848403931e-02
4.298526942729949951e-01
1.377700805664062500e+00
0.000000000000000000e+00
8.623723387718200684e-01
0.000000000000000000e+00
1.215295076370239258e+00
1.819076657295227051e+00
0.000000000000000000e+00
1.840603500604629517e-01
0.000000000000000000e+00
4.710688814520835876e-02
3.578358888626098633e-01
5.845426917076110840e-01
1.297181606292724609e+00
4.365101814270019531e+00
8.940137028694152832e-01
1.265747100114822388e-01
6.203695200383663177e-03
1.036994084715843201e-01
0.000000000000000000e+00
1.206469684839248657e-01
5.180054530501365662e-02
0.000000000000000000e+00
3.970989026129245758e-03
2.518684044480323792e-02
6.476926803588867188e-01
2.714060433208942413e-02
6.004775408655405045e-03
1.110141396522521973e+00
7.248311042785644531e-01
1.707766354084014893e-01
3.615416790125891566e-05
1.348160058259963989e-01
6.429195404052734375e-01
1.680732667446136475e-01
1.534211993217468262e+00
0.000000000000000000e+00
0.000000000000000000e+00
9.753814935684204102e-01
2.138155251741409302e-01
1.096169948577880859e+00
0.000000000000000000e+00
0.000000000000000000e+00
5.304424762725830078e-01
4.806413352489471436e-01
3.314281813800334930e-03
1.153787504881620407e-02
7.933991402387619019e-02
1.882115937769412994e-02
1.471732649952173233e-02
1.912556886672973633e-01
1.400059103965759277e+00
8.610244840383529663e-02
6.105323433876037598e-01
6.724434494972229004e-01
1.284170448780059814e-01
0.000000000000000000e+00
1.693868786096572876e-01
8.245522528886795044e-02
1.172392606735229492e+00
1.352589130401611328e+00
1.273457109928131104e-01
5.593104287981987000e-03
2.260074168443679810e-01
1.966348290443420410e-01
8.925115466117858887e-01
1.757466912269592285e+00
0.000000000000000000e+00
4.513017088174819946e-02
5.934678316116333008e-01
1.342052936553955078e+00
5.129984114319086075e-03
3.160408437252044678e-01
0.000000000000000000e+00
5.271246433258056641e-01
6.374728083610534668e-01
1.703439652919769287e-01
4.873023927211761475e-01
3.261427283287048340e-01
9.291588068008422852e-01
8.269902318716049194e-02
9.381756782531738281e-01
5.134929418563842773e-01
1.707309007644653320e+00
3.177568912506103516e-01
8.243291974067687988e-01
1.398766994476318359e+00
8.408472537994384766e-01
5.209526419639587402e-01
2.445798814296722412e-01
1.298156678676605225e-01
1.944244955666363239e-03
1.401128363795578480e-03
3.204904496669769287e-01
1.551070213317871094e-01
0.000000000000000000e+00
1.275312066078186035e+00
3.372093200683593750e+00
5.807521343231201172e-01
1.818504631519317627e-01
4.518454968929290771e-01
0.000000000000000000e+00
0.000000000000000000e+00
0.000000000000000000e+00
1.197145506739616394e-01
2.340665459632873535e-01
4.782988876104354858e-02
5.437185056507587433e-03
6.777598857879638672e-01
4.664634168148040771e-01
3.341450393199920654e-01
1.109083533287048340e+00
8.653447777032852173e-02
2.475529462099075317e-01
2.075314760208129883e+00
1.901752054691314697e-01
2.414623260498046875e+00
0.000000000000000000e+00
3.038555681705474854e-01
1.445265293121337891e+00
1.954300850629806519e-01
1.173409223556518555e+00
2.605458498001098633e-01
8.596932291984558105e-01
4.668967425823211670e-01
2.322935760021209717e-01
7.622654736042022705e-02
8.054720163345336914e-01
5.514739751815795898e-01
3.741616606712341309e-01
0.000000000000000000e+00
2.489863395690917969e+00
1.931199245154857635e-02
1.231511235237121582e+00
9.823503345251083374e-02
7.105408608913421631e-02
4.542023316025733948e-02
1.684888848103582859e-03
2.916866302490234375e+00
1.340253949165344238e+00
2.698140442371368408e-01
5.796085000038146973e-01
1.048450231552124023e+00
2.953351009637117386e-03
8.608968257904052734e-01
1.160969734191894531e-01
2.542863786220550537e-01
0.000000000000000000e+00
0.000000000000000000e+00
1.689666658639907837e-01
4.060151576995849609e-01
6.220456585288047791e-02
0.000000000000000000e+00
1.767032146453857422e-01
1.375918686389923096e-01
1.141289949417114258e+00
5.389393307268619537e-03
1.949392855167388916e-01
5.097599029541015625e-01
8.130195736885070801e-01
2.106525599956512451e-01
0.000000000000000000e+00
2.366167120635509491e-02
3.715036213397979736e-01
1.818753719329833984e+00
8.309367895126342773e-01
4.074900969862937927e-02
1.996374011039733887e+00
8.899174630641937256e-02
1.426331520080566406e+00
0.000000000000000000e+00
3.888979554176330566e-01
5.819135308265686035e-01
4.570714756846427917e-02
1.213431715965270996e+00
1.894109845161437988e+00
3.164473176002502441e-01
1.044268727302551270e+00
1.750797033309936523e-02
7.669238448143005371e-01
2.207310646772384644e-01
2.120011672377586365e-02
1.065846800804138184e+00
3.927370905876159668e-01
3.313416540622711182e-01
0.000000000000000000e+00
8.582356572151184082e-01
6.743199825286865234e-01
1.278226822614669800e-01
2.103430271148681641e+00
4.016335010528564453e-01
2.008660137653350830e-02
5.343099236488342285e-01
2.980944812297821045e-01
7.755369544029235840e-01
1.487706005573272705e-01
0.000000000000000000e+00
1.411607861518859863e-02
2.007703542709350586e+00
1.308242559432983398e+00
1.146345958113670349e-02
2.068253755569458008e-01
8.303799666464328766e-03
1.444233179092407227e+00
2.386172860860824585e-01
2.858877480030059814e-01
1.439309239387512207e+00
7.701056892983615398e-04
7.881986498832702637e-01
5.538081526756286621e-01
9.776824153959751129e-03
2.973435260355472565e-02
9.174839258193969727e-01
1.098857074975967407e-02
1.963633745908737183e-01
2.275657802820205688e-01
2.064958095550537109e+00
0.000000000000000000e+00
4.081131517887115479e-01
1.693078875541687012e-01
6.994804739952087402e-01
2.188584089279174805e+00
2.377217054367065430e+00
4.955396987497806549e-03
1.504787802696228027e+00
0.000000000000000000e+00
0.000000000000000000e+00
