2.475538998842239380e-01
0.000000000000000000e+00
2.334434688091278076e-01
2.974464893341064453e+00
4.791842699050903320e-01
2.416333556175231934e-01
1.113764405250549316e+00
3.977398633956909180e+00
6.772715091705322266e+00
1.365446090698242188e+00
2.716417424380779266e-02
1.781714320182800293e+00
1.590772271156311035e-01
8.039823770523071289e-01
3.147173404693603516e+00
7.156865596771240234e-01
9.140409827232360840e-01
2.002998113632202148e+00
8.292254805564880371e-01
1.382904010824859142e-03
1.702980160713195801e+00
0.000000000000000000e+00
1.339321583509445190e-02
1.978893637657165527e+00
1.762768626213073730e-01
0.000000000000000000e+00
5.762277636677026749e-03
1.929518222808837891e+00
1.875716000795364380e-01
4.229172691702842712e-02
0.000000000000000000e+00
4.813761450350284576e-03
6.812235713005065918e-01
5.533970594406127930e-01
1.986996382474899292e-01
3.702508449554443359e+00
2.480660527944564819e-01
0.000000000000000000e+00
2.776980698108673096e-01
9.085011482238769531e-01
2.239533364772796631e-01
6.994614005088806152e-01
5.576020479202270508e-01
3.461864709854125977e+00
3.832533657550811768e-01
1.432153820991516113e+00
1.365401595830917358e-01
1.082639217376708984e+00
1.780536323785781860e-01
1.732407212257385254e+00
2.271773099899291992e+00
0.000000000000000000e+00
8.022658228874206543e-01
6.491724401712417603e-02
1.155974388122558594e+00
5.471034049987792969e-01
9.089412689208984375e-01
5.341044068336486816e-01
2.233422994613647461e+00
2.543440163135528564e-01
3.252163901925086975e-02
5.197481513023376465e-01
1.354536116123199463e-01
1.233059048652648926e+00
1.010056972503662109e+00
3.767537474632263184e-01
1.500164740718901157e-03
8.002095222473144531e-01
1.120984435081481934e+00
9.456833600997924805e-01
0.000000000000000000e+00
0.000000000000000000e+00
4.809197187423706055e-01
6.085861325263977051e-01
4.227375090122222900e-01
6.619123220443725586e-01
1.768294163048267365e-02
1.449706196784973145e+00
3.679166436195373535e-01
8.229885101318359375e-01
3.024227023124694824e-01
9.527415037155151367e-01
2.604299783706665039e+00
6.792444270104169846e-03
2.424995422363281250e+00
0.000000000000000000e+00
1.388004779815673828e+00
1.592818498611450195e-01
8.505944013595581055e-01
6.897276733070611954e-03
3.814421221613883972e-02
0.000000000000000000e+00
0.000000000000000000e+00
0.000000000000000000e+00
7.650762796401977539e-01
2.188394516706466675e-01
1.340889096260070801e+00
6.136332750320434570e-01
3.369205892086029053e-01
7.248616218566894531e-02
0.000000000000000000e+00
9.071385115385055542e-02
4.384617879986763000e-02
2.230520486831665039e+00
8.062460422515869141e-01
1.506245583295822144e-01
1.908601403236389160e+00
5.307938456535339355e-01
8.248234987258911133e-01
1.681451052427291870e-01
1.768344163894653320e+00
1.099766511470079422e-02
9.009461402893066406e-01
4.433308839797973633e-01
8.464233279228210449e-01
1.452237088233232498e-02
3.943869844079017639e-02
5.699493288993835449e-01
6.644634008407592773e-01
2.132330179214477539e+00
2.351691871881484985e-01
3.551738858222961426e-01
2.250023745000362396e-02
1.673848986625671387e+00
4.466447532176971436e-01
1.297732710838317871e+00
0.000000000000000000e+00
5.358162522315979004e-02
2.769102334976196289e+00
4.160249233245849609e-02
2.357756718993186951e-03
8.359637260437011719e-01
4.328849017620086670e-01
6.493992358446121216e-02
1.335156857967376709e-01
0.000000000000000000e+00
3.844598233699798584e-01
4.854092121124267578e+00
0.000000000000000000e+00
5.882598832249641418e-02
2.370398789644241333e-01
1.195068597793579102e+00
1.124919176101684570e+00
0.000000000000000000e+00
2.966004610061645508e-01
4.966180622577667236e-01
1.178223252296447754e+00
9.690958857536315918e-01
8.678317666053771973e-01
7.159186899662017822e-02
6.261639118194580078e+00
2.953013479709625244e-01
8.547424077987670898e-01
1.099034190177917480e+00
2.598205089569091797e+00
1.790943145751953125e+00
6.263494491577148438e-02
3.864547610282897949e-01
2.970964908599853516e+00
6.173684597015380859e-01
0.000000000000000000e+00
1.474869966506958008e+00
9.729453921318054199e-01
3.912495821714401245e-02
7.792160511016845703e-01
3.129409551620483398e-01
0.000000000000000000e+00
0.000000000000000000e+00
1.097539424896240234e+00
2.560133218765258789e+00
3.814032971858978271e-01
2.125968933105468750e-01
0.000000000000000000e+00
1.244038105010986328e+00
1.887592375278472900e-01
7.802334785461425781e+00
0.000000000000000000e+00
0.000000000000000000e+00
3.088540211319923401e-02
6.917060352861881256e-03
1.648400328122079372e-03
1.952180862426757812e-01
2.678184211254119873e-01
2.686443090438842773e+00
8.578173071146011353e-02
4.929485917091369629e-02
1.375945657491683960e-01
1.371215224266052246e+00
0.000000000000000000e+00
2.564496546983718872e-02
0.000000000000000000e+00
0.000000000000000000e+00
7.497057914733886719e-01
3.859307467937469482e-01
3.500685989856719971e-01
5.936813950538635254e-01
5.296701788902282715e-01
2.292149215936660767e-01
1.337198019027709961e-01
1.846788167953491211e+00
1.728015422821044922e+00
4.219524264335632324e-01
5.532505456358194351e-03
5.266023278236389160e-01
8.877971768379211426e-02
1.110087707638740540e-01
2.562510371208190918e-01
4.565849900245666504e-02
3.205981254577636719e-01
1.529336094856262207e+00
1.052262820303440094e-02
4.227060079574584961e-01
1.335108637809753418e+00
1.772179365158081055e+00
6.037805676460266113e-01
6.409689188003540039e-01
1.542398929595947266e-01
3.294399380683898926e-01
1.805000782012939453e+00
6.944187283515930176e-01
4.504860937595367432e-02
1.904442906379699707e-02
5.666654109954833984e-01
6.793621927499771118e-02
5.891178250312805176e-01
0.000000000000000000e+00
3.577022552490234375e-01
2.925477325916290283e-01
0.000000000000000000e+00
1.439696061424911022e-03
6.712361574172973633e-01
3.217124938964843750e-01
1.728725910186767578e+00
2.487393617630004883e+00
7.431191802024841309e-01
1.093457579612731934e+00
2.904319763183593750e+00
4.578947722911834717e-01
8.923628926277160645e-02
6.389726400375366211e-01
3.838160634040832520e-01
7.830008864402770996e-02
1.085556745529174805e-01
2.250668287277221680e+00
7.066470384597778320e-01
3.938738703727722168e-01
4.491037428379058838e-01
0.000000000000000000e+00
1.732091426849365234e+00
1.590546846389770508e+00
2.225563377141952515e-01
3.689602389931678772e-02
1.068342197686433792e-02
9.562759995460510254e-01
9.401358366012573242e-01
9.257449768483638763e-03
2.937053516507148743e-02
0.000000000000000000e+00
4.988157004117965698e-02
7.204503566026687622e-02
9.029758572578430176e-01
4.689578413963317871e-01
4.927408322691917419e-02
1.048508565872907639e-02
1.263975747860968113e-03
4.231130704283714294e-03
2.808953046798706055e+00
0.000000000000000000e+00
1.146963238716125488e+00
0.000000000000000000e+00
2.235360860824584961e+00
8.492990396916866302e-03
1.523365378379821777e+00
8.230954408645629883e-03
1.844168603420257568e-01
5.827019810676574707e-01
2.339677214622497559e-01
1.026009798049926758e+00
1.387245774269104004e+00
2.383784018456935883e-02
1.468663960695266724e-01
7.538288235664367676e-01
2.334870994091033936e-01
3.437218368053436279e-01
4.353113844990730286e-02
1.125072479248046875e+00
1.100437998771667480e+00
0.000000000000000000e+00
4.971242323517799377e-02
0.000000000000000000e+00
1.463947534561157227e+00
1.491509199142456055e+00
2.619598507881164551e-01
5.485921725630760193e-02
2.838953733444213867e-01
4.105216264724731445e-01
4.238462150096893311e-01
2.838221192359924316e-01
1.909250140190124512e+00
6.197669506072998047e+00
1.143792867660522461e+00
3.795972466468811035e-01
2.101091481745243073e-02
4.188444912433624268e-01
1.295883208513259888e-02
9.414511919021606445e-02
3.840179182589054108e-03
0.000000000000000000e+00
8.257657289505004883e-02
9.290941804647445679e-02
4.667569696903228760e-01
1.145174261182546616e-02
5.457740649580955505e-02
1.121211647987365723e+00
6.127001643180847168e-01
4.362925887107849121e-01
0.000000000000000000e+00
2.003400772809982300e-01
1.614287018775939941e+00
1.343188583850860596e-01
1.808357954025268555e+00
0.000000000000000000e+00
1.949314028024673462e-01
1.047444790601730347e-01
0.000000000000000000e+00
9.120258092880249023e-01
4.957535862922668457e-02
0.000000000000000000e+00
1.232026338577270508e+00
5.928210020065307617e-01
0.000000000000000000e+00
0.000000000000000000e+00
1.705765277147293091e-01
1.740239709615707397e-01
0.000000000000000000e+00
3.351902663707733154e-01
1.786992549896240234e+00
1.907456219196319580e-01
7.845692634582519531e-01
1.158133149147033691e+00
1.862409710884094238e-01
0.000000000000000000e+00
2.179511487483978271e-01
3.185156360268592834e-02
8.179637193679809570e-01
1.170116066932678223e+00
3.256778419017791748e-02
7.549460232257843018e-02
3.542711734771728516e-01
2.969342172145843506e-01
5.125638842582702637e-01
1.433404088020324707e+00
3.179474174976348877e-01
3.574793413281440735e-02
9.265989065170288086e-02
1.202635884284973145e+00
0.000000000000000000e+00
2.643256187438964844e-01
4.165752325206995010e-03
4.204216003417968750e-01
2.001193612813949585e-01
0.000000000000000000e+00
4.585951864719390869e-01
5.198075175285339355e-01
1.470494508743286133e+00
1.094561457633972168e+00
9.537718296051025391e-01
1.238030076026916504e+00
1.903131365776062012e+00
0.000000000000000000e+00
6.132175326347351074e-01
1.893557786941528320e+00
8.607447743415832520e-01
1.315938383340835571e-01
8.754276037216186523e-01
0.000000000000000000e+00
2.297619432210922241e-01
0.000000000000000000e+00
7.926105260848999023e-01
6.472925543785095215e-01
4.211548343300819397e-02
3.050763845443725586e+00
2.213292837142944336e+00
6.096605658531188965e-01
0.000000000000000000e+00
5.799354910850524902e-01
4.234906658530235291e-02
0.000000000000000000e+00
0.000000000000000000e+00
3.574072718620300293e-01
2.349348217248916626e-01
8.627362549304962158e-03
0.000000000000000000e+00
1.764321923255920410e-01
6.210831925272941589e-02
9.064543247222900391e-01
1.677272200584411621e+00
4.699155315756797791e-02
2.058797143399715424e-02
1.801287889480590820e+00
4.469808191061019897e-02
6.158841252326965332e-01
0.000000000000000000e+00
8.973109722137451172e-02
8.985642194747924805e-01
4.676881134510040283e-01
1.357807159423828125e+00
3.761700093746185303e-01
2.191056728363037109e+00
1.191703230142593384e-01
2.634406983852386475e-01
0.000000000000000000e+00
4.381866455078125000e-01
1.685868024826049805e+00
4.505237638950347900e-01
1.129433959722518921e-01
3.899848937988281250e+00
6.507373601198196411e-02
8.687602877616882324e-01
7.738664746284484863e-02
5.796732008457183838e-02
2.774124741554260254e-01
0.000000000000000000e+00
3.059934616088867188e+00
5.028646588325500488e-01
1.407246947288513184e+00
1.278706669807434082e+00
9.262215495109558105e-01
2.140291407704353333e-02
1.733358502388000488e+00
0.000000000000000000e+00
6.111501157283782959e-02
1.676569879055023193e-01
0.000000000000000000e+00
2.685623466968536377e-01
6.338929384946823120e-02
5.310252308845520020e-02
0.000000000000000000e+00
3.002209216356277466e-02
7.052630782127380371e-01
2.226974487304687500e+00
0.000000000000000000e+00
8.596955984830856323e-02
2.745009064674377441e-01
1.469882488250732422e+00
5.851030349731445312e-03
3.776619210839271545e-03
1.002241522073745728e-01
1.736239194869995117e-01
1.286554217338562012e+00
8.829005956649780273e-01
1.265794504433870316e-02
2.215495109558105469e+00
0.000000000000000000e+00
9.960455894470214844e-01
3.005698323249816895e-01
6.268647313117980957e-02
4.157361015677452087e-02
0.000000000000000000e+00
1.167190551757812500e+00
1.859459042549133301e+00
4.534235596656799316e-02
2.735851049423217773e+00
0.000000000000000000e+00
1.893825531005859375e+00
0.000000000000000000e+00
1.609406992793083191e-02
6.075550615787506104e-02
1.247582912445068359e+00
7.828812599182128906e-01
0.000000000000000000e+00
6.285904049873352051e-01
1.762828417122364044e-02
1.233155727386474609e-01
2.708117008209228516e+00
5.009937286376953125e-01
4.562149289995431900e-03
2.772280871868133545e-01
4.187381267547607422e-02
1.058945178985595703e+00
1.383555978536605835e-01
0.000000000000000000e+00
2.194196358323097229e-02
1.406412243843078613e+00
1.413882970809936523e+00
0.000000000000000000e+00
1.698878854513168335e-01
2.232611179351806641e-02
1.368072628974914551e+00
2.505756914615631104e-01
6.663411855697631836e-01
3.214346468448638916e-01
0.000000000000000000e+00
5.002860426902770996e-01
1.129143476486206055e+00
1.894384920597076416e-01
5.031824707984924316e-01
2.062116861343383789e+00
7.186499238014221191e-02
0.000000000000000000e+00
1.628963463008403778e-02
2.345088005065917969e+00
6.975405216217041016e-01
7.649078369140625000e-01
5.386047959327697754e-01
2.656790971755981445e+00
2.676613330841064453e+00
1.346537351608276367e+00
4.427210427820682526e-03
6.876128911972045898e-01
0.000000000000000000e+00
1.020863465964794159e-02
