2.454494088888168335e-01
0.000000000000000000e+00
3.528528213500976562e-01
3.964551687240600586e+00
7.753153145313262939e-02
3.409424126148223877e-01
8.037793636322021484e-01
3.583058595657348633e+00
7.064072608947753906e+00
1.228595972061157227e+00
1.152539625763893127e-01
2.192680597305297852e+00
1.637991666793823242e-01
2.979991734027862549e-01
3.099063158035278320e+00
5.151811242103576660e-01
3.630990386009216309e-01
1.712333917617797852e+00
9.086986631155014038e-02
1.844449155032634735e-02
4.450221061706542969e-01
7.406447548419237137e-03
1.686299741268157959e-01
1.685793519020080566e+00
1.356217563152313232e-01
4.378126002848148346e-03
0.000000000000000000e+00
1.380694031715393066e+00
4.320206940174102783e-01
9.059311449527740479e-02
1.412205304950475693e-02
3.672948107123374939e-02
9.091271758079528809e-01
2.200125306844711304e-01
6.144242286682128906e-01
4.411090850830078125e+00
2.597313225269317627e-01
5.018263682723045349e-02
2.062778472900390625e-01
1.364069342613220215e+00
1.251215338706970215e+00
3.895284533500671387e-01
7.141135931015014648e-01
2.516510009765625000e+00
4.530870020389556885e-01
1.494538664817810059e+00
5.249651074409484863e-01
7.935568094253540039e-01
4.649406373500823975e-01
3.109826087951660156e+00
2.684520483016967773e+00
0.000000000000000000e+00
1.052831649780273438e+00
1.663839519023895264e-01
1.583312630653381348e+00
4.239816963672637939e-02
3.978924155235290527e-01
4.597605466842651367e-01
2.834123849868774414e+00
4.238826930522918701e-01
1.715176850557327271e-01
5.609596893191337585e-02
2.318946868181228638e-01
1.883724570274353027e+00
1.728331565856933594e+00
4.396212100982666016e-01
0.000000000000000000e+00
1.144563674926757812e+00
1.178729295730590820e+00
3.191987574100494385e-01
0.000000000000000000e+00
7.721194624900817871e-02
1.349224597215652466e-01
4.133802056312561035e-01
4.731465578079223633e-01
1.132763981819152832e+00
0.000000000000000000e+00
2.334965616464614868e-01
3.193724155426025391e-01
1.399253964424133301e+00
6.516242027282714844e-01
1.552076339721679688e+00
1.947649836540222168e+00
3.919404000043869019e-03
1.954886913299560547e+00
2.004139125347137451e-01
2.577298879623413086e+00
7.398533076047897339e-02
8.858681917190551758e-01
6.042324006557464600e-02
1.991052739322185516e-02
2.337848767638206482e-02
3.983029350638389587e-02
0.000000000000000000e+00
1.654742717742919922e+00
4.468450546264648438e-01
6.505295038223266602e-01
1.068573474884033203e+00
8.730733767151832581e-03
1.712328172288835049e-03
0.000000000000000000e+00
1.891429275274276733e-01
2.396672964096069336e-01
1.559988975524902344e+00
3.903711140155792236e-01
4.098771810531616211e-01
2.606666088104248047e+00
1.319028973579406738e+00
1.680684983730316162e-01
1.105813384056091309e-01
2.648819446563720703e+00
7.771348953247070312e-02
6.573517918586730957e-01
1.282807946205139160e+00
9.552147984504699707e-01
2.028713971376419067e-01
6.618341803550720215e-02
7.831883430480957031e-01
7.817106842994689941e-01
2.044450759887695312e+00
7.255488038063049316e-01
3.886752128601074219e-01
2.551291882991790771e-02
1.455466389656066895e+00
5.957708954811096191e-01
8.382145166397094727e-01
0.000000000000000000e+00
7.505872845649719238e-01
1.902442932128906250e+00
2.223896048963069916e-02
1.091873124241828918e-01
1.519457697868347168e+00
6.403235197067260742e-01
3.375990688800811768e-01
6.942883878946304321e-02
3.330958634614944458e-02
3.239313513040542603e-02
4.623848438262939453e+00
0.000000000000000000e+00
1.581919193267822266e-02
1.199808269739151001e-01
4.106026887893676758e-01
1.349699854850769043e+00
6.502387672662734985e-02
0.000000000000000000e+00
1.882313936948776245e-01
1.531297564506530762e+00
8.547716736793518066e-01
1.115415930747985840e+00
1.119160130620002747e-01
6.534716606140136719e+00
1.432408243417739868e-01
9.811624884605407715e-01
7.008716464042663574e-01
1.894772410392761230e+00
1.965012192726135254e+00
3.909730911254882812e-01
3.515248000621795654e-01
3.722709655761718750e+00
3.612003624439239502e-01
2.739782258868217468e-02
1.466990828514099121e+00
1.053461909294128418e+00
4.509606864303350449e-03
5.514878034591674805e-01
2.351548075675964355e-01
3.257852047681808472e-03
0.000000000000000000e+00
1.721917867660522461e+00
2.138850212097167969e+00
8.194565773010253906e-01
1.797603219747543335e-01
8.891084045171737671e-02
1.374966382980346680e+00
5.229983329772949219e-01
9.510912895202636719e+00
0.000000000000000000e+00
1.131901144981384277e-02
3.962008357048034668e-01
5.465505272150039673e-02
0.000000000000000000e+00
1.952171027660369873e-01
4.904878437519073486e-01
2.669143676757812500e+00
1.422029733657836914e-01
0.000000000000000000e+00
6.911084055900573730e-01
1.827582597732543945e+00
3.692474216222763062e-02
6.255109608173370361e-02
0.000000000000000000e+00
2.629281254485249519e-03
6.298612952232360840e-01
2.315073162317276001e-01
8.119125962257385254e-01
5.208419561386108398e-01
9.962430596351623535e-01
2.952990829944610596e-01
1.660520732402801514e-01
6.087683439254760742e-01
1.551706671714782715e+00
3.930047452449798584e-01
2.259799391031265259e-01
4.343540668487548828e-01
2.714404761791229248e-01
1.951059997081756592e-01
5.551507323980331421e-02
4.065466523170471191e-01
1.276762038469314575e-01
1.723661422729492188e+00
5.970570817589759827e-02
4.200875386595726013e-02
1.861002892255783081e-01
1.148996233940124512e+00
5.618903636932373047e-01
4.619133472442626953e-01
4.407381266355514526e-02
6.958699971437454224e-02
2.430010080337524414e+00
1.884378194808959961e+00
1.364157944917678833e-01
1.717851161956787109e-01
7.844356298446655273e-01
2.866977751255035400e-01
5.428223609924316406e-01
0.000000000000000000e+00
1.291823573410511017e-02
1.689216941595077515e-01
0.000000000000000000e+00
6.428603082895278931e-02
1.373635232448577881e-01
7.990325689315795898e-01
2.646127223968505859e+00
2.296237468719482422e+00
5.291005969047546387e-01
9.283688664436340332e-01
2.220822572708129883e+00
4.844725430011749268e-01
2.343555688858032227e-01
1.408449411392211914e+00
6.301029920578002930e-01
9.649030119180679321e-02
1.509254127740859985e-01
1.278131961822509766e+00
4.006428420543670654e-01
5.578683614730834961e-01
9.483398795127868652e-01
1.984755136072635651e-02
2.182600021362304688e+00
1.883015751838684082e+00
4.266486316919326782e-02
4.580107629299163818e-01
4.670086503028869629e-02
9.451460838317871094e-01
7.702777981758117676e-01
7.641660049557685852e-03
8.912711404263973236e-03
0.000000000000000000e+00
1.050231605768203735e-01
6.002085283398628235e-03
1.006238579750061035e+00
5.809644460678100586e-01
2.405878342688083649e-02
6.886851787567138672e-02
0.000000000000000000e+00
4.639814496040344238e-01
2.148922681808471680e+00
0.000000000000000000e+00
1.680137157440185547e+00
6.547381281852722168e-01
1.891004562377929688e+00
2.362331142649054527e-03
3.750358819961547852e-01
9.426476061344146729e-02
3.323121964931488037e-01
8.319779634475708008e-01
1.347761005163192749e-01
4.372659027576446533e-01
1.677679538726806641e+00
6.360630989074707031e-01
6.348608732223510742e-01
5.067103505134582520e-01
6.701817363500595093e-02
3.542559742927551270e-01
2.289639115333557129e-01
9.236273169517517090e-01
1.966568827629089355e+00
3.125566244125366211e-01
1.929448219016194344e-03
2.127044349908828735e-01
1.578794598579406738e+00
2.543777465820312500e+00
1.319017261266708374e-01
0.000000000000000000e+00
6.592369079589843750e-02
2.841813266277313232e-01
2.066026926040649414e-01
7.172951698303222656e-01
2.131110906600952148e+00
5.265207767486572266e+00
8.514108061790466309e-01
2.606528401374816895e-01
4.083183407783508301e-01
1.001620441675186157e-01
0.000000000000000000e+00
3.506961762905120850e-01
3.559221327304840088e-02
0.000000000000000000e+00
1.432981714606285095e-02
6.218984127044677734e-01
4.225929379463195801e-01
0.000000000000000000e+00
1.241373717784881592e-01
1.420293211936950684e+00
5.387936234474182129e-01
1.885613426566123962e-02
0.000000000000000000e+00
6.956305354833602905e-03
1.593406200408935547e+00
4.985876008868217468e-02
2.285968780517578125e+00
0.000000000000000000e+00
2.133405953645706177e-02
4.177300035953521729e-01
9.940139017999172211e-03
2.995903789997100830e-01
1.433806144632399082e-03
0.000000000000000000e+00
4.151163697242736816e-01
1.085275411605834961e+00
3.275812417268753052e-02
2.562672197818756104e-01
2.414308488368988037e-01
1.004714295268058777e-01
1.018572300672531128e-01
5.069123506546020508e-01
1.447172641754150391e+00
1.525836647488176823e-03
1.451186776161193848e+00
1.139504909515380859e+00
1.068086773157119751e-01
0.000000000000000000e+00
9.348735958337783813e-02
4.312855750322341919e-02
7.136775255203247070e-01
1.711910128593444824e+00
3.186714276671409607e-02
0.000000000000000000e+00
4.194969534873962402e-01
8.568247556686401367e-01
2.181231528520584106e-01
1.805733442306518555e+00
7.166646420955657959e-03
0.000000000000000000e+00
2.739386633038520813e-02
1.290546178817749023e+00
0.000000000000000000e+00
1.899516433477401733e-01
0.000000000000000000e+00
1.308738946914672852e+00
3.837925493717193604e-01
3.791306167840957642e-02
7.052764892578125000e-01
7.109604477882385254e-01
8.902813196182250977e-01
7.783391475677490234e-01
6.636728644371032715e-01
1.365070819854736328e+00
2.016280174255371094e+00
4.740562289953231812e-02
5.105929970741271973e-01
2.137485027313232422e+00
6.837218999862670898e-01
4.591974318027496338e-01
5.916593670845031738e-01
3.828451782464981079e-02
2.657962730154395103e-03
6.812062114477157593e-02
1.782503426074981689e-01
6.417900919914245605e-01
5.100137740373611450e-02
3.229909420013427734e+00
2.938892841339111328e+00
1.235512495040893555e+00
0.000000000000000000e+00
6.244146823883056641e-01
9.562943875789642334e-02
0.000000000000000000e+00
0.000000000000000000e+00
1.755414307117462158e-01
1.247063055634498596e-01
4.426706582307815552e-03
0.000000000000000000e+00
2.156877666711807251e-01
1.679141074419021606e-02
1.231967926025390625e+00
1.016764640808105469e+00
4.354790598154067993e-02
7.445141673088073730e-02
2.516139268875122070e+00
0.000000000000000000e+00
8.869692683219909668e-01
0.000000000000000000e+00
8.097712881863117218e-03
1.107233285903930664e+00
1.724497973918914795e-02
1.218336701393127441e+00
3.292039334774017334e-01
1.609284758567810059e+00
2.245820462703704834e-01
3.005515038967132568e-01
0.000000000000000000e+00
8.241826295852661133e-01
1.685495734214782715e+00
1.001821160316467285e-01
0.000000000000000000e+00
3.237344741821289062e+00
0.000000000000000000e+00
3.450132012367248535e-01
2.195940762758255005e-01
2.021575421094894409e-01
3.054344356060028076e-01
6.639043800532817841e-03
3.494994401931762695e+00
9.460135102272033691e-01
1.001434206962585449e+00
7.162488102912902832e-01
1.827418684959411621e+00
0.000000000000000000e+00
2.213710308074951172e+00
7.904545054771006107e-04
9.296068921685218811e-03
6.549222767353057861e-02
0.000000000000000000e+00
1.609924511285498738e-04
4.216366261243820190e-02
9.396622180938720703e-01
2.059132903814315796e-01
2.151769846677780151e-01
8.134284615516662598e-01
8.243507742881774902e-01
0.000000000000000000e+00
1.614524871110916138e-01
3.079945147037506104e-01
1.267615675926208496e+00
9.549640119075775146e-02
0.000000000000000000e+00
0.000000000000000000e+00
2.383957654237747192e-01
1.386347889900207520e+00
6.769514679908752441e-01
9.409628808498382568e-02
1.942018866539001465e+00
0.000000000000000000e+00
1.045956850051879883e+00
1.696721613407135010e-01
7.301700711250305176e-01
3.151511028409004211e-02
0.000000000000000000e+00
7.081121802330017090e-01
2.113597631454467773e+00
3.558922410011291504e-01
2.364883899688720703e+00
2.902337908744812012e-02
1.061067461967468262e+00
3.509080968797206879e-03
3.504047915339469910e-02
3.169205784797668457e-01
1.009411215782165527e+00
1.891208887100219727e-01
0.000000000000000000e+00
3.464110195636749268e-01
2.551359832286834717e-01
3.297873437404632568e-01
3.097194671630859375e+00
1.228250041604042053e-01
4.989768564701080322e-02
6.156490743160247803e-02
3.129941225051879883e-02
9.671847820281982422e-01
1.969073154032230377e-02
0.000000000000000000e+00
1.472718119621276855e-01
1.531833529472351074e+00
1.452525377273559570e+00
0.000000000000000000e+00
1.199585646390914917e-01
1.043378561735153198e-02
1.022657990455627441e+00
1.777161955833435059e-01
2.915310263633728027e-01
1.302733421325683594e+00
0.000000000000000000e+00
1.220155954360961914e+00
7.958201169967651367e-01
0.000000000000000000e+00
6.782443076372146606e-02
2.387177944183349609e+00
1.335965842008590698e-01
0.000000000000000000e+00
1.619038283824920654e-01
1.483286619186401367e+00
2.527383863925933838e-01
1.247540637850761414e-01
3.529087007045745850e-01
1.875172615051269531e+00
1.841006755828857422e+00
2.613737583160400391e-01
8.970692753791809082e-02
6.417153477668762207e-01
0.000000000000000000e+00
0.000000000000000000e+00
