2.742623984813690186e-01
0.000000000000000000e+00
3.703890442848205566e-01
2.846833467483520508e+00
5.646581053733825684e-01
2.219912409782409668e-01
7.784770131111145020e-01
3.618549585342407227e+00
5.416276931762695312e+00
1.556577205657958984e+00
3.489890834316611290e-03
1.301742196083068848e+00
6.468003243207931519e-02
2.856114804744720459e-01
2.973284482955932617e+00
7.258187532424926758e-01
4.995840787887573242e-01
1.622857928276062012e+00
2.207280099391937256e-01
3.197251260280609131e-02
9.591904878616333008e-01
4.559362679719924927e-02
1.174667701125144958e-01
1.529548764228820801e+00
3.501079678535461426e-01
2.353911846876144409e-02
0.000000000000000000e+00
1.984391331672668457e+00
3.340882658958435059e-01
1.723303273320198059e-02
0.000000000000000000e+00
1.413934770971536636e-02
7.148481011390686035e-01
1.864449232816696167e-01
4.522617757320404053e-01
3.511300563812255859e+00
3.075112700462341309e-01
1.455839071422815323e-02
8.723857402801513672e-01
9.134231209754943848e-01
2.635240256786346436e-01
4.953397810459136963e-01
6.573190093040466309e-01
2.529455423355102539e+00
2.868112027645111084e-01
1.636513471603393555e+00
4.263206720352172852e-01
1.478643119335174561e-01
5.963523872196674347e-03
2.672444581985473633e+00
2.256731033325195312e+00
0.000000000000000000e+00
6.248031854629516602e-01
5.320773646235466003e-02
2.059849262237548828e+00
6.422024965286254883e-02
1.619007349014282227e+00
1.054180487990379333e-01
1.925524473190307617e+00
4.575214684009552002e-01
1.062299683690071106e-01
4.241880178451538086e-01
4.481204152107238770e-01
1.229390621185302734e+00
1.325206637382507324e+00
3.262966573238372803e-01
7.795605342835187912e-03
6.739356517791748047e-01
7.540719509124755859e-01
9.362989068031311035e-01
0.000000000000000000e+00
2.538296394050121307e-02
5.047580599784851074e-01
3.859658837318420410e-01
1.440641582012176514e-01
7.730938792228698730e-01
0.000000000000000000e+00
6.889694929122924805e-01
6.947880983352661133e-01
6.438862085342407227e-01
2.624679543077945709e-02
1.128047585487365723e+00
1.801263689994812012e+00
4.526166319847106934e-01
1.109331965446472168e+00
8.419513702392578125e-02
2.142247915267944336e+00
1.151590719819068909e-01
8.029155135154724121e-01
4.845568910241127014e-03
0.000000000000000000e+00
1.282219439744949341e-01
1.100993007421493530e-01
0.000000000000000000e+00
1.328902840614318848e+00
6.074660643935203552e-02
8.551082015037536621e-01
7.377696037292480469e-01
9.103731065988540649e-02
3.654650179669260979e-03
3.010979853570461273e-02
1.833072900772094727e-01
4.142580181360244751e-02
1.826493859291076660e+00
4.932301342487335205e-01
7.219476103782653809e-01
1.621015191078186035e+00
7.520323395729064941e-01
5.550777316093444824e-01
1.059654727578163147e-01
1.842214226722717285e+00
1.381741464138031006e-01
7.445213794708251953e-01
8.311930894851684570e-01
4.988499283790588379e-01
1.483786478638648987e-02
2.888769377022981644e-03
6.560692191123962402e-01
6.266335248947143555e-01
2.378365516662597656e+00
6.900455355644226074e-01
2.339843064546585083e-01
1.133800018578767776e-02
1.907302498817443848e+00
1.200177431106567383e+00
7.942385077476501465e-01
0.000000000000000000e+00
2.190606445074081421e-01
1.948068737983703613e+00
3.682160517200827599e-03
0.000000000000000000e+00
5.948509573936462402e-01
2.987234890460968018e-01
2.532286047935485840e-01
3.608058765530586243e-02
4.520037770271301270e-02
3.080706000328063965e-01
4.726529598236083984e+00
0.000000000000000000e+00
5.186726152896881104e-02
1.870681792497634888e-01
7.163551449775695801e-01
1.137939810752868652e+00
0.000000000000000000e+00
4.269841909408569336e-01
2.398619055747985840e-01
9.249893426895141602e-01
9.602821469306945801e-01
4.442829787731170654e-01
3.676530122756958008e-01
5.366410255432128906e+00
1.627839207649230957e-01
7.638626098632812500e-01
4.777189791202545166e-01
2.325416564941406250e+00
1.447154760360717773e+00
7.430104613304138184e-01
4.096969068050384521e-01
2.817119598388671875e+00
4.854341447353363037e-01
2.406974881887435913e-02
1.669918775558471680e+00
1.215674042701721191e+00
5.058139562606811523e-02
6.443971991539001465e-01
2.280907481908798218e-01
1.082399021834135056e-02
0.000000000000000000e+00
1.703369736671447754e+00
1.947842955589294434e+00
8.285637497901916504e-01
1.510560978204011917e-02
0.000000000000000000e+00
9.097399115562438965e-01
1.532293856143951416e-01
7.424299240112304688e+00
0.000000000000000000e+00
3.620626032352447510e-02
2.102298736572265625e-01
3.130497038364410400e-01
4.163737222552299500e-02
4.148470610380172729e-02
2.510301470756530762e-01
2.099719762802124023e+00
1.503791511058807373e-01
3.797107189893722534e-02
2.246023267507553101e-01
9.669508337974548340e-01
0.000000000000000000e+00
4.536857008934020996e-01
0.000000000000000000e+00
1.416297070682048798e-02
1.122964382171630859e+00
6.264654397964477539e-01
3.481140732765197754e-01
5.424482822418212891e-01
4.383596479892730713e-01
4.377306699752807617e-01
3.179324269294738770e-01
1.620701193809509277e+00
1.814234018325805664e+00
1.776492446660995483e-01
3.056395947933197021e-01
7.063183784484863281e-01
2.763590216636657715e-01
3.174873534590005875e-03
2.511203587055206299e-01
4.964621961116790771e-01
3.625509738922119141e-01
2.197064161300659180e+00
1.036247797310352325e-02
1.956819593906402588e-01
8.389180898666381836e-01
1.632115840911865234e+00
1.095952630043029785e+00
4.688825011253356934e-01
1.746767759323120117e-01
2.851974368095397949e-01
1.642455697059631348e+00
1.180561542510986328e+00
2.007244080305099487e-01
3.942358121275901794e-02
6.017928719520568848e-01
5.115375667810440063e-02
3.883868455886840820e-01
0.000000000000000000e+00
3.184359073638916016e-01
2.994115352630615234e-01
1.195691875182092190e-03
9.883542545139789581e-03
6.880730390548706055e-01
2.342457473278045654e-01
1.983369112014770508e+00
1.889192700386047363e+00
9.693190455436706543e-01
5.805937051773071289e-01
1.570667028427124023e+00
6.251755952835083008e-01
0.000000000000000000e+00
1.129347324371337891e+00
6.386834383010864258e-01
1.232371851801872253e-01
1.271057426929473877e-01
2.386589765548706055e+00
5.279954075813293457e-01
1.291120201349258423e-01
2.772484421730041504e-01
9.760410175658762455e-04
1.910007834434509277e+00
1.583432555198669434e+00
4.638665020465850830e-01
5.010709166526794434e-01
8.970363438129425049e-02
4.390144348144531250e-01
7.214553356170654297e-01
7.383299060165882111e-03
5.718613415956497192e-02
0.000000000000000000e+00
5.239871144294738770e-02
7.416352629661560059e-03
3.713299930095672607e-01
4.864226281642913818e-01
2.611094415187835693e-01
8.125266991555690765e-03
0.000000000000000000e+00
1.151972413063049316e-01
1.706049323081970215e+00
2.109612250933423638e-04
4.425084888935089111e-01
1.807052791118621826e-01
1.279590606689453125e+00
1.874964088201522827e-01
7.434753775596618652e-01
3.350721206516027451e-03
3.868943750858306885e-01
6.056445837020874023e-01
4.298211336135864258e-01
4.275752007961273193e-01
2.274451732635498047e+00
5.408963561058044434e-01
3.854812681674957275e-01
3.074469268321990967e-01
1.195959746837615967e-03
6.760536879301071167e-02
3.490629196166992188e-01
1.043328762054443359e+00
1.650444626808166504e+00
2.241388522088527679e-02
7.367318868637084961e-02
0.000000000000000000e+00
9.342489242553710938e-01
2.145853042602539062e+00
1.033908054232597351e-01
2.738190628588199615e-02
1.085804030299186707e-01
5.709071755409240723e-01
3.680631220340728760e-01
2.432395666837692261e-01
1.682639002799987793e+00
5.138287067413330078e+00
7.757924795150756836e-01
2.828164398670196533e-01
1.021172571927309036e-02
3.773367702960968018e-01
0.000000000000000000e+00
1.304478347301483154e-01
0.000000000000000000e+00
0.000000000000000000e+00
1.324042491614818573e-02
3.057260438799858093e-02
3.967910706996917725e-01
0.000000000000000000e+00
1.341790407896041870e-01
1.414713621139526367e+00
8.321231007575988770e-01
3.323365002870559692e-02
0.000000000000000000e+00
3.015683032572269440e-02
1.213912606239318848e+00
5.360631272196769714e-02
1.696038246154785156e+00
0.000000000000000000e+00
8.797470480203628540e-02
5.237551927566528320e-01
5.599330738186836243e-02
1.368540644645690918e+00
9.150703437626361847e-03
0.000000000000000000e+00
4.833066165447235107e-01
4.244733154773712158e-01
5.936522968113422394e-03
3.087432496249675751e-02
1.166380271315574646e-01
3.093633651733398438e-01
1.178064965642988682e-03
2.713705897331237793e-01
2.094597816467285156e+00
4.409240931272506714e-02
8.800458312034606934e-01
6.222128272056579590e-01
1.729026287794113159e-01
0.000000000000000000e+00
5.913255810737609863e-01
2.838490344583988190e-02
7.382088899612426758e-01
1.194028139114379883e+00
1.235692724585533142e-01
5.628624465316534042e-03
4.659900069236755371e-01
7.146371006965637207e-01
4.962477982044219971e-01
1.904309868812561035e+00
2.717982046306133270e-02
1.062726974487304688e-01
8.969244360923767090e-02
1.347888827323913574e+00
0.000000000000000000e+00
2.491779327392578125e-01
0.000000000000000000e+00
1.225565791130065918e+00
4.369242191314697266e-01
1.832661963999271393e-02
4.829428493976593018e-01
5.076923966407775879e-01
1.236092090606689453e+00
7.768787145614624023e-01
1.025662899017333984e+00
7.223582267761230469e-01
1.719552159309387207e+00
2.797354385256767273e-02
7.224508523941040039e-01
2.506392002105712891e+00
7.308106422424316406e-01
2.859456650912761688e-02
7.372000217437744141e-01
0.000000000000000000e+00
1.263374537229537964e-01
1.820181496441364288e-02
2.103274315595626831e-01
4.002094566822052002e-01
0.000000000000000000e+00
2.052032470703125000e+00
3.108388423919677734e+00
6.811551451683044434e-01
4.896571487188339233e-02
9.384356141090393066e-01
5.674510821700096130e-02
0.000000000000000000e+00
0.000000000000000000e+00
3.763399720191955566e-01
5.697913765907287598e-01
2.065248414874076843e-02
1.225024461746215820e-03
4.358335137367248535e-01
6.930953264236450195e-02
5.985237360000610352e-01
1.829491257667541504e+00
3.844047337770462036e-02
1.185499802231788635e-01
2.043785095214843750e+00
7.890551537275314331e-02
1.425287485122680664e+00
0.000000000000000000e+00
6.756357848644256592e-02
8.185409903526306152e-01
2.927346341311931610e-02
8.467395901679992676e-01
3.249196112155914307e-01
1.202362060546875000e+00
3.169739842414855957e-01
4.953429698944091797e-01
0.000000000000000000e+00
6.880292296409606934e-01
1.391156435012817383e+00
3.315001428127288818e-01
0.000000000000000000e+00
3.212473392486572266e+00
4.621576517820358276e-02
1.488054394721984863e+00
5.465496331453323364e-03
1.133818365633487701e-02
9.730555862188339233e-02
0.000000000000000000e+00
3.567178964614868164e+00
8.792170286178588867e-01
1.229264140129089355e+00
1.133553624153137207e+00
1.034391283988952637e+00
1.004504665615968406e-04
2.108430385589599609e+00
5.026796460151672363e-02
4.337551072239875793e-02
1.848819549195468426e-03
0.000000000000000000e+00
7.422256469726562500e-02
3.968368768692016602e-01
2.551644444465637207e-01
1.518235355615615845e-02
1.285690218210220337e-01
3.763214647769927979e-01
1.232483386993408203e+00
0.000000000000000000e+00
4.879834502935409546e-02
1.646799892187118530e-01
1.360570192337036133e+00
1.212407741695642471e-02
0.000000000000000000e+00
9.014366078190505505e-04
4.660658538341522217e-01
1.317278504371643066e+00
6.729114651679992676e-01
1.774058341979980469e-01
2.003667116165161133e+00
4.344124719500541687e-02
1.299602985382080078e+00
1.961176693439483643e-01
7.490624487400054932e-02
1.718757152557373047e-01
0.000000000000000000e+00
9.079242348670959473e-01
1.808133125305175781e+00
4.523172974586486816e-02
1.837744235992431641e+00
0.000000000000000000e+00
1.063444972038269043e+00
3.457003086805343628e-02
6.470774859189987183e-02
3.230675756931304932e-01
9.958725571632385254e-01
4.856691062450408936e-01
7.745028473436832428e-03
5.755782723426818848e-01
2.188123613595962524e-01
1.529733985662460327e-01
2.386577367782592773e+00
4.774734973907470703e-01
1.164795234799385071e-01
2.953049242496490479e-01
3.561811149120330811e-02
8.657198548316955566e-01
3.948440551757812500e-01
0.000000000000000000e+00
8.983154594898223877e-02
2.422885656356811523e+00
8.191438913345336914e-01
1.188621157780289650e-03
3.512684404850006104e-01
1.184607623144984245e-03
9.233025908470153809e-01
2.318547964096069336e-01
7.544254064559936523e-01
8.166763186454772949e-01
0.000000000000000000e+00
5.254659056663513184e-01
8.279198408126831055e-01
4.214637354016304016e-02
2.632312849164009094e-02
1.479016661643981934e+00
9.327936172485351562e-02
1.579488255083560944e-02
2.477384507656097412e-01
3.158783435821533203e+00
1.697017699480056763e-01
4.655132591724395752e-01
1.482687890529632568e-01
1.517871737480163574e+00
1.748834013938903809e+00
1.214501380920410156e+00
7.706438004970550537e-02
7.820863127708435059e-01
0.000000000000000000e+00
6.156413001008331776e-04
