2.061136215925216675e-01
7.451786077581346035e-04
1.060115456581115723e+00
1.352625608444213867e+00
3.667788505554199219e-01
4.917384386062622070e-01
9.725308418273925781e-01
3.744336843490600586e+00
4.783658981323242188e+00
7.246670722961425781e-01
4.961371887475252151e-03
1.891999840736389160e+00
0.000000000000000000e+00
9.665762186050415039e-01
1.498810291290283203e+00
7.024759650230407715e-01
1.939885169267654419e-01
8.275505900382995605e-01
1.835731044411659241e-02
4.286848125047981739e-04
8.300495147705078125e-01
0.000000000000000000e+00
4.600617289543151855e-02
2.170786380767822266e+00
4.385245591402053833e-02
9.593623690307140350e-03
0.000000000000000000e+00
8.237330913543701172e-01
4.806184768676757812e-01
1.934035569429397583e-01
9.451315738260746002e-03
0.000000000000000000e+00
1.365723609924316406e-01
9.030938744544982910e-01
1.316098272800445557e-01
1.662278771400451660e+00
8.344991207122802734e-01
4.836264252662658691e-01
6.213153600692749023e-01
4.455402791500091553e-01
4.073580503463745117e-01
3.340783715248107910e-01
2.101761341094970703e+00
4.034013748168945312e+00
5.296123027801513672e-01
1.105208396911621094e+00
1.019831076264381409e-01
6.666280627250671387e-01
4.410649091005325317e-02
5.222829580307006836e-01
3.698696136474609375e+00
1.796399429440498352e-02
9.324150681495666504e-01
5.334981903433799744e-02
1.531265854835510254e+00
2.433206886053085327e-01
5.445070862770080566e-01
3.304523527622222900e-01
2.945305824279785156e+00
4.986938834190368652e-01
4.489304125308990479e-02
2.790667414665222168e-01
4.008438289165496826e-01
5.380254238843917847e-02
6.544994115829467773e-01
8.461211919784545898e-01
1.414556026458740234e+00
1.797096133232116699e-01
6.486556529998779297e-01
1.264073133468627930e+00
0.000000000000000000e+00
1.229231655597686768e-01
1.038243919610977173e-01
5.879234671592712402e-01
8.586702495813369751e-02
1.488691329956054688e+00
5.533016845583915710e-02
9.026875495910644531e-01
4.388931989669799805e-01
4.375992417335510254e-01
3.968785405158996582e-01
1.127927422523498535e+00
2.186276197433471680e+00
5.903789028525352478e-02
1.111470222473144531e+00
1.078615337610244751e-01
1.269432306289672852e+00
6.026868820190429688e-01
7.803506255149841309e-01
2.121226638555526733e-01
0.000000000000000000e+00
1.948297470808029175e-01
8.197525748983025551e-04
0.000000000000000000e+00
2.529019117355346680e+00
1.118844866752624512e+00
1.476768851280212402e-01
2.326003551483154297e+00
3.119515180587768555e-01
4.687090516090393066e-01
1.053675659932196140e-03
1.750080883502960205e-01
0.000000000000000000e+00
2.478288650512695312e+00
1.285037279129028320e+00
4.029907882213592529e-01
9.383581876754760742e-01
2.567501664161682129e-01
1.527314782142639160e+00
1.709912717342376709e-01
1.532084703445434570e+00
1.947197131812572479e-02
4.321975633502006531e-03
3.740571141242980957e-01
1.047545313835144043e+00
7.038517296314239502e-02
3.410562276840209961e-01
3.890121579170227051e-01
1.238352179527282715e+00
4.132147312164306641e+00
4.933174252510070801e-01
1.268966495990753174e-01
1.788023710250854492e-01
1.893076300621032715e+00
1.690845251083374023e+00
1.058027386665344238e+00
0.000000000000000000e+00
1.287284190766513348e-03
2.073135852813720703e+00
0.000000000000000000e+00
3.447462338954210281e-03
1.350382715463638306e-01
5.859060585498809814e-02
8.360048756003379822e-03
7.615047693252563477e-02
4.681237787008285522e-02
7.758523225784301758e-01
4.855769634246826172e+00
0.000000000000000000e+00
7.461853027343750000e-01
0.000000000000000000e+00
2.918435931205749512e-01
1.761481404304504395e+00
8.816521614789962769e-03
1.486395485699176788e-03
5.937725901603698730e-01
8.982455134391784668e-01
1.170584321022033691e+00
2.191452383995056152e-01
1.144656658172607422e+00
3.486673593521118164e+00
2.646180987358093262e-01
2.084858119487762451e-01
3.136883378028869629e-01
1.102459669113159180e+00
7.593228220939636230e-01
1.200557053089141846e-01
8.997905254364013672e-02
1.030508041381835938e+00
3.667393326759338379e-02
2.644273452460765839e-02
6.741870045661926270e-01
5.271919965744018555e-01
2.222852781414985657e-03
6.562420725822448730e-01
2.153666168451309204e-01
0.000000000000000000e+00
0.000000000000000000e+00
3.078834712505340576e-01
1.044516086578369141e+00
2.438965737819671631e-01
1.622575148940086365e-02
5.937651917338371277e-02
6.463837027549743652e-01
6.327686309814453125e-01
6.857739925384521484e+00
1.379306763410568237e-01
6.485144607722759247e-03
7.690013200044631958e-02
8.984130620956420898e-02
3.133697435259819031e-02
5.241062045097351074e-01
7.378441095352172852e-01
2.367210865020751953e+00
8.878680318593978882e-02
0.000000000000000000e+00
6.542608886957168579e-02
6.897531747817993164e-01
4.105102736502885818e-03
9.369144588708877563e-02
0.000000000000000000e+00
9.241755306720733643e-02
2.466859817504882812e+00
1.704355359077453613e+00
3.231319487094879150e-01
7.204434275627136230e-01
3.116161525249481201e-01
5.767387151718139648e-01
6.257216930389404297e-01
9.874997735023498535e-01
1.079231023788452148e+00
9.689334779977798462e-02
3.283569216728210449e-01
4.305652081966400146e-01
2.282053381204605103e-01
6.524795200675725937e-03
8.462646603584289551e-02
6.635775789618492126e-03
8.893150091171264648e-01
1.108062386512756348e+00
4.400352388620376587e-02
7.655950784683227539e-01
2.628050446510314941e-01
5.272035002708435059e-01
3.359628021717071533e-01
3.811554312705993652e-01
4.186764359474182129e-01
1.021987080574035645e+00
1.578063011169433594e+00
7.039563059806823730e-01
9.417690336704254150e-03
1.881154477596282959e-01
3.364104330539703369e-01
2.458589822053909302e-01
5.344782471656799316e-01
0.000000000000000000e+00
6.975135803222656250e-01
5.434663891792297363e-01
0.000000000000000000e+00
0.000000000000000000e+00
5.511618256568908691e-01
3.700917363166809082e-01
1.183394789695739746e+00
5.219803452491760254e-01
1.399555444717407227e+00
5.662994384765625000e-01
1.425706505775451660e+00
5.707679986953735352e-01
2.500566840171813965e-02
1.333474993705749512e+00
4.246404170989990234e-01
4.390550404787063599e-02
6.725817322731018066e-01
3.330425500869750977e+00
9.113587141036987305e-01
7.098400965332984924e-03
4.563759639859199524e-02
4.737382754683494568e-03
3.259243011474609375e+00
4.527649283409118652e-01
6.689524650573730469e-01
3.690546751022338867e-01
0.000000000000000000e+00
2.383986264467239380e-01
6.595767140388488770e-01
3.723376691341400146e-01
9.927527979016304016e-03
1.719818450510501862e-02
3.752092421054840088e-01
6.799017637968063354e-02
1.569146215915679932e-01
1.834364831447601318e-01
3.169060945510864258e-01
1.213809177279472351e-01
0.000000000000000000e+00
0.000000000000000000e+00
5.907398462295532227e-01
9.076859802007675171e-02
2.514325976371765137e-01
3.757538646459579468e-02
7.650111913681030273e-01
1.005352847278118134e-02
1.628921151161193848e+00
1.012640912085771561e-02
1.030960559844970703e+00
1.697091758251190186e-01
4.685481190681457520e-01
5.123415589332580566e-01
5.532923340797424316e-01
8.696125447750091553e-02
5.508606508374214172e-02
3.073800206184387207e-01
1.983028650283813477e-01
4.159238934516906738e-01
1.206796392798423767e-01
7.828334569931030273e-01
6.989479064941406250e-01
1.444725096225738525e-01
4.853460192680358887e-01
0.000000000000000000e+00
8.035563230514526367e-01
7.757858633995056152e-01
1.040949463844299316e+00
1.346658021211624146e-01
6.998100876808166504e-01
4.358522966504096985e-02
1.652124375104904175e-01
5.029128491878509521e-02
1.896194070577621460e-01
4.973407268524169922e+00
7.637109160423278809e-01
1.603385806083679199e-01
2.379710227251052856e-01
5.135875107953324914e-05
1.334468126296997070e-01
2.955851517617702484e-02
8.515273779630661011e-02
0.000000000000000000e+00
4.142962023615837097e-02
6.411646604537963867e-01
4.006434977054595947e-02
3.655747175216674805e-01
8.867817372083663940e-02
9.983409047126770020e-01
1.320900917053222656e-01
7.724006772041320801e-01
1.721227774396538734e-03
7.006559967994689941e-01
2.643499076366424561e-01
0.000000000000000000e+00
2.138235092163085938e+00
6.022467836737632751e-02
0.000000000000000000e+00
3.756664991378784180e-01
2.377952635288238525e-02
1.184305906295776367e+00
1.215551495552062988e+00
1.776400022208690643e-02
6.910980343818664551e-01
2.950956821441650391e-01
0.000000000000000000e+00
0.000000000000000000e+00
7.067922269925475121e-04
2.153196632862091064e-01
8.500017970800399780e-02
1.229291439056396484e+00
1.700852036476135254e+00
1.195447444915771484e+00
6.768769025802612305e-01
3.223290145397186279e-01
1.117432303726673126e-02
6.286642979830503464e-03
6.304107308387756348e-01
1.401066631078720093e-01
1.755713939666748047e+00
1.371852159500122070e-01
4.024288058280944824e-02
1.468914840370416641e-02
6.557771470397710800e-03
2.162579894065856934e-01
1.767494976520538330e-01
7.776802778244018555e-01
2.223559282720088959e-02
9.795609116554260254e-02
9.510496165603399277e-04
7.995076775550842285e-01
1.306658238172531128e-01
4.012491106986999512e-01
9.016721160151064396e-04
8.583424985408782959e-02
9.251445531845092773e-01
9.769841283559799194e-02
4.066509306430816650e-01
2.502845227718353271e-01
2.274023294448852539e+00
4.100011289119720459e-01
8.295847177505493164e-01
8.972102403640747070e-01
9.439136385917663574e-01
9.547561407089233398e-02
1.963111609220504761e-01
1.046693921089172363e+00
2.858479619026184082e-01
2.471370697021484375e-01
2.599477767944335938e-01
1.124379485845565796e-01
4.227331280708312988e-02
2.653121948242187500e-02
1.398850083351135254e+00
9.878693819046020508e-01
1.845774650573730469e-01
3.538741588592529297e+00
2.173411846160888672e+00
8.531188964843750000e-01
0.000000000000000000e+00
8.087644577026367188e-01
4.836941603571176529e-03
0.000000000000000000e+00
0.000000000000000000e+00
1.208280622959136963e-01
1.837443374097347260e-02
2.875484526157379150e-02
6.404303479939699173e-03
9.503722190856933594e-02
1.074572086334228516e+00
5.147511959075927734e-01
2.423246622085571289e+00
7.113224267959594727e-02
1.309995055198669434e-01
1.409466505050659180e+00
2.553408220410346985e-02
1.177786365151405334e-01
0.000000000000000000e+00
4.379198551177978516e-01
2.007340669631958008e+00
4.497270286083221436e-01
1.077311396598815918e+00
5.086779966950416565e-02
8.302001953125000000e-01
1.036734580993652344e+00
1.109830066561698914e-01
1.751300692558288574e-02
4.239066541194915771e-01
1.622848749160766602e+00
2.951415479183197021e-01
2.914427220821380615e-01
7.967614531517028809e-01
4.200901687145233154e-01
6.336799263954162598e-01
2.687337342649698257e-03
0.000000000000000000e+00
2.424338161945343018e-01
0.000000000000000000e+00
4.880287647247314453e+00
1.945095062255859375e-01
1.549985170364379883e+00
8.825870156288146973e-01
1.416240096092224121e+00
5.173360556364059448e-02
1.465256214141845703e+00
4.660899285227060318e-03
2.613258361816406250e-01
0.000000000000000000e+00
2.632114104926586151e-02
0.000000000000000000e+00
7.090593576431274414e-01
2.443889901041984558e-02
0.000000000000000000e+00
1.330275926738977432e-02
8.347864747047424316e-01
8.622646331787109375e-01
0.000000000000000000e+00
9.017823636531829834e-02
1.063995122909545898e+00
1.654361009597778320e+00
1.023971941322088242e-03
3.772533498704433441e-03
2.307097762823104858e-01
2.072647660970687866e-01
6.105350255966186523e-01
8.937004804611206055e-01
1.059729933738708496e+00
7.299736142158508301e-01
1.124364137649536133e-02
2.314059138298034668e-01
2.656381949782371521e-02
2.390765771269798279e-02
6.257778406143188477e-02
0.000000000000000000e+00
1.710843920707702637e+00
2.027280092239379883e+00
3.070888668298721313e-02
6.677455306053161621e-01
1.263307780027389526e-01
3.047431111335754395e-01
1.114596650004386902e-01
2.294838130474090576e-01
2.088783383369445801e-01
8.918164372444152832e-01
4.848814010620117188e-01
2.505207657814025879e-01
9.963230490684509277e-01
1.660981178283691406e-01
2.509990148246288300e-02
1.026348114013671875e+00
6.876097619533538818e-02
6.719169765710830688e-02
3.673872649669647217e-01
0.000000000000000000e+00
2.582571804523468018e-01
7.587997317314147949e-01
0.000000000000000000e+00
9.591974318027496338e-02
1.699619531631469727e+00
5.754129886627197266e-01
1.970970537513494492e-03
4.141005277633666992e-01
9.531644731760025024e-02
3.789245486259460449e-01
2.015278488397598267e-01
3.299975693225860596e-01
1.125316321849822998e-01
4.428368527442216873e-03
3.324053883552551270e-01
1.578525543212890625e+00
0.000000000000000000e+00
4.771943669766187668e-03
6.735959053039550781e-01
4.171092212200164795e-01
0.000000000000000000e+00
1.914270408451557159e-02
1.290888905525207520e+00
5.238869041204452515e-02
1.397707164287567139e-01
4.377692639827728271e-01
1.593497872352600098e+00
3.195466995239257812e+00
1.271067500114440918e+00
1.132301568984985352e+00
1.711571455001831055e+00
0.000000000000000000e+00
9.635192342102527618e-03
