1.301448225975036621e+00
0.000000000000000000e+00
4.216520786285400391e-01
2.910789489746093750e+00
1.094972789287567139e-01
1.283518671989440918e-01
4.815536439418792725e-01
3.842135667800903320e+00
5.466626167297363281e+00
7.429177165031433105e-01
4.925564862787723541e-03
2.025650024414062500e+00
3.956925570964813232e-01
4.467864334583282471e-01
2.698123693466186523e+00
3.214788138866424561e-01
5.710957646369934082e-01
1.456076979637145996e+00
5.769144296646118164e-01
2.399150095880031586e-02
1.345267176628112793e+00
3.485742956399917603e-02
6.535515189170837402e-02
1.153291940689086914e+00
3.987223803997039795e-01
3.715848177671432495e-02
3.269921243190765381e-02
2.541215181350708008e+00
1.949572414159774780e-01
4.208803642541170120e-03
3.261142596602439880e-02
1.867764256894588470e-02
5.658048987388610840e-01
7.178212702274322510e-02
4.013984799385070801e-01
3.759039640426635742e+00
1.216538846492767334e-01
2.416635677218437195e-02
1.291972756385803223e+00
9.092127680778503418e-01
3.525184392929077148e-01
7.605783939361572266e-01
3.151319026947021484e-01
1.517478108406066895e+00
9.294945597648620605e-01
1.188142299652099609e+00
8.681961297988891602e-01
2.791315615177154541e-01
1.617589741945266724e-01
2.227713346481323242e+00
1.562476158142089844e+00
0.000000000000000000e+00
3.252145051956176758e-01
9.365628659725189209e-02
1.598288178443908691e+00
7.158019393682479858e-02
1.091818928718566895e+00
1.835021376609802246e-01
1.645024538040161133e+00
4.750422239303588867e-01
2.187050133943557739e-02
1.106125265359878540e-01
5.687243938446044922e-01
1.776002764701843262e+00
1.168860077857971191e+00
5.604888796806335449e-01
0.000000000000000000e+00
7.151411175727844238e-01
5.286440253257751465e-01
7.500231862068176270e-01
1.619213959202170372e-03
2.181720733642578125e-01
3.949361443519592285e-01
2.930345535278320312e-01
1.100060567259788513e-01
9.435760974884033203e-01
0.000000000000000000e+00
9.956677258014678955e-02
4.557057619094848633e-01
6.165544986724853516e-01
1.761703789234161377e-01
8.093736171722412109e-01
8.759148716926574707e-01
9.977293014526367188e-02
1.074264168739318848e+00
9.203504025936126709e-02
1.373632431030273438e+00
1.154298484325408936e-01
8.847355842590332031e-01
1.666731201112270355e-02
0.000000000000000000e+00
3.830526024103164673e-02
2.993808500468730927e-02
0.000000000000000000e+00
1.299397706985473633e+00
4.786498472094535828e-02
9.068288207054138184e-01
5.011429190635681152e-01
0.000000000000000000e+00
1.041461806744337082e-02
9.078683704137802124e-02
4.193554073572158813e-02
9.787635505199432373e-02
1.319539427757263184e+00
4.896983206272125244e-01
2.283806651830673218e-01
1.621331334114074707e+00
3.405984044075012207e-01
8.075439929962158203e-02
1.463211178779602051e-01
1.900466203689575195e+00
4.541482031345367432e-02
1.036122560501098633e+00
1.383606672286987305e+00
7.351672053337097168e-01
7.731058576609939337e-05
1.229781191796064377e-03
1.065295487642288208e-01
8.503790944814682007e-02
2.593153953552246094e+00
1.479527831077575684e+00
2.310462892055511475e-01
4.259014874696731567e-02
1.774855136871337891e+00
6.058032512664794922e-01
1.004353046417236328e+00
0.000000000000000000e+00
1.603094190359115601e-01
1.670922875404357910e+00
1.316885203123092651e-01
5.158244073390960693e-02
1.071295499801635742e+00
4.111485183238983154e-01
2.815343812108039856e-02
2.091768532991409302e-01
3.741201758384704590e-02
6.256540417671203613e-01
4.005875587463378906e+00
0.000000000000000000e+00
6.188268959522247314e-02
1.421688050031661987e-01
7.147302031517028809e-01
8.659247159957885742e-01
0.000000000000000000e+00
6.918256878852844238e-01
4.978012442588806152e-01
1.299452662467956543e+00
1.362910151481628418e+00
1.943566352128982544e-01
4.404614269733428955e-01
5.028353691101074219e+00
4.915817379951477051e-01
6.442692875862121582e-01
2.149704694747924805e-01
2.254228115081787109e+00
1.086041212081909180e+00
6.586434245109558105e-01
4.641700983047485352e-01
2.573096275329589844e+00
2.925495803356170654e-01
1.815300732851028442e-01
2.102804422378540039e+00
2.175189733505249023e+00
6.664793938398361206e-02
3.063674271106719971e-01
1.396024823188781738e-01
8.572828024625778198e-03
0.000000000000000000e+00
1.737227678298950195e+00
2.143817663192749023e+00
5.484485030174255371e-01
4.654126614332199097e-02
2.983861416578292847e-02
1.422297954559326172e+00
9.601602703332901001e-02
7.860425949096679688e+00
0.000000000000000000e+00
0.000000000000000000e+00
4.113311693072319031e-02
5.411454439163208008e-01
1.111218780279159546e-01
6.872795987874269485e-03
1.905631623230874538e-03
1.451792001724243164e+00
6.783780641853809357e-03
1.665966818109154701e-03
2.823352068662643433e-02
1.850340008735656738e+00
0.000000000000000000e+00
5.679454207420349121e-01
0.000000000000000000e+00
1.564785242080688477e-01
1.359898328781127930e+00
8.244001269340515137e-01
1.055451408028602600e-01
7.627128958702087402e-01
4.025295972824096680e-01
4.669277667999267578e-01
4.811293780803680420e-01
1.626166582107543945e+00
2.216402053833007812e+00
2.547218799591064453e-01
4.155000150203704834e-01
2.335073500871658325e-01
7.889570295810699463e-02
1.298007518053054810e-01
0.000000000000000000e+00
1.387484073638916016e-01
1.054994016885757446e-01
2.211714029312133789e+00
6.002300605177879333e-02
1.847302317619323730e-01
1.766730099916458130e-01
9.252398014068603516e-01
1.258333086967468262e+00
9.893938899040222168e-01
3.048222064971923828e-01
2.136455476284027100e-01
1.922917127609252930e+00
1.444805026054382324e+00
1.334013044834136963e-01
6.080297008156776428e-02
2.926367223262786865e-01
1.418954133987426758e-01
7.212229967117309570e-01
0.000000000000000000e+00
1.878679171204566956e-02
4.814865998923778534e-03
1.178841944783926010e-02
1.278076320886611938e-02
3.239855468273162842e-01
4.222860336303710938e-01
1.338652610778808594e+00
1.787391662597656250e+00
4.568683803081512451e-01
5.699776411056518555e-01
1.897452473640441895e+00
6.570963263511657715e-01
1.021463498473167419e-01
1.216322898864746094e+00
3.466359376907348633e-01
7.448613643646240234e-02
4.003169387578964233e-02
2.371959686279296875e+00
3.503517508506774902e-01
3.955916687846183777e-02
2.670455873012542725e-01
8.183620125055313110e-02
1.274633288383483887e+00
1.627164483070373535e+00
2.229149490594863892e-01
8.986298441886901855e-01
3.143777549266815186e-01
1.629079729318618774e-01
7.406846284866333008e-01
3.405204415321350098e-02
2.718764543533325195e-02
0.000000000000000000e+00
1.689198659732937813e-03
1.539591792970895767e-02
8.415818214416503906e-01
4.924728572368621826e-01
2.233029603958129883e-01
9.133531711995601654e-03
0.000000000000000000e+00
7.657802850008010864e-02
2.847857952117919922e+00
2.641350403428077698e-02
1.484506368637084961e+00
3.877785205841064453e-01
1.119134187698364258e+00
3.211249411106109619e-01
3.975012600421905518e-01
1.419328600168228149e-01
4.913780093193054199e-01
4.168348312377929688e-01
3.365985155105590820e-01
4.623499810695648193e-01
1.922376990318298340e+00
3.653271794319152832e-01
2.884503901004791260e-01
4.768936038017272949e-01
4.770001769065856934e-01
1.592798829078674316e-01
2.822534441947937012e-01
8.380177617073059082e-01
1.286121368408203125e+00
1.860653758049011230e-01
5.594006776809692383e-01
0.000000000000000000e+00
1.086950302124023438e+00
2.170632123947143555e+00
5.856833606958389282e-02
2.138957194983959198e-02
4.296387196518480778e-04
2.126569300889968872e-01
3.048327267169952393e-01
5.023074150085449219e-01
2.284837007522583008e+00
4.229812145233154297e+00
1.119661450386047363e+00
3.528916537761688232e-01
8.186213672161102295e-02
4.202946126461029053e-01
9.922263212502002716e-03
2.203110307455062866e-01
3.233989700675010681e-02
0.000000000000000000e+00
8.542276918888092041e-04
4.700112715363502502e-02
8.976890444755554199e-01
0.000000000000000000e+00
1.595662161707878113e-02
1.130758881568908691e+00
1.025442004203796387e+00
1.528674364089965820e-01
0.000000000000000000e+00
4.033592343330383301e-01
1.287060022354125977e+00
1.558000594377517700e-01
2.072846889495849609e+00
0.000000000000000000e+00
4.631794616580009460e-02
9.959890842437744141e-01
4.588089883327484131e-02
1.214243769645690918e+00
3.061852417886257172e-03
0.000000000000000000e+00
4.089546501636505127e-01
9.120188951492309570e-01
2.131734602153301239e-02
1.600489318370819092e-01
3.835711255669593811e-02
4.941863007843494415e-03
2.756352722644805908e-02
1.974322050809860229e-01
1.204008579254150391e+00
3.246091306209564209e-02
1.097114205360412598e+00
5.761330723762512207e-01
9.783787280321121216e-02
0.000000000000000000e+00
4.409650266170501709e-01
3.164319694042205811e-02
8.584669828414916992e-01
1.682298779487609863e+00
4.845118522644042969e-01
6.340617546811699867e-04
2.549571692943572998e-01
3.862172365188598633e-01
7.048849463462829590e-01
2.015476226806640625e+00
0.000000000000000000e+00
6.450875103473663330e-02
8.383978605270385742e-01
1.290959954261779785e+00
0.000000000000000000e+00
5.347838997840881348e-01
0.000000000000000000e+00
4.585321247577667236e-01
8.008897304534912109e-01
4.514303058385848999e-02
5.316479802131652832e-01
4.169008135795593262e-01
7.210447192192077637e-01
5.702179670333862305e-01
6.679772734642028809e-01
6.150246262550354004e-01
2.485731601715087891e+00
1.035380810499191284e-01
6.816866397857666016e-01
1.582339048385620117e+00
6.993392705917358398e-01
2.245441526174545288e-01
6.241080760955810547e-01
8.843292295932769775e-02
1.357359532266855240e-02
8.951411396265029907e-02
2.776986360549926758e-01
2.998680472373962402e-01
0.000000000000000000e+00
2.149136781692504883e+00
3.307288885116577148e+00
4.179047048091888428e-01
1.855101063847541809e-02
5.279570221900939941e-01
5.504919961094856262e-02
0.000000000000000000e+00
0.000000000000000000e+00
1.494650095701217651e-01
4.330308139324188232e-01
1.784976199269294739e-02
2.586245909333229065e-02
2.062890976667404175e-01
5.707467719912528992e-02
4.601852297782897949e-01
1.233369708061218262e+00
1.003318876028060913e-01
2.401556223630905151e-01
2.391377925872802734e+00
3.292921558022499084e-02
1.985998630523681641e+00
0.000000000000000000e+00
1.137753278017044067e-01
1.314350962638854980e+00
9.709800034761428833e-02
8.427342772483825684e-01
2.525421082973480225e-01
1.038716793060302734e+00
4.112771153450012207e-01
4.745178520679473877e-01
0.000000000000000000e+00
6.541212201118469238e-01
9.573100805282592773e-01
4.959002733230590820e-01
4.431487526744604111e-03
2.637705326080322266e+00
5.242483317852020264e-02
1.174539566040039062e+00
3.072167746722698212e-02
1.365033537149429321e-02
1.662861108779907227e-01
0.000000000000000000e+00
3.723299264907836914e+00
1.553719282150268555e+00
5.356068015098571777e-01
4.010013937950134277e-01
9.815061092376708984e-01
0.000000000000000000e+00
1.478307604789733887e+00
6.659473478794097900e-02
1.919270455837249756e-01
0.000000000000000000e+00
0.000000000000000000e+00
7.155381143093109131e-02
2.108838409185409546e-01
3.681193590164184570e-01
3.712736535817384720e-03
1.829851120710372925e-01
3.786393702030181885e-01
1.309351801872253418e+00
6.889631622470915318e-04
2.159875184297561646e-01
2.779440283775329590e-01
9.936305284500122070e-01
1.249868050217628479e-01
0.000000000000000000e+00
0.000000000000000000e+00
8.627139925956726074e-01
1.510695338249206543e+00
7.146246433258056641e-01
3.789124265313148499e-02
2.704334497451782227e+00
0.000000000000000000e+00
1.346826314926147461e+00
0.000000000000000000e+00
4.189880490303039551e-01
2.850022912025451660e-01
0.000000000000000000e+00
1.448562622070312500e+00
1.777522802352905273e+00
1.821498572826385498e-01
1.311393857002258301e+00
0.000000000000000000e+00
6.243864297866821289e-01
4.942480474710464478e-02
4.296991601586341858e-02
7.914773225784301758e-01
9.203148484230041504e-01
3.745025098323822021e-01
0.000000000000000000e+00
1.845175474882125854e-01
2.937166094779968262e-01
3.062186539173126221e-01
2.522223711013793945e+00
6.031539440155029297e-01
4.601910710334777832e-02
4.789918959140777588e-01
1.878258436918258667e-01
9.574080109596252441e-01
8.137004077434539795e-02
0.000000000000000000e+00
4.184610396623611450e-02
2.501552820205688477e+00
1.465860247611999512e+00
1.549732638522982597e-03
1.598177552223205566e-01
0.000000000000000000e+00
9.141688346862792969e-01
7.752935886383056641e-01
3.402456939220428467e-01
1.561497211456298828e+00
0.000000000000000000e+00
4.241765737533569336e-01
4.063969254493713379e-01
1.051869466900825500e-01
1.323835104703903198e-01
2.134900808334350586e+00
3.842559456825256348e-02
3.693668113555759192e-04
3.163436353206634521e-01
2.388602018356323242e+00
0.000000000000000000e+00
2.575082778930664062e-01
1.161298230290412903e-01
1.154453158378601074e+00
1.860346674919128418e+00
2.196704626083374023e+00
0.000000000000000000e+00
1.602487802505493164e+00
0.000000000000000000e+00
0.000000000000000000e+00
