4.528430104255676270e-01
0.000000000000000000e+00
1.056808158755302429e-01
2.722086429595947266e+00
1.400035619735717773e-01
1.310090273618698120e-01
2.845349311828613281e-01
3.246069192886352539e+00
5.170605659484863281e+00
6.057398915290832520e-01
7.949209772050380707e-03
1.660804867744445801e+00
1.591265201568603516e-02
6.689575910568237305e-01
1.648720860481262207e+00
2.018363028764724731e-01
8.253775238990783691e-01
1.612610936164855957e+00
7.577257752418518066e-01
1.028869580477476120e-02
9.172747135162353516e-01
8.729359507560729980e-02
1.573734134435653687e-01
1.035039305686950684e+00
3.900144398212432861e-01
1.234752982854843140e-01
1.230842433869838715e-02
2.059010982513427734e+00
3.887998461723327637e-01
1.997446715831756592e-01
1.749066077172756195e-02
6.012156978249549866e-02
8.010887503623962402e-01
4.202819243073463440e-02
1.731441617012023926e-01
2.839245796203613281e+00
4.083583950996398926e-01
2.381042018532752991e-02
1.683597445487976074e+00
1.059178352355957031e+00
1.909891217947006226e-01
3.505995571613311768e-01
4.077041447162628174e-01
1.786528229713439941e+00
8.446146249771118164e-01
1.145048260688781738e+00
8.164484500885009766e-01
1.912904381752014160e-01
7.710674405097961426e-02
2.131603240966796875e+00
1.628655552864074707e+00
0.000000000000000000e+00
4.283793568611145020e-01
3.178060054779052734e-02
1.244334816932678223e+00
2.631124109029769897e-02
4.596583247184753418e-01
2.472754865884780884e-01
1.323621392250061035e+00
6.489410400390625000e-01
7.210971415042877197e-02
2.985993623733520508e-01
5.371375679969787598e-01
1.207504272460937500e+00
1.779051423072814941e+00
3.983038365840911865e-01
0.000000000000000000e+00
3.240930438041687012e-01
5.281474590301513672e-01
4.307664930820465088e-01
1.265385188162326813e-02
1.909233778715133667e-01
3.957511782646179199e-01
4.869180023670196533e-01
2.938381135463714600e-01
7.629894018173217773e-01
0.000000000000000000e+00
5.523204803466796875e-01
6.371670365333557129e-01
4.321456849575042725e-01
4.284339770674705505e-02
1.346967101097106934e+00
1.416054964065551758e+00
2.193726450204849243e-01
9.744530320167541504e-01
8.210472017526626587e-02
1.249112725257873535e+00
1.486812084913253784e-01
6.383830308914184570e-01
1.226699724793434143e-02
3.093249630182981491e-03
1.678088605403900146e-01
1.599109359085559845e-02
0.000000000000000000e+00
1.417825937271118164e+00
8.422320336103439331e-02
1.124186396598815918e+00
1.310148537158966064e-01
5.812033638358116150e-02
7.788617163896560669e-03
5.836433172225952148e-02
3.398866057395935059e-01
2.658929824829101562e-01
1.005404233932495117e+00
1.054499268531799316e+00
4.149548709392547607e-01
1.457031488418579102e+00
5.614179968833923340e-01
3.193175494670867920e-01
1.100962683558464050e-01
1.392941832542419434e+00
2.688433276489377022e-03
9.379909634590148926e-01
6.913520693778991699e-01
6.652399301528930664e-01
2.783609554171562195e-03
1.029373481869697571e-01
1.537442952394485474e-01
3.110318481922149658e-01
2.474357366561889648e+00
9.452030062675476074e-01
1.956295818090438843e-01
1.007712855935096741e-01
1.584063172340393066e+00
5.916376709938049316e-01
5.958698987960815430e-01
0.000000000000000000e+00
1.855834573507308960e-01
1.595493674278259277e+00
1.209008693695068359e-02
5.270476918667554855e-03
9.308438301086425781e-01
5.257423967123031616e-02
1.167483860626816750e-03
3.582134544849395752e-01
7.781983166933059692e-02
1.440235078334808350e-01
4.859481811523437500e+00
0.000000000000000000e+00
1.234475802630186081e-02
3.718163669109344482e-01
8.511724323034286499e-02
8.411225676536560059e-01
0.000000000000000000e+00
3.302282094955444336e-01
5.909727811813354492e-01
5.496257543563842773e-01
1.422673106193542480e+00
9.325964748859405518e-02
2.820913791656494141e-01
3.667173385620117188e+00
1.929966174066066742e-02
9.907267093658447266e-01
3.790889978408813477e-01
1.848212361335754395e+00
1.410796165466308594e+00
2.609599828720092773e-01
1.180832535028457642e-01
1.913788437843322754e+00
5.201551318168640137e-01
3.676846921443939209e-01
2.089486837387084961e+00
1.559578180313110352e+00
0.000000000000000000e+00
1.889303177595138550e-01
3.839213401079177856e-02
9.331598132848739624e-02
0.000000000000000000e+00
2.481039285659790039e+00
1.504855632781982422e+00
1.715638786554336548e-01
1.050155162811279297e-01
1.036469414830207825e-01
1.156833291053771973e+00
2.803761065006256104e-01
6.157652378082275391e+00
0.000000000000000000e+00
2.197748981416225433e-02
5.399932265281677246e-01
4.618410170078277588e-01
5.108278989791870117e-01
1.630615293979644775e-01
3.387811034917831421e-02
1.182755589485168457e+00
4.377321898937225342e-02
1.266374811530113220e-02
2.677266299724578857e-01
1.334767937660217285e+00
0.000000000000000000e+00
4.176854491233825684e-01
0.000000000000000000e+00
5.475716590881347656e-01
1.412379026412963867e+00
8.203188776969909668e-01
2.825861871242523193e-01
9.776808023452758789e-01
4.338353574275970459e-01
2.518439292907714844e-01
6.695435047149658203e-01
6.293060183525085449e-01
1.624669313430786133e+00
3.634883165359497070e-01
7.452144622802734375e-01
4.237420260906219482e-01
1.821776330471038818e-01
2.519275248050689697e-01
1.800170242786407471e-01
8.941278606653213501e-02
1.285423189401626587e-01
1.579196333885192871e+00
0.000000000000000000e+00
8.269641548395156860e-03
1.024046819657087326e-02
3.496812283992767334e-01
1.316402316093444824e+00
6.839450001716613770e-01
1.607727259397506714e-01
9.991811960935592651e-02
1.059516549110412598e+00
1.715076923370361328e+00
1.357024256139993668e-02
1.110764592885971069e-01
3.590190112590789795e-01
1.164098083972930908e-01
5.072838664054870605e-01
0.000000000000000000e+00
2.386121451854705811e-01
2.797064483165740967e-01
4.057672340422868729e-03
3.266327083110809326e-02
2.491664886474609375e-01
3.812993466854095459e-01
6.107020378112792969e-01
2.131901979446411133e+00
9.191315174102783203e-01
7.653399705886840820e-01
1.233283162117004395e+00
5.016560554504394531e-01
5.806441977620124817e-02
1.804601192474365234e+00
4.457330405712127686e-01
1.031270474195480347e-01
1.156687084585428238e-02
2.804357290267944336e+00
7.560507059097290039e-01
3.992930054664611816e-02
5.972563624382019043e-01
1.302505582571029663e-01
9.061844348907470703e-01
1.557628154754638672e+00
8.802639245986938477e-01
1.264721602201461792e-01
2.110318839550018311e-01
1.451645642518997192e-01
9.053243994712829590e-01
5.847883597016334534e-02
1.362356096506118774e-01
0.000000000000000000e+00
3.012199886143207550e-02
6.903441995382308960e-02
5.491755604743957520e-01
3.003887832164764404e-01
3.397185504436492920e-01
5.230118334293365479e-02
7.872952119214460254e-05
0.000000000000000000e+00
1.822914361953735352e+00
1.032883673906326294e-01
4.256626665592193604e-01
1.812622696161270142e-01
3.180677294731140137e-01
2.785255312919616699e-01
2.874348759651184082e-01
6.934381723403930664e-01
2.881440520286560059e-01
3.281987309455871582e-01
9.155314415693283081e-02
5.497828722000122070e-01
1.142982482910156250e+00
1.884882524609565735e-02
1.530397683382034302e-01
9.012123346328735352e-01
5.147123336791992188e-02
1.880789697170257568e-01
2.005112320184707642e-01
6.893525123596191406e-01
1.315415024757385254e+00
1.906252652406692505e-02
7.890467047691345215e-01
0.000000000000000000e+00
1.329118847846984863e+00
1.529766082763671875e+00
5.687344819307327271e-02
1.058054119348526001e-01
6.329528987407684326e-03
5.650184154510498047e-01
4.814051389694213867e-01
6.242488026618957520e-01
1.876333713531494141e+00
3.914101600646972656e+00
5.998041629791259766e-01
3.678334653377532959e-01
1.833337843418121338e-01
7.427289336919784546e-02
3.570101689547300339e-03
2.453561127185821533e-02
4.333347454667091370e-02
0.000000000000000000e+00
3.675659373402595520e-02
4.882895573973655701e-02
1.918193250894546509e-01
0.000000000000000000e+00
5.915511399507522583e-02
1.147489309310913086e+00
2.269495576620101929e-01
6.465864181518554688e-02
0.000000000000000000e+00
2.284000515937805176e-01
8.464657068252563477e-01
5.259293317794799805e-01
1.243324279785156250e+00
0.000000000000000000e+00
0.000000000000000000e+00
7.784988880157470703e-01
4.710290431976318359e-01
1.322067499160766602e+00
4.981373623013496399e-02
0.000000000000000000e+00
4.163937270641326904e-01
2.334912493824958801e-02
2.981202118098735809e-02
4.235388338565826416e-02
1.809127479791641235e-01
0.000000000000000000e+00
3.829347342252731323e-02
1.883838325738906860e-01
1.481694221496582031e+00
5.094956234097480774e-02
1.750085204839706421e-01
3.437702357769012451e-01
3.041484653949737549e-01
1.109928474761545658e-03
6.502220034599304199e-01
1.311286836862564087e-01
7.959836125373840332e-01
1.162041783332824707e+00
4.101712703704833984e-01
0.000000000000000000e+00
7.685549557209014893e-02
9.881390929222106934e-01
7.463148236274719238e-01
1.489145398139953613e+00
0.000000000000000000e+00
7.353923469781875610e-02
5.541648864746093750e-01
1.285113930702209473e+00
1.259802025742828846e-03
2.411443740129470825e-01
5.856546387076377869e-02
5.329679250717163086e-01
6.815897226333618164e-01
1.280562728643417358e-01
3.202846646308898926e-01
3.097253143787384033e-01
1.185571670532226562e+00
7.954369187355041504e-01
6.138031482696533203e-01
4.045761823654174805e-01
1.550692677497863770e+00
2.657077908515930176e-01
5.483874082565307617e-01
1.239580035209655762e+00
3.810206651687622070e-01
3.626149846240878105e-04
8.227415680885314941e-01
1.779445260763168335e-01
0.000000000000000000e+00
4.126940853893756866e-03
2.066145837306976318e-02
4.520111680030822754e-01
3.777242451906204224e-02
1.810283660888671875e+00
3.392728090286254883e+00
2.854195237159729004e-01
1.146966591477394104e-01
6.039872765541076660e-01
2.583010122179985046e-02
2.732482971623539925e-03
0.000000000000000000e+00
2.517454624176025391e-01
6.087424755096435547e-01
1.004475075751543045e-02
4.144926369190216064e-02
9.144251346588134766e-01
1.579748094081878662e-01
4.292999505996704102e-01
1.055068731307983398e+00
1.271627098321914673e-01
2.008433789014816284e-01
1.145034551620483398e+00
3.593249320983886719e-01
1.903197288513183594e+00
2.627692371606826782e-02
4.923153668642044067e-02
1.592656373977661133e+00
3.042435944080352783e-01
1.012829542160034180e+00
3.205490112304687500e-01
9.710081219673156738e-01
8.112547546625137329e-02
4.094536304473876953e-01
4.975045565515756607e-03
6.561965942382812500e-01
4.625589847564697266e-01
3.006426393985748291e-01
4.141639918088912964e-02
3.210105419158935547e+00
1.742926836013793945e-01
1.172055602073669434e+00
3.655483424663543701e-01
0.000000000000000000e+00
9.198322147130966187e-02
1.014813431538641453e-03
2.529520511627197266e+00
1.093572497367858887e+00
4.897284209728240967e-01
6.369709372520446777e-01
1.085971474647521973e+00
2.481377273797988892e-01
1.079972505569458008e+00
1.424927115440368652e-01
1.826988309621810913e-01
0.000000000000000000e+00
0.000000000000000000e+00
0.000000000000000000e+00
5.972153544425964355e-01
1.275758743286132812e-01
0.000000000000000000e+00
3.027427792549133301e-01
7.185958623886108398e-01
1.071069121360778809e+00
3.249774128198623657e-02
3.994811475276947021e-01
2.885839045047760010e-01
8.276192545890808105e-01
3.377328217029571533e-01
2.324577188119292259e-03
4.144152626395225525e-03
6.304023861885070801e-01
1.270255208015441895e+00
9.547335505485534668e-01
9.606400132179260254e-02
1.687583923339843750e+00
1.856188625097274780e-01
1.459341168403625488e+00
1.424273103475570679e-01
5.918521285057067871e-01
5.658268928527832031e-01
0.000000000000000000e+00
1.262284755706787109e+00
1.337446212768554688e+00
3.758876025676727295e-01
1.295927047729492188e+00
2.165912836790084839e-02
6.457214951515197754e-01
3.584920763969421387e-01
6.577534228563308716e-02
6.132241487503051758e-01
1.037105202674865723e+00
3.604394197463989258e-01
1.009643237921409309e-04
3.004193603992462158e-01
1.054431423544883728e-01
3.640220761299133301e-01
1.912700057029724121e+00
8.391081094741821289e-01
2.659754455089569092e-01
6.040002107620239258e-01
1.388108581304550171e-01
8.574644923210144043e-01
1.418246179819107056e-01
0.000000000000000000e+00
1.329111158847808838e-01
1.504588842391967773e+00
1.372444272041320801e+00
1.160218007862567902e-02
1.845480203628540039e-01
0.000000000000000000e+00
1.279342293739318848e+00
4.473156034946441650e-01
6.996363997459411621e-01
9.537745714187622070e-01
9.558011777698993683e-03
3.046316504478454590e-01
5.998610258102416992e-01
8.867485821247100830e-02
2.639323174953460693e-01
1.474953413009643555e+00
0.000000000000000000e+00
5.771352350711822510e-02
1.799640208482742310e-01
2.606033563613891602e+00
6.841833889484405518e-02
2.746328115463256836e-01
8.087594807147979736e-02
9.159074425697326660e-01
1.469683527946472168e+00
1.398960828781127930e+00
7.125005871057510376e-02
1.512827634811401367e+00
0.000000000000000000e+00
3.521873429417610168e-02
