4.699583649635314941e-01
0.000000000000000000e+00
6.731417179107666016e-01
2.152849674224853516e+00
1.764514446258544922e-01
2.831974811851978302e-02
6.137407422065734863e-01
1.060936450958251953e+00
5.717104434967041016e+00
3.574984371662139893e-01
3.406302034854888916e-01
1.319223999977111816e+00
2.233354598283767700e-01
7.850533723831176758e-02
5.139610171318054199e-01
6.771088838577270508e-01
1.521367281675338745e-01
1.093072056770324707e+00
1.876481249928474426e-02
1.422274112701416016e-02
7.116107344627380371e-01
0.000000000000000000e+00
1.130654141306877136e-01
3.821027278900146484e-01
4.037981107831001282e-02
4.813360422849655151e-02
3.235320448875427246e-01
6.322126388549804688e-01
2.149927895516157150e-03
3.502297699451446533e-01
8.788961172103881836e-02
1.184368431568145752e-01
1.315549761056900024e-01
1.838114559650421143e-01
2.756843268871307373e-01
2.407112598419189453e+00
1.399531811475753784e-01
0.000000000000000000e+00
1.220431998372077942e-01
1.285422313958406448e-02
1.461310505867004395e+00
3.439597487449645996e-01
5.325661301612854004e-01
1.885789990425109863e+00
4.117026031017303467e-01
3.610551357269287109e-01
6.354772448539733887e-01
1.710755705833435059e+00
5.984689593315124512e-01
4.806444942951202393e-01
7.978948354721069336e-01
2.449547499418258667e-02
1.382346868515014648e+00
5.688737332820892334e-02
1.424930572509765625e+00
5.941238999366760254e-02
1.914568692445755005e-01
1.307079076766967773e+00
2.549096345901489258e-01
5.257993936538696289e-01
0.000000000000000000e+00
2.762840595096349716e-04
0.000000000000000000e+00
6.795198917388916016e-01
3.350717544555664062e+00
3.814321458339691162e-01
0.000000000000000000e+00
7.008154392242431641e-01
4.294455051422119141e-01
2.086146920919418335e-01
0.000000000000000000e+00
6.437729597091674805e-01
5.398368835449218750e-01
2.571039795875549316e-01
6.939288973808288574e-01
3.362120389938354492e-01
3.330407440662384033e-01
1.778312921524047852e-01
2.214221240137703717e-05
1.852326244115829468e-01
0.000000000000000000e+00
1.858435511589050293e+00
9.175365567207336426e-01
2.391906082630157471e-01
8.311560153961181641e-01
5.406669378280639648e-01
2.280434131622314453e+00
1.072608008980751038e-01
2.448448240756988525e-01
0.000000000000000000e+00
4.506125580519437790e-03
1.072778463363647461e+00
2.879629284143447876e-02
1.396293658763170242e-02
1.630563378334045410e+00
3.016084671020507812e+00
6.429005414247512817e-02
3.084841370582580566e-01
1.141239926218986511e-01
2.191081270575523376e-02
4.052378702908754349e-03
3.037886321544647217e-01
2.293624430894851685e-01
1.439437270164489746e+00
1.494738936424255371e+00
1.809621155261993408e-01
1.681773543357849121e+00
2.000080794095993042e-01
1.115571856498718262e+00
0.000000000000000000e+00
6.831893920898437500e-01
3.238003700971603394e-02
6.344643980264663696e-02
3.090459704399108887e-01
0.000000000000000000e+00
7.703357259742915630e-04
1.251571327447891235e-01
2.863007783889770508e-01
8.741378784179687500e-01
1.615355491638183594e+00
3.402569890022277832e-01
5.063178017735481262e-02
3.189943134784698486e-01
3.021544218063354492e-01
1.821920424699783325e-01
1.142346113920211792e-01
2.868775045499205589e-03
0.000000000000000000e+00
1.686116218566894531e+00
2.613825500011444092e-01
4.858264233916997910e-03
9.204477071762084961e-02
8.394384384155273438e-01
5.164645314216613770e-01
2.239591121673583984e+00
1.430334597826004028e-01
1.098549664020538330e-01
2.011704206466674805e+00
5.370839685201644897e-02
2.043447732925415039e+00
1.526011247187852859e-02
1.130297109484672546e-01
1.474975585937500000e+00
2.773495623841881752e-03
1.336627546697854996e-02
2.456600815057754517e-01
3.144920766353607178e-01
1.231717109680175781e+00
1.583243161439895630e-01
8.358562737703323364e-02
3.674211740493774414e+00
5.450154542922973633e-01
3.497371077537536621e-01
1.561210274696350098e+00
2.530562877655029297e+00
1.590792983770370483e-01
1.174019929021596909e-02
3.009351901710033417e-02
2.239220619201660156e+00
6.871021538972854614e-02
0.000000000000000000e+00
6.928570866584777832e-01
1.654795527458190918e+00
0.000000000000000000e+00
2.649833820760250092e-02
1.326210889965295792e-02
2.296538203954696655e-01
0.000000000000000000e+00
5.650551319122314453e-01
1.104464769363403320e+00
7.415435742586851120e-03
1.518875211477279663e-01
2.619689330458641052e-02
9.039995260536670685e-03
7.503574490547180176e-01
6.168093204498291016e+00
7.075083255767822266e-02
1.041894257068634033e-01
0.000000000000000000e+00
6.809364557266235352e-01
6.154762953519821167e-02
3.705468475818634033e-01
8.035362511873245239e-02
4.841334819793701172e-01
1.492321372032165527e+00
5.183559060096740723e-01
1.263698749244213104e-02
1.125195249915122986e-01
3.753806054592132568e-01
9.759551286697387695e-02
2.753947675228118896e-02
7.645113510079681873e-04
2.860314130783081055e+00
1.213127300143241882e-01
3.245446830987930298e-02
3.651323020458221436e-01
1.372933506965637207e+00
2.368410229682922363e-01
9.575412869453430176e-01
1.004613161087036133e+00
1.336383581161499023e+00
1.306989938020706177e-01
0.000000000000000000e+00
3.093069493770599365e-01
8.887923508882522583e-02
3.264280855655670166e-01
1.065953671932220459e-01
7.439120858907699585e-02
7.099134325981140137e-01
1.663992047309875488e+00
9.553915262222290039e-02
4.359203204512596130e-02
2.352942526340484619e-01
4.697124287486076355e-02
2.221918255090713501e-01
2.422016263008117676e-01
1.051137670874595642e-01
1.823173016309738159e-01
6.815533638000488281e-01
4.697185754776000977e-01
7.942392826080322266e-01
1.937381774187088013e-01
3.915664553642272949e-01
2.743127644062042236e-01
8.898280858993530273e-01
2.101518213748931885e-03
1.342986943200230598e-03
1.138575673103332520e-01
4.457705914974212646e-01
1.054547354578971863e-01
6.874221563339233398e-01
6.859167218208312988e-01
1.133682392537593842e-02
1.692632079124450684e+00
7.587817311286926270e-02
8.513347506523132324e-01
4.489890336990356445e-01
7.206408381462097168e-01
0.000000000000000000e+00
1.232751607894897461e+00
4.450941681861877441e-01
4.308077394962310791e-01
0.000000000000000000e+00
1.790562152862548828e+00
2.716525793075561523e-01
5.062304735183715820e-01
1.205711662769317627e-01
5.450577735900878906e-01
1.401320934295654297e+00
1.459050327539443970e-01
1.275177001953125000e-01
1.375220298767089844e+00
5.009654164314270020e-02
5.799950361251831055e-01
1.012487187981605530e-01
2.251600474119186401e-01
7.865721732378005981e-02
1.804907619953155518e-02
1.372945755720138550e-01
2.413365803658962250e-02
1.316266417503356934e+00
3.442292511463165283e-01
1.001119688153266907e-01
1.622744649648666382e-02
1.860801689326763153e-02
6.256905198097229004e-02
3.174086511135101318e-01
1.780547648668289185e-01
4.170408248901367188e-01
1.816228264942765236e-03
5.023433566093444824e-01
2.373156370595097542e-03
7.212629169225692749e-02
1.943749934434890747e-02
1.328730434179306030e-01
2.229465870186686516e-03
4.919845461845397949e-01
1.144106835126876831e-01
0.000000000000000000e+00
1.050298810005187988e-01
5.178523436188697815e-02
6.361510157585144043e-01
5.070916935801506042e-02
1.023506999015808105e+00
0.000000000000000000e+00
2.667252779006958008e+00
1.088559985160827637e+00
4.818094521760940552e-02
4.810484945774078369e-01
6.091462820768356323e-02
3.388712182641029358e-02
1.171820238232612610e-02
0.000000000000000000e+00
2.998904511332511902e-02
2.599364519119262695e-01
5.015147924423217773e-01
1.750821061432361603e-02
3.299367055296897888e-02
9.509661793708801270e-01
1.820929646492004395e+00
2.064617156982421875e+00
3.568150997161865234e-01
0.000000000000000000e+00
2.991804853081703186e-03
1.227910071611404419e-01
1.478764265775680542e-01
0.000000000000000000e+00
0.000000000000000000e+00
3.352926298975944519e-02
1.706098765134811401e-01
5.686307791620492935e-03
0.000000000000000000e+00
2.459518760442733765e-01
7.510015964508056641e-01
1.313658803701400757e-01
5.129153728485107422e-01
7.300151139497756958e-02
4.087125509977340698e-02
9.754170775413513184e-01
1.241965740919113159e-01
2.064153909683227539e+00
1.370082795619964600e-01
0.000000000000000000e+00
8.950790166854858398e-01
4.186809659004211426e-01
1.701773166656494141e+00
8.054904341697692871e-01
1.717434674501419067e-01
8.501879572868347168e-01
1.423362344503402710e-01
6.974636018276214600e-02
2.900678664445877075e-02
1.146953031420707703e-01
0.000000000000000000e+00
5.621094107627868652e-01
0.000000000000000000e+00
2.064625501632690430e+00
2.149868011474609375e-01
1.057984456419944763e-01
2.319769263267517090e-01
5.036181304603815079e-03
2.487692534923553467e-01
5.613719671964645386e-02
3.027670145034790039e+00
4.347033202648162842e-01
1.419458746910095215e+00
0.000000000000000000e+00
1.718408346176147461e+00
0.000000000000000000e+00
1.016716361045837402e-01
4.907476305961608887e-01
8.850232362747192383e-01
3.619160354137420654e-01
8.090057410299777985e-03
2.972993254661560059e-01
2.883177995681762695e-01
5.051470547914505005e-02
4.376754909753799438e-02
0.000000000000000000e+00
8.916123509407043457e-01
4.062618911266326904e-01
2.836035564541816711e-02
9.815642982721328735e-02
7.722938656806945801e-01
1.875229001045227051e+00
4.503025114536285400e-01
5.475273355841636658e-03
2.818811237812042236e-01
7.518455386161804199e-01
1.675462163984775543e-02
2.248351648449897766e-02
3.405933678150177002e-01
4.325158894062042236e-01
5.415228381752967834e-02
6.463546305894851685e-02
7.770816236734390259e-02
4.778381437063217163e-03
2.177821546792984009e-01
0.000000000000000000e+00
1.165111541748046875e+00
2.061583101749420166e-03
3.446928262710571289e+00
5.869410634040832520e-01
1.820659190416336060e-01
2.070718631148338318e-02
1.246066212654113770e+00
6.236336007714271545e-02
1.604823172092437744e-01
1.832215674221515656e-02
2.998340129852294922e-02
9.984366595745086670e-02
0.000000000000000000e+00
0.000000000000000000e+00
1.748738735914230347e-01
3.547700643539428711e-01
3.190200626850128174e-01
5.954185128211975098e-01
4.201998412609100342e-01
6.237658858299255371e-02
7.571645975112915039e-01
0.000000000000000000e+00
4.769975244998931885e-01
0.000000000000000000e+00
1.959405541419982910e-01
2.371211290359497070e+00
6.753405332565307617e-01
1.799325585365295410e+00
1.159282959997653961e-02
6.085221171379089355e-01
2.083579823374748230e-02
3.147411346435546875e-02
0.000000000000000000e+00
1.285355210304260254e+00
4.587774872779846191e-01
4.895481839776039124e-02
7.043662481009960175e-04
1.126832008361816406e+00
3.575102388858795166e-01
7.474035620689392090e-01
7.047301530838012695e-02
0.000000000000000000e+00
2.446440756320953369e-01
1.180697232484817505e-01
2.668077349662780762e-01
1.035322807729244232e-02
7.280349731445312500e-02
8.614372611045837402e-01
1.045811891555786133e+00
3.246043622493743896e-02
4.937081634998321533e-01
0.000000000000000000e+00
4.031966999173164368e-02
2.785535715520381927e-02
3.711449354887008667e-02
0.000000000000000000e+00
8.248371630907058716e-02
4.997701644897460938e-01
9.564655274152755737e-02
2.604470588266849518e-03
0.000000000000000000e+00
5.438413023948669434e-01
2.523138187825679779e-02
1.847778819501399994e-02
4.937606155872344971e-01
6.632463634014129639e-02
3.742375702131539583e-05
3.217411786317825317e-02
1.331459581851959229e-01
2.245897427201271057e-02
2.105974674224853516e+00
1.821842670440673828e+00
3.685050308704376221e-01
4.450256824493408203e-01
1.322266757488250732e-01
1.575212717056274414e+00
3.384389681741595268e-03
8.112301118671894073e-03
5.456227660179138184e-01
5.023003220558166504e-01
5.404830574989318848e-01
1.378430366516113281e+00
8.296234011650085449e-01
6.893207430839538574e-01
3.153706789016723633e-01
7.739235460758209229e-02
2.964842319488525391e-01
4.074085876345634460e-02
1.670651435852050781e-01
5.945825576782226562e-01
2.887520492076873779e-01
2.123398147523403168e-02
5.687742494046688080e-03
0.000000000000000000e+00
1.168504636734724045e-02
7.917182147502899170e-02
6.203852295875549316e-01
8.761687874794006348e-01
1.362085640430450439e-01
0.000000000000000000e+00
1.263778507709503174e-01
2.300322353839874268e-01
1.216211467981338501e-01
3.854382932186126709e-01
2.612839937210083008e-01
1.828037738800048828e+00
0.000000000000000000e+00
8.923221826553344727e-01
4.671040773391723633e-01
4.719555079936981201e-01
8.598299622535705566e-01
1.102207601070404053e-02
2.125619798898696899e-01
0.000000000000000000e+00
2.431740015745162964e-01
2.749803103506565094e-02
0.000000000000000000e+00
1.985217677429318428e-03
1.608179926872253418e+00
4.647459089756011963e-02
2.395825833082199097e-02
5.378742888569831848e-02
1.127761721611022949e+00
2.130614034831523895e-02
1.167339324951171875e+00
1.426220536231994629e-01
4.063127517700195312e+00
2.603193521499633789e+00
0.000000000000000000e+00
5.938837528228759766e-01
1.471544861793518066e+00
5.848489701747894287e-02
0.000000000000000000e+00
