1.440421104431152344e+00
0.000000000000000000e+00
5.177527070045471191e-01
2.479838371276855469e+00
1.392277926206588745e-01
1.545194685459136963e-01
1.010872960090637207e+00
4.930011749267578125e+00
4.599763870239257812e+00
1.127723693847656250e+00
1.540300697088241577e-01
1.667511463165283203e+00
2.201436012983322144e-01
2.928281128406524658e-01
2.759440422058105469e+00
2.155804932117462158e-01
7.069855928421020508e-01
1.360381841659545898e+00
9.033542871475219727e-01
5.077554658055305481e-02
9.227453470230102539e-01
1.425238791853189468e-02
2.613268792629241943e-03
2.240561723709106445e+00
3.454893454909324646e-02
0.000000000000000000e+00
1.651921123266220093e-02
2.226286172866821289e+00
8.563315868377685547e-02
1.021430827677249908e-02
5.348884686827659607e-02
2.664932049810886383e-03
5.146285891532897949e-01
0.000000000000000000e+00
8.447459340095520020e-02
3.388696432113647461e+00
1.721224635839462280e-01
2.158498764038085938e-02
7.587511539459228516e-01
1.920887976884841919e-01
2.387933284044265747e-01
7.276666164398193359e-01
3.734977841377258301e-01
1.434561729431152344e+00
5.869200825691223145e-01
7.987748384475708008e-01
3.313547074794769287e-01
4.064144194126129150e-01
2.723946869373321533e-01
1.326122999191284180e+00
1.492140769958496094e+00
0.000000000000000000e+00
1.503102660179138184e+00
5.173878278583288193e-03
1.860877752304077148e+00
2.089578211307525635e-01
6.534248590469360352e-01
1.331259459257125854e-01
2.126509428024291992e+00
7.051541805267333984e-01
1.252538710832595825e-01
7.566079497337341309e-02
5.242156386375427246e-01
1.346310853958129883e+00
1.692577600479125977e+00
1.172532677650451660e+00
0.000000000000000000e+00
6.094917654991149902e-02
5.065112709999084473e-01
9.875089526176452637e-01
0.000000000000000000e+00
1.843425780534744263e-01
2.954767644405364990e-01
4.612532258033752441e-02
4.158860445022583008e-01
1.497937679290771484e+00
0.000000000000000000e+00
7.483525872230529785e-01
1.133343800902366638e-01
5.218083262443542480e-01
2.373375296592712402e-01
4.658749103546142578e-01
2.064392089843750000e+00
1.329523921012878418e-01
2.240448474884033203e+00
3.708765283226966858e-02
1.745947957038879395e+00
1.255762577056884766e-01
1.068009018898010254e+00
4.733949527144432068e-02
1.426529232412576675e-02
8.659828454256057739e-03
4.074367694556713104e-03
0.000000000000000000e+00
9.134033918380737305e-01
2.298680096864700317e-01
9.481676816940307617e-01
7.132177352905273438e-01
0.000000000000000000e+00
0.000000000000000000e+00
1.161295175552368164e-02
2.039070129394531250e-01
3.035422563552856445e-01
1.648506283760070801e+00
7.288144826889038086e-01
2.009279429912567139e-01
1.469786286354064941e+00
4.991855472326278687e-02
4.208000302314758301e-01
8.232951164245605469e-02
2.178355693817138672e+00
0.000000000000000000e+00
1.172992110252380371e+00
1.039148211479187012e+00
5.281226634979248047e-01
2.648384543135762215e-03
5.538484081625938416e-02
1.880343630909919739e-02
1.280431598424911499e-01
2.885357141494750977e+00
7.037395238876342773e-01
5.792652368545532227e-01
6.005656719207763672e-02
2.004881143569946289e+00
2.762778401374816895e-01
2.036789417266845703e+00
0.000000000000000000e+00
1.632644087076187134e-01
2.202242851257324219e+00
1.787386536598205566e-01
1.188566326163709164e-03
5.037828087806701660e-01
6.099225953221321106e-02
1.376980692148208618e-01
5.339804291725158691e-01
0.000000000000000000e+00
3.599166274070739746e-01
4.235176563262939453e+00
0.000000000000000000e+00
2.292553931474685669e-01
8.245699405670166016e-01
1.010289549827575684e+00
1.024990439414978027e+00
0.000000000000000000e+00
1.984813958406448364e-01
1.219320416450500488e+00
8.344404101371765137e-01
7.934137582778930664e-01
6.206271052360534668e-01
9.668385982513427734e-01
5.128364562988281250e+00
2.303023338317871094e-01
5.377814769744873047e-01
4.774525165557861328e-01
2.401078462600708008e+00
5.143141150474548340e-01
4.985225200653076172e-01
1.142232045531272888e-01
2.561202287673950195e+00
1.418621186167001724e-02
3.836685419082641602e-01
1.499256372451782227e+00
1.902736425399780273e+00
2.797742187976837158e-01
1.018027290701866150e-01
3.192266523838043213e-01
0.000000000000000000e+00
0.000000000000000000e+00
1.487889766693115234e+00
2.067516326904296875e+00
2.576097548007965088e-01
1.166469883173704147e-02
0.000000000000000000e+00
7.443255782127380371e-01
2.525279484689235687e-02
8.771530151367187500e+00
0.000000000000000000e+00
0.000000000000000000e+00
6.393752992153167725e-02
6.849183887243270874e-02
2.173280864953994751e-01
1.399347931146621704e-02
4.629131779074668884e-02
1.657037615776062012e+00
4.330269992351531982e-01
0.000000000000000000e+00
1.063664164394140244e-02
1.131937265396118164e+00
0.000000000000000000e+00
1.226801984012126923e-02
0.000000000000000000e+00
4.274113161955028772e-04
8.870140910148620605e-01
7.828999757766723633e-01
0.000000000000000000e+00
4.530883133411407471e-01
5.282440781593322754e-01
7.923134565353393555e-01
3.421040177345275879e-01
1.825687766075134277e+00
1.633094549179077148e+00
6.548553109169006348e-01
2.530232667922973633e-01
2.303819358348846436e-01
2.000546455383300781e-02
1.434898674488067627e-01
0.000000000000000000e+00
1.306969225406646729e-01
2.432081103324890137e-02
2.827548742294311523e+00
6.116458773612976074e-02
1.971461437642574310e-02
1.433098912239074707e-01
7.955879569053649902e-01
3.713966310024261475e-01
8.881776332855224609e-01
1.973638236522674561e-01
6.331195235252380371e-01
9.757537841796875000e-01
2.044544458389282227e+00
4.451014846563339233e-02
1.280496567487716675e-01
5.015107393264770508e-01
5.303961411118507385e-02
4.833858907222747803e-01
0.000000000000000000e+00
1.847127377986907959e-01
0.000000000000000000e+00
0.000000000000000000e+00
4.815715178847312927e-02
4.847581684589385986e-01
1.549929529428482056e-01
1.390268564224243164e+00
2.970675706863403320e+00
7.255929112434387207e-01
6.874943971633911133e-01
2.027090311050415039e+00
1.298099517822265625e+00
0.000000000000000000e+00
8.441222906112670898e-01
3.671154677867889404e-01
1.586796045303344727e-01
8.016902208328247070e-02
2.234275341033935547e+00
4.695658683776855469e-01
7.053780369460582733e-03
8.479505181312561035e-01
0.000000000000000000e+00
2.605857849121093750e+00
1.020687460899353027e+00
4.164248406887054443e-01
2.874181568622589111e-01
6.764775514602661133e-02
3.455399274826049805e-01
8.655133843421936035e-01
8.017419278621673584e-02
2.413569716736674309e-03
3.513861913233995438e-03
4.771971609443426132e-03
1.069525256752967834e-01
7.252787351608276367e-01
2.560927271842956543e-01
1.012904644012451172e-01
2.352159703150391579e-03
0.000000000000000000e+00
2.420628070831298828e-02
3.574228048324584961e+00
1.849334128201007843e-02
6.502043008804321289e-01
3.699872177094221115e-03
1.237253069877624512e+00
1.681137830018997192e-01
1.585194349288940430e+00
1.301617920398712158e-01
3.935522735118865967e-01
2.927051484584808350e-01
3.257345259189605713e-01
2.139459252357482910e-01
1.342186689376831055e+00
4.894987493753433228e-02
5.516184493899345398e-02
6.820415258407592773e-01
4.774274230003356934e-01
1.216628775000572205e-01
2.383882254362106323e-01
7.678785920143127441e-01
1.341005206108093262e+00
2.739040064625442028e-04
1.065342068672180176e+00
0.000000000000000000e+00
6.742564439773559570e-01
1.891368269920349121e+00
2.001106292009353638e-01
1.223184615373611450e-01
2.649603784084320068e-02
1.657112687826156616e-01
3.173016011714935303e-01
4.357089996337890625e-01
1.591056227684020996e+00
5.674689292907714844e+00
9.538357853889465332e-01
5.180815979838371277e-02
2.992681600153446198e-02
3.089315295219421387e-01
0.000000000000000000e+00
1.414565742015838623e-01
0.000000000000000000e+00
0.000000000000000000e+00
1.505717169493436813e-02
7.079321146011352539e-02
2.115342617034912109e-01
6.618762016296386719e-02
2.078972011804580688e-02
8.224251866340637207e-01
7.508366554975509644e-02
1.725514791905879974e-02
2.522989641875028610e-03
1.666072160005569458e-01
3.293225467205047607e-01
0.000000000000000000e+00
1.708445906639099121e+00
0.000000000000000000e+00
1.332990452647209167e-02
6.454113125801086426e-01
4.510502219200134277e-01
1.772292852401733398e+00
1.928461529314517975e-02
0.000000000000000000e+00
7.956250309944152832e-01
5.884516835212707520e-01
8.169342763721942902e-03
8.745221793651580811e-02
2.348755253478884697e-03
5.963426548987627029e-03
5.636266618967056274e-02
2.259609401226043701e-01
1.007604718208312988e+00
1.354467421770095825e-01
1.135386586189270020e+00
1.005993127822875977e+00
8.722479641437530518e-02
0.000000000000000000e+00
4.847164452075958252e-02
7.411644607782363892e-02
1.623734116554260254e+00
1.376807332038879395e+00
9.882301092147827148e-02
0.000000000000000000e+00
9.376418590545654297e-02
3.041577041149139404e-01
1.041734218597412109e+00
1.375917673110961914e+00
0.000000000000000000e+00
1.894033141434192657e-02
3.596340715885162354e-01
1.197675824165344238e+00
0.000000000000000000e+00
4.971197247505187988e-01
0.000000000000000000e+00
2.046980261802673340e-01
3.320973515510559082e-01
4.999620467424392700e-02
1.637786179780960083e-01
6.161144003272056580e-02
6.615439057350158691e-01
7.097526788711547852e-01
1.099928617477416992e+00
1.040947675704956055e+00
2.313845634460449219e+00
0.000000000000000000e+00
6.536567807197570801e-01
1.391262531280517578e+00
2.334965318441390991e-01
3.040451705455780029e-01
2.145640254020690918e-01
3.161990642547607422e-02
2.494622394442558289e-02
1.919750310480594635e-02
2.326891869306564331e-01
2.067782282829284668e-01
0.000000000000000000e+00
2.118730068206787109e+00
3.771929025650024414e+00
3.551929891109466553e-01
1.599022597074508667e-01
1.269049763679504395e+00
0.000000000000000000e+00
0.000000000000000000e+00
0.000000000000000000e+00
2.489826977252960205e-01
3.628060519695281982e-01
6.260836869478225708e-02
0.000000000000000000e+00
3.972462415695190430e-01
2.447526454925537109e-01
3.132710456848144531e-01
1.413116216659545898e+00
4.971744120121002197e-02
1.642053015530109406e-02
2.550620317459106445e+00
2.758564651012420654e-01
1.130366921424865723e+00
0.000000000000000000e+00
4.646804928779602051e-01
1.381148934364318848e+00
1.508962810039520264e-01
1.120489954948425293e+00
4.299775362014770508e-01
1.393830537796020508e+00
5.880538225173950195e-01
8.086932450532913208e-02
0.000000000000000000e+00
5.032641887664794922e-01
7.230337262153625488e-01
4.225447475910186768e-01
5.390483420342206955e-03
2.698405981063842773e+00
2.929843030869960785e-03
4.830926656723022461e-01
1.882664859294891357e-02
4.408114030957221985e-02
2.331786602735519409e-01
0.000000000000000000e+00
3.434769630432128906e+00
1.335997223854064941e+00
5.441714525222778320e-01
1.320660948753356934e+00
1.848940610885620117e+00
8.138498291373252869e-03
7.931042909622192383e-01
5.442878603935241699e-02
1.545873284339904785e-01
0.000000000000000000e+00
0.000000000000000000e+00
5.886882543563842773e-02
4.048578813672065735e-02
3.267180407419800758e-03
2.827473916113376617e-02
2.681802399456501007e-02
1.163085401058197021e-01
1.418503999710083008e+00
0.000000000000000000e+00
1.088642477989196777e-01
1.716817766427993774e-01
1.397982001304626465e+00
1.365051418542861938e-01
0.000000000000000000e+00
5.448295548558235168e-02
6.280054450035095215e-01
2.287572622299194336e+00
1.983655542135238647e-01
3.679851442575454712e-02
2.164113283157348633e+00
5.027565732598304749e-02
9.616240262985229492e-01
0.000000000000000000e+00
3.782395124435424805e-01
1.852511614561080933e-01
3.620013594627380371e-03
6.450192332267761230e-01
1.735433220863342285e+00
8.035608530044555664e-01
1.293992757797241211e+00
8.144187927246093750e-02
8.042208552360534668e-01
4.835136979818344116e-02
0.000000000000000000e+00
6.049975156784057617e-01
5.916761755943298340e-01
1.916427016258239746e-01
3.452908247709274292e-02
7.797085642814636230e-01
6.314452737569808960e-02
1.442276835441589355e-01
2.685713052749633789e+00
5.022320747375488281e-01
1.607083104318007827e-04
1.844529360532760620e-01
8.395946025848388672e-02
1.018161058425903320e+00
3.263342082500457764e-01
0.000000000000000000e+00
6.001052260398864746e-02
1.557211518287658691e+00
1.286367774009704590e+00
0.000000000000000000e+00
5.163730382919311523e-01
1.206967979669570923e-02
1.386065721511840820e+00
3.875829577445983887e-01
4.510320425033569336e-01
1.534224867820739746e+00
3.569939732551574707e-02
4.749153256416320801e-01
6.691552400588989258e-01
1.631341874599456787e-02
4.489172995090484619e-02
1.626126050949096680e+00
1.412284746766090393e-02
2.141658402979373932e-02
1.723203994333744049e-02
1.958860754966735840e+00
0.000000000000000000e+00
1.121296286582946777e+00
2.660439349710941315e-02
1.023469448089599609e+00
2.041100978851318359e+00
1.853064656257629395e+00
4.880101606249809265e-02
1.351963996887207031e+00
4.967097193002700806e-04
0.000000000000000000e+00
