1.850268691778182983e-01
0.000000000000000000e+00
5.483059883117675781e-01
2.838554382324218750e+00
6.637205481529235840e-01
2.396169304847717285e-01
1.282771229743957520e+00
2.263936519622802734e+00
6.928269863128662109e+00
1.257849335670471191e+00
3.936104476451873779e-02
1.397043824195861816e+00
9.741456806659698486e-02
1.163660168647766113e+00
2.704534292221069336e+00
1.182667732238769531e+00
8.853657841682434082e-01
1.028643965721130371e+00
3.304409086704254150e-01
1.805616915225982666e-01
1.954987764358520508e+00
0.000000000000000000e+00
8.844280242919921875e-02
1.739948511123657227e+00
2.103267908096313477e-01
6.098677590489387512e-02
0.000000000000000000e+00
2.342966556549072266e+00
4.064818322658538818e-01
8.699400722980499268e-02
7.065983861684799194e-02
4.075894504785537720e-02
6.453400850296020508e-01
6.186323165893554688e-01
1.595971435308456421e-01
2.709680557250976562e+00
1.124761030077934265e-01
1.442936211824417114e-01
2.540055513381958008e-01
3.385171890258789062e-01
1.830854564905166626e-01
4.595511257648468018e-01
8.178202509880065918e-01
5.039834499359130859e+00
5.173476934432983398e-01
1.564636826515197754e+00
8.598127216100692749e-02
9.183044433593750000e-01
7.403298281133174896e-03
1.607709288597106934e+00
3.160297632217407227e+00
0.000000000000000000e+00
1.344748020172119141e+00
2.064871788024902344e-01
1.262629866600036621e+00
2.614531219005584717e-01
6.615166664123535156e-01
1.031310558319091797e-01
2.558543443679809570e+00
2.876748740673065186e-01
6.380692939274013042e-04
2.961491942405700684e-01
6.207880377769470215e-02
9.715998172760009766e-01
5.014936923980712891e-01
2.887096405029296875e-01
1.341739594936370850e-01
7.742863893508911133e-01
8.678535819053649902e-01
6.294431686401367188e-01
5.539416335523128510e-03
7.995553314685821533e-03
2.336234450340270996e-01
8.708123564720153809e-01
2.614223957061767578e-01
1.131640434265136719e+00
0.000000000000000000e+00
9.433718323707580566e-01
8.261151313781738281e-01
1.021540522575378418e+00
4.413909092545509338e-02
8.118994235992431641e-01
1.722440123558044434e+00
3.627836704254150391e-02
1.577445507049560547e+00
4.971837252378463745e-02
1.625148057937622070e+00
2.127000987529754639e-01
9.603688716888427734e-01
5.154279991984367371e-02
2.411583252251148224e-02
8.461897261440753937e-03
3.069057129323482513e-02
0.000000000000000000e+00
1.989030241966247559e+00
1.625049114227294922e-01
2.833054959774017334e-01
2.154729127883911133e+00
2.547398768365383148e-02
1.833336502313613892e-01
0.000000000000000000e+00
4.031977429986000061e-02
1.128526311367750168e-02
2.094601869583129883e+00
6.162577271461486816e-01
2.484345436096191406e-01
1.390092492103576660e+00
3.688170015811920166e-01
4.462164044380187988e-01
8.232941478490829468e-02
1.135635256767272949e+00
3.124750405550003052e-02
4.938775897026062012e-01
2.577883303165435791e-01
7.018814086914062500e-01
7.224621623754501343e-02
5.223758146166801453e-02
8.031103610992431641e-01
7.158023715019226074e-01
1.994341492652893066e+00
1.320458173751831055e+00
1.534361951053142548e-02
6.640676409006118774e-02
1.703552246093750000e+00
1.309775233268737793e+00
7.304024100303649902e-01
6.619376130402088165e-03
4.259155094623565674e-01
1.321207404136657715e+00
0.000000000000000000e+00
1.035974025726318359e-01
3.648309707641601562e-01
2.284604012966156006e-01
4.473425447940826416e-02
2.787260413169860840e-01
2.328769266605377197e-01
3.776102066040039062e-01
4.036921024322509766e+00
0.000000000000000000e+00
5.956464912742376328e-03
1.675136685371398926e-01
4.456338584423065186e-01
1.996719956398010254e+00
2.874458208680152893e-03
3.055562637746334076e-02
5.253764390945434570e-01
1.343555092811584473e+00
1.168261647224426270e+00
1.132844448089599609e+00
2.505380511283874512e-01
5.940662384033203125e+00
6.804888248443603516e-01
4.124000668525695801e-01
1.765190809965133667e-01
2.241823673248291016e+00
1.207049250602722168e+00
5.703796148300170898e-01
2.048792541027069092e-01
1.903080821037292480e+00
2.838361263275146484e-01
4.344394057989120483e-02
1.217648029327392578e+00
3.641667068004608154e-01
0.000000000000000000e+00
3.889942169189453125e-01
2.838940918445587158e-01
0.000000000000000000e+00
0.000000000000000000e+00
7.133376598358154297e-01
2.217600107192993164e+00
6.075956821441650391e-01
1.197124794125556946e-01
2.555910944938659668e-01
1.181807518005371094e+00
3.084543645381927490e-01
6.846826076507568359e+00
9.106931276619434357e-03
2.139545232057571411e-02
1.437031626701354980e-01
1.613300591707229614e-01
0.000000000000000000e+00
1.244855597615242004e-01
3.921369314193725586e-01
3.091652870178222656e+00
0.000000000000000000e+00
3.226129710674285889e-02
4.701744318008422852e-01
1.328915596008300781e+00
0.000000000000000000e+00
1.352561861276626587e-01
0.000000000000000000e+00
1.101707806810736656e-03
7.415751218795776367e-01
5.383654236793518066e-01
5.053754448890686035e-01
7.276149392127990723e-01
4.947311282157897949e-01
2.708552479743957520e-01
8.307849615812301636e-02
1.851234674453735352e+00
1.293487191200256348e+00
8.572907000780105591e-02
1.745235621929168701e-01
7.985095381736755371e-01
3.924342989921569824e-01
8.632838726043701172e-03
3.920488059520721436e-01
4.603071138262748718e-02
4.195226728916168213e-01
1.347070813179016113e+00
3.857035562396049500e-02
4.570621550083160400e-01
5.510018467903137207e-01
1.358278632164001465e+00
1.085729360580444336e+00
5.994780063629150391e-01
2.259178906679153442e-01
1.318864524364471436e-01
2.720170497894287109e+00
9.531660676002502441e-01
7.405580021440982819e-03
9.929065406322479248e-02
4.982529878616333008e-01
5.587346106767654419e-02
4.811991453170776367e-01
0.000000000000000000e+00
5.640444159507751465e-01
2.205801606178283691e-01
2.796064130961894989e-02
1.395336389541625977e-01
1.815294176340103149e-01
3.128734827041625977e-01
2.263738155364990234e+00
1.163904070854187012e+00
1.210473656654357910e+00
1.104519128799438477e+00
2.333743572235107422e+00
9.283825159072875977e-01
1.697458326816558838e-03
5.020019412040710449e-01
4.802579879760742188e-01
1.308650523424148560e-01
2.623918652534484863e-01
3.191786766052246094e+00
4.525398313999176025e-01
1.839339584112167358e-01
5.549378395080566406e-01
0.000000000000000000e+00
2.492267847061157227e+00
7.258853912353515625e-01
4.046777188777923584e-01
6.320676803588867188e-01
0.000000000000000000e+00
1.061043858528137207e+00
9.594560265541076660e-01
1.257043778896331787e-01
0.000000000000000000e+00
0.000000000000000000e+00
1.558822244405746460e-01
8.414626121520996094e-02
6.828334331512451172e-01
4.692138135433197021e-01
4.021796397864818573e-03
0.000000000000000000e+00
0.000000000000000000e+00
2.388930022716522217e-01
1.341736078262329102e+00
0.000000000000000000e+00
1.367399215698242188e+00
2.934354590252041817e-03
1.440443634986877441e+00
0.000000000000000000e+00
6.204902529716491699e-01
1.130343228578567505e-01
1.811204850673675537e-01
1.174458503723144531e+00
4.114018678665161133e-01
8.875513672828674316e-01
1.265068888664245605e+00
1.734126359224319458e-01
4.051042497158050537e-01
7.512218356132507324e-01
1.830804198980331421e-01
3.443812727928161621e-01
1.488719880580902100e-01
1.159081578254699707e+00
1.060100913047790527e+00
0.000000000000000000e+00
3.567890822887420654e-02
0.000000000000000000e+00
1.623380064964294434e+00
1.444577217102050781e+00
1.820941418409347534e-01
2.486550807952880859e-01
2.478441894054412842e-01
5.119102001190185547e-01
2.586092613637447357e-02
1.935636550188064575e-01
1.307870626449584961e+00
5.883648395538330078e+00
7.716040015220642090e-01
1.851536780595779419e-01
7.462918758392333984e-02
1.082858187146484852e-03
1.381398588418960571e-01
1.374649703502655029e-01
0.000000000000000000e+00
0.000000000000000000e+00
2.633641660213470459e-01
5.306425094604492188e-01
9.196763038635253906e-01
4.724397882819175720e-02
3.070830106735229492e-01
1.030637860298156738e+00
3.179235458374023438e-01
6.305791735649108887e-01
0.000000000000000000e+00
8.368923068046569824e-01
1.049309730529785156e+00
0.000000000000000000e+00
2.953777313232421875e+00
1.800820231437683105e-02
4.259772226214408875e-02
3.307346999645233154e-01
0.000000000000000000e+00
7.687279582023620605e-01
1.330286562442779541e-01
0.000000000000000000e+00
6.901167631149291992e-01
6.659660339355468750e-01
0.000000000000000000e+00
0.000000000000000000e+00
2.946914732456207275e-01
1.009865924715995789e-01
5.234240740537643433e-02
4.403710663318634033e-01
1.304279804229736328e+00
6.885945796966552734e-01
6.576498746871948242e-01
8.086787462234497070e-01
1.008409261703491211e-01
0.000000000000000000e+00
2.920812368392944336e-01
2.362010627985000610e-01
8.150960206985473633e-01
8.165283799171447754e-01
1.446844637393951416e-01
2.965545654296875000e-02
4.026159346103668213e-01
5.279501527547836304e-02
1.015620902180671692e-01
1.432943940162658691e+00
9.930673986673355103e-03
1.017632856965065002e-01
1.900498056784272194e-03
1.126050472259521484e+00
0.000000000000000000e+00
1.908442974090576172e-01
0.000000000000000000e+00
9.334936141967773438e-01
4.311160147190093994e-01
3.443970577791333199e-03
9.097094535827636719e-01
7.798293828964233398e-01
1.870913743972778320e+00
1.057825446128845215e+00
6.789376139640808105e-01
1.110218048095703125e+00
1.464061021804809570e+00
2.630211412906646729e-02
2.812634408473968506e-01
1.933220028877258301e+00
1.306807875633239746e+00
4.991561546921730042e-02
3.754250109195709229e-01
3.626927034929394722e-03
1.578246504068374634e-01
1.329417619854211807e-02
1.918652504682540894e-01
3.998498320579528809e-01
2.587985694408416748e-01
3.287915468215942383e+00
2.024641275405883789e+00
5.167801976203918457e-01
0.000000000000000000e+00
3.395922780036926270e-01
6.888113915920257568e-02
0.000000000000000000e+00
0.000000000000000000e+00
3.475031852722167969e-01
9.781371802091598511e-02
6.947067566215991974e-03
0.000000000000000000e+00
4.335506260395050049e-01
8.234783075749874115e-03
3.564287126064300537e-01
2.438989639282226562e+00
2.634503645822405815e-03
6.650935858488082886e-02
8.175106048583984375e-01
7.618020288646221161e-03
8.954578638076782227e-01
0.000000000000000000e+00
2.857807278633117676e-01
6.109061837196350098e-01
3.041295148432254791e-02
1.176507234573364258e+00
1.801054626703262329e-01
1.442957639694213867e+00
2.042628228664398193e-01
4.242738187313079834e-01
0.000000000000000000e+00
5.410909056663513184e-01
2.610575199127197266e+00
6.095410883426666260e-02
3.137781471014022827e-02
3.486004829406738281e+00
6.100547499954700470e-03
8.825519680976867676e-01
2.210273966193199158e-02
2.101681195199489594e-02
7.115451693534851074e-01
0.000000000000000000e+00
3.753091812133789062e+00
4.910432100296020508e-01
7.829911112785339355e-01
1.729250788688659668e+00
8.341805338859558105e-01
0.000000000000000000e+00
1.762421250343322754e+00
9.561717510223388672e-02
5.096568260341882706e-03
5.038736015558242798e-02
3.653425350785255432e-02
6.663690805435180664e-01
6.014406308531761169e-02
3.307026326656341553e-01
0.000000000000000000e+00
2.368216589093208313e-02
7.114891409873962402e-01
1.223773360252380371e+00
0.000000000000000000e+00
3.579530492424964905e-02
3.336480557918548584e-01
1.559145808219909668e+00
6.059963256120681763e-03
5.458228755742311478e-03
1.027197949588298798e-02
1.014204621315002441e-01
7.472633719444274902e-01
2.038788080215454102e+00
3.508405387401580811e-01
2.398964643478393555e+00
0.000000000000000000e+00
1.173462986946105957e+00
1.225551664829254150e-01
0.000000000000000000e+00
8.197030052542686462e-03
0.000000000000000000e+00
1.919990658760070801e+00
2.501957416534423828e+00
4.940558969974517822e-02
3.428269863128662109e+00
0.000000000000000000e+00
1.327645421028137207e+00
0.000000000000000000e+00
6.072502583265304565e-02
1.339090242981910706e-02
1.172874927520751953e+00
1.250686883926391602e+00
0.000000000000000000e+00
4.527266919612884521e-01
2.261255234479904175e-01
4.904366135597229004e-01
2.985721111297607422e+00
1.838506162166595459e-01
0.000000000000000000e+00
5.222293734550476074e-01
8.790554106235504150e-02
6.792536377906799316e-01
4.573373794555664062e-01
5.809073336422443390e-03
9.537044912576675415e-02
1.095272064208984375e+00
1.093121051788330078e+00
0.000000000000000000e+00
4.764916598796844482e-01
1.762652248144149780e-01
2.784278988838195801e-01
5.563976708799600601e-03
3.221061229705810547e-01
6.690670847892761230e-01
0.000000000000000000e+00
1.388571113348007202e-01
6.589478254318237305e-01
7.368899881839752197e-02
5.171982944011688232e-02
2.062090396881103516e+00
1.362532377243041992e-01
0.000000000000000000e+00
4.177847504615783691e-01
2.352370500564575195e+00
4.318348169326782227e-01
5.498041510581970215e-01
6.194931864738464355e-01
2.185680866241455078e+00
2.264160156250000000e+00
1.154966473579406738e+00
6.140742916613817215e-03
9.344837069511413574e-01
0.000000000000000000e+00
2.107324311509728432e-03
