4.047197103500366211e-02
9.409719146788120270e-03
5.188110470771789551e-01
2.106099605560302734e+00
3.248568773269653320e-01
3.628900945186614990e-01
7.898639440536499023e-01
2.984465837478637695e+00
6.471430301666259766e+00
1.138648390769958496e+00
1.838187873363494873e-02
1.635277509689331055e+00
8.666878193616867065e-02
6.149095892906188965e-01
2.374353170394897461e+00
1.173037648200988770e+00
1.621143668889999390e-01
9.763682484626770020e-01
3.049325644969940186e-01
5.513318628072738647e-02
1.023856282234191895e+00
1.778379268944263458e-02
3.843573033809661865e-01
1.960625410079956055e+00
3.351338580250740051e-02
0.000000000000000000e+00
0.000000000000000000e+00
1.205368280410766602e+00
3.626317381858825684e-01
2.128709852695465088e-01
0.000000000000000000e+00
3.041016636416316032e-03
1.140611886978149414e+00
5.055007338523864746e-01
7.320091128349304199e-02
1.820461034774780273e+00
3.791217803955078125e-01
9.477549046277999878e-02
6.466811150312423706e-02
3.974052667617797852e-01
1.402156352996826172e-01
1.380760222673416138e-01
1.358433961868286133e+00
5.050274372100830078e+00
1.279843747615814209e-01
1.422022938728332520e+00
1.807406097650527954e-01
1.149362087249755859e+00
2.924308180809020996e-02
8.243170380592346191e-01
3.628975391387939453e+00
0.000000000000000000e+00
1.100455641746520996e+00
2.423842623829841614e-02
1.172608137130737305e+00
5.392988324165344238e-01
5.323321819305419922e-01
3.927522301673889160e-01
2.844229459762573242e+00
2.407002747058868408e-01
2.999918721616268158e-02
2.936340868473052979e-01
9.383884258568286896e-03
1.294860988855361938e-01
7.135872244834899902e-01
8.538407087326049805e-01
6.571105718612670898e-01
6.020249724388122559e-01
7.351399660110473633e-01
1.124569892883300781e+00
0.000000000000000000e+00
0.000000000000000000e+00
2.856038808822631836e-01
1.131816983222961426e+00
3.269501030445098877e-01
4.005673825740814209e-01
3.216817276552319527e-03
1.072384715080261230e+00
4.271677508950233459e-02
4.574722349643707275e-01
1.266400367021560669e-01
1.506015062332153320e+00
2.596582889556884766e+00
2.064505219459533691e-01
1.289258122444152832e+00
1.398103237152099609e-01
1.443776488304138184e+00
1.930601745843887329e-01
6.667381525039672852e-01
9.742499887943267822e-02
0.000000000000000000e+00
1.010848674923181534e-02
9.414074011147022247e-03
0.000000000000000000e+00
1.675878047943115234e+00
8.481990098953247070e-01
2.027860730886459351e-01
1.283751726150512695e+00
2.078236639499664307e-01
2.573653757572174072e-01
2.558415289968252182e-03
1.321856826543807983e-01
3.306926786899566650e-02
2.087351322174072266e+00
1.168299317359924316e+00
8.006564527750015259e-02
1.488690376281738281e+00
1.833407729864120483e-01
9.420056939125061035e-01
1.015501096844673157e-02
1.127870917320251465e+00
0.000000000000000000e+00
2.759625017642974854e-02
2.170899184420704842e-03
3.417679965496063232e-01
2.237205803394317627e-01
2.230347543954849243e-01
7.609598636627197266e-01
1.628989934921264648e+00
2.472926616668701172e+00
4.073126614093780518e-01
4.921554401516914368e-02
9.362533688545227051e-02
1.882095456123352051e+00
1.191849350929260254e+00
1.084733486175537109e+00
0.000000000000000000e+00
3.295285999774932861e-01
1.747653126716613770e+00
3.762541338801383972e-02
7.013003341853618622e-03
1.546841561794281006e-01
8.837227523326873779e-02
6.292127817869186401e-02
4.706321954727172852e-01
5.442305281758308411e-02
2.969712316989898682e-01
4.714825153350830078e+00
0.000000000000000000e+00
2.571882605552673340e-01
5.493569769896566868e-04
3.384605646133422852e-01
1.596172332763671875e+00
0.000000000000000000e+00
7.011366635560989380e-02
1.723047345876693726e-01
8.260322213172912598e-01
7.626421451568603516e-01
6.710793375968933105e-01
3.752846121788024902e-01
5.053331851959228516e+00
1.954859942197799683e-01
4.927392601966857910e-01
5.298897027969360352e-01
8.860605955123901367e-01
1.195141553878784180e+00
4.843018949031829834e-01
2.004697322845458984e-01
1.479164600372314453e+00
1.588533669710159302e-01
0.000000000000000000e+00
9.035195112228393555e-01
2.706437408924102783e-01
3.705339971929788589e-03
5.519600510597229004e-01
2.668800354003906250e-01
9.858502075076103210e-03
0.000000000000000000e+00
3.444640934467315674e-01
1.078100204467773438e+00
1.658665388822555542e-01
1.013081967830657959e-01
0.000000000000000000e+00
7.442879080772399902e-01
5.007339119911193848e-01
6.454483032226562500e+00
4.847827181220054626e-02
0.000000000000000000e+00
7.985548675060272217e-02
5.689850077033042908e-02
1.082721259444952011e-02
2.654134929180145264e-01
3.837454319000244141e-01
3.345691919326782227e+00
4.174074903130531311e-02
3.879619762301445007e-03
1.327832639217376709e-01
4.156978428363800049e-01
0.000000000000000000e+00
0.000000000000000000e+00
0.000000000000000000e+00
2.578926086425781250e-02
1.810472726821899414e+00
6.123443245887756348e-01
8.166777491569519043e-01
5.419096350669860840e-01
6.412557959556579590e-01
1.992722302675247192e-01
2.226834893226623535e-01
4.951538443565368652e-01
7.390071153640747070e-01
8.999997377395629883e-02
8.932914584875106812e-02
2.497975677251815796e-01
3.602410554885864258e-01
0.000000000000000000e+00
6.903715729713439941e-01
1.679215783951804042e-04
3.463592529296875000e-01
6.751593351364135742e-01
2.590299025177955627e-02
6.613422036170959473e-01
2.150399237871170044e-01
8.052183985710144043e-01
6.505184173583984375e-01
1.673418283462524414e-01
1.213389784097671509e-01
7.906385064125061035e-01
1.724279403686523438e+00
5.686348676681518555e-01
1.742003299295902252e-02
1.890856623649597168e-01
4.369115233421325684e-01
7.302331328392028809e-01
5.258886814117431641e-01
0.000000000000000000e+00
2.960481047630310059e-01
6.555987000465393066e-01
0.000000000000000000e+00
1.514360755681991577e-01
2.281354367733001709e-01
3.721139729022979736e-01
2.266177892684936523e+00
5.662901401519775391e-01
1.615495562553405762e+00
7.144435048103332520e-01
2.622769355773925781e+00
5.470680594444274902e-01
0.000000000000000000e+00
8.200560212135314941e-01
2.495755106210708618e-01
1.083645522594451904e-01
6.870201230049133301e-01
2.664531946182250977e+00
1.505179524421691895e+00
1.140420138835906982e-01
3.533352315425872803e-01
0.000000000000000000e+00
2.169781446456909180e+00
3.508761525154113770e-01
2.227618694305419922e-01
6.797012090682983398e-01
0.000000000000000000e+00
8.526118993759155273e-01
1.098701357841491699e+00
2.062214463949203491e-01
0.000000000000000000e+00
0.000000000000000000e+00
4.532553553581237793e-01
4.796136915683746338e-02
2.855628132820129395e-01
1.040886417031288147e-01
2.168833650648593903e-02
2.601770870387554169e-02
0.000000000000000000e+00
1.258576661348342896e-02
1.029361605644226074e+00
2.334627695381641388e-02
1.461229622364044189e-01
1.892185211181640625e-01
1.031773686408996582e+00
1.599817164242267609e-02
1.329745054244995117e+00
7.316416595131158829e-03
1.337307542562484741e-01
4.013233482837677002e-01
6.185660362243652344e-01
6.657149791717529297e-01
7.949516177177429199e-01
3.511507436633110046e-02
7.763801217079162598e-01
4.944615066051483154e-01
6.656818091869354248e-02
2.987016141414642334e-01
1.450471282005310059e-01
9.884984493255615234e-01
8.866935372352600098e-01
9.120931476354598999e-02
6.857285741716623306e-03
1.605709455907344818e-02
6.156284809112548828e-01
1.035860419273376465e+00
6.747487783432006836e-01
3.702059388160705566e-01
5.439018607139587402e-01
2.229027152061462402e-01
4.807830229401588440e-02
1.669335961341857910e-01
4.022007286548614502e-01
5.809766292572021484e+00
5.924366712570190430e-01
1.496338695287704468e-01
3.660888671875000000e-01
0.000000000000000000e+00
9.029439836740493774e-02
4.744247719645500183e-02
8.919189125299453735e-02
0.000000000000000000e+00
1.773418784141540527e-01
6.093300580978393555e-01
2.433502674102783203e-02
0.000000000000000000e+00
1.080146953463554382e-01
6.890981197357177734e-01
1.178884953260421753e-01
2.943316698074340820e-01
0.000000000000000000e+00
4.025969207286834717e-01
9.666990637779235840e-01
0.000000000000000000e+00
2.165426492691040039e+00
0.000000000000000000e+00
5.957055091857910156e-02
1.126504763960838318e-01
0.000000000000000000e+00
7.577195167541503906e-01
1.001233339309692383e+00
0.000000000000000000e+00
5.331106185913085938e-01
2.145984023809432983e-01
0.000000000000000000e+00
0.000000000000000000e+00
9.503577649593353271e-02
1.297872066497802734e-01
7.671105675399303436e-03
1.046198487281799316e+00
1.711225867271423340e+00
3.940080702304840088e-01
5.421811342239379883e-01
6.669154763221740723e-01
5.119926109910011292e-02
0.000000000000000000e+00
1.510892510414123535e-01
1.385135501623153687e-01
9.453628659248352051e-01
6.609243154525756836e-01
4.644563049077987671e-02
3.889436647295951843e-02
2.939913272857666016e-01
3.253693878650665283e-01
1.295075863599777222e-01
3.759706318378448486e-01
5.212869495153427124e-02
1.074317004531621933e-02
0.000000000000000000e+00
1.280078411102294922e+00
0.000000000000000000e+00
4.155397117137908936e-01
3.442598879337310791e-02
5.045224428176879883e-01
7.315731048583984375e-01
4.582248255610466003e-02
5.936450958251953125e-01
1.590362638235092163e-01
2.071998596191406250e+00
1.343343734741210938e+00
1.185048103332519531e+00
1.126864552497863770e+00
1.087026000022888184e+00
0.000000000000000000e+00
1.302443295717239380e-01
1.052854061126708984e+00
7.421273589134216309e-01
5.672135949134826660e-02
5.644927024841308594e-01
0.000000000000000000e+00
1.838659197092056274e-01
0.000000000000000000e+00
6.515930294990539551e-01
9.934594035148620605e-01
3.630904257297515869e-01
4.003962039947509766e+00
1.794908881187438965e+00
2.869712710380554199e-01
0.000000000000000000e+00
1.027062177658081055e+00
6.616870313882827759e-02
0.000000000000000000e+00
0.000000000000000000e+00
4.186766967177391052e-02
3.702376186847686768e-01
3.574198856949806213e-02
0.000000000000000000e+00
1.119425892829895020e-01
3.223323822021484375e-01
5.781641602516174316e-01
2.207430601119995117e+00
2.218947000801563263e-02
6.277853250503540039e-02
8.535472154617309570e-01
1.521931309252977371e-02
3.996946290135383606e-02
0.000000000000000000e+00
1.284185349941253662e-01
1.162550449371337891e+00
1.407283097505569458e-01
1.014522433280944824e+00
3.929384052753448486e-03
1.362007856369018555e+00
4.740743041038513184e-01
3.399247527122497559e-01
0.000000000000000000e+00
4.542704224586486816e-01
1.260419368743896484e+00
3.191777467727661133e-01
1.700291186571121216e-01
2.036198139190673828e+00
3.382849395275115967e-01
5.789680480957031250e-01
6.472437828779220581e-02
8.097321540117263794e-02
8.360730856657028198e-02
0.000000000000000000e+00
4.108267307281494141e+00
5.694515630602836609e-02
1.573933959007263184e+00
1.383098363876342773e+00
8.252047896385192871e-01
0.000000000000000000e+00
1.513557910919189453e+00
1.430950593203306198e-03
7.698394358158111572e-02
1.406921893358230591e-01
6.581050157546997070e-02
2.666644752025604248e-03
1.354787796735763550e-01
0.000000000000000000e+00
0.000000000000000000e+00
2.475825510919094086e-02
4.094915091991424561e-01
8.456178903579711914e-01
0.000000000000000000e+00
1.094138622283935547e-01
5.546491146087646484e-01
1.793128132820129395e+00
4.398816730827093124e-03
5.215586349368095398e-02
0.000000000000000000e+00
6.257811933755874634e-02
2.367073744535446167e-01
1.257757782936096191e+00
5.584978461265563965e-01
1.353148460388183594e+00
0.000000000000000000e+00
8.008849024772644043e-01
7.592631038278341293e-03
0.000000000000000000e+00
3.617207333445549011e-02
0.000000000000000000e+00
2.259967565536499023e+00
2.034808158874511719e+00
1.049231216311454773e-01
2.477990150451660156e+00
0.000000000000000000e+00
9.430003762245178223e-01
0.000000000000000000e+00
8.632314205169677734e-02
1.219063550233840942e-01
1.385143160820007324e+00
3.719347715377807617e-01
0.000000000000000000e+00
4.899836778640747070e-01
1.581191830337047577e-02
1.484679132699966431e-01
1.908096551895141602e+00
5.428258702158927917e-02
1.216865330934524536e-02
3.285017907619476318e-01
1.006089150905609131e-03
2.241323441267013550e-01
1.759613901376724243e-01
0.000000000000000000e+00
9.765268862247467041e-02
6.747931241989135742e-01
1.050947785377502441e+00
0.000000000000000000e+00
2.513879537582397461e-01
7.900372147560119629e-02
2.229691743850708008e-01
7.065031677484512329e-02
1.313661634922027588e-01
1.906969994306564331e-01
0.000000000000000000e+00
2.842438817024230957e-01
1.592284917831420898e+00
0.000000000000000000e+00
1.750010699033737183e-01
1.025204658508300781e+00
6.172349303960800171e-02
0.000000000000000000e+00
3.388632088899612427e-02
1.913761973381042480e+00
4.095191359519958496e-01
5.071357488632202148e-01
2.092835903167724609e-01
2.112955570220947266e+00
3.104206323623657227e+00
3.055967092514038086e-01
3.139562308788299561e-01
4.623343944549560547e-01
0.000000000000000000e+00
0.000000000000000000e+00
