2.350478619337081909e-02
0.000000000000000000e+00
4.661118090152740479e-01
1.745608210563659668e+00
2.985163927078247070e-01
6.797968745231628418e-01
1.697427868843078613e+00
3.157731056213378906e+00
7.024090290069580078e+00
1.221078753471374512e+00
9.379844367504119873e-02
1.772627830505371094e+00
3.025717139244079590e-01
6.418365836143493652e-01
2.739194154739379883e+00
1.165408492088317871e+00
7.404990792274475098e-01
7.322695255279541016e-01
5.051127672195434570e-01
4.639121890068054199e-02
1.057566761970520020e+00
0.000000000000000000e+00
7.887535691261291504e-01
2.474294424057006836e+00
3.714001178741455078e-02
2.406725473701953888e-02
0.000000000000000000e+00
9.108732938766479492e-01
5.094857215881347656e-01
1.416400521993637085e-01
4.183951299637556076e-03
1.437522768974304199e-01
2.877866029739379883e-01
7.651250362396240234e-01
8.390119075775146484e-01
3.179074048995971680e+00
1.360424160957336426e-01
1.528820544481277466e-01
2.118545621633529663e-01
7.400586009025573730e-01
3.823553621768951416e-01
5.246530100703239441e-02
8.758513331413269043e-01
4.171287536621093750e+00
8.003605008125305176e-01
1.871756076812744141e+00
2.803487479686737061e-01
1.097159862518310547e+00
7.851212471723556519e-02
1.209549546241760254e+00
3.701680660247802734e+00
0.000000000000000000e+00
1.241350769996643066e+00
3.275051414966583252e-01
1.372097969055175781e+00
2.212822735309600830e-01
4.907502532005310059e-01
3.974491655826568604e-01
3.499661207199096680e+00
2.677100896835327148e-01
3.362736478447914124e-02
1.862426400184631348e-01
2.350557595491409302e-01
2.832293808460235596e-01
5.440841317176818848e-01
7.026963233947753906e-01
2.874575257301330566e-01
5.839922428131103516e-01
9.866237044334411621e-01
1.210071206092834473e+00
0.000000000000000000e+00
3.936241846531629562e-03
3.169399797916412354e-01
1.086918473243713379e+00
4.143301546573638916e-01
9.429373145103454590e-01
0.000000000000000000e+00
1.480198264122009277e+00
2.399173974990844727e-01
6.307660937309265137e-01
1.022050976753234863e-01
1.527771949768066406e+00
1.969431042671203613e+00
6.559528410434722900e-02
2.100805044174194336e+00
3.144614398479461670e-01
1.177242517471313477e+00
4.113295972347259521e-01
7.766116261482238770e-01
6.976110860705375671e-03
0.000000000000000000e+00
5.100151989609003067e-03
7.793177384883165359e-03
0.000000000000000000e+00
2.152212381362915039e+00
6.646552681922912598e-01
6.674408912658691406e-01
2.243302583694458008e+00
7.078368961811065674e-02
1.190555244684219360e-01
0.000000000000000000e+00
1.332311984151601791e-02
0.000000000000000000e+00
2.569269180297851562e+00
8.732789158821105957e-01
4.218742549419403076e-01
1.998628973960876465e+00
7.305912971496582031e-01
3.576394915580749512e-01
1.045245230197906494e-01
1.803456187248229980e+00
9.362241625785827637e-02
1.741393357515335083e-01
7.065836191177368164e-01
7.439677119255065918e-01
4.285285249352455139e-02
1.318293362855911255e-01
8.124739527702331543e-01
1.890350341796875000e+00
2.194706439971923828e+00
2.171070426702499390e-01
3.963808715343475342e-01
3.951473906636238098e-02
1.898253679275512695e+00
3.360642790794372559e-01
1.786885142326354980e+00
0.000000000000000000e+00
3.246411308646202087e-02
1.748707652091979980e+00
3.847807645797729492e-02
7.452114671468734741e-02
5.898779630661010742e-01
2.439389824867248535e-01
1.415154188871383667e-01
1.772414334118366241e-02
5.758627876639366150e-02
2.212095260620117188e-01
4.710126399993896484e+00
0.000000000000000000e+00
5.467715859413146973e-02
3.490689992904663086e-01
6.038308739662170410e-01
1.648960471153259277e+00
0.000000000000000000e+00
6.915831472724676132e-03
8.881344646215438843e-02
1.122157454490661621e+00
9.319224357604980469e-01
1.527880072593688965e+00
2.887256443500518799e-01
5.425724983215332031e+00
1.768559664487838745e-01
7.832747101783752441e-01
2.502045035362243652e-01
1.459787964820861816e+00
1.691826105117797852e+00
2.673283815383911133e-01
3.350124657154083252e-01
2.765679359436035156e+00
5.114043951034545898e-01
1.397716719657182693e-02
1.331120371818542480e+00
1.571785509586334229e-01
8.521771989762783051e-03
7.874543070793151855e-01
2.706726193428039551e-01
0.000000000000000000e+00
0.000000000000000000e+00
8.918727636337280273e-01
1.759652853012084961e+00
3.812754154205322266e-01
1.479580104351043701e-01
2.450695820152759552e-02
9.758504629135131836e-01
1.087896466255187988e+00
7.402258396148681641e+00
0.000000000000000000e+00
1.254802756011486053e-02
1.652723364531993866e-02
1.346603482961654663e-01
1.857343944720923901e-03
2.210929989814758301e-01
4.186769425868988037e-01
3.918342351913452148e+00
1.927834935486316681e-03
0.000000000000000000e+00
2.673787437379360199e-02
1.003538727760314941e+00
6.717948126606643200e-04
1.440510060638189316e-02
0.000000000000000000e+00
0.000000000000000000e+00
1.249136328697204590e+00
3.513588011264801025e-01
4.754145741462707520e-01
5.642494559288024902e-01
1.044240593910217285e+00
3.069623410701751709e-01
1.842511445283889771e-01
1.092837095260620117e+00
1.214003562927246094e+00
1.025793030858039856e-01
1.220446005463600159e-01
2.898186147212982178e-01
7.690418362617492676e-01
1.165152341127395630e-01
7.348601818084716797e-01
0.000000000000000000e+00
4.223902821540832520e-01
1.151672959327697754e+00
5.633984133601188660e-02
7.921791076660156250e-01
1.988720744848251343e-01
1.137320160865783691e+00
4.119628369808197021e-01
3.535933792591094971e-01
1.642412394285202026e-01
7.489057183265686035e-01
2.237509012222290039e+00
7.969662547111511230e-01
1.499354373663663864e-03
3.020938038825988770e-01
8.724131584167480469e-01
5.176711678504943848e-01
4.769185781478881836e-01
0.000000000000000000e+00
3.946934342384338379e-01
5.926693677902221680e-01
0.000000000000000000e+00
1.400654166936874390e-01
2.391587197780609131e-01
2.203177213668823242e-01
3.540669679641723633e+00
9.776016473770141602e-01
2.008972644805908203e+00
6.591589450836181641e-01
2.652691841125488281e+00
3.976154923439025879e-01
7.101764529943466187e-02
7.157186865806579590e-01
6.265513896942138672e-01
1.754998564720153809e-01
6.869814544916152954e-02
2.660887479782104492e+00
6.864516735076904297e-01
3.434319794178009033e-01
5.878835916519165039e-01
1.056559942662715912e-02
2.778919935226440430e+00
7.865965366363525391e-01
2.671978473663330078e-01
7.072761654853820801e-01
0.000000000000000000e+00
5.043408274650573730e-01
1.270493626594543457e+00
2.161047160625457764e-01
3.069125302135944366e-02
0.000000000000000000e+00
4.246866330504417419e-02
1.454922258853912354e-01
6.628596782684326172e-01
4.457543790340423584e-01
4.791124723851680756e-03
1.775254160165786743e-01
0.000000000000000000e+00
6.200990080833435059e-02
1.652971506118774414e+00
6.272203475236892700e-02
6.510707736015319824e-01
9.354461915791034698e-03
1.635369420051574707e+00
0.000000000000000000e+00
1.215139985084533691e+00
7.356634736061096191e-02
3.847657442092895508e-01
1.127683043479919434e+00
7.214439511299133301e-01
9.708585143089294434e-01
1.375621795654296875e+00
3.483992516994476318e-01
2.127462923526763916e-01
4.826123714447021484e-01
2.873516082763671875e-01
1.965227276086807251e-01
4.057672023773193359e-01
9.826022982597351074e-01
1.386354207992553711e+00
1.730096787214279175e-01
0.000000000000000000e+00
1.299907732754945755e-02
1.767914533615112305e+00
1.764007568359375000e+00
5.123462677001953125e-01
2.924041450023651123e-01
4.452697634696960449e-01
1.828865855932235718e-01
6.571539640426635742e-01
2.181746363639831543e-01
1.066629767417907715e+00
6.318466186523437500e+00
3.924483358860015869e-01
1.189207211136817932e-01
9.598196744918823242e-01
2.108639478683471680e-02
5.592229217290878296e-02
1.224890872836112976e-01
1.973711103200912476e-01
0.000000000000000000e+00
1.051312088966369629e-01
7.258229255676269531e-01
4.190469682216644287e-01
6.286125630140304565e-02
3.066965043544769287e-01
1.437724590301513672e+00
3.704795837402343750e-01
3.050333261489868164e-01
0.000000000000000000e+00
4.701934158802032471e-01
1.309361696243286133e+00
0.000000000000000000e+00
2.799360036849975586e+00
0.000000000000000000e+00
1.513564437627792358e-01
1.603672653436660767e-01
1.169288065284490585e-03
3.950676620006561279e-01
3.412995040416717529e-01
0.000000000000000000e+00
9.593018293380737305e-01
7.034010291099548340e-01
1.403360278345644474e-03
0.000000000000000000e+00
1.777050197124481201e-01
1.172899082303047180e-01
0.000000000000000000e+00
1.332332372665405273e+00
1.548215508460998535e+00
4.260965064167976379e-02
1.051478505134582520e+00
1.058426856994628906e+00
1.016443371772766113e-01
0.000000000000000000e+00
1.996394097805023193e-01
9.062081575393676758e-02
9.684083461761474609e-01
1.206792831420898438e+00
3.458458483219146729e-01
4.218230955302715302e-03
3.069514036178588867e-01
5.171849727630615234e-01
2.997006475925445557e-01
7.713592648506164551e-01
1.671953201293945312e-01
4.798014648258686066e-03
1.634404994547367096e-02
8.870648741722106934e-01
0.000000000000000000e+00
1.773401200771331787e-01
1.188464276492595673e-02
3.588197529315948486e-01
4.054370820522308350e-01
0.000000000000000000e+00
7.282173037528991699e-01
5.641843080520629883e-01
1.596754074096679688e+00
1.304139852523803711e+00
9.057782888412475586e-01
1.969821810722351074e+00
2.010883569717407227e+00
2.982492333103436977e-05
9.368477761745452881e-02
1.735577464103698730e+00
1.345203161239624023e+00
3.556617498397827148e-01
1.414608001708984375e+00
0.000000000000000000e+00
2.643762528896331787e-01
0.000000000000000000e+00
2.734777927398681641e-01
5.727497935295104980e-01
1.599225997924804688e-01
4.006512165069580078e+00
2.250149250030517578e+00
6.580746769905090332e-01
0.000000000000000000e+00
1.273586273193359375e+00
2.516210451722145081e-02
0.000000000000000000e+00
0.000000000000000000e+00
1.432211101055145264e-01
1.219987869262695312e-01
5.247749388217926025e-02
0.000000000000000000e+00
1.047011371701955795e-02
2.755998373031616211e-01
1.328576564788818359e+00
1.710166692733764648e+00
6.796753406524658203e-02
1.895495057106018066e-01
1.389176964759826660e+00
6.424817256629467010e-03
3.412442803382873535e-01
0.000000000000000000e+00
1.022204384207725525e-01
1.040645241737365723e+00
6.820316612720489502e-02
1.386061668395996094e+00
2.679612338542938232e-01
1.334882616996765137e+00
6.067948341369628906e-01
1.383621841669082642e-01
0.000000000000000000e+00
8.903033137321472168e-01
2.000465154647827148e+00
1.749484091997146606e-01
5.530855432152748108e-02
2.647813320159912109e+00
2.721911296248435974e-02
9.257907271385192871e-01
2.360462769865989685e-02
0.000000000000000000e+00
2.688219249248504639e-01
0.000000000000000000e+00
4.716781616210937500e+00
2.778151333332061768e-01
1.446598410606384277e+00
8.550034761428833008e-01
1.182484149932861328e+00
0.000000000000000000e+00
1.299261927604675293e+00
0.000000000000000000e+00
9.599308669567108154e-02
7.399358600378036499e-02
0.000000000000000000e+00
4.233375936746597290e-02
2.167030610144138336e-02
1.449853032827377319e-01
0.000000000000000000e+00
1.667647957801818848e-01
1.045387506484985352e+00
9.413783550262451172e-01
0.000000000000000000e+00
4.565641283988952637e-01
9.650956094264984131e-02
1.480239868164062500e+00
0.000000000000000000e+00
0.000000000000000000e+00
0.000000000000000000e+00
5.646444857120513916e-02
6.162024140357971191e-01
1.073080539703369141e+00
8.165420591831207275e-02
2.012770652770996094e+00
0.000000000000000000e+00
7.939493656158447266e-01
3.434569388628005981e-02
2.469634870067238808e-03
6.943649146705865860e-03
0.000000000000000000e+00
1.743693113327026367e+00
2.324288129806518555e+00
8.651297539472579956e-02
3.230298042297363281e+00
0.000000000000000000e+00
1.193625330924987793e+00
7.633080240339040756e-03
1.277432776987552643e-02
1.167274564504623413e-01
2.230307102203369141e+00
3.878836631774902344e-01
1.449794217478483915e-04
7.707207798957824707e-01
4.591982066631317139e-02
6.583040207624435425e-02
2.866772890090942383e+00
2.554265260696411133e-01
0.000000000000000000e+00
2.742829918861389160e-01
5.106650292873382568e-02
5.958294868469238281e-01
4.460089504718780518e-01
4.223642498254776001e-02
3.404745832085609436e-02
1.755954265594482422e+00
9.123947620391845703e-01
1.265643164515495300e-03
2.352583110332489014e-01
1.966495513916015625e-01
5.124939680099487305e-01
8.909012377262115479e-02
1.202325597405433655e-01
8.054667711257934570e-01
0.000000000000000000e+00
6.908421963453292847e-02
1.526204586029052734e+00
1.318325567990541458e-02
4.165753722190856934e-01
1.442327618598937988e+00
2.303130775690078735e-01
0.000000000000000000e+00
1.074606701731681824e-01
1.764038085937500000e+00
5.222452878952026367e-01
4.169207215309143066e-01
1.489370614290237427e-01
2.383478164672851562e+00
2.708828687667846680e+00
4.282455742359161377e-01
3.211259543895721436e-01
3.185263276100158691e-01
0.000000000000000000e+00
1.136846188455820084e-02
