1.390498727560043335e-01
0.000000000000000000e+00
6.150204539299011230e-01
2.857025623321533203e+00
4.833226799964904785e-01
5.189806818962097168e-01
1.696368098258972168e+00
2.705135583877563477e+00
7.314059257507324219e+00
1.203442811965942383e+00
1.560841593891382217e-02
1.727582335472106934e+00
1.018736511468887329e-01
1.097165942192077637e+00
2.264682292938232422e+00
1.274564266204833984e+00
7.222010493278503418e-01
1.027931213378906250e+00
2.248492687940597534e-01
1.360301375389099121e-01
1.624727129936218262e+00
0.000000000000000000e+00
6.839346140623092651e-02
1.738548040390014648e+00
2.186733931303024292e-01
1.251089572906494141e-01
1.063617393374443054e-01
1.916506052017211914e+00
4.743849933147430420e-01
7.773922383785247803e-02
3.909316379576921463e-03
1.807190565159544349e-04
7.324411869049072266e-01
7.246223092079162598e-01
4.919642210006713867e-02
3.250680685043334961e+00
9.410532563924789429e-02
6.056978181004524231e-02
8.929886668920516968e-02
1.777454912662506104e-01
4.613372683525085449e-01
2.851503193378448486e-01
9.319174289703369141e-01
4.711822509765625000e+00
3.899144530296325684e-01
1.532033920288085938e+00
2.138183861970901489e-01
1.055220961570739746e+00
1.753604263067245483e-01
1.283357501029968262e+00
3.018079519271850586e+00
0.000000000000000000e+00
1.583509087562561035e+00
1.469444781541824341e-01
1.472472071647644043e+00
1.253033280372619629e-01
8.261724710464477539e-01
1.937764585018157959e-01
2.520883321762084961e+00
1.263694614171981812e-01
0.000000000000000000e+00
5.084508061408996582e-01
5.487845838069915771e-02
1.049252629280090332e+00
5.515678524971008301e-01
4.168139100074768066e-01
1.131393611431121826e-01
1.023834109306335449e+00
9.808503389358520508e-01
6.583625674247741699e-01
5.506598856300115585e-03
1.622257009148597717e-02
2.582603693008422852e-01
1.218761682510375977e+00
4.199963212013244629e-01
6.316777467727661133e-01
1.887420006096363068e-02
1.280531048774719238e+00
6.228846907615661621e-01
1.086252808570861816e+00
3.552324138581752777e-03
8.770384192466735840e-01
2.295588493347167969e+00
1.033231690526008606e-01
2.550058126449584961e+00
9.811174124479293823e-02
1.515789747238159180e+00
6.827986985445022583e-02
5.285347104072570801e-01
2.426250576972961426e-01
7.510080933570861816e-02
0.000000000000000000e+00
1.291493475437164307e-01
0.000000000000000000e+00
1.842441439628601074e+00
7.016814947128295898e-01
6.724593639373779297e-01
1.604541063308715820e+00
2.126420438289642334e-01
9.838142991065979004e-02
0.000000000000000000e+00
1.488542109727859497e-01
7.669398933649063110e-02
2.297061204910278320e+00
6.951297521591186523e-01
2.501260340213775635e-01
1.677617430686950684e+00
6.656501889228820801e-01
9.160156250000000000e-01
1.412189006805419922e-01
1.057801246643066406e+00
1.068198680877685547e-01
3.011131882667541504e-01
4.933463335037231445e-01
8.132395744323730469e-01
2.761215865612030029e-01
0.000000000000000000e+00
1.014155864715576172e+00
1.197482943534851074e+00
2.063807487487792969e+00
9.352097511291503906e-01
1.527119278907775879e-01
1.071393210440874100e-02
1.246721625328063965e+00
1.443634629249572754e+00
6.929651498794555664e-01
7.140603847801685333e-03
3.212338685989379883e-01
1.060145974159240723e+00
0.000000000000000000e+00
0.000000000000000000e+00
5.776278972625732422e-01
5.912583470344543457e-01
1.989731043577194214e-01
1.410936266183853149e-01
1.028347462415695190e-01
4.921035766601562500e-01
4.277710437774658203e+00
0.000000000000000000e+00
7.503518462181091309e-02
1.475297659635543823e-01
6.814626455307006836e-01
1.995674252510070801e+00
0.000000000000000000e+00
4.086350277066230774e-02
4.390822350978851318e-01
9.598312973976135254e-01
5.335366129875183105e-01
1.563263058662414551e+00
4.270253330469131470e-02
5.694302082061767578e+00
6.663935780525207520e-01
5.238904953002929688e-01
4.075420796871185303e-01
2.122879028320312500e+00
1.206802368164062500e+00
2.089053392410278320e-01
4.510100781917572021e-01
2.020252704620361328e+00
2.736251950263977051e-01
9.765284135937690735e-03
1.107258796691894531e+00
6.161220073699951172e-01
2.854646928608417511e-02
9.488399028778076172e-01
1.559183001518249512e-01
8.860831148922443390e-03
0.000000000000000000e+00
4.551756381988525391e-01
2.253737211227416992e+00
6.954854726791381836e-01
2.177671790122985840e-01
1.842259317636489868e-01
1.110133051872253418e+00
2.392636090517044067e-01
7.105297565460205078e+00
0.000000000000000000e+00
1.327647920697927475e-02
8.586225658655166626e-02
3.680417239665985107e-01
1.049716374836862087e-04
1.152478531002998352e-01
5.747593641281127930e-01
2.708558082580566406e+00
3.516004607081413269e-02
2.258727699518203735e-02
3.190882802009582520e-01
1.719528436660766602e+00
0.000000000000000000e+00
1.319175511598587036e-01
0.000000000000000000e+00
0.000000000000000000e+00
1.180543303489685059e+00
2.933248579502105713e-01
4.219682216644287109e-01
5.059272050857543945e-01
7.886561155319213867e-01
5.001657605171203613e-01
1.605755388736724854e-01
1.883300065994262695e+00
1.391968011856079102e+00
4.603875428438186646e-02
2.154621183872222900e-01
3.809087276458740234e-01
5.017012953758239746e-01
2.744129858911037445e-02
5.750694274902343750e-01
6.541540473699569702e-02
3.104998171329498291e-01
1.698099970817565918e+00
4.085205867886543274e-02
6.128829121589660645e-01
6.937815546989440918e-01
1.204211831092834473e+00
8.508871197700500488e-01
6.054577827453613281e-01
3.813833370804786682e-02
3.300067186355590820e-01
2.628661394119262695e+00
9.480975866317749023e-01
2.851452864706516266e-02
5.900881439447402954e-02
2.179060578346252441e-01
1.166317015886306763e-01
3.057576417922973633e-01
0.000000000000000000e+00
9.610124230384826660e-01
6.937716901302337646e-02
3.743134811520576477e-02
1.886958032846450806e-01
4.529282748699188232e-01
3.086878955364227295e-01
2.395688772201538086e+00
1.190465450286865234e+00
1.019786357879638672e+00
1.304057002067565918e+00
2.806360006332397461e+00
6.051923036575317383e-01
3.116957843303680420e-02
3.483832180500030518e-01
4.300746321678161621e-01
3.199222981929779053e-01
4.050258696079254150e-01
3.209368467330932617e+00
4.140922427177429199e-01
9.845653921365737915e-02
2.178758978843688965e-01
4.478941671550273895e-03
2.241449832916259766e+00
7.558951973915100098e-01
3.232921659946441650e-01
5.856323242187500000e-01
0.000000000000000000e+00
1.130516171455383301e+00
9.661743640899658203e-01
5.945365130901336670e-02
0.000000000000000000e+00
0.000000000000000000e+00
4.298427402973175049e-01
4.465272277593612671e-02
7.014055848121643066e-01
9.789576530456542969e-01
4.182402417063713074e-02
4.465623572468757629e-02
0.000000000000000000e+00
1.470316434279084206e-03
1.525175452232360840e+00
1.050633843988180161e-03
6.541382074356079102e-01
2.064886270090937614e-03
1.752881884574890137e+00
0.000000000000000000e+00
9.308640956878662109e-01
5.349954217672348022e-02
2.972666919231414795e-01
7.966049909591674805e-01
4.033860862255096436e-01
1.251491665840148926e+00
6.877810359001159668e-01
3.190827667713165283e-01
4.687668383121490479e-01
5.561310648918151855e-01
2.013711035251617432e-01
3.777103424072265625e-01
2.543617784976959229e-01
1.092448830604553223e+00
1.458006024360656738e+00
1.407228177413344383e-03
0.000000000000000000e+00
0.000000000000000000e+00
1.564860701560974121e+00
1.523763656616210938e+00
2.927478551864624023e-01
4.174245595932006836e-01
9.660633653402328491e-02
2.568711936473846436e-01
1.661422103643417358e-01
1.717847734689712524e-01
1.163838863372802734e+00
6.398303985595703125e+00
1.145628094673156738e+00
2.228098511695861816e-01
2.709042727947235107e-01
9.361930936574935913e-02
1.046168431639671326e-01
1.543184369802474976e-01
4.386998713016510010e-02
0.000000000000000000e+00
2.467825710773468018e-01
5.337304472923278809e-01
4.694953262805938721e-01
2.817115485668182373e-01
1.348558664321899414e-01
1.290081739425659180e+00
4.831011891365051270e-01
4.897484183311462402e-01
0.000000000000000000e+00
3.367164731025695801e-01
1.527418494224548340e+00
1.037622615694999695e-01
2.408611059188842773e+00
5.916857626289129257e-04
1.636198610067367554e-01
4.896772205829620361e-01
0.000000000000000000e+00
1.382572650909423828e+00
2.728293538093566895e-01
0.000000000000000000e+00
5.982893109321594238e-01
6.539596319198608398e-01
0.000000000000000000e+00
0.000000000000000000e+00
4.529808163642883301e-01
6.103259325027465820e-01
8.607392013072967529e-02
4.168396592140197754e-01
1.544288754463195801e+00
5.763247013092041016e-01
6.608465909957885742e-01
8.509890437126159668e-01
5.069788172841072083e-02
0.000000000000000000e+00
1.856980025768280029e-01
5.143339633941650391e-01
4.788635671138763428e-01
9.847878813743591309e-01
3.861967921257019043e-01
8.908421546220779419e-02
2.376023828983306885e-01
2.313353270292282104e-01
3.525822758674621582e-01
1.203802704811096191e+00
3.243287801742553711e-01
2.353426814079284668e-01
2.719402313232421875e-02
8.375061154365539551e-01
0.000000000000000000e+00
3.637316226959228516e-01
4.322736989706754684e-03
9.088839292526245117e-01
4.140598475933074951e-01
4.448110237717628479e-02
9.200546741485595703e-01
8.898084163665771484e-01
1.673083424568176270e+00
9.525678753852844238e-01
6.681967377662658691e-01
1.493645191192626953e+00
1.706790447235107422e+00
3.372995648533105850e-03
4.975091814994812012e-01
2.099538326263427734e+00
9.143550395965576172e-01
9.087855368852615356e-02
2.894380986690521240e-01
0.000000000000000000e+00
7.920330762863159180e-02
1.779878512024879456e-02
3.733963072299957275e-01
5.430897474288940430e-01
1.350608617067337036e-01
4.027309417724609375e+00
1.492266297340393066e+00
3.549104630947113037e-01
1.632971689105033875e-02
7.303467392921447754e-01
2.300937622785568237e-01
0.000000000000000000e+00
0.000000000000000000e+00
1.622722297906875610e-01
0.000000000000000000e+00
9.204722195863723755e-02
1.734723895788192749e-02
4.181959033012390137e-01
1.188794299960136414e-01
5.730061531066894531e-01
2.215010404586791992e+00
2.290834859013557434e-02
1.568215340375900269e-01
9.834274053573608398e-01
0.000000000000000000e+00
5.276107788085937500e-01
7.202198612503707409e-04
6.778667122125625610e-02
5.552268624305725098e-01
2.406988441944122314e-01
9.665458798408508301e-01
1.117613352835178375e-02
1.087187886238098145e+00
1.062691733241081238e-01
2.279002815485000610e-01
2.074569463729858398e-02
7.907406687736511230e-01
1.724222540855407715e+00
1.025938391685485840e-01
2.887203097343444824e-01
3.306800603866577148e+00
7.504825480282306671e-03
1.261912226676940918e+00
0.000000000000000000e+00
1.318265590816736221e-02
6.913137435913085938e-01
0.000000000000000000e+00
3.996407032012939453e+00
4.806252121925354004e-01
8.797495961189270020e-01
1.531183362007141113e+00
8.498136401176452637e-01
0.000000000000000000e+00
2.190464496612548828e+00
1.328203454613685608e-02
2.026249617338180542e-01
1.670918017625808716e-01
6.960094720125198364e-02
4.376892447471618652e-01
2.461852692067623138e-02
3.750919401645660400e-01
9.817871265113353729e-03
1.967016160488128662e-01
6.742433905601501465e-01
1.288702130317687988e+00
0.000000000000000000e+00
1.857698336243629456e-02
5.298344492912292480e-01
1.529009461402893066e+00
4.404012113809585571e-02
0.000000000000000000e+00
5.192492157220840454e-02
1.186759211122989655e-02
4.244685173034667969e-01
1.924884557723999023e+00
2.678109109401702881e-01
2.337490320205688477e+00
0.000000000000000000e+00
1.387948751449584961e+00
1.195757091045379639e-01
0.000000000000000000e+00
0.000000000000000000e+00
0.000000000000000000e+00
1.963548421859741211e+00
2.607612609863281250e+00
1.247685477137565613e-01
2.988222599029541016e+00
0.000000000000000000e+00
1.286183834075927734e+00
0.000000000000000000e+00
4.908312484622001648e-02
1.943034380674362183e-01
1.652647018432617188e+00
1.045754671096801758e+00
8.863398805260658264e-03
4.267972409725189209e-01
4.319004118442535400e-01
1.520201563835144043e-01
2.730988740921020508e+00
2.273093461990356445e-01
2.819030778482556343e-03
6.580571532249450684e-01
4.874266684055328369e-03
5.375949144363403320e-01
4.419218897819519043e-01
5.464394763112068176e-02
4.590134024620056152e-01
1.242827177047729492e+00
1.144870162010192871e+00
0.000000000000000000e+00
4.558295607566833496e-01
2.801894247531890869e-01
2.672508060932159424e-01
8.966338634490966797e-02
3.799579441547393799e-01
5.304135680198669434e-01
3.678638860583305359e-02
2.717321217060089111e-01
1.116541981697082520e+00
1.756652444601058960e-01
2.047438323497772217e-01
1.779310226440429688e+00
2.864709794521331787e-01
3.301018849015235901e-02
4.329988956451416016e-01
2.354811429977416992e+00
6.653048992156982422e-01
8.181002736091613770e-01
4.701752960681915283e-01
2.174355030059814453e+00
2.350830554962158203e+00
1.415633797645568848e+00
6.647828966379165649e-03
5.500736832618713379e-01
0.000000000000000000e+00
0.000000000000000000e+00
