1.138314247131347656e+00
0.000000000000000000e+00
1.425703912973403931e-01
3.484561443328857422e+00
2.560240626335144043e-01
2.187742292881011963e-01
6.102632284164428711e-01
3.943532943725585938e+00
5.094571590423583984e+00
1.095236897468566895e+00
6.683549284934997559e-02
1.730588555335998535e+00
3.870182484388351440e-02
1.687581539154052734e-01
2.994127750396728516e+00
2.307939678430557251e-01
8.524163365364074707e-01
1.987004756927490234e+00
5.750115513801574707e-01
3.353029955178499222e-03
6.934323906898498535e-01
9.834156930446624756e-02
3.066054545342922211e-02
1.992691874504089355e+00
1.140964254736900330e-01
7.303037494421005249e-02
3.873710706830024719e-02
2.687873601913452148e+00
1.500330865383148193e-01
1.027656346559524536e-02
4.658945370465517044e-03
0.000000000000000000e+00
7.044225931167602539e-01
1.163742505013942719e-02
6.610523909330368042e-02
4.119533538818359375e+00
4.185599088668823242e-01
1.332697831094264984e-02
9.465854763984680176e-01
4.237885773181915283e-01
4.912241101264953613e-01
7.869285941123962402e-01
2.053053528070449829e-01
1.498010993003845215e+00
3.369527161121368408e-01
8.343616127967834473e-01
4.443967938423156738e-01
7.030361294746398926e-01
1.256167143583297729e-01
2.257428407669067383e+00
1.456945300102233887e+00
2.471942454576492310e-03
1.404917120933532715e+00
0.000000000000000000e+00
1.413424849510192871e+00
4.991461709141731262e-02
2.020187675952911377e-01
1.765268594026565552e-01
1.766018986701965332e+00
7.058812975883483887e-01
3.182961046695709229e-01
5.180646851658821106e-02
1.285106986761093140e-01
1.845786571502685547e+00
1.553219556808471680e+00
8.184245824813842773e-01
0.000000000000000000e+00
2.725369632244110107e-01
4.755204021930694580e-01
1.015958189964294434e+00
0.000000000000000000e+00
7.656845450401306152e-02
2.999724149703979492e-01
9.161122143268585205e-03
6.761463284492492676e-01
2.188097238540649414e+00
0.000000000000000000e+00
2.674510478973388672e-01
2.758292257785797119e-01
7.937360405921936035e-01
2.156985551118850708e-01
7.927672266960144043e-01
2.387249708175659180e+00
1.097963750362396240e-01
2.141529798507690430e+00
2.354185841977596283e-02
2.062904119491577148e+00
2.688457630574703217e-02
5.926569104194641113e-01
3.519300743937492371e-02
0.000000000000000000e+00
4.025971516966819763e-02
3.032718040049076080e-02
0.000000000000000000e+00
1.509736657142639160e+00
2.896613180637359619e-01
9.780248403549194336e-01
4.440990388393402100e-01
0.000000000000000000e+00
1.624910905957221985e-02
1.165397278964519501e-02
2.701134383678436279e-01
2.208564430475234985e-01
1.569342017173767090e+00
9.110323786735534668e-01
2.576987147331237793e-01
1.725237965583801270e+00
7.739473879337310791e-02
6.076158583164215088e-02
1.582345217466354370e-01
2.407249450683593750e+00
0.000000000000000000e+00
1.068691015243530273e+00
1.201622843742370605e+00
6.489560604095458984e-01
1.688824295997619629e-01
4.229362681508064270e-02
0.000000000000000000e+00
1.808015815913677216e-02
2.498321294784545898e+00
7.669121623039245605e-01
3.797735869884490967e-01
1.117034256458282471e-01
1.603593468666076660e+00
4.927951097488403320e-01
1.437697887420654297e+00
0.000000000000000000e+00
3.149520158767700195e-01
2.378351688385009766e+00
6.995198875665664673e-02
0.000000000000000000e+00
8.287270069122314453e-01
3.301176056265830994e-02
4.739326611161231995e-02
6.037575602531433105e-01
0.000000000000000000e+00
2.265768945217132568e-01
4.949302673339843750e+00
0.000000000000000000e+00
4.432978481054306030e-02
6.483811736106872559e-01
6.456458568572998047e-01
1.617782711982727051e+00
0.000000000000000000e+00
2.498735189437866211e-01
1.059294104576110840e+00
7.695254683494567871e-01
1.162626862525939941e+00
1.119794368743896484e+00
7.512349635362625122e-02
6.061304092407226562e+00
8.334128558635711670e-02
5.217670798301696777e-01
4.723442196846008301e-01
1.915943980216979980e+00
1.227199554443359375e+00
4.516743421554565430e-01
9.084047377109527588e-02
3.112686157226562500e+00
4.434932395815849304e-02
4.333877563476562500e-01
1.204531311988830566e+00
1.548589229583740234e+00
1.168841589242219925e-02
4.457734897732734680e-02
1.630825400352478027e-01
0.000000000000000000e+00
0.000000000000000000e+00
1.676016926765441895e+00
2.161716938018798828e+00
1.497815102338790894e-01
0.000000000000000000e+00
0.000000000000000000e+00
1.025379657745361328e+00
1.400251872837543488e-03
8.856284141540527344e+00
0.000000000000000000e+00
2.733908034861087799e-02
7.995709031820297241e-02
4.915439337491989136e-02
3.949254006147384644e-02
4.775424301624298096e-02
0.000000000000000000e+00
1.156549215316772461e+00
3.581247925758361816e-01
0.000000000000000000e+00
7.981517119333148003e-04
7.709569334983825684e-01
0.000000000000000000e+00
1.718954294919967651e-01
0.000000000000000000e+00
0.000000000000000000e+00
1.368623375892639160e+00
4.505035579204559326e-01
1.083886772394180298e-01
3.308940827846527100e-01
8.961207270622253418e-01
4.858759641647338867e-01
4.407108128070831299e-01
1.580347299575805664e+00
1.780790328979492188e+00
6.294934749603271484e-01
7.156878113746643066e-01
2.982060909271240234e-01
3.529994562268257141e-02
1.262460649013519287e-01
3.911906853318214417e-03
3.798567950725555420e-01
1.017533056437969208e-02
3.362573623657226562e+00
4.520186409354209900e-02
6.194051355123519897e-03
2.544385008513927460e-02
2.203173041343688965e-01
5.813229680061340332e-01
1.200068116188049316e+00
1.070034056901931763e-01
3.122455477714538574e-01
1.236475825309753418e+00
2.367045164108276367e+00
3.166739940643310547e-01
3.602970540523529053e-01
3.753620386123657227e-01
2.714300528168678284e-03
7.050724029541015625e-01
0.000000000000000000e+00
2.042274028062820435e-01
8.657122403383255005e-02
0.000000000000000000e+00
0.000000000000000000e+00
5.004233121871948242e-01
7.697476446628570557e-02
1.080501914024353027e+00
2.621510744094848633e+00
4.272646009922027588e-01
5.592020750045776367e-01
1.799370527267456055e+00
8.063436746597290039e-01
0.000000000000000000e+00
1.439781665802001953e+00
2.391919493675231934e-01
1.907796263694763184e-01
9.463606774806976318e-02
2.233128786087036133e+00
5.291075110435485840e-01
1.814464181661605835e-01
9.595965147018432617e-01
4.698136448860168457e-02
2.298675060272216797e+00
1.620611190795898438e+00
1.103911995887756348e-01
4.991381764411926270e-01
1.214324459433555603e-01
1.277990546077489853e-02
5.847040414810180664e-01
0.000000000000000000e+00
1.854273118078708649e-02
8.975414559245109558e-03
0.000000000000000000e+00
1.371462922543287277e-02
8.550572395324707031e-01
3.488027453422546387e-01
1.069513633847236633e-01
4.700681194663047791e-03
0.000000000000000000e+00
1.967506855726242065e-02
2.802639722824096680e+00
0.000000000000000000e+00
5.642755627632141113e-01
1.113127917051315308e-02
1.377941846847534180e+00
2.566761076450347900e-01
9.059809446334838867e-01
6.145053729414939880e-02
3.890042006969451904e-01
2.713243961334228516e-01
3.251697495579719543e-02
4.961833059787750244e-01
2.049094200134277344e+00
4.403118044137954712e-02
3.848382458090782166e-02
5.621060132980346680e-01
1.287261545658111572e-01
5.750332772731781006e-02
2.733059823513031006e-01
3.552668690681457520e-01
2.017801761627197266e+00
5.461172200739383698e-03
9.785785079002380371e-01
1.159256673417985439e-03
1.335241198539733887e+00
1.945619940757751465e+00
1.623664647340774536e-01
7.919357717037200928e-02
8.567512035369873047e-03
1.232639998197555542e-01
1.552364528179168701e-01
6.389353275299072266e-01
1.700480580329895020e+00
4.972901344299316406e+00
4.410386979579925537e-01
2.109279930591583252e-01
3.455314412713050842e-02
1.536939293146133423e-01
0.000000000000000000e+00
2.245333939790725708e-01
0.000000000000000000e+00
0.000000000000000000e+00
5.224479734897613525e-02
2.839905023574829102e-02
3.749010860919952393e-01
0.000000000000000000e+00
1.751272007822990417e-02
1.243467926979064941e+00
1.633190214633941650e-01
9.451892226934432983e-02
0.000000000000000000e+00
8.316110074520111084e-02
6.513428688049316406e-01
8.784514665603637695e-02
1.284516096115112305e+00
0.000000000000000000e+00
0.000000000000000000e+00
6.067176461219787598e-01
1.941163092851638794e-01
1.474762558937072754e+00
8.829759061336517334e-02
0.000000000000000000e+00
8.743960857391357422e-01
1.066402316093444824e+00
3.933625295758247375e-03
8.106439374387264252e-03
1.665071235038340092e-03
1.287221610546112061e-01
3.908834606409072876e-02
1.822181940078735352e-01
1.297248244285583496e+00
1.232490241527557373e-01
6.472868323326110840e-01
6.662170886993408203e-01
1.572720333933830261e-02
0.000000000000000000e+00
5.240910127758979797e-02
7.571132481098175049e-02
1.609576702117919922e+00
1.485779285430908203e+00
1.170519962906837463e-01
5.696415901184082031e-03
0.000000000000000000e+00
2.590637207031250000e-01
1.144664287567138672e+00
1.642847657203674316e+00
3.243383020162582397e-02
0.000000000000000000e+00
4.542089104652404785e-01
1.190812468528747559e+00
4.852897953242063522e-03
4.482244253158569336e-01
0.000000000000000000e+00
5.694693922996520996e-01
5.844351053237915039e-01
1.256386339664459229e-01
2.081285566091537476e-01
1.326080411672592163e-01
1.032894611358642578e+00
9.877505898475646973e-01
1.187245368957519531e+00
5.780276656150817871e-01
2.015779972076416016e+00
3.702610963955521584e-03
4.762421250343322754e-01
1.266682267189025879e+00
3.053984940052032471e-01
5.732673406600952148e-01
5.655369758605957031e-01
1.614856417290866375e-03
7.425090763717889786e-03
3.217664780095219612e-04
1.137550845742225647e-01
6.406467556953430176e-01
0.000000000000000000e+00
2.553677797317504883e+00
4.155127525329589844e+00
2.800384163856506348e-01
5.291551724076271057e-02
8.426761031150817871e-01
9.512370452284812927e-03
0.000000000000000000e+00
0.000000000000000000e+00
5.233883112668991089e-02
4.889530837535858154e-01
2.497744001448154449e-02
0.000000000000000000e+00
4.149273037910461426e-01
2.376478463411331177e-01
5.274040102958679199e-01
1.449497580528259277e+00
2.198953330516815186e-01
1.347140595316886902e-02
2.382893085479736328e+00
2.479119151830673218e-01
1.762295007705688477e+00
0.000000000000000000e+00
3.769554495811462402e-01
1.865069866180419922e+00
3.147870302200317383e-01
1.258187770843505859e+00
2.978234589099884033e-01
1.227688312530517578e+00
4.641239643096923828e-01
3.137601017951965332e-01
0.000000000000000000e+00
8.645702004432678223e-01
8.640608191490173340e-01
4.405197799205780029e-01
0.000000000000000000e+00
2.900230407714843750e+00
0.000000000000000000e+00
6.011829972267150879e-01
8.224941790103912354e-02
1.675350368022918701e-01
7.939909398555755615e-02
0.000000000000000000e+00
3.190512418746948242e+00
1.018798232078552246e+00
3.692438602447509766e-01
7.093572616577148438e-01
2.473699331283569336e+00
0.000000000000000000e+00
1.179705739021301270e+00
1.332351118326187134e-01
1.260384172201156616e-01
0.000000000000000000e+00
0.000000000000000000e+00
0.000000000000000000e+00
2.328108102083206177e-01
5.447228997945785522e-02
0.000000000000000000e+00
2.422974817454814911e-02
1.641361117362976074e-01
1.782265782356262207e+00
0.000000000000000000e+00
2.447374612092971802e-01
2.868762910366058350e-01
1.411437392234802246e+00
1.157331764698028564e-01
0.000000000000000000e+00
6.150114536285400391e-02
3.489593267440795898e-01
1.553399205207824707e+00
5.366970896720886230e-01
1.214325055480003357e-02
2.471411943435668945e+00
8.030553162097930908e-02
8.994566798210144043e-01
1.127006337046623230e-01
3.833733797073364258e-01
3.063086569309234619e-01
1.046428736299276352e-02
7.257990837097167969e-01
1.692844390869140625e+00
5.926786661148071289e-01
1.530604600906372070e+00
9.945657104253768921e-02
8.570755720138549805e-01
1.970901526510715485e-02
2.240252651972696185e-04
8.204056620597839355e-01
5.446474552154541016e-01
2.708388864994049072e-01
0.000000000000000000e+00
4.527611136436462402e-01
1.099570393562316895e-01
1.830038428306579590e-01
2.346183300018310547e+00
4.714708924293518066e-01
5.159807950258255005e-02
8.065367341041564941e-01
4.008555784821510315e-02
1.274166226387023926e+00
2.610390782356262207e-01
0.000000000000000000e+00
2.056895494461059570e-01
2.069031953811645508e+00
1.723455548286437988e+00
0.000000000000000000e+00
6.060430407524108887e-01
3.758899867534637451e-02
1.629892230033874512e+00
3.419064879417419434e-01
5.944775938987731934e-01
1.714262843132019043e+00
0.000000000000000000e+00
1.020466446876525879e+00
5.041011571884155273e-01
0.000000000000000000e+00
0.000000000000000000e+00
1.375758051872253418e+00
3.901991993188858032e-02
5.131457746028900146e-02
3.069315552711486816e-01
1.760462522506713867e+00
0.000000000000000000e+00
1.142286777496337891e+00
1.194784939289093018e-01
5.894943475723266602e-01
2.398314237594604492e+00
1.911403656005859375e+00
2.104572393000125885e-02
1.550905346870422363e+00
0.000000000000000000e+00
6.991456262767314911e-03
