6.721045821905136108e-02
0.000000000000000000e+00
1.729011237621307373e-01
2.635436058044433594e+00
5.172511935234069824e-01
2.078574001789093018e-01
7.616080045700073242e-01
2.407338380813598633e+00
7.250221729278564453e+00
9.080162644386291504e-01
6.930606812238693237e-02
1.936778306961059570e+00
2.175488471984863281e-01
1.417550921440124512e+00
1.909817814826965332e+00
5.872549414634704590e-01
8.701297640800476074e-01
1.256920099258422852e+00
5.678960084915161133e-01
4.471582174301147461e-02
1.582117438316345215e+00
0.000000000000000000e+00
7.736217230558395386e-03
2.333533048629760742e+00
6.242179870605468750e-02
7.567558903247117996e-03
3.187916800379753113e-02
1.660127282142639160e+00
3.593516647815704346e-01
9.936587512493133545e-02
7.235075812786817551e-03
2.449542284011840820e-03
3.633598685264587402e-01
5.848559141159057617e-01
1.668104380369186401e-01
1.967674851417541504e+00
2.991027832031250000e-01
2.305058091878890991e-01
2.631213366985321045e-01
4.354239106178283691e-01
3.710336387157440186e-01
2.687217593193054199e-01
1.387543678283691406e+00
4.883521080017089844e+00
2.891582548618316650e-01
1.374605417251586914e+00
1.188923344016075134e-01
1.027681469917297363e+00
2.423445694148540497e-02
9.928925037384033203e-01
3.198336124420166016e+00
0.000000000000000000e+00
1.417803645133972168e+00
1.563153602182865143e-02
1.262359976768493652e+00
1.501849591732025146e-01
1.000210866332054138e-01
1.809768676757812500e-01
2.692878484725952148e+00
2.064050137996673584e-01
1.132607758045196533e-01
2.775237262248992920e-01
9.445648174732923508e-04
5.261790752410888672e-01
1.032173752784729004e+00
4.268492460250854492e-01
1.498075574636459351e-01
5.037341713905334473e-01
6.811615824699401855e-01
5.382043123245239258e-01
8.212553337216377258e-03
3.896502079442143440e-03
1.486441791057586670e-01
8.775656223297119141e-01
8.074939250946044922e-01
1.428856372833251953e+00
8.725682646036148071e-02
9.623798131942749023e-01
7.043157815933227539e-01
8.552092313766479492e-01
5.544605478644371033e-02
8.125991821289062500e-01
2.173796892166137695e+00
3.086748765781521797e-03
1.621011853218078613e+00
7.362367212772369385e-02
1.226157784461975098e+00
1.625242531299591064e-01
7.442517876625061035e-01
8.850618451833724976e-02
3.181048855185508728e-02
7.531327661126852036e-03
0.000000000000000000e+00
0.000000000000000000e+00
1.424234151840209961e+00
3.919230401515960693e-01
2.591516077518463135e-01
1.000010490417480469e+00
1.721631288528442383e-01
1.391526460647583008e-01
0.000000000000000000e+00
5.724905133247375488e-01
9.141463786363601685e-03
1.417243599891662598e+00
9.613915085792541504e-01
1.621533930301666260e-01
1.231462597846984863e+00
5.461665391921997070e-01
3.288667201995849609e-01
1.456565111875534058e-01
1.070788741111755371e+00
1.261340677738189697e-01
4.579604566097259521e-01
1.451127678155899048e-01
5.812324285507202148e-01
3.433954715728759766e-02
4.213704168796539307e-02
4.495203495025634766e-01
1.008343935012817383e+00
2.661892652511596680e+00
1.070501208305358887e+00
3.638664633035659790e-02
2.129390090703964233e-01
1.496673583984375000e+00
1.298163294792175293e+00
6.123837232589721680e-01
3.396337851881980896e-02
5.353402495384216309e-01
1.630249619483947754e+00
2.376705221831798553e-02
0.000000000000000000e+00
4.219679534435272217e-01
2.747606635093688965e-01
2.447155117988586426e-01
5.991192460060119629e-01
4.845750052481889725e-03
3.264202475547790527e-01
4.711750030517578125e+00
0.000000000000000000e+00
1.529649347066879272e-01
4.715856164693832397e-02
1.760272532701492310e-01
2.090719938278198242e+00
0.000000000000000000e+00
4.588038846850395203e-02
4.802547693252563477e-01
7.977797389030456543e-01
5.624446272850036621e-01
8.752686381340026855e-01
6.141125410795211792e-02
5.709029674530029297e+00
3.050711154937744141e-01
7.953946292400360107e-02
5.349270701408386230e-01
1.752183198928833008e+00
9.100448489189147949e-01
1.018096953630447388e-01
1.076221019029617310e-01
1.243522286415100098e+00
1.127257049083709717e-01
2.153805270791053772e-02
1.077402949333190918e+00
2.648107409477233887e-01
0.000000000000000000e+00
6.314225196838378906e-01
1.211471259593963623e-01
0.000000000000000000e+00
0.000000000000000000e+00
5.951775312423706055e-01
1.999960780143737793e+00
7.319275140762329102e-01
2.455769330263137817e-01
8.315294049680233002e-03
5.059531927108764648e-01
5.916293859481811523e-01
7.400741577148437500e+00
0.000000000000000000e+00
0.000000000000000000e+00
9.988153725862503052e-02
1.275921463966369629e-01
2.679462078958749771e-03
1.940951794385910034e-01
3.190175592899322510e-01
2.714323759078979492e+00
7.899685949087142944e-02
1.316272001713514328e-02
3.341916799545288086e-01
1.190648436546325684e+00
0.000000000000000000e+00
1.515335310250520706e-02
0.000000000000000000e+00
0.000000000000000000e+00
1.194904208183288574e+00
2.108695507049560547e-01
4.999475181102752686e-01
2.961706817150115967e-01
1.076882600784301758e+00
2.909650504589080811e-01
1.113384217023849487e-01
8.896194696426391602e-01
1.229191303253173828e+00
1.497244387865066528e-01
8.267978578805923462e-02
6.719256043434143066e-01
9.335689246654510498e-02
0.000000000000000000e+00
5.755907893180847168e-01
1.201060228049755096e-02
3.249053359031677246e-01
1.661568164825439453e+00
1.406522989273071289e-01
4.511755704879760742e-01
6.387763023376464844e-01
1.062080860137939453e+00
8.358219265937805176e-01
5.773409605026245117e-01
1.550783365964889526e-01
4.537369310855865479e-01
1.802615523338317871e+00
5.404100418090820312e-01
0.000000000000000000e+00
2.209881395101547241e-01
3.576383590698242188e-01
1.382261514663696289e-01
3.316965103149414062e-01
0.000000000000000000e+00
3.323303163051605225e-01
1.967063397169113159e-01
5.806837696582078934e-03
1.467392779886722565e-03
2.581068873405456543e-01
4.878302216529846191e-01
1.771868348121643066e+00
1.444643855094909668e+00
7.704078555107116699e-01
9.658781886100769043e-01
2.240477800369262695e+00
8.583208918571472168e-01
0.000000000000000000e+00
7.363591790199279785e-01
2.322320342063903809e-01
1.953224092721939087e-02
3.201091587543487549e-01
3.095371007919311523e+00
7.644308209419250488e-01
9.860850125551223755e-02
2.698611319065093994e-01
2.000425709411501884e-03
2.329904079437255859e+00
6.065427064895629883e-01
2.312298566102981567e-01
8.925086855888366699e-01
0.000000000000000000e+00
1.010288953781127930e+00
8.368330001831054688e-01
8.443981409072875977e-02
0.000000000000000000e+00
0.000000000000000000e+00
1.008654460310935974e-01
8.174180984497070312e-02
6.775207519531250000e-01
4.304898977279663086e-01
0.000000000000000000e+00
8.648990094661712646e-02
0.000000000000000000e+00
9.487425535917282104e-02
1.041028857231140137e+00
1.545137539505958557e-02
6.798377633094787598e-01
0.000000000000000000e+00
1.073946356773376465e+00
5.789000540971755981e-03
1.033238410949707031e+00
3.335987403988838196e-02
3.237899541854858398e-01
3.277325332164764404e-01
2.084893733263015747e-01
4.625585675239562988e-01
5.714753270149230957e-01
2.409820817410945892e-02
2.069542370736598969e-02
4.649366140365600586e-01
2.232660502195358276e-01
2.204001247882843018e-01
4.417027235031127930e-01
1.197629690170288086e+00
1.102410316467285156e+00
6.844101473689079285e-03
1.088819056749343872e-01
0.000000000000000000e+00
1.206470847129821777e+00
9.681477546691894531e-01
3.747126460075378418e-01
0.000000000000000000e+00
1.819463074207305908e-01
2.680270373821258545e-01
9.225428849458694458e-02
1.282882690429687500e-01
6.874769926071166992e-01
5.581720352172851562e+00
7.471512556076049805e-01
2.410187125205993652e-01
2.951579988002777100e-01
8.150957291945815086e-04
8.777046203613281250e-02
2.144858986139297485e-01
2.509201690554618835e-02
0.000000000000000000e+00
1.650605499744415283e-01
2.875867784023284912e-01
6.046929955482482910e-01
4.166170582175254822e-02
2.594017684459686279e-01
6.110578775405883789e-01
0.000000000000000000e+00
7.834050655364990234e-01
1.848575659096240997e-03
5.595786571502685547e-01
5.099461078643798828e-01
7.253131270408630371e-02
1.754598736763000488e+00
0.000000000000000000e+00
8.055912703275680542e-02
3.145414292812347412e-01
2.528672106564044952e-02
7.401242256164550781e-01
2.425324171781539917e-01
0.000000000000000000e+00
8.301666975021362305e-01
2.828873991966247559e-01
0.000000000000000000e+00
0.000000000000000000e+00
2.002854049205780029e-01
3.181791007518768311e-01
1.097935661673545837e-01
4.754926562309265137e-01
1.693428754806518555e+00
8.929762244224548340e-01
7.508667707443237305e-01
9.801849126815795898e-01
9.838213771581649780e-02
0.000000000000000000e+00
1.139321997761726379e-01
3.389838039875030518e-01
8.758927583694458008e-01
9.447215199470520020e-01
5.539319943636655807e-03
9.124407917261123657e-02
2.774250209331512451e-01
3.084918260574340820e-01
1.187439113855361938e-01
3.287018835544586182e-01
4.534980654716491699e-02
1.182667836546897888e-01
0.000000000000000000e+00
1.171445846557617188e+00
0.000000000000000000e+00
1.903310269117355347e-01
2.045058878138661385e-03
4.335116744041442871e-01
5.432587265968322754e-01
0.000000000000000000e+00
2.349376231431961060e-01
9.148092269897460938e-01
1.832816243171691895e+00
1.037611842155456543e+00
2.543088197708129883e-01
1.369262933731079102e+00
1.095202445983886719e+00
0.000000000000000000e+00
5.173329114913940430e-01
1.348038434982299805e+00
4.384612441062927246e-01
1.958597898483276367e-01
4.474054276943206787e-01
1.526296511292457581e-02
7.581923156976699829e-02
0.000000000000000000e+00
2.235284745693206787e-01
9.419297575950622559e-01
2.249896526336669922e-01
4.216207981109619141e+00
1.991815924644470215e+00
3.643778264522552490e-01
0.000000000000000000e+00
7.815598249435424805e-01
6.051167473196983337e-02
0.000000000000000000e+00
0.000000000000000000e+00
9.870094805955886841e-02
2.226534485816955566e-01
3.735763207077980042e-02
0.000000000000000000e+00
3.088313639163970947e-01
2.725071310997009277e-01
3.734090626239776611e-01
2.354961156845092773e+00
4.626292362809181213e-02
1.105214282870292664e-02
4.414827227592468262e-01
1.013287678360939026e-01
6.581479907035827637e-01
0.000000000000000000e+00
1.636685281991958618e-01
1.130106687545776367e+00
2.708760797977447510e-01
9.799813628196716309e-01
1.361591517925262451e-01
1.248116731643676758e+00
2.603367865085601807e-01
3.183505237102508545e-01
0.000000000000000000e+00
5.081420540809631348e-01
1.664658308029174805e+00
4.114253446459770203e-02
3.841277956962585449e-02
2.639959573745727539e+00
1.062252223491668701e-01
3.660927414894104004e-01
5.241418629884719849e-02
1.586564816534519196e-02
6.827285289764404297e-01
0.000000000000000000e+00
2.614119768142700195e+00
4.215883016586303711e-01
7.480931878089904785e-01
1.587870836257934570e+00
1.348643898963928223e+00
3.126357495784759521e-02
1.180055141448974609e+00
4.085857886821031570e-03
4.779297858476638794e-02
1.044077277183532715e-01
7.752701174467802048e-03
8.659715950489044189e-02
1.515457928180694580e-01
2.004151642322540283e-01
1.483082422055304050e-03
3.794043557718396187e-03
3.135413229465484619e-01
1.268324732780456543e+00
0.000000000000000000e+00
1.370197832584381104e-01
1.423856317996978760e-01
1.356365203857421875e+00
0.000000000000000000e+00
0.000000000000000000e+00
8.220581710338592529e-02
2.561913728713989258e-01
1.030319452285766602e+00
8.977061510086059570e-01
1.804636120796203613e-01
1.529604554176330566e+00
0.000000000000000000e+00
8.504784703254699707e-01
9.613971412181854248e-02
1.247745566070079803e-02
6.118975114077329636e-03
0.000000000000000000e+00
1.935168504714965820e+00
1.737304687500000000e+00
8.378968387842178345e-02
3.103163480758666992e+00
3.393184021115303040e-02
9.605575799942016602e-01
0.000000000000000000e+00
1.358966156840324402e-02
1.065521612763404846e-01
1.734175086021423340e+00
1.175595998764038086e+00
0.000000000000000000e+00
1.066666617989540100e-01
1.348701268434524536e-01
8.892980962991714478e-02
2.253684997558593750e+00
1.679450273513793945e-01
7.973340339958667755e-03
1.431717127561569214e-01
6.214469298720359802e-02
3.839780390262603760e-01
1.551114320755004883e-01
4.836081992834806442e-03
1.811185926198959351e-01
8.132812380790710449e-01
1.167611718177795410e+00
0.000000000000000000e+00
4.118001759052276611e-01
6.821586191654205322e-02
5.624586343765258789e-01
1.012309715151786804e-01
2.018671631813049316e-01
3.003169894218444824e-01
6.734106689691543579e-03
3.290678560733795166e-01
6.821770071983337402e-01
0.000000000000000000e+00
6.360343843698501587e-02
1.775485157966613770e+00
2.801634743809700012e-02
0.000000000000000000e+00
2.817371487617492676e-01
1.353214979171752930e+00
2.782146632671356201e-01
7.883568406105041504e-01
7.516339421272277832e-01
2.284190893173217773e+00
2.662562131881713867e+00
6.016258001327514648e-01
5.011454224586486816e-03
4.780341088771820068e-01
0.000000000000000000e+00
0.000000000000000000e+00
