7.428130507469177246e-02
0.000000000000000000e+00
1.978296488523483276e-01
2.166228294372558594e+00
3.176708221435546875e-01
6.558218002319335938e-01
1.437546968460083008e+00
3.591752529144287109e+00
6.370982646942138672e+00
1.421884179115295410e+00
1.026731505990028381e-01
1.953243613243103027e+00
2.152899801731109619e-01
2.955846190452575684e-01
2.316963672637939453e+00
6.642043590545654297e-01
1.011762142181396484e+00
8.047739267349243164e-01
4.526029229164123535e-01
1.624395996332168579e-01
8.866562247276306152e-01
0.000000000000000000e+00
7.519354671239852905e-02
1.377191424369812012e+00
1.421788781881332397e-01
7.525615394115447998e-02
0.000000000000000000e+00
7.164269089698791504e-01
2.192376106977462769e-01
1.798458397388458252e-02
1.559620536863803864e-02
1.098121888935565948e-02
4.465503692626953125e-01
6.670681834220886230e-01
2.383473664522171021e-01
3.412512779235839844e+00
5.662077069282531738e-01
1.424780637025833130e-01
4.660024344921112061e-01
6.204455494880676270e-01
4.936555325984954834e-01
4.706424772739410400e-01
8.047650456428527832e-01
3.567056894302368164e+00
4.359089434146881104e-01
1.772343158721923828e+00
3.656220734119415283e-01
1.360392808914184570e+00
1.225197836756706238e-01
1.541161298751831055e+00
2.668290138244628906e+00
5.401582457125186920e-03
1.537461876869201660e+00
9.227721393108367920e-02
1.842566967010498047e+00
3.291147947311401367e-01
8.622964024543762207e-01
1.035462379455566406e+00
1.833634734153747559e+00
1.080369353294372559e-01
0.000000000000000000e+00
4.350952208042144775e-01
1.074766814708709717e-01
5.398662090301513672e-01
7.971516847610473633e-01
3.910902440547943115e-01
7.666514068841934204e-02
6.670849919319152832e-01
1.376844286918640137e+00
7.583455443382263184e-01
0.000000000000000000e+00
0.000000000000000000e+00
4.480910599231719971e-01
7.178122997283935547e-01
3.294348716735839844e-01
6.660273075103759766e-01
1.609475910663604736e-02
1.187114119529724121e+00
2.041331529617309570e-01
6.122038364410400391e-01
5.858564376831054688e-02
1.390869736671447754e+00
2.105628252029418945e+00
1.089004576206207275e-01
2.262122869491577148e+00
1.011486053466796875e-01
1.407333135604858398e+00
2.769661843776702881e-01
1.054110407829284668e+00
1.382913673296570778e-03
6.251062452793121338e-02
2.282125875353813171e-02
0.000000000000000000e+00
0.000000000000000000e+00
1.951021790504455566e+00
4.373352527618408203e-01
1.828329443931579590e+00
1.863608479499816895e+00
9.867946617305278778e-03
8.169356733560562134e-02
0.000000000000000000e+00
6.978043168783187866e-02
3.502582840155810118e-04
1.557477235794067383e+00
4.181565046310424805e-01
3.985000550746917725e-01
2.650549411773681641e+00
8.169714212417602539e-01
6.943122744560241699e-01
2.769358269870281219e-02
1.706424593925476074e+00
7.121170312166213989e-02
3.075298666954040527e-01
1.007118940353393555e+00
8.084659576416015625e-01
1.101729124784469604e-01
2.229785025119781494e-01
3.994981348514556885e-01
8.382937312126159668e-01
2.150812625885009766e+00
4.951150715351104736e-01
2.775890231132507324e-01
6.102872267365455627e-02
2.399829864501953125e+00
4.857776165008544922e-01
1.900551438331604004e+00
0.000000000000000000e+00
6.389494538307189941e-01
2.331120014190673828e+00
7.903157919645309448e-02
3.454104661941528320e-01
8.664497137069702148e-01
1.334596574306488037e-01
1.298428773880004883e-01
2.579219043254852295e-01
2.314370870590209961e-02
4.464949667453765869e-01
4.906656742095947266e+00
0.000000000000000000e+00
5.318964365869760513e-03
3.913426101207733154e-01
1.185686826705932617e+00
1.543015718460083008e+00
0.000000000000000000e+00
3.724402934312820435e-02
7.354861497879028320e-02
1.282662749290466309e+00
1.813723444938659668e+00
9.252872467041015625e-01
2.263841331005096436e-01
5.090118408203125000e+00
4.368696361780166626e-02
1.517548203468322754e+00
6.857184171676635742e-01
2.336040019989013672e+00
1.935957908630371094e+00
4.637826383113861084e-01
2.509546279907226562e-01
2.537477970123291016e+00
5.681569576263427734e-01
2.387212216854095459e-02
1.495067477226257324e+00
4.478318393230438232e-01
8.943591266870498657e-02
5.245541930198669434e-01
1.542976349592208862e-01
0.000000000000000000e+00
0.000000000000000000e+00
1.227824330329895020e+00
2.269736766815185547e+00
3.802781403064727783e-01
8.916480839252471924e-02
3.813398629426956177e-02
1.792080283164978027e+00
8.021939396858215332e-01
7.805266380310058594e+00
0.000000000000000000e+00
2.445498295128345490e-02
1.238987781107425690e-03
1.191370710730552673e-01
1.054176688194274902e-01
4.329615533351898193e-01
3.821734189987182617e-01
3.495935201644897461e+00
1.840456724166870117e-01
4.749879613518714905e-02
6.884032487869262695e-02
2.046001434326171875e+00
0.000000000000000000e+00
1.799938380718231201e-01
0.000000000000000000e+00
1.895965188741683960e-01
1.241477608680725098e+00
7.011657357215881348e-01
4.585469961166381836e-01
2.559278905391693115e-01
8.686240911483764648e-01
3.617023229598999023e-01
3.040266633033752441e-01
1.657345175743103027e+00
1.650715112686157227e+00
4.340007007122039795e-01
1.192848384380340576e-01
1.546650826930999756e-01
3.383466303348541260e-01
1.300594061613082886e-01
6.432053446769714355e-01
3.297010902315378189e-03
5.250003933906555176e-01
1.111002683639526367e+00
1.066443230956792831e-02
2.692617774009704590e-01
4.776811003684997559e-01
1.452709197998046875e+00
1.100544452667236328e+00
5.318122506141662598e-01
1.944091916084289551e-01
4.473934471607208252e-01
1.932285547256469727e+00
1.439343452453613281e+00
0.000000000000000000e+00
6.299939472228288651e-03
6.996818184852600098e-01
1.100004240870475769e-01
8.567072153091430664e-01
0.000000000000000000e+00
5.410871505737304688e-01
3.568491935729980469e-01
1.724928431212902069e-02
1.234783884137868881e-02
5.622609257698059082e-01
1.067289412021636963e-01
2.820652723312377930e+00
1.653434276580810547e+00
8.891931176185607910e-01
1.373044252395629883e+00
2.700021505355834961e+00
6.440171003341674805e-01
2.152561545372009277e-01
6.952309012413024902e-01
6.368402838706970215e-01
1.448772549629211426e-01
7.922009564936161041e-03
2.696231603622436523e+00
4.764049947261810303e-01
4.171042740345001221e-01
8.748599886894226074e-01
0.000000000000000000e+00
1.639221787452697754e+00
1.835157752037048340e+00
1.288377344608306885e-01
1.969225108623504639e-01
9.116232395172119141e-04
6.902875900268554688e-01
1.811583757400512695e+00
5.891641601920127869e-02
1.009393576532602310e-02
0.000000000000000000e+00
1.899890415370464325e-02
0.000000000000000000e+00
9.080844521522521973e-01
4.091173112392425537e-01
2.533568441867828369e-01
1.357252616435289383e-02
0.000000000000000000e+00
1.237176731228828430e-02
2.869142770767211914e+00
0.000000000000000000e+00
1.993809461593627930e+00
1.057352870702743530e-03
1.693984150886535645e+00
0.000000000000000000e+00
1.410765767097473145e+00
1.567939817905426025e-01
2.246364653110504150e-01
9.006571769714355469e-01
2.633980214595794678e-01
5.781997442245483398e-01
1.774793028831481934e+00
1.530080437660217285e-01
2.297944389283657074e-02
6.784526109695434570e-01
2.390615828335285187e-02
6.345325615257024765e-03
2.388031184673309326e-01
9.694488644599914551e-01
1.643042087554931641e+00
6.666432600468397141e-03
5.092540010809898376e-02
1.231969613581895828e-02
1.898969054222106934e+00
2.867242336273193359e+00
7.427867650985717773e-01
5.096605792641639709e-02
2.433614730834960938e-01
5.201794505119323730e-01
4.013783633708953857e-01
1.562741398811340332e-01
2.018045425415039062e+00
5.520762920379638672e+00
5.149668455123901367e-01
7.686726450920104980e-01
3.564667105674743652e-01
4.300697445869445801e-01
1.453714519739151001e-01
9.518006443977355957e-02
6.497512012720108032e-02
0.000000000000000000e+00
2.882081866264343262e-01
4.785946607589721680e-01
2.791118621826171875e-01
7.068536709994077682e-03
7.444866001605987549e-02
1.710855245590209961e+00
7.496955990791320801e-01
4.371550083160400391e-01
0.000000000000000000e+00
3.644708096981048584e-01
1.528478980064392090e+00
8.217526227235794067e-02
2.257990837097167969e+00
0.000000000000000000e+00
1.224672123789787292e-01
2.003073543310165405e-01
0.000000000000000000e+00
7.707240581512451172e-01
9.944549947977066040e-02
0.000000000000000000e+00
5.993593931198120117e-01
7.636724114418029785e-01
4.711704701185226440e-02
1.433475292287766933e-03
1.995655745267868042e-01
2.280621090903878212e-03
9.780254215002059937e-02
1.426368832588195801e+00
1.662602663040161133e+00
8.548478595912456512e-03
8.188703060150146484e-01
1.114698290824890137e+00
4.838076233863830566e-02
0.000000000000000000e+00
4.066123962402343750e-01
1.520994454622268677e-01
8.901447057723999023e-01
1.044238686561584473e+00
1.176062598824501038e-01
2.907769940793514252e-02
3.144012093544006348e-01
4.944368302822113037e-01
4.976546764373779297e-01
1.549366831779479980e+00
5.353054404258728027e-01
2.298605814576148987e-02
1.685938835144042969e-01
1.094416022300720215e+00
0.000000000000000000e+00
6.725260019302368164e-01
0.000000000000000000e+00
6.346283555030822754e-01
2.413126230239868164e-01
6.298727355897426605e-03
3.676733672618865967e-01
4.565734863281250000e-01
2.012821674346923828e+00
9.925925135612487793e-01
9.262526035308837891e-01
1.589353561401367188e+00
2.098239183425903320e+00
0.000000000000000000e+00
2.828512191772460938e-01
2.209396123886108398e+00
1.073797583580017090e+00
1.102599501609802246e-01
8.715797662734985352e-01
6.816476583480834961e-03
4.541031122207641602e-01
0.000000000000000000e+00
9.216268658638000488e-01
5.519745349884033203e-01
6.555634737014770508e-02
3.252108097076416016e+00
3.189238786697387695e+00
1.462786316871643066e+00
0.000000000000000000e+00
1.142846226692199707e+00
6.333973258733749390e-02
0.000000000000000000e+00
0.000000000000000000e+00
1.449118405580520630e-01
1.471770703792572021e-01
0.000000000000000000e+00
9.505547932349145412e-04
4.097995758056640625e-01
2.144512953236699104e-03
1.004335761070251465e+00
1.667830586433410645e+00
1.395006030797958374e-01
3.705613911151885986e-01
1.673504114151000977e+00
1.713131181895732880e-02
7.688606977462768555e-01
5.015136674046516418e-03
8.053085952997207642e-02
7.111070156097412109e-01
3.631388545036315918e-01
1.689975976943969727e+00
3.767928183078765869e-01
1.857626438140869141e+00
4.425452649593353271e-01
4.598662257194519043e-01
0.000000000000000000e+00
1.054843068122863770e+00
1.597599267959594727e+00
1.695916503667831421e-01
1.502768099308013916e-01
3.474528312683105469e+00
1.481081843376159668e-01
7.810766696929931641e-01
6.375620514154434204e-02
0.000000000000000000e+00
4.087479114532470703e-01
1.678980188444256783e-03
3.760536670684814453e+00
7.058514952659606934e-01
1.004910707473754883e+00
1.428126692771911621e+00
6.117455363273620605e-01
5.866979699931107461e-05
1.869690895080566406e+00
1.830657944083213806e-02
1.686922758817672729e-01
4.950635135173797607e-02
0.000000000000000000e+00
3.339343369007110596e-01
1.301877498626708984e-01
7.490333914756774902e-02
5.115532549098134041e-04
3.294133543968200684e-01
6.999509334564208984e-01
1.158633112907409668e+00
1.018593925982713699e-02
4.391486346721649170e-01
2.218506783246994019e-01
1.479964256286621094e+00
1.898949034512042999e-02
1.971291378140449524e-02
0.000000000000000000e+00
4.784292280673980713e-01
7.903459072113037109e-01
8.760098814964294434e-01
9.333696961402893066e-02
2.088115215301513672e+00
0.000000000000000000e+00
5.031292438507080078e-01
5.917525291442871094e-02
5.204051733016967773e-02
1.603255867958068848e-01
0.000000000000000000e+00
1.372076034545898438e+00
1.195716381072998047e+00
1.013356968760490417e-01
2.178118228912353516e+00
1.883324980735778809e-02
1.614759445190429688e+00
1.687405630946159363e-02
4.721280932426452637e-02
6.693154573440551758e-02
2.283510923385620117e+00
3.008715212345123291e-01
0.000000000000000000e+00
4.147182404994964600e-01
3.231090307235717773e-01
2.311452329158782959e-01
1.911526441574096680e+00
4.779053330421447754e-01
9.068994969129562378e-02
4.859589040279388428e-01
1.337476167827844620e-02
1.443388104438781738e+00
1.447272300720214844e-01
1.701674237847328186e-02
1.602911353111267090e-01
1.483921408653259277e+00
1.448280334472656250e+00
4.543499089777469635e-03
8.827952742576599121e-01
6.477938592433929443e-02
6.235631108283996582e-01
3.400788605213165283e-01
8.416122198104858398e-01
9.702779054641723633e-01
4.350938252173364162e-04
6.822595000267028809e-01
1.233956336975097656e+00
6.657225638628005981e-02
6.779006719589233398e-01
1.935112118721008301e+00
1.086803600192070007e-01
9.193949401378631592e-03
8.575246483087539673e-02
2.788700580596923828e+00
6.522048711776733398e-01
7.687684297561645508e-01
2.619507610797882080e-01
2.189439535140991211e+00
2.888067007064819336e+00
7.767134308815002441e-01
1.440195590257644653e-01
4.289633333683013916e-01
0.000000000000000000e+00
1.939528435468673706e-01
