6.983174681663513184e-01
0.000000000000000000e+00
2.187200635671615601e-01
3.611925363540649414e+00
2.448694556951522827e-01
3.665876984596252441e-01
6.467150449752807617e-01
4.770935058593750000e+00
6.426785469055175781e+00
1.327189803123474121e+00
1.992168575525283813e-01
2.619743824005126953e+00
6.174935698509216309e-01
5.961353182792663574e-01
3.202225685119628906e+00
6.373479962348937988e-01
6.167593598365783691e-01
1.738155364990234375e+00
2.437078505754470825e-01
0.000000000000000000e+00
1.361180543899536133e+00
0.000000000000000000e+00
5.407457426190376282e-02
2.993114471435546875e+00
7.409640401601791382e-02
2.455206122249364853e-03
5.310024321079254150e-02
2.381132364273071289e+00
3.373979032039642334e-01
0.000000000000000000e+00
0.000000000000000000e+00
3.954371437430381775e-02
1.465208172798156738e+00
3.373775258660316467e-02
1.123628616333007812e+00
3.942732810974121094e+00
9.866456687450408936e-02
3.096791505813598633e-01
2.995886206626892090e-01
6.331841349601745605e-01
1.714030504226684570e-01
7.655645608901977539e-01
5.303231477737426758e-01
2.599089860916137695e+00
3.142883777618408203e-01
6.119163036346435547e-01
6.478595137596130371e-01
1.064304828643798828e+00
1.171807572245597839e-01
2.423313379287719727e+00
2.532440900802612305e+00
0.000000000000000000e+00
1.533794164657592773e+00
5.494356155395507812e-04
1.598098158836364746e+00
1.203371211886405945e-01
5.481821298599243164e-01
1.731923520565032959e-01
2.487784147262573242e+00
5.555020570755004883e-01
2.407760173082351685e-01
6.265337765216827393e-02
2.674934267997741699e-01
1.801288843154907227e+00
9.832583069801330566e-01
1.617477416992187500e+00
3.893181309103965759e-02
5.176628232002258301e-01
6.243410706520080566e-01
1.107554197311401367e+00
0.000000000000000000e+00
4.753277823328971863e-02
2.228240072727203369e-01
4.552176594734191895e-02
3.275955617427825928e-01
1.469280958175659180e+00
0.000000000000000000e+00
4.870637953281402588e-01
1.935029029846191406e-01
1.073837518692016602e+00
3.757536709308624268e-01
1.051773309707641602e+00
2.017982482910156250e+00
9.883239120244979858e-02
2.461506366729736328e+00
4.873778298497200012e-02
2.068904876708984375e+00
8.449783176183700562e-02
5.075157880783081055e-01
6.225006654858589172e-02
3.043046966195106506e-02
5.157476989552378654e-04
3.157737553119659424e-01
0.000000000000000000e+00
1.211117744445800781e+00
3.792979121208190918e-01
7.909123301506042480e-01
5.750675201416015625e-01
0.000000000000000000e+00
9.686544537544250488e-02
0.000000000000000000e+00
2.383302301168441772e-01
7.839431762695312500e-01
2.736996412277221680e+00
1.177729487419128418e+00
1.393332481384277344e-01
1.607344865798950195e+00
2.241704314947128296e-01
1.441907584667205811e-01
5.307444930076599121e-01
2.475457429885864258e+00
2.701207064092159271e-02
1.020034670829772949e+00
8.099335432052612305e-01
7.218368649482727051e-01
3.938937187194824219e-01
1.370240747928619385e-01
0.000000000000000000e+00
1.876077800989151001e-01
2.735390186309814453e+00
1.042744517326354980e+00
2.112517356872558594e-01
0.000000000000000000e+00
1.785823583602905273e+00
4.122543931007385254e-01
9.414070248603820801e-01
0.000000000000000000e+00
3.768176436424255371e-01
2.554271459579467773e+00
1.624776870012283325e-01
8.855038881301879883e-02
7.575482726097106934e-01
5.347647070884704590e-01
1.165371946990489960e-02
1.379445046186447144e-01
4.000004008412361145e-02
6.494008302688598633e-01
4.469923973083496094e+00
0.000000000000000000e+00
1.419273912906646729e-01
5.106094479560852051e-01
1.014698147773742676e+00
1.562166929244995117e+00
0.000000000000000000e+00
1.691321134567260742e-01
7.958707213401794434e-01
1.705485701560974121e+00
4.818203449249267578e-01
1.511651873588562012e+00
2.645005285739898682e-01
5.950180053710937500e+00
1.813495345413684845e-02
6.800729036331176758e-01
2.330005317926406860e-01
1.434936642646789551e+00
1.416108131408691406e+00
6.850047707557678223e-01
1.267940402030944824e-01
3.844466209411621094e+00
4.364599287509918213e-02
3.446709811687469482e-01
9.833957552909851074e-01
9.423106908798217773e-01
7.003922015428543091e-02
2.042723298072814941e-01
1.370096504688262939e-01
0.000000000000000000e+00
0.000000000000000000e+00
8.994593620300292969e-01
2.542437553405761719e+00
5.076770186424255371e-01
0.000000000000000000e+00
0.000000000000000000e+00
1.323054075241088867e+00
1.696028932929039001e-02
8.799072265625000000e+00
1.285044942051172256e-03
0.000000000000000000e+00
7.734252512454986572e-02
8.631128817796707153e-02
7.214218843728303909e-03
1.579189114272594452e-02
4.900290071964263916e-02
2.521674156188964844e+00
3.611328005790710449e-01
0.000000000000000000e+00
1.415963768959045410e-01
1.070606946945190430e+00
1.519136223942041397e-02
4.772612452507019043e-02
0.000000000000000000e+00
0.000000000000000000e+00
1.669480919837951660e+00
1.944034695625305176e-01
3.678132891654968262e-01
6.437246799468994141e-01
1.378391504287719727e+00
5.903828740119934082e-01
4.694301784038543701e-01
7.620407938957214355e-01
1.507932662963867188e+00
7.772936820983886719e-01
8.638046681880950928e-02
6.896131038665771484e-01
7.958474755287170410e-02
1.192541494965553284e-01
4.118128418922424316e-01
3.235405385494232178e-01
0.000000000000000000e+00
2.758186101913452148e+00
8.728214353322982788e-02
8.825534582138061523e-02
2.207147777080535889e-01
5.230580568313598633e-01
8.942506313323974609e-01
7.776171565055847168e-01
3.010743260383605957e-01
4.495001733303070068e-01
1.474703073501586914e+00
1.515601873397827148e+00
1.875436678528785706e-02
4.633143842220306396e-01
8.533992767333984375e-01
4.455205798149108887e-02
4.916743636131286621e-01
0.000000000000000000e+00
2.093556150794029236e-02
1.573479622602462769e-01
0.000000000000000000e+00
1.044495869427919388e-02
3.310620784759521484e-01
6.122053414583206177e-02
2.283017873764038086e+00
2.086213350296020508e+00
8.032215237617492676e-01
4.783063828945159912e-01
2.591968774795532227e+00
1.267508625984191895e+00
3.738587722182273865e-02
8.232669234275817871e-01
5.987679213285446167e-02
1.074401661753654480e-01
9.317551553249359131e-02
1.842935323715209961e+00
5.381879210472106934e-01
5.396163463592529297e-01
7.840465307235717773e-01
3.465433837845921516e-03
3.052884101867675781e+00
1.422625303268432617e+00
1.224840283393859863e-01
1.259970068931579590e+00
5.416722223162651062e-02
1.522679030895233154e-01
8.677887916564941406e-01
4.895027354359626770e-02
0.000000000000000000e+00
0.000000000000000000e+00
3.370462916791439056e-03
2.146305441856384277e-01
6.765500307083129883e-01
4.144241511821746826e-01
0.000000000000000000e+00
1.020521298050880432e-02
0.000000000000000000e+00
4.363040439784526825e-03
2.497146129608154297e+00
2.326606214046478271e-02
6.319691538810729980e-01
6.342630982398986816e-01
1.798599481582641602e+00
2.275610342621803284e-03
5.925530195236206055e-01
1.263757199048995972e-01
6.883293390274047852e-01
6.066266298294067383e-01
3.720225095748901367e-01
1.008025780320167542e-01
2.545147180557250977e+00
3.967373445630073547e-02
1.448016241192817688e-02
4.291077256202697754e-01
1.110832244157791138e-01
3.316874504089355469e-01
8.368705511093139648e-01
3.685278892517089844e-01
1.541996836662292480e+00
2.104102373123168945e-01
3.970450460910797119e-01
0.000000000000000000e+00
1.076899647712707520e+00
1.526109814643859863e+00
4.993227124214172363e-01
3.348088860511779785e-01
1.199627411551773548e-03
1.104497760534286499e-01
8.586311936378479004e-01
2.799768149852752686e-01
1.682145118713378906e+00
5.977199554443359375e+00
6.083027720451354980e-01
1.659181565046310425e-01
5.730604007840156555e-02
2.250738292932510376e-01
1.351176470052450895e-04
6.339729577302932739e-02
1.041420362889766693e-02
0.000000000000000000e+00
2.354065701365470886e-02
1.233261227607727051e-01
4.217757284641265869e-01
1.664396259002387524e-03
0.000000000000000000e+00
1.130620956420898438e+00
2.078735977411270142e-01
4.513595998287200928e-01
0.000000000000000000e+00
8.848096430301666260e-02
1.036053419113159180e+00
0.000000000000000000e+00
1.835751533508300781e+00
0.000000000000000000e+00
2.013741247355937958e-02
6.576717495918273926e-01
1.535069793462753296e-01
4.462302029132843018e-01
2.359028160572052002e-01
0.000000000000000000e+00
7.675104737281799316e-01
1.006361007690429688e+00
4.522278159856796265e-02
9.168470278382301331e-03
3.020161017775535583e-02
1.016629487276077271e-01
1.285238470882177353e-02
1.312710642814636230e-01
1.847416400909423828e+00
2.665515244007110596e-01
1.336224317550659180e+00
1.281805157661437988e+00
7.963458076119422913e-03
0.000000000000000000e+00
8.719981461763381958e-02
2.718919143080711365e-02
1.811867356300354004e+00
1.512596249580383301e+00
6.003402471542358398e-01
2.611992694437503815e-02
1.322873216122388840e-02
4.469388723373413086e-01
7.980313897132873535e-01
1.627248048782348633e+00
7.154390960931777954e-02
0.000000000000000000e+00
8.079843223094940186e-02
1.403226256370544434e+00
0.000000000000000000e+00
3.532661795616149902e-01
0.000000000000000000e+00
7.022700905799865723e-01
4.015045166015625000e-01
1.076036244630813599e-01
8.512232452630996704e-02
2.598934471607208252e-01
7.724767923355102539e-01
1.089645147323608398e+00
1.109124898910522461e+00
1.288134455680847168e+00
2.565194129943847656e+00
2.314967513084411621e-01
4.686739444732666016e-01
1.513622283935546875e+00
4.755022525787353516e-01
5.922514200210571289e-01
3.817403316497802734e-01
8.421556092798709869e-03
6.180316675454378128e-03
2.217253744602203369e-01
1.049603298306465149e-01
6.584100127220153809e-01
2.229112237691879272e-01
3.343054771423339844e+00
3.305025577545166016e+00
2.646441757678985596e-01
0.000000000000000000e+00
1.019270181655883789e+00
0.000000000000000000e+00
4.157387302257120609e-04
0.000000000000000000e+00
1.556691080331802368e-01
1.295642405748367310e-01
1.739610359072685242e-02
0.000000000000000000e+00
9.412343055009841919e-02
1.655512601137161255e-01
1.125616431236267090e+00
1.818819880485534668e+00
5.136213731020689011e-03
1.087908726185560226e-02
9.528677463531494141e-01
0.000000000000000000e+00
9.676492214202880859e-01
0.000000000000000000e+00
7.876817253418266773e-04
1.900293469429016113e+00
3.272317349910736084e-01
3.317241072654724121e-01
2.292353957891464233e-01
1.065710306167602539e+00
4.380048215389251709e-01
1.763664931058883667e-01
0.000000000000000000e+00
7.936785817146301270e-01
1.952478289604187012e+00
1.393682658672332764e-01
0.000000000000000000e+00
2.860237836837768555e+00
0.000000000000000000e+00
7.055616974830627441e-01
8.681031875312328339e-03
2.264300286769866943e-01
7.613714337348937988e-01
0.000000000000000000e+00
4.232806205749511719e+00
4.426203668117523193e-01
3.630096912384033203e-01
9.068952202796936035e-01
2.434325456619262695e+00
4.270005598664283752e-02
2.064365625381469727e+00
4.995828494429588318e-03
3.089434206485748291e-01
2.111504320055246353e-03
0.000000000000000000e+00
2.582508027553558350e-01
1.034284103661775589e-02
1.914702355861663818e-01
2.004573866724967957e-02
0.000000000000000000e+00
7.213946580886840820e-01
1.586110591888427734e+00
0.000000000000000000e+00
4.625727236270904541e-02
3.188316226005554199e-01
1.261579275131225586e+00
2.675888501107692719e-02
1.591734401881694794e-02
1.357283815741539001e-02
5.694407224655151367e-01
1.514405488967895508e+00
5.823174118995666504e-01
4.326837137341499329e-02
2.866810083389282227e+00
1.776206493377685547e-02
1.018118500709533691e+00
1.099484786391258240e-02
4.148964285850524902e-01
6.409126520156860352e-02
0.000000000000000000e+00
1.413060426712036133e+00
2.684048414230346680e+00
3.228086531162261963e-01
2.441793680191040039e+00
1.943138837814331055e-01
8.657748103141784668e-01
1.922434195876121521e-02
0.000000000000000000e+00
1.328981161117553711e+00
2.864110171794891357e-01
2.939281761646270752e-01
0.000000000000000000e+00
8.699101805686950684e-01
1.297276169061660767e-01
6.626195311546325684e-01
3.141620874404907227e+00
8.175063133239746094e-02
1.971450261771678925e-02
2.426029145717620850e-01
3.640237823128700256e-02
1.009115219116210938e+00
5.195205211639404297e-01
0.000000000000000000e+00
3.552354276180267334e-01
2.304425477981567383e+00
1.571336388587951660e+00
0.000000000000000000e+00
4.553249180316925049e-01
4.151885583996772766e-02
1.769564867019653320e+00
1.253316402435302734e-01
1.600026898086071014e-02
1.389908790588378906e+00
0.000000000000000000e+00
1.157502293586730957e+00
1.131360530853271484e+00
1.639553755521774292e-01
3.063517506234347820e-04
9.967045187950134277e-01
1.892876997590065002e-02
2.959536388516426086e-03
6.071922183036804199e-01
1.663010239601135254e+00
4.576300270855426788e-03
1.019241452217102051e+00
3.427629470825195312e-01
1.232474684715270996e+00
2.813328027725219727e+00
7.725965976715087891e-01
5.085775628685951233e-02
6.984319090843200684e-01
0.000000000000000000e+00
0.000000000000000000e+00
