2.195084393024444580e-01
0.000000000000000000e+00
5.513981580734252930e-01
2.025355815887451172e+00
5.356032252311706543e-01
1.606833487749099731e-01
1.229345321655273438e+00
3.075304746627807617e+00
5.648537158966064453e+00
1.048858642578125000e+00
0.000000000000000000e+00
1.262340188026428223e+00
1.342647224664688110e-01
1.378956079483032227e+00
1.771477341651916504e+00
5.642676949501037598e-01
5.195018649101257324e-01
1.471262216567993164e+00
5.719913244247436523e-01
5.263172090053558350e-02
1.101371169090270996e+00
1.776025630533695221e-03
3.752576708793640137e-01
2.464356184005737305e+00
9.014141745865345001e-03
6.515588611364364624e-02
7.655389141291379929e-03
5.239032506942749023e-01
3.904878497123718262e-01
8.851338922977447510e-02
1.909772120416164398e-02
1.979700848460197449e-02
2.518000900745391846e-01
6.521550416946411133e-01
2.330534905195236206e-01
1.967111229896545410e+00
4.104181826114654541e-01
1.703075021505355835e-01
2.912653982639312744e-01
2.577847838401794434e-01
5.924919992685317993e-02
3.732863664627075195e-01
1.381500244140625000e+00
4.282349586486816406e+00
1.982229948043823242e-01
1.123776197433471680e+00
0.000000000000000000e+00
4.304940402507781982e-01
1.974842399358749390e-01
7.716364264488220215e-01
3.114656925201416016e+00
0.000000000000000000e+00
1.293808579444885254e+00
0.000000000000000000e+00
7.774341106414794922e-01
2.971076965332031250e-01
5.525386929512023926e-01
2.035429775714874268e-01
2.759553909301757812e+00
1.799551248550415039e-01
7.707728655077517033e-04
3.541622459888458252e-01
4.025065526366233826e-02
8.943123370409011841e-02
1.334311962127685547e+00
2.940691113471984863e-01
7.305277585983276367e-01
2.047456204891204834e-01
5.466300845146179199e-01
4.687304794788360596e-01
0.000000000000000000e+00
0.000000000000000000e+00
6.609421968460083008e-01
4.924153089523315430e-01
1.085109263658523560e-01
1.268589973449707031e+00
3.047962486743927002e-02
1.233695030212402344e+00
4.304057061672210693e-01
2.604000829160213470e-02
1.413408666849136353e-02
1.782625913619995117e+00
2.180055856704711914e+00
1.497599929571151733e-01
1.293818712234497070e+00
6.143943592905998230e-02
1.494966149330139160e+00
2.153383344411849976e-01
6.938509345054626465e-01
4.627307504415512085e-02
7.089590281248092651e-02
1.757456175982952118e-02
7.828241796232759953e-04
0.000000000000000000e+00
1.492667913436889648e+00
5.452916026115417480e-01
1.741963326930999756e-01
8.019143342971801758e-01
1.600797325372695923e-01
1.491241902112960815e-02
8.943575667217373848e-04
3.086497262120246887e-02
8.787560276687145233e-03
1.953497767448425293e+00
1.156204223632812500e+00
1.644092798233032227e-01
1.058415889739990234e+00
5.892146229743957520e-01
8.714180588722229004e-01
7.320445030927658081e-02
9.637511968612670898e-01
1.199242006987333298e-02
3.738415241241455078e-01
1.209071800112724304e-01
4.549927115440368652e-01
9.574438631534576416e-02
2.638116776943206787e-01
2.861975431442260742e-01
1.401596665382385254e+00
3.093075990676879883e+00
1.501887291669845581e-01
2.406200021505355835e-01
1.507836878299713135e-01
1.698132872581481934e+00
1.282751917839050293e+00
5.923817753791809082e-01
4.365321993827819824e-02
1.120421569794416428e-02
1.678227663040161133e+00
4.162381961941719055e-02
5.787590635009109974e-04
6.959390640258789062e-02
3.510079532861709595e-02
0.000000000000000000e+00
2.639907896518707275e-01
1.134622097015380859e-01
3.103324472904205322e-01
5.143114566802978516e+00
0.000000000000000000e+00
1.425146609544754028e-01
9.583768434822559357e-03
1.978448331356048584e-01
7.407186031341552734e-01
0.000000000000000000e+00
4.964706674218177795e-02
4.773202836513519287e-01
4.382018446922302246e-01
3.946278691291809082e-01
7.419508099555969238e-01
1.361853182315826416e-01
4.488563060760498047e+00
1.647226661443710327e-01
1.092630773782730103e-01
4.246255159378051758e-01
9.606326818466186523e-01
1.125542640686035156e+00
2.286482751369476318e-01
2.176772058010101318e-01
1.689298987388610840e+00
7.507271599024534225e-03
1.293669571168720722e-03
1.537700653076171875e+00
9.627155214548110962e-02
3.976150881499052048e-03
4.716688692569732666e-01
4.174015223979949951e-01
0.000000000000000000e+00
0.000000000000000000e+00
6.479625105857849121e-01
1.411583423614501953e+00
1.544667333364486694e-01
2.272088527679443359e-01
1.641321331262588501e-01
2.419849485158920288e-01
7.146181464195251465e-01
6.509648323059082031e+00
6.350472569465637207e-02
1.214230619370937347e-02
1.312799453735351562e-01
0.000000000000000000e+00
0.000000000000000000e+00
1.761668771505355835e-01
1.982350349426269531e-01
2.776974916458129883e+00
0.000000000000000000e+00
4.886729270219802856e-02
5.740138888359069824e-02
4.724238812923431396e-02
0.000000000000000000e+00
1.146060042083263397e-02
0.000000000000000000e+00
0.000000000000000000e+00
1.253355503082275391e+00
7.541412115097045898e-01
1.569692492485046387e-01
1.252750873565673828e+00
4.272881150245666504e-01
1.684884577989578247e-01
1.867738068103790283e-01
6.324384212493896484e-01
1.045164585113525391e+00
1.559864729642868042e-01
2.792235314846038818e-01
3.974847197532653809e-01
6.102030277252197266e-01
0.000000000000000000e+00
2.062296867370605469e-01
2.247413853183388710e-03
9.011425971984863281e-01
1.163825511932373047e+00
9.953283518552780151e-02
1.167887076735496521e-01
5.335776209831237793e-01
1.249232411384582520e+00
6.561446785926818848e-01
4.626808762550354004e-01
1.153961382806301117e-02
8.160474896430969238e-01
1.316153526306152344e+00
4.205692708492279053e-01
5.153394117951393127e-02
4.781102389097213745e-02
1.577578485012054443e-01
2.251030653715133667e-01
3.514755964279174805e-01
0.000000000000000000e+00
1.750675439834594727e-01
1.323843300342559814e-01
5.667013581842184067e-03
1.308841048739850521e-03
4.291095733642578125e-01
9.364643692970275879e-02
1.686702728271484375e+00
1.320634126663208008e+00
1.322205781936645508e+00
9.815766215324401855e-01
2.026355981826782227e+00
6.363030672073364258e-01
0.000000000000000000e+00
8.819514513015747070e-01
5.087932348251342773e-01
8.177944272756576538e-02
3.093141019344329834e-01
2.598986625671386719e+00
6.980304718017578125e-01
4.992634430527687073e-02
4.668995440006256104e-01
4.273087717592716217e-03
2.508606433868408203e+00
7.604940533638000488e-01
3.719172179698944092e-01
5.415464043617248535e-01
0.000000000000000000e+00
2.240717887878417969e+00
6.590474843978881836e-01
1.482674479484558105e-01
0.000000000000000000e+00
0.000000000000000000e+00
2.192046493291854858e-01
1.258344650268554688e-01
3.629945814609527588e-01
2.213713526725769043e-02
3.316847234964370728e-02
0.000000000000000000e+00
0.000000000000000000e+00
0.000000000000000000e+00
1.465185046195983887e+00
2.882631309330463409e-02
5.086128367111086845e-04
1.108057610690593719e-02
9.084350466728210449e-01
0.000000000000000000e+00
1.049606800079345703e+00
0.000000000000000000e+00
1.910390257835388184e-01
2.510273158550262451e-01
1.460176855325698853e-01
6.707667112350463867e-01
6.269555091857910156e-01
4.905650392174720764e-02
5.323883295059204102e-01
2.750338613986968994e-01
3.666052967309951782e-02
1.704014688730239868e-01
1.024063229560852051e-01
1.189068555831909180e+00
7.204930782318115234e-01
0.000000000000000000e+00
2.318810373544692993e-01
0.000000000000000000e+00
7.581550478935241699e-01
5.647308826446533203e-01
4.191569387912750244e-01
2.207224518060684204e-01
7.062220573425292969e-01
1.847648248076438904e-02
4.872812330722808838e-02
3.633714616298675537e-01
3.588027954101562500e-01
6.039145946502685547e+00
8.905566334724426270e-01
5.267804488539695740e-02
4.633466154336929321e-02
0.000000000000000000e+00
1.112669929862022400e-01
5.245129577815532684e-03
1.707131043076515198e-02
0.000000000000000000e+00
4.421500116586685181e-02
2.954597473144531250e-01
4.046741425991058350e-01
2.003948949277400970e-02
7.240248471498489380e-02
6.584559082984924316e-01
7.643360644578933716e-02
7.015025615692138672e-01
0.000000000000000000e+00
3.620945513248443604e-01
8.575103878974914551e-01
6.006080002407543361e-05
1.618534564971923828e+00
2.261485438793897629e-03
1.023257966153323650e-03
3.521877825260162354e-01
0.000000000000000000e+00
9.917553067207336426e-01
6.374785900115966797e-01
0.000000000000000000e+00
5.660265088081359863e-01
7.368653267621994019e-02
0.000000000000000000e+00
0.000000000000000000e+00
3.669410198926925659e-02
1.316142678260803223e-01
0.000000000000000000e+00
8.527746796607971191e-01
2.258437156677246094e+00
7.524611353874206543e-01
3.752925992012023926e-01
3.784097135066986084e-01
2.157398164272308350e-01
1.784099615179002285e-03
4.646281301975250244e-01
3.049744069576263428e-01
1.248378992080688477e+00
4.487379193305969238e-01
1.140553597360849380e-02
2.451492287218570709e-02
2.743053138256072998e-01
6.613281369209289551e-01
5.234218016266822815e-02
3.569707870483398438e-01
3.745847940444946289e-02
5.269921571016311646e-02
0.000000000000000000e+00
6.304250359535217285e-01
0.000000000000000000e+00
4.748865664005279541e-01
3.566157817840576172e-02
1.693171113729476929e-01
6.793814301490783691e-01
0.000000000000000000e+00
6.779719591140747070e-01
2.050219476222991943e-01
1.974149823188781738e+00
1.197039008140563965e+00
8.208859562873840332e-01
7.413011789321899414e-01
9.662010073661804199e-01
2.046855166554450989e-02
1.649874448776245117e-01
9.032183885574340820e-01
4.327941685914993286e-02
2.912231534719467163e-02
5.114410519599914551e-01
0.000000000000000000e+00
1.530533581972122192e-01
0.000000000000000000e+00
3.998207449913024902e-01
1.152845621109008789e+00
2.212803810834884644e-01
3.030386447906494141e+00
2.512152194976806641e+00
1.307972073554992676e-01
0.000000000000000000e+00
6.688733100891113281e-01
0.000000000000000000e+00
1.777314394712448120e-02
0.000000000000000000e+00
4.416692852973937988e-01
3.328967094421386719e-01
3.301954269409179688e-01
0.000000000000000000e+00
7.797159254550933838e-02
1.988964825868606567e-01
5.613249540328979492e-01
2.092481613159179688e+00
1.064810343086719513e-02
1.015881672501564026e-01
1.073673963546752930e+00
1.493836520239710808e-03
1.819891110062599182e-02
0.000000000000000000e+00
3.849331438541412354e-01
1.626513719558715820e+00
1.918703615665435791e-01
1.082593560218811035e+00
7.918512448668479919e-03
1.156764268875122070e+00
7.560531497001647949e-01
6.536653637886047363e-02
0.000000000000000000e+00
2.535070180892944336e-01
2.047614097595214844e+00
1.527515798807144165e-01
8.570289239287376404e-03
2.148521900177001953e+00
1.000350788235664368e-01
1.038092970848083496e+00
1.232779696583747864e-01
0.000000000000000000e+00
2.329803407192230225e-01
0.000000000000000000e+00
3.720511913299560547e+00
5.365417152643203735e-02
1.419869899749755859e+00
1.307204127311706543e+00
1.405797839164733887e+00
5.165506154298782349e-03
9.937282800674438477e-01
1.522081717848777771e-02
5.363316449802368879e-05
0.000000000000000000e+00
0.000000000000000000e+00
0.000000000000000000e+00
1.414491087198257446e-01
0.000000000000000000e+00
0.000000000000000000e+00
4.552083089947700500e-02
3.549246788024902344e-01
7.065566778182983398e-01
0.000000000000000000e+00
4.711338505148887634e-02
9.157286286354064941e-01
1.223534226417541504e+00
0.000000000000000000e+00
0.000000000000000000e+00
6.095899641513824463e-02
1.342987865209579468e-01
3.440304994583129883e-01
1.686855554580688477e+00
7.775325775146484375e-01
1.222047448158264160e+00
0.000000000000000000e+00
7.368044853210449219e-01
4.429905116558074951e-02
0.000000000000000000e+00
8.801754564046859741e-03
0.000000000000000000e+00
1.406240105628967285e+00
2.095119237899780273e+00
7.223396562039852142e-03
1.806806564331054688e+00
1.498857454862445593e-04
1.283539056777954102e+00
2.626245608553290367e-03
2.927144765853881836e-01
1.553016752004623413e-01
1.104425549507141113e+00
1.237136274576187134e-01
0.000000000000000000e+00
8.152636289596557617e-01
1.557729095220565796e-01
0.000000000000000000e+00
2.063168287277221680e+00
2.854878548532724380e-03
9.656516462564468384e-02
2.261592298746109009e-01
1.021375805139541626e-01
2.169828563928604126e-01
2.748537957668304443e-01
0.000000000000000000e+00
4.056073725223541260e-02
1.006868362426757812e+00
4.494775235652923584e-01
0.000000000000000000e+00
3.472998738288879395e-02
1.414112299680709839e-01
8.480428457260131836e-01
2.870880961418151855e-01
3.641960620880126953e-01
3.487166762351989746e-02
6.091218814253807068e-02
1.740929111838340759e-02
1.390516877174377441e+00
0.000000000000000000e+00
1.997014582157135010e-01
1.591397285461425781e+00
2.116994559764862061e-01
0.000000000000000000e+00
1.403073072433471680e-01
1.989629626274108887e+00
2.996849417686462402e-01
7.204554229974746704e-02
6.758179664611816406e-01
1.968218088150024414e+00
2.605915307998657227e+00
7.820976972579956055e-01
2.811770141124725342e-01
6.971347928047180176e-01
0.000000000000000000e+00
6.584027409553527832e-02
