1.743056811392307281e-02
8.852324448525905609e-03
2.690759003162384033e-01
2.514998197555541992e+00
9.193693846464157104e-02
3.396669030189514160e-01
8.455256223678588867e-01
3.686449527740478516e+00
5.881999015808105469e+00
7.492024898529052734e-01
6.737055629491806030e-02
1.796835064888000488e+00
3.165923804044723511e-02
1.221648335456848145e+00
1.703832626342773438e+00
8.052762746810913086e-01
5.789077281951904297e-01
1.239138960838317871e+00
2.104265242815017700e-01
8.630112744867801666e-03
7.724642157554626465e-01
5.588317289948463440e-03
6.628404557704925537e-02
1.634351015090942383e+00
1.153165940195322037e-02
0.000000000000000000e+00
0.000000000000000000e+00
1.508135437965393066e+00
2.715291678905487061e-01
1.962143182754516602e-01
0.000000000000000000e+00
7.040126365609467030e-04
1.049731075763702393e-01
8.019788861274719238e-01
8.383866399526596069e-02
1.879743218421936035e+00
1.977862119674682617e-01
2.214131206274032593e-01
6.872813403606414795e-02
7.712488770484924316e-01
3.216394484043121338e-01
2.618070244789123535e-01
1.742179393768310547e+00
3.811207532882690430e+00
4.347190260887145996e-01
9.955602884292602539e-01
1.681097596883773804e-01
3.835242688655853271e-01
6.789048016071319580e-02
7.122101187705993652e-01
2.999396800994873047e+00
0.000000000000000000e+00
1.349108934402465820e+00
1.749922707676887512e-02
1.641308546066284180e+00
5.992339849472045898e-01
3.127361834049224854e-01
1.895447969436645508e-01
3.010078907012939453e+00
1.005511581897735596e-01
1.844239770434796810e-03
4.716512560844421387e-02
1.589197665452957153e-01
3.850552141666412354e-01
7.131900787353515625e-01
5.531071424484252930e-01
1.766255348920822144e-01
3.249152004718780518e-01
6.493005156517028809e-01
8.655086755752563477e-01
0.000000000000000000e+00
6.422452628612518311e-02
1.774950176477432251e-01
1.097634792327880859e+00
5.214663147926330566e-01
6.726880669593811035e-01
0.000000000000000000e+00
1.120351910591125488e+00
2.610148489475250244e-01
5.252284407615661621e-01
2.604646794497966766e-02
1.386718273162841797e+00
2.974863529205322266e+00
3.806101903319358826e-02
1.117819905281066895e+00
3.731470555067062378e-02
1.430704355239868164e+00
3.755010366439819336e-01
8.650129437446594238e-01
1.220737844705581665e-01
1.871413551270961761e-02
0.000000000000000000e+00
5.519342608749866486e-03
0.000000000000000000e+00
1.789734125137329102e+00
5.319067239761352539e-01
5.582118034362792969e-01
1.429204583168029785e+00
1.145564839243888855e-01
1.990219056606292725e-01
0.000000000000000000e+00
2.725401222705841064e-01
2.107460796833038330e-02
2.315346717834472656e+00
1.522170543670654297e+00
2.429413050413131714e-01
1.277158379554748535e+00
6.778981685638427734e-01
9.548305273056030273e-01
2.413908223388716578e-04
1.481328368186950684e+00
7.046883460134267807e-03
9.921021759510040283e-03
3.529713302850723267e-02
3.621130585670471191e-01
1.034128293395042419e-01
1.776516996324062347e-02
7.320688962936401367e-01
9.913129210472106934e-01
2.751822948455810547e+00
4.824167788028717041e-01
9.317674487829208374e-02
1.494061797857284546e-01
1.815544605255126953e+00
1.344826340675354004e+00
8.410415649414062500e-01
3.118483582511544228e-04
4.480255767703056335e-02
2.002498626708984375e+00
6.841266900300979614e-02
6.141065806150436401e-02
1.949757784605026245e-01
1.675612777471542358e-01
7.273698598146438599e-02
6.355733871459960938e-01
1.248075533658266068e-02
4.769368767738342285e-01
5.165230751037597656e+00
0.000000000000000000e+00
1.729331612586975098e-01
4.420285671949386597e-02
3.991391658782958984e-01
1.172405242919921875e+00
0.000000000000000000e+00
0.000000000000000000e+00
3.714256584644317627e-01
6.058598756790161133e-01
9.474777579307556152e-01
5.319586992263793945e-01
4.413888752460479736e-01
4.384046077728271484e+00
2.029313445091247559e-01
2.463125437498092651e-01
4.415419399738311768e-01
1.243171334266662598e+00
1.188884139060974121e+00
9.475937485694885254e-02
2.510813474655151367e-01
1.327187299728393555e+00
4.543998837471008301e-01
3.537621116265654564e-03
1.176805138587951660e+00
2.777092158794403076e-01
3.639473766088485718e-02
3.963516354560852051e-01
1.108412519097328186e-01
5.486714839935302734e-02
0.000000000000000000e+00
8.238844275474548340e-01
1.717903614044189453e+00
8.090721815824508667e-02
2.051793336868286133e-01
2.114303782582283020e-02
6.698029637336730957e-01
4.688727557659149170e-01
7.086455345153808594e+00
2.710781246423721313e-02
1.400062756147235632e-04
4.637931007891893387e-03
2.126289531588554382e-02
5.637150723487138748e-03
4.287853837013244629e-01
5.375875234603881836e-01
2.618483543395996094e+00
1.704867184162139893e-02
0.000000000000000000e+00
1.096082478761672974e-01
9.897632002830505371e-01
0.000000000000000000e+00
1.036696881055831909e-02
0.000000000000000000e+00
5.672908201813697815e-02
1.889753222465515137e+00
1.008858323097229004e+00
5.893768668174743652e-01
4.975299239158630371e-01
6.150445342063903809e-01
3.255169987678527832e-01
2.090192288160324097e-01
7.713511586189270020e-01
1.270831227302551270e+00
2.095414847135543823e-01
1.929138898849487305e-01
6.247002482414245605e-01
2.093620449304580688e-01
3.758343402296304703e-03
3.360213339328765869e-01
0.000000000000000000e+00
5.169547796249389648e-01
7.740945219993591309e-01
6.453449279069900513e-02
5.578982830047607422e-01
3.662591874599456787e-01
7.396554350852966309e-01
6.364961862564086914e-01
4.052875936031341553e-01
2.285888642072677612e-01
7.415950298309326172e-01
1.639448642730712891e+00
8.839706182479858398e-01
0.000000000000000000e+00
4.090549945831298828e-01
3.485671281814575195e-01
4.963755905628204346e-01
2.527244389057159424e-01
0.000000000000000000e+00
5.400915145874023438e-01
4.382821321487426758e-01
1.823981478810310364e-02
1.276615820825099945e-02
4.860666394233703613e-01
3.082285821437835693e-01
1.763343930244445801e+00
9.264844059944152832e-01
1.299740433692932129e+00
4.829539060592651367e-01
2.098569869995117188e+00
6.436720490455627441e-01
1.973431929945945740e-02
1.065356612205505371e+00
3.861271440982818604e-01
1.819795519113540649e-01
4.620848596096038818e-01
3.038167476654052734e+00
7.779008150100708008e-01
2.330113649368286133e-01
3.049592971801757812e-01
9.980632923543453217e-03
2.301858186721801758e+00
2.957271635532379150e-01
8.899244070053100586e-01
3.696613311767578125e-01
8.154835086315870285e-04
8.085910677909851074e-01
8.921239376068115234e-01
1.066390424966812134e-01
0.000000000000000000e+00
0.000000000000000000e+00
2.978743910789489746e-01
4.277493059635162354e-02
3.723195791244506836e-01
1.813239604234695435e-01
1.210483722388744354e-02
5.282099917531013489e-02
0.000000000000000000e+00
0.000000000000000000e+00
7.273160815238952637e-01
4.563749954104423523e-02
2.853515744209289551e-01
8.200626075267791748e-02
1.095880508422851562e+00
0.000000000000000000e+00
1.159603834152221680e+00
2.470915904268622398e-03
2.718272209167480469e-01
2.751224935054779053e-01
5.118080973625183105e-01
8.363426923751831055e-01
3.903735280036926270e-01
3.676003590226173401e-02
2.247599214315414429e-01
4.972351193428039551e-01
4.530416429042816162e-02
2.780647277832031250e-01
1.697213053703308105e-01
8.619056344032287598e-01
9.036255478858947754e-01
0.000000000000000000e+00
9.734039753675460815e-02
2.364684827625751495e-02
1.265670418739318848e+00
8.717825412750244141e-01
4.941349327564239502e-01
2.020886242389678955e-01
4.482301175594329834e-01
2.321135848760604858e-01
1.008817180991172791e-01
3.388528227806091309e-01
7.511451840400695801e-01
5.439113616943359375e+00
8.683956265449523926e-01
8.488854765892028809e-02
2.742598652839660645e-01
2.652666997164487839e-03
4.837292805314064026e-02
7.376355677843093872e-02
1.854701840784400702e-04
0.000000000000000000e+00
1.024598851799964905e-01
6.065781712532043457e-01
9.182914346456527710e-02
9.511175006628036499e-02
8.924637734889984131e-02
1.062092185020446777e+00
2.584429383277893066e-01
6.106553077697753906e-01
0.000000000000000000e+00
5.469556450843811035e-01
4.386861324310302734e-01
3.085907548666000366e-02
2.013406515121459961e+00
0.000000000000000000e+00
5.104521289467811584e-02
9.165227413177490234e-02
3.582069650292396545e-02
9.997522830963134766e-01
4.854604005813598633e-01
0.000000000000000000e+00
6.275721788406372070e-01
3.430120050907135010e-01
0.000000000000000000e+00
0.000000000000000000e+00
7.228544354438781738e-02
9.944394230842590332e-02
5.189698655158281326e-03
1.093507528305053711e+00
1.654544711112976074e+00
1.129448533058166504e+00
6.985663175582885742e-01
5.189842581748962402e-01
4.799639806151390076e-02
4.467174410820007324e-03
3.379147946834564209e-01
2.516018748283386230e-01
7.581704258918762207e-01
6.058270335197448730e-01
1.192913055419921875e-01
5.383884534239768982e-03
1.273212730884552002e-01
5.292613506317138672e-01
1.167209744453430176e-01
5.531532764434814453e-01
3.300473093986511230e-02
1.250906735658645630e-01
0.000000000000000000e+00
8.106247186660766602e-01
0.000000000000000000e+00
2.792741954326629639e-01
0.000000000000000000e+00
3.501733765006065369e-02
6.545587778091430664e-01
0.000000000000000000e+00
8.203240036964416504e-01
3.003171384334564209e-01
2.010227441787719727e+00
6.957191824913024902e-01
5.484744310379028320e-01
1.482753276824951172e+00
1.211476683616638184e+00
3.452140092849731445e-02
2.461946457624435425e-01
1.349366784095764160e+00
6.784479618072509766e-01
1.406956613063812256e-01
3.616681396961212158e-01
1.954917237162590027e-02
3.713317587971687317e-02
0.000000000000000000e+00
6.818194389343261719e-01
1.152684450149536133e+00
2.090127579867839813e-02
4.217912673950195312e+00
1.734251379966735840e+00
5.607515573501586914e-01
0.000000000000000000e+00
6.606163382530212402e-01
3.318342566490173340e-02
0.000000000000000000e+00
0.000000000000000000e+00
1.867291927337646484e-01
3.136162832379341125e-02
0.000000000000000000e+00
0.000000000000000000e+00
1.141753494739532471e-01
2.860066890716552734e-01
5.066646933555603027e-01
2.065248727798461914e+00
1.073102932423353195e-02
5.072884727269411087e-03
7.302711009979248047e-01
2.522799931466579437e-02
1.140564903616905212e-01
0.000000000000000000e+00
1.017841622233390808e-01
8.479902148246765137e-01
3.401170074939727783e-01
1.342443346977233887e+00
4.121308773756027222e-02
1.399536848068237305e+00
4.107765853404998779e-01
2.234483063220977783e-01
0.000000000000000000e+00
7.469206452369689941e-01
1.356767296791076660e+00
1.069220677018165588e-01
7.720886915922164917e-02
1.925901770591735840e+00
3.319348990917205811e-01
4.833080172538757324e-01
5.813837051391601562e-02
1.000487990677356720e-02
2.344530820846557617e-01
0.000000000000000000e+00
3.106420040130615234e+00
2.822697162628173828e-01
1.207584857940673828e+00
1.529417514801025391e+00
8.345301151275634766e-01
2.390392497181892395e-02
8.968529105186462402e-01
4.090785980224609375e-03
0.000000000000000000e+00
2.707792259752750397e-02
0.000000000000000000e+00
6.677611172199249268e-02
1.831005215644836426e-01
1.977067440748214722e-01
5.524740554392337799e-03
4.660769179463386536e-02
6.616859436035156250e-01
1.037952780723571777e+00
0.000000000000000000e+00
1.493689566850662231e-01
3.399607837200164795e-01
1.378281593322753906e+00
6.960470695048570633e-03
0.000000000000000000e+00
1.546439379453659058e-01
1.697147041559219360e-01
7.304672002792358398e-01
1.003814697265625000e+00
5.398949384689331055e-01
1.072975039482116699e+00
0.000000000000000000e+00
9.892138838768005371e-01
1.659806668758392334e-01
0.000000000000000000e+00
5.301853641867637634e-02
0.000000000000000000e+00
1.562427997589111328e+00
1.632244348526000977e+00
1.207123231142759323e-02
2.001887798309326172e+00
1.605673879384994507e-02
9.263681769371032715e-01
5.563333164900541306e-03
3.965986520051956177e-02
6.772331893444061279e-02
1.235200405120849609e+00
4.193092882633209229e-01
4.995447024703025818e-02
7.880315184593200684e-01
2.062367349863052368e-01
8.040568977594375610e-02
1.859814047813415527e+00
1.487030182033777237e-02
1.373531389981508255e-02
3.779435455799102783e-01
3.271953435614705086e-03
2.901342809200286865e-01
1.224267706274986267e-01
3.210661525372415781e-04
1.123693212866783142e-01
7.187892794609069824e-01
8.764154911041259766e-01
1.273204293102025986e-02
2.043171674013137817e-01
1.837209612131118774e-01
7.057469487190246582e-01
4.896374046802520752e-02
6.560438871383666992e-02
3.417899310588836670e-01
3.268180415034294128e-02
2.094146460294723511e-01
1.357118964195251465e+00
0.000000000000000000e+00
1.207015439867973328e-01
1.369948744773864746e+00
1.793779283761978149e-01
0.000000000000000000e+00
6.916730850934982300e-02
1.241313219070434570e+00
3.075546324253082275e-01
2.828713357448577881e-01
5.798017382621765137e-01
1.769160985946655273e+00
2.998112201690673828e+00
4.785860776901245117e-01
3.170904815196990967e-01
6.948290467262268066e-01
0.000000000000000000e+00
9.882308077067136765e-04
