5.410732328891754150e-02
0.000000000000000000e+00
2.618389129638671875e-01
2.810143947601318359e+00
5.937439799308776855e-01
3.832055628299713135e-01
1.459915757179260254e+00
3.811966180801391602e+00
6.688611030578613281e+00
1.083322763442993164e+00
1.487241685390472412e-01
1.521532177925109863e+00
8.647808432579040527e-02
1.237033963203430176e+00
2.438357591629028320e+00
7.159551978111267090e-01
8.735004663467407227e-01
1.065353274345397949e+00
8.953891396522521973e-01
3.662840723991394043e-01
1.126631736755371094e+00
0.000000000000000000e+00
1.863793283700942993e-01
2.096158027648925781e+00
4.624044522643089294e-02
3.494683653116226196e-02
8.401222527027130127e-02
1.608895063400268555e+00
4.303537905216217041e-01
1.532818973064422607e-01
6.189521402120590210e-02
1.272431295365095139e-02
1.227769017219543457e+00
6.051806807518005371e-01
4.173035025596618652e-01
3.266525506973266602e+00
1.840047389268875122e-01
1.544307917356491089e-02
2.810942828655242920e-01
5.986955761909484863e-01
2.180233299732208252e-01
2.087301611900329590e-01
4.086285829544067383e-01
4.028493881225585938e+00
3.156578242778778076e-01
1.133484005928039551e+00
1.664399169385433197e-02
1.218103766441345215e+00
4.171093925833702087e-02
1.116107463836669922e+00
3.206625223159790039e+00
0.000000000000000000e+00
1.342327833175659180e+00
1.598253250122070312e-01
9.379591345787048340e-01
5.558592081069946289e-01
4.173644483089447021e-01
4.559911191463470459e-01
2.397667646408081055e+00
7.162279635667800903e-02
0.000000000000000000e+00
7.446660399436950684e-01
8.027615398168563843e-02
7.885305881500244141e-01
8.461027741432189941e-01
2.531727850437164307e-01
2.936437726020812988e-01
8.328611254692077637e-01
1.020396590232849121e+00
3.221548497676849365e-01
0.000000000000000000e+00
9.202133864164352417e-03
3.626756668090820312e-01
8.664925694465637207e-01
3.423147201538085938e-01
5.986613035202026367e-01
1.006888225674629211e-02
1.664156317710876465e+00
3.643173873424530029e-01
9.875486493110656738e-01
6.369084119796752930e-03
1.381453394889831543e+00
2.096638441085815430e+00
3.982552513480186462e-02
1.828545808792114258e+00
6.990358978509902954e-02
1.138358592987060547e+00
1.767129264771938324e-02
7.394457459449768066e-01
6.813131272792816162e-03
1.042915806174278259e-01
0.000000000000000000e+00
0.000000000000000000e+00
1.611071452498435974e-02
1.038887977600097656e+00
3.072076737880706787e-01
5.953310728073120117e-01
7.503492236137390137e-01
1.249294281005859375e-01
7.545733451843261719e-02
1.327869109809398651e-02
6.157415919005870819e-03
8.685084432363510132e-02
3.111259460449218750e+00
1.123942613601684570e+00
1.018522605299949646e-01
1.472936630249023438e+00
4.917360246181488037e-01
2.741330265998840332e-01
4.094928503036499023e-02
9.637020230293273926e-01
2.432152442634105682e-02
6.826418638229370117e-01
1.750761717557907104e-01
5.292594432830810547e-01
0.000000000000000000e+00
1.922045052051544189e-01
8.343316316604614258e-01
1.115968346595764160e+00
2.062129735946655273e+00
7.020241618156433105e-01
4.068967327475547791e-02
9.156030416488647461e-02
1.631092429161071777e+00
9.852301478385925293e-01
7.920271754264831543e-01
0.000000000000000000e+00
6.861234307289123535e-01
1.540490150451660156e+00
1.320926565676927567e-02
2.052702754735946655e-02
6.237077116966247559e-01
5.989228934049606323e-02
2.418690472841262817e-01
5.216251015663146973e-01
3.320804536342620850e-01
4.939609467983245850e-01
4.359076023101806641e+00
0.000000000000000000e+00
1.340985298156738281e-01
2.794515192508697510e-01
7.149803638458251953e-01
1.630224108695983887e+00
0.000000000000000000e+00
8.568451157771050930e-04
3.732206821441650391e-01
8.337005376815795898e-01
1.093274116516113281e+00
1.254440903663635254e+00
7.936705648899078369e-02
5.310402870178222656e+00
1.673471778631210327e-01
1.053064227104187012e+00
2.840560078620910645e-01
1.985332489013671875e+00
1.924015522003173828e+00
7.762486934661865234e-01
1.318372040987014771e-01
1.862652540206909180e+00
1.246196776628494263e-01
2.473669126629829407e-03
1.166817188262939453e+00
2.129919081926345825e-01
0.000000000000000000e+00
6.053940057754516602e-01
5.478461831808090210e-02
4.455982241779565811e-03
0.000000000000000000e+00
3.973843157291412354e-01
2.188519477844238281e+00
4.481327831745147705e-01
2.938098609447479248e-01
7.458385825157165527e-02
9.297984242439270020e-01
3.901460468769073486e-01
7.274762630462646484e+00
7.226904854178428650e-04
0.000000000000000000e+00
0.000000000000000000e+00
9.727283567190170288e-02
4.380151629447937012e-02
1.321922391653060913e-01
1.713452935218811035e-01
2.674454212188720703e+00
9.725599735975265503e-02
1.724158413708209991e-03
1.498639434576034546e-01
9.446139931678771973e-01
0.000000000000000000e+00
1.004978492856025696e-01
0.000000000000000000e+00
6.786357145756483078e-03
5.937008857727050781e-01
7.414230704307556152e-02
8.179133534431457520e-01
7.141536474227905273e-01
7.319182157516479492e-01
3.995382785797119141e-01
3.387875258922576904e-01
1.254891037940979004e+00
1.397002935409545898e+00
3.659062683582305908e-01
8.636034280061721802e-02
4.799430370330810547e-01
1.814601868391036987e-01
0.000000000000000000e+00
6.525177955627441406e-01
6.615292746573686600e-03
3.524087965488433838e-01
1.504995822906494141e+00
4.785364866256713867e-02
2.972017526626586914e-01
1.200702548027038574e+00
1.651562690734863281e+00
6.345033049583435059e-01
5.069307088851928711e-01
1.348571777343750000e-01
2.319763451814651489e-01
1.835998177528381348e+00
2.901083528995513916e-01
2.995081432163715363e-02
8.603201061487197876e-02
9.040319919586181641e-01
4.337737262248992920e-01
6.066604852676391602e-01
0.000000000000000000e+00
3.440624773502349854e-01
2.812733352184295654e-01
3.190075978636741638e-02
1.581557095050811768e-01
2.136622369289398193e-01
4.848594963550567627e-01
2.447600603103637695e+00
1.563461303710937500e+00
1.412219405174255371e+00
9.397909641265869141e-01
2.876608133316040039e+00
5.526497364044189453e-01
6.546215154230594635e-03
7.356773018836975098e-01
3.313302993774414062e-01
1.366617977619171143e-01
1.653605997562408447e-01
3.119964838027954102e+00
7.745466828346252441e-01
5.772047489881515503e-02
5.505699515342712402e-01
0.000000000000000000e+00
1.920877218246459961e+00
1.099912643432617188e+00
3.083110153675079346e-01
4.810733199119567871e-01
0.000000000000000000e+00
1.408727288246154785e+00
1.325687050819396973e+00
5.258641019463539124e-02
0.000000000000000000e+00
0.000000000000000000e+00
3.264477252960205078e-01
1.712886691093444824e-01
4.412366151809692383e-01
4.767372086644172668e-02
0.000000000000000000e+00
2.173685096204280853e-02
5.758891813457012177e-03
0.000000000000000000e+00
2.015583753585815430e+00
0.000000000000000000e+00
1.227986335754394531e+00
2.364113694056868553e-03
1.851152181625366211e+00
1.531955879181623459e-02
1.034716129302978516e+00
1.548238992691040039e-01
1.356178224086761475e-01
5.948493480682373047e-01
4.432815909385681152e-01
1.223898530006408691e+00
1.110087275505065918e+00
5.708179622888565063e-02
6.791820377111434937e-02
7.046547532081604004e-01
1.298736780881881714e-01
1.607768088579177856e-01
3.373413681983947754e-01
1.028342723846435547e+00
1.474444866180419922e+00
0.000000000000000000e+00
1.295339018106460571e-01
2.482068724930286407e-02
1.192372322082519531e+00
6.949282884597778320e-01
3.594722151756286621e-01
4.008626192808151245e-02
3.383186757564544678e-01
7.233065366744995117e-01
2.655867636203765869e-01
1.919500762596726418e-03
1.188263416290283203e+00
5.887545585632324219e+00
6.405237913131713867e-01
1.223620250821113586e-01
6.477674841880798340e-01
6.886432319879531860e-02
1.415540743619203568e-02
3.400022983551025391e-01
2.779628336429595947e-02
0.000000000000000000e+00
2.271961867809295654e-01
3.232578337192535400e-01
3.333588838577270508e-01
6.351511925458908081e-02
3.548206686973571777e-01
9.605635404586791992e-01
3.225688263773918152e-02
8.911110758781433105e-01
0.000000000000000000e+00
2.093596756458282471e-01
7.970675826072692871e-01
5.416277423501014709e-02
2.078317403793334961e+00
0.000000000000000000e+00
2.363632321357727051e-01
1.084826141595840454e-01
0.000000000000000000e+00
5.029146671295166016e-01
1.421628594398498535e-01
0.000000000000000000e+00
7.478967905044555664e-01
6.130060553550720215e-01
0.000000000000000000e+00
0.000000000000000000e+00
1.934517771005630493e-01
2.691753208637237549e-01
1.266583334654569626e-02
3.662458956241607666e-01
1.645624995231628418e+00
6.034620404243469238e-01
8.869442939758300781e-01
1.366432905197143555e+00
2.775624692440032959e-01
0.000000000000000000e+00
4.820625111460685730e-02
3.608694672584533691e-01
7.537488937377929688e-01
1.054352283477783203e+00
1.482460647821426392e-01
1.012217476963996887e-01
2.308477759361267090e-01
7.242333292961120605e-01
1.349641233682632446e-01
6.485785245895385742e-01
1.323777735233306885e-01
1.745771318674087524e-01
1.266225147992372513e-02
6.983935236930847168e-01
0.000000000000000000e+00
1.477327197790145874e-01
2.021222934126853943e-02
4.990037977695465088e-01
2.959590852260589600e-01
5.269090458750724792e-02
2.637325823307037354e-01
6.799281835556030273e-01
1.608165502548217773e+00
9.051406979560852051e-01
7.027946114540100098e-01
1.017818927764892578e+00
1.675303339958190918e+00
0.000000000000000000e+00
3.809538781642913818e-01
1.876260876655578613e+00
1.262365818023681641e+00
4.972108826041221619e-02
9.075673818588256836e-01
0.000000000000000000e+00
1.780443936586380005e-01
0.000000000000000000e+00
5.910225212574005127e-02
1.068902134895324707e+00
3.228537738323211670e-01
3.562190771102905273e+00
2.092425346374511719e+00
4.035900533199310303e-01
0.000000000000000000e+00
3.910251557826995850e-01
6.746495142579078674e-03
0.000000000000000000e+00
0.000000000000000000e+00
2.337743788957595825e-01
1.022585853934288025e-01
3.705803677439689636e-02
3.331150114536285400e-02
1.422443389892578125e-01
1.089978069067001343e-01
7.576519846916198730e-01
1.532181978225708008e+00
2.280271239578723907e-02
6.815169751644134521e-02
7.354303598403930664e-01
7.216289173811674118e-03
7.818660140037536621e-01
0.000000000000000000e+00
1.160512417554855347e-01
1.081010580062866211e+00
2.637377083301544189e-01
1.027276158332824707e+00
2.337422221899032593e-01
1.353455662727355957e+00
1.766222864389419556e-01
2.829159200191497803e-01
0.000000000000000000e+00
3.691854476928710938e-01
1.894586682319641113e+00
4.300512000918388367e-02
1.324922870844602585e-02
3.461054086685180664e+00
3.973482921719551086e-02
1.190773010253906250e+00
9.374127723276615143e-03
0.000000000000000000e+00
6.792486906051635742e-01
0.000000000000000000e+00
3.554351091384887695e+00
2.377108633518218994e-01
8.671427965164184570e-01
1.764374732971191406e+00
8.272577524185180664e-01
0.000000000000000000e+00
1.179220318794250488e+00
6.559792160987854004e-02
2.579794637858867645e-02
1.994016319513320923e-01
6.085266172885894775e-02
4.902170300483703613e-01
1.018065512180328369e-01
1.316994726657867432e-01
0.000000000000000000e+00
1.464446932077407837e-01
6.117078661918640137e-01
1.489039897918701172e+00
0.000000000000000000e+00
1.441540271043777466e-01
1.547446548938751221e-01
1.468122839927673340e+00
1.189470477402210236e-02
0.000000000000000000e+00
1.288330182433128357e-02
1.111516430974006653e-01
1.112051486968994141e+00
9.419221282005310059e-01
3.675998747348785400e-01
2.005183219909667969e+00
0.000000000000000000e+00
5.218192934989929199e-01
4.298547506332397461e-01
0.000000000000000000e+00
0.000000000000000000e+00
0.000000000000000000e+00
1.120215535163879395e+00
2.297726869583129883e+00
7.174748927354812622e-02
3.310117006301879883e+00
2.455517882481217384e-03
1.149633765220642090e+00
0.000000000000000000e+00
1.189654693007469177e-01
8.232050389051437378e-02
1.201387286186218262e+00
5.153957009315490723e-01
0.000000000000000000e+00
3.017406463623046875e-01
2.634381651878356934e-01
2.673230469226837158e-01
2.595462322235107422e+00
5.995838642120361328e-01
1.421242207288742065e-02
1.454693824052810669e-01
1.323434263467788696e-01
8.615496754646301270e-01
1.438227593898773193e-01
0.000000000000000000e+00
2.933151721954345703e-01
5.355980396270751953e-01
9.680188298225402832e-01
0.000000000000000000e+00
4.927612841129302979e-01
9.529352188110351562e-02
5.993499755859375000e-01
9.529979526996612549e-02
2.613340318202972412e-01
9.645597934722900391e-01
2.220358885824680328e-02
1.705530285835266113e-01
1.217722535133361816e+00
1.906327530741691589e-02
6.839957088232040405e-02
1.769703865051269531e+00
1.255989223718643188e-01
7.047792896628379822e-03
1.456059068441390991e-01
2.423305273056030273e+00
5.105907917022705078e-01
1.074551463127136230e+00
4.249244928359985352e-01
2.149863004684448242e+00
3.318363666534423828e+00
6.179172396659851074e-01
1.348810046911239624e-01
3.672469258308410645e-01
0.000000000000000000e+00
6.854678690433502197e-02
