8.240954279899597168e-01
0.000000000000000000e+00
4.341968595981597900e-01
2.810772895812988281e+00
1.745574474334716797e-01
2.370244637131690979e-02
7.578873634338378906e-01
2.828757286071777344e+00
5.558278560638427734e+00
1.221894741058349609e+00
1.114007458090782166e-02
1.628524065017700195e+00
1.936762630939483643e-01
3.273492753505706787e-01
2.289640188217163086e+00
2.331722825765609741e-01
1.026634931564331055e+00
2.070781946182250977e+00
3.562371730804443359e-01
0.000000000000000000e+00
6.795613765716552734e-01
0.000000000000000000e+00
8.628366887569427490e-02
1.648183703422546387e+00
2.863392829895019531e-01
0.000000000000000000e+00
1.259501441381871700e-03
1.446927309036254883e+00
2.593112587928771973e-01
1.297093331813812256e-01
3.848132863640785217e-02
0.000000000000000000e+00
3.772889971733093262e-01
1.642599254846572876e-01
4.829269945621490479e-01
3.512740612030029297e+00
4.896346330642700195e-01
5.015527456998825073e-02
8.364616036415100098e-01
5.295977592468261719e-01
5.594912171363830566e-01
5.832458734512329102e-01
2.571569383144378662e-01
1.671601295471191406e+00
8.387657999992370605e-01
1.168820858001708984e+00
8.141166567802429199e-01
1.688525676727294922e-01
1.201914325356483459e-01
2.110751628875732422e+00
1.974966883659362793e+00
0.000000000000000000e+00
1.038966894149780273e+00
4.959268867969512939e-02
1.842279076576232910e+00
1.055989181622862816e-03
1.610436290502548218e-01
9.757596254348754883e-02
2.258347749710083008e+00
6.515557169914245605e-01
2.047068476676940918e-01
1.884316466748714447e-02
6.309348344802856445e-02
1.561153173446655273e+00
1.244253754615783691e+00
3.206573724746704102e-01
0.000000000000000000e+00
4.564812183380126953e-01
4.902777373790740967e-01
1.131113171577453613e+00
0.000000000000000000e+00
3.537341356277465820e-01
3.301995694637298584e-01
1.675221025943756104e-01
2.283168435096740723e-01
1.317453026771545410e+00
4.209055099636316299e-03
3.277007043361663818e-01
1.533471345901489258e-01
9.030756354331970215e-01
2.307541519403457642e-01
1.083827853202819824e+00
1.491038441658020020e+00
9.898037463426589966e-02
1.285853266716003418e+00
7.195015996694564819e-02
1.933404207229614258e+00
1.897249221801757812e-01
8.823713660240173340e-01
2.103804610669612885e-02
0.000000000000000000e+00
1.676092445850372314e-01
0.000000000000000000e+00
0.000000000000000000e+00
1.778729319572448730e+00
6.197821497917175293e-01
1.010486245155334473e+00
6.489068269729614258e-01
1.266485545784235001e-03
1.719241216778755188e-02
0.000000000000000000e+00
9.868600964546203613e-02
1.594214141368865967e-01
7.158801555633544922e-01
5.640445947647094727e-01
7.912128567695617676e-01
1.997915863990783691e+00
3.346291184425354004e-01
7.071514129638671875e-01
4.214357584714889526e-02
2.235516786575317383e+00
0.000000000000000000e+00
5.746024847030639648e-01
1.436131715774536133e+00
6.491784453392028809e-01
1.290210187435150146e-01
0.000000000000000000e+00
8.171667158603668213e-02
5.076017603278160095e-02
2.221019983291625977e+00
2.865312993526458740e-01
6.414256691932678223e-01
7.648001611232757568e-02
1.133148074150085449e+00
7.115560173988342285e-01
1.360654473304748535e+00
0.000000000000000000e+00
4.036780446767807007e-02
1.846739649772644043e+00
8.709128946065902710e-02
2.231038957834243774e-01
1.215449452400207520e+00
5.083016157150268555e-01
3.776634484529495239e-02
1.833112686872482300e-01
0.000000000000000000e+00
1.265408396720886230e-01
4.822386741638183594e+00
0.000000000000000000e+00
4.253346100449562073e-02
2.220499068498611450e-01
4.955108761787414551e-01
9.836608767509460449e-01
6.021421775221824646e-02
2.505165636539459229e-01
4.223153591156005859e-01
7.341895699501037598e-01
1.054859519004821777e+00
5.514444708824157715e-01
3.650295436382293701e-01
4.748124122619628906e+00
8.380575478076934814e-02
8.472567200660705566e-01
5.612044930458068848e-01
1.986648559570312500e+00
1.117324709892272949e+00
2.448043227195739746e-01
1.772296577692031860e-01
2.469714641571044922e+00
2.317279428243637085e-01
1.499524563550949097e-01
1.810737133026123047e+00
1.883187413215637207e+00
3.174596130847930908e-01
6.177020668983459473e-01
1.951451897621154785e-01
3.558717295527458191e-02
0.000000000000000000e+00
1.648689746856689453e+00
1.910470008850097656e+00
5.957453250885009766e-01
3.375075384974479675e-02
0.000000000000000000e+00
8.257029056549072266e-01
1.531462371349334717e-01
8.712236404418945312e+00
1.919443369843065739e-03
1.414114609360694885e-02
6.241345778107643127e-02
5.670029204338788986e-03
3.046397678554058075e-02
8.869467419572174549e-04
0.000000000000000000e+00
1.348682045936584473e+00
2.243231683969497681e-01
0.000000000000000000e+00
1.115406453609466553e-01
1.701664209365844727e+00
0.000000000000000000e+00
1.909947991371154785e-01
0.000000000000000000e+00
3.319389885291457176e-03
1.195170164108276367e+00
5.735169053077697754e-01
1.814710944890975952e-01
2.425947785377502441e-01
6.747608184814453125e-01
4.130053520202636719e-01
2.573774158954620361e-01
1.014385700225830078e+00
1.434161067008972168e+00
4.208752214908599854e-01
7.185629606246948242e-01
3.932509720325469971e-01
1.122202277183532715e-01
1.266135424375534058e-01
0.000000000000000000e+00
1.054194271564483643e-01
1.328143924474716187e-01
1.948760032653808594e+00
0.000000000000000000e+00
1.236602440476417542e-01
1.009435504674911499e-01
5.205678939819335938e-01
4.015393853187561035e-01
6.569510102272033691e-01
2.483295090496540070e-02
3.130468428134918213e-01
1.101964235305786133e+00
2.178200721740722656e+00
1.399442553520202637e-01
1.380670070648193359e-02
6.881802678108215332e-01
1.380028277635574341e-01
6.896721720695495605e-01
0.000000000000000000e+00
1.786965504288673401e-02
1.690470427274703979e-01
0.000000000000000000e+00
0.000000000000000000e+00
6.735255718231201172e-01
2.166782766580581665e-01
9.255445599555969238e-01
2.473919153213500977e+00
8.847353458404541016e-01
7.449187040328979492e-01
1.666998028755187988e+00
3.383362889289855957e-01
8.783449977636337280e-02
1.467655062675476074e+00
5.424028635025024414e-01
2.693088948726654053e-01
1.018525566905736923e-03
2.166441679000854492e+00
3.242552280426025391e-01
2.350414842367172241e-01
3.979060947895050049e-01
0.000000000000000000e+00
1.404967427253723145e+00
1.411552429199218750e+00
3.620403707027435303e-01
5.255037546157836914e-01
4.723553732037544250e-02
1.764263957738876343e-01
9.829180836677551270e-01
5.358606204390525818e-02
0.000000000000000000e+00
0.000000000000000000e+00
2.355988370254635811e-03
0.000000000000000000e+00
7.534953355789184570e-01
3.904170393943786621e-01
5.789778232574462891e-01
5.946070328354835510e-02
0.000000000000000000e+00
9.586207568645477295e-02
2.069743156433105469e+00
4.706642648670822382e-04
4.828619062900543213e-01
1.748580671846866608e-02
9.458929300308227539e-01
4.934236407279968262e-03
5.750273466110229492e-01
1.601806133985519409e-01
4.194688200950622559e-01
5.453308224678039551e-01
1.243408545851707458e-01
2.237574905157089233e-01
1.237269043922424316e+00
1.818863600492477417e-01
6.718925386667251587e-02
6.369103193283081055e-01
6.816431134939193726e-02
3.143444657325744629e-02
4.652122557163238525e-01
6.156668663024902344e-01
1.689952373504638672e+00
5.535723641514778137e-02
3.519618809223175049e-01
1.126976758241653442e-01
1.432544708251953125e+00
2.368394851684570312e+00
2.740978300571441650e-01
6.354561448097229004e-02
0.000000000000000000e+00
1.004668399691581726e-01
1.926526576280593872e-01
5.670270323753356934e-01
1.973239898681640625e+00
4.938871860504150391e+00
8.558354377746582031e-01
2.592351138591766357e-01
5.938161909580230713e-02
2.625255286693572998e-01
0.000000000000000000e+00
2.071647942066192627e-01
1.974246650934219360e-02
0.000000000000000000e+00
6.898381281644105911e-03
1.193176880478858948e-01
3.011448979377746582e-01
0.000000000000000000e+00
2.316696010529994965e-02
1.486902356147766113e+00
7.064985632896423340e-01
8.652815595269203186e-03
0.000000000000000000e+00
9.004304558038711548e-02
9.771630764007568359e-01
3.276593685150146484e-01
1.619837641716003418e+00
0.000000000000000000e+00
2.835063496604561806e-04
7.396082282066345215e-01
2.258029431104660034e-01
1.169832944869995117e+00
4.622061736881732941e-03
0.000000000000000000e+00
5.842181444168090820e-01
4.471825957298278809e-01
1.289418246597051620e-02
1.135160867124795914e-02
0.000000000000000000e+00
6.674454547464847565e-03
6.363418698310852051e-02
2.899486720561981201e-01
1.532241344451904297e+00
4.796518012881278992e-02
9.814644455909729004e-01
6.893504858016967773e-01
4.803470522165298462e-02
0.000000000000000000e+00
2.676936425268650055e-02
1.818929053843021393e-02
8.056783080101013184e-01
1.285225152969360352e+00
2.382824271917343140e-01
6.965398788452148438e-04
3.805680945515632629e-02
3.883088231086730957e-01
6.229111552238464355e-01
1.399511814117431641e+00
0.000000000000000000e+00
3.620861098170280457e-04
2.066942900419235229e-01
1.490464806556701660e+00
3.401158843189477921e-03
3.060318529605865479e-01
0.000000000000000000e+00
4.492783844470977783e-01
4.616184234619140625e-01
1.140671595931053162e-02
6.616240143775939941e-01
4.287619590759277344e-01
8.379835486412048340e-01
6.762790083885192871e-01
6.162177920341491699e-01
7.448639869689941406e-01
2.077620267868041992e+00
4.692630376666784286e-03
6.680684089660644531e-01
1.505425572395324707e+00
5.589594244956970215e-01
2.725672721862792969e-01
3.578493595123291016e-01
2.525627380236983299e-03
8.593100123107433319e-03
0.000000000000000000e+00
3.185020089149475098e-01
5.295563936233520508e-01
0.000000000000000000e+00
2.385243892669677734e+00
3.696007251739501953e+00
8.560214638710021973e-01
1.132751232944428921e-03
5.968987345695495605e-01
1.726423506624996662e-03
2.289108233526349068e-03
0.000000000000000000e+00
3.214010223746299744e-02
5.174112915992736816e-01
0.000000000000000000e+00
0.000000000000000000e+00
5.674882531166076660e-01
5.704840272665023804e-02
4.655321240425109863e-01
1.083410263061523438e+00
1.458187252283096313e-01
2.124095894396305084e-02
1.958734273910522461e+00
1.693999767303466797e-01
2.007407903671264648e+00
0.000000000000000000e+00
2.107754051685333252e-01
1.123852968215942383e+00
2.238166928291320801e-01
8.912906050682067871e-01
2.648543715476989746e-01
1.368357300758361816e+00
5.050085186958312988e-01
4.495325684547424316e-01
0.000000000000000000e+00
1.242132544517517090e+00
8.064656853675842285e-01
3.179648816585540771e-01
0.000000000000000000e+00
2.947740793228149414e+00
5.557029321789741516e-02
8.541083931922912598e-01
5.056018754839897156e-02
1.842192839831113815e-03
2.199747413396835327e-01
0.000000000000000000e+00
2.754204273223876953e+00
1.531792759895324707e+00
9.885968565940856934e-01
6.793924570083618164e-01
1.853397846221923828e+00
1.373876817524433136e-03
1.340045213699340820e+00
8.105459064245223999e-02
5.263721942901611328e-02
0.000000000000000000e+00
0.000000000000000000e+00
0.000000000000000000e+00
1.969485580921173096e-01
4.239767193794250488e-01
4.745309706777334213e-04
1.448236852884292603e-01
3.260721266269683838e-01
1.676160693168640137e+00
1.859751716256141663e-02
3.976750075817108154e-01
3.206498324871063232e-01
1.237110853195190430e+00
2.172170020639896393e-02
0.000000000000000000e+00
4.090899019502103329e-04
5.519112944602966309e-01
1.507868885993957520e+00
6.012655496597290039e-01
6.062246859073638916e-02
1.484935164451599121e+00
0.000000000000000000e+00
1.180573225021362305e+00
4.794807638972997665e-03
4.762866199016571045e-01
1.631127893924713135e-01
0.000000000000000000e+00
1.452843785285949707e+00
1.212544202804565430e+00
4.109836518764495850e-01
1.354346752166748047e+00
0.000000000000000000e+00
8.072378635406494141e-01
5.081251636147499084e-02
3.209016472101211548e-02
6.557832956314086914e-01
9.312483072280883789e-01
2.899595201015472412e-01
1.977296313270926476e-03
4.635758996009826660e-01
4.541902244091033936e-01
2.181850932538509369e-02
2.023228406906127930e+00
4.976842999458312988e-01
1.033266484737396240e-01
2.839603722095489502e-01
3.005515784025192261e-02
1.069071412086486816e+00
3.015787303447723389e-01
2.271778183057904243e-03
9.326793253421783447e-02
1.697968125343322754e+00
1.462582588195800781e+00
2.275053784251213074e-02
1.839873194694519043e-01
7.230587303638458252e-02
9.153199195861816406e-01
3.215727806091308594e-01
4.491394460201263428e-01
1.494191646575927734e+00
3.243601694703102112e-02
5.247746109962463379e-01
1.034978151321411133e+00
5.576384067535400391e-02
3.053469657897949219e-01
1.307156085968017578e+00
3.002554178237915039e-02
1.152914296835660934e-02
0.000000000000000000e+00
2.031812429428100586e+00
2.916316036134958267e-03
2.722198367118835449e-01
3.106209449470043182e-02
7.515853643417358398e-01
1.879010558128356934e+00
1.063565731048583984e+00
2.888446301221847534e-02
1.287507891654968262e+00
0.000000000000000000e+00
0.000000000000000000e+00
