4.050061479210853577e-02
0.000000000000000000e+00
1.327780336141586304e-01
2.730909109115600586e+00
5.449808239936828613e-01
9.580126404762268066e-02
1.214239716529846191e+00
1.944810032844543457e+00
7.150339603424072266e+00
1.090074300765991211e+00
3.465970158576965332e-01
1.743230938911437988e+00
3.888640105724334717e-01
1.445330381393432617e+00
2.287652015686035156e+00
7.150558233261108398e-01
1.475863933563232422e+00
1.351556301116943359e+00
2.064350605010986328e+00
2.256506532430648804e-01
1.535019874572753906e+00
0.000000000000000000e+00
4.497179985046386719e-01
2.927141427993774414e+00
2.919370494782924652e-02
3.308467194437980652e-02
2.868365347385406494e-01
1.414199948310852051e+00
2.532262206077575684e-01
8.919068612158298492e-03
1.399708986282348633e-01
2.896923385560512543e-02
5.734253525733947754e-01
5.992068052291870117e-01
4.830871820449829102e-01
3.138003826141357422e+00
3.418326675891876221e-01
2.088018655776977539e-01
4.561047255992889404e-01
4.048027098178863525e-01
1.597430855035781860e-01
2.159222215414047241e-01
8.629730939865112305e-01
4.869526386260986328e+00
7.016853094100952148e-01
1.493558287620544434e+00
3.232966661453247070e-01
1.469031810760498047e+00
8.202490955591201782e-02
6.623911857604980469e-01
3.444446325302124023e+00
0.000000000000000000e+00
1.482839941978454590e+00
1.539359539747238159e-01
1.640192389488220215e+00
5.019837617874145508e-01
3.869385123252868652e-01
2.741525471210479736e-01
1.523047327995300293e+00
5.286970734596252441e-02
1.676407828927040100e-02
2.732490003108978271e-01
1.078627035021781921e-01
3.612664639949798584e-01
1.339549303054809570e+00
3.384926021099090576e-01
2.888345122337341309e-01
3.216755688190460205e-01
1.170957446098327637e+00
3.327093124389648438e-01
0.000000000000000000e+00
1.567151164636015892e-03
1.695399284362792969e-01
9.623011350631713867e-01
5.460579320788383484e-02
7.849347591400146484e-01
1.118593961000442505e-01
1.265302300453186035e+00
4.274196922779083252e-01
1.317415118217468262e+00
5.579172074794769287e-02
1.044265389442443848e+00
1.974831223487854004e+00
8.389743417501449585e-02
2.538334608078002930e+00
1.408687233924865723e-01
6.166440248489379883e-01
1.506846956908702850e-02
5.392692685127258301e-01
2.995355427265167236e-02
1.056402847170829773e-01
0.000000000000000000e+00
0.000000000000000000e+00
0.000000000000000000e+00
7.571594119071960449e-01
2.099105119705200195e-01
8.839511275291442871e-01
8.367264866828918457e-01
1.006089970469474792e-01
0.000000000000000000e+00
0.000000000000000000e+00
8.121363073587417603e-02
4.400466103106737137e-03
1.714606523513793945e+00
7.999116182327270508e-01
2.303076721727848053e-02
1.725395321846008301e+00
8.255106210708618164e-01
6.382405161857604980e-01
3.644631803035736084e-01
4.980699121952056885e-01
6.306210160255432129e-02
1.043551087379455566e+00
2.516349852085113525e-01
7.379487156867980957e-01
4.927232861518859863e-03
1.263529248535633087e-02
1.372016519308090210e-01
1.808460116386413574e+00
2.567228078842163086e+00
6.978675723075866699e-01
3.254835605621337891e-01
1.216262113302946091e-02
1.758818864822387695e+00
1.012685060501098633e+00
9.445003271102905273e-01
0.000000000000000000e+00
2.651824653148651123e-01
1.649447917938232422e+00
0.000000000000000000e+00
8.584804087877273560e-02
9.657816886901855469e-01
3.324412703514099121e-01
4.350487291812896729e-01
6.210254430770874023e-01
9.223494678735733032e-02
3.770748376846313477e-01
5.235225200653076172e+00
0.000000000000000000e+00
1.069289669394493103e-01
3.693682551383972168e-01
5.988381505012512207e-01
1.547412395477294922e+00
0.000000000000000000e+00
5.171290133148431778e-03
4.040508866310119629e-01
7.929986119270324707e-01
7.000196576118469238e-01
1.105567574501037598e+00
1.693171709775924683e-01
4.772212982177734375e+00
3.466782867908477783e-01
6.221697330474853516e-01
5.285304188728332520e-01
1.878715515136718750e+00
2.225684404373168945e+00
2.058433592319488525e-01
4.950749874114990234e-01
1.620010018348693848e+00
2.838208377361297607e-01
2.407677844166755676e-02
1.557628631591796875e+00
1.224674955010414124e-01
0.000000000000000000e+00
5.637041926383972168e-01
3.160765022039413452e-02
0.000000000000000000e+00
0.000000000000000000e+00
9.150844812393188477e-01
3.447039365768432617e+00
6.989297270774841309e-01
9.103546142578125000e-01
8.698818087577819824e-02
9.466795325279235840e-01
7.310082912445068359e-01
7.339765071868896484e+00
2.289276337251067162e-03
1.080524176359176636e-03
0.000000000000000000e+00
2.864985764026641846e-01
3.343945741653442383e-02
2.895049452781677246e-01
4.965718686580657959e-01
3.547897577285766602e+00
6.374228745698928833e-02
6.041190773248672485e-02
4.695555865764617920e-01
1.449602961540222168e+00
0.000000000000000000e+00
6.794423330575227737e-03
0.000000000000000000e+00
6.118181720376014709e-02
7.038384079933166504e-01
2.395804077386856079e-01
1.563153266906738281e+00
2.988799214363098145e-01
8.846339583396911621e-01
2.649914324283599854e-01
3.580640554428100586e-01
1.198746800422668457e+00
1.571049571037292480e+00
4.824220240116119385e-01
1.528610736131668091e-01
4.057807326316833496e-01
4.456413388252258301e-01
0.000000000000000000e+00
1.263383030891418457e+00
0.000000000000000000e+00
5.850629210472106934e-01
1.437128424644470215e+00
9.188081324100494385e-02
3.049253821372985840e-01
1.058493614196777344e+00
1.349491119384765625e+00
1.686136484146118164e+00
8.920316100120544434e-01
4.101428985595703125e-01
3.915063440799713135e-01
1.960118174552917480e+00
4.270122647285461426e-01
0.000000000000000000e+00
1.336286030709743500e-02
4.458554089069366455e-01
4.290072992444038391e-02
2.763820588588714600e-01
0.000000000000000000e+00
2.090346068143844604e-01
6.819127798080444336e-01
3.073800541460514069e-02
4.497166275978088379e-01
8.783751726150512695e-02
4.579387903213500977e-01
2.495440721511840820e+00
1.677344202995300293e+00
1.234779357910156250e+00
1.643916606903076172e+00
2.700671434402465820e+00
5.973033905029296875e-01
8.167241513729095459e-02
9.709147810935974121e-01
5.604443699121475220e-02
1.264849305152893066e-02
2.849598228931427002e-02
3.210624694824218750e+00
1.213976263999938965e+00
1.604755073785781860e-01
8.248536586761474609e-01
0.000000000000000000e+00
1.077197790145874023e+00
1.005178570747375488e+00
9.053160995244979858e-02
3.113246858119964600e-01
0.000000000000000000e+00
1.463464856147766113e+00
2.132251977920532227e+00
2.136649936437606812e-02
2.610660856589674950e-03
0.000000000000000000e+00
3.737658262252807617e-01
8.770586550235748291e-02
1.187860012054443359e+00
3.554868698120117188e-01
1.126883644610643387e-02
0.000000000000000000e+00
0.000000000000000000e+00
2.718738280236721039e-02
2.194320440292358398e+00
9.315563365817070007e-03
1.065949916839599609e+00
0.000000000000000000e+00
1.782589912414550781e+00
0.000000000000000000e+00
7.326765656471252441e-01
3.144297003746032715e-01
1.752791367471218109e-02
6.495283842086791992e-01
5.911897495388984680e-02
1.364395380020141602e+00
1.035537242889404297e+00
8.420877158641815186e-02
5.178917199373245239e-02
8.017022013664245605e-01
1.162132322788238525e-01
2.122835367918014526e-01
2.360301911830902100e-01
1.124384403228759766e+00
1.302064776420593262e+00
1.762766391038894653e-02
7.372608780860900879e-02
0.000000000000000000e+00
2.445605993270874023e+00
1.015533089637756348e+00
4.206834435462951660e-01
2.130172913894057274e-03
4.680500328540802002e-01
3.012546598911285400e-01
2.204474806785583496e-01
1.449859142303466797e-01
1.989863634109497070e+00
6.602814197540283203e+00
5.356798768043518066e-01
4.260465502738952637e-01
5.249745845794677734e-01
3.589246049523353577e-02
1.195553913712501526e-01
2.048544771969318390e-02
1.583950966596603394e-01
0.000000000000000000e+00
8.267759345471858978e-03
4.176371693611145020e-01
8.013997077941894531e-01
8.910586684942245483e-02
3.869060575962066650e-01
1.468106508255004883e+00
2.909532487392425537e-01
1.110704541206359863e+00
0.000000000000000000e+00
1.655870527029037476e-01
1.202666878700256348e+00
9.758250415325164795e-02
1.924963593482971191e+00
0.000000000000000000e+00
7.405644655227661133e-01
1.629822701215744019e-01
0.000000000000000000e+00
2.738413512706756592e-01
2.135748267173767090e-01
0.000000000000000000e+00
5.954862833023071289e-01
5.524778366088867188e-01
0.000000000000000000e+00
0.000000000000000000e+00
3.962519466876983643e-01
4.112211614847183228e-02
2.936360985040664673e-02
4.546567499637603760e-01
1.914246082305908203e+00
4.203074276447296143e-01
1.092569708824157715e+00
9.887826442718505859e-01
9.383606165647506714e-02
0.000000000000000000e+00
2.643329501152038574e-01
1.581144630908966064e-01
4.538636803627014160e-01
1.260814189910888672e+00
6.406553089618682861e-02
2.247018218040466309e-01
4.922419488430023193e-01
1.076766967773437500e+00
5.054510384798049927e-02
7.496770620346069336e-01
2.920729219913482666e-01
1.791982799768447876e-01
0.000000000000000000e+00
8.072146177291870117e-01
0.000000000000000000e+00
2.352651804685592651e-01
0.000000000000000000e+00
5.584920048713684082e-01
1.941199153661727905e-01
2.166814953088760376e-01
4.874722957611083984e-01
1.128127455711364746e+00
2.125246763229370117e+00
1.034896492958068848e+00
9.729067981243133545e-02
1.847118616104125977e+00
2.202244997024536133e+00
0.000000000000000000e+00
6.132567524909973145e-01
1.950132489204406738e+00
7.028853893280029297e-01
4.081349819898605347e-02
1.269703745841979980e+00
0.000000000000000000e+00
5.582376196980476379e-02
5.336409900337457657e-03
1.318286210298538208e-01
6.083310246467590332e-01
2.753953635692596436e-01
4.001684188842773438e+00
1.848782896995544434e+00
1.204713582992553711e+00
0.000000000000000000e+00
3.371291458606719971e-01
1.084678024053573608e-01
0.000000000000000000e+00
3.285612678155303001e-03
1.379956156015396118e-01
1.662200391292572021e-01
0.000000000000000000e+00
0.000000000000000000e+00
2.735244631767272949e-01
1.058438718318939209e-01
5.493304729461669922e-01
2.056477785110473633e+00
0.000000000000000000e+00
2.606793344020843506e-01
1.086975693702697754e+00
6.872469931840896606e-02
5.812828540802001953e-01
0.000000000000000000e+00
2.172268927097320557e-01
9.128213524818420410e-01
3.906278014183044434e-01
1.070676922798156738e+00
1.732417047023773193e-01
1.375211715698242188e+00
2.681364417076110840e-01
1.743066757917404175e-01
8.224041201174259186e-03
5.626364350318908691e-01
2.041459083557128906e+00
2.676220238208770752e-02
3.280838131904602051e-01
3.593609571456909180e+00
1.724957227706909180e-01
9.279785156250000000e-01
7.002957630902528763e-03
5.215109884738922119e-02
7.672384977340698242e-01
0.000000000000000000e+00
2.569210767745971680e+00
4.031430482864379883e-01
5.525407791137695312e-01
1.395942211151123047e+00
9.294289946556091309e-01
0.000000000000000000e+00
1.287011384963989258e+00
4.137276113033294678e-02
3.869000822305679321e-02
2.349403500556945801e-01
3.493764251470565796e-02
4.142310917377471924e-01
3.917479813098907471e-01
1.673206239938735962e-01
1.114071160554885864e-02
2.596631646156311035e-01
5.945726633071899414e-01
1.996737480163574219e+00
1.304621063172817230e-02
3.187150657176971436e-01
2.695131301879882812e-01
1.500599384307861328e+00
7.388449739664793015e-03
1.728791976347565651e-03
1.018444821238517761e-02
1.801059246063232422e-01
9.077020287513732910e-01
1.410206675529479980e+00
1.979799866676330566e-01
1.327202916145324707e+00
0.000000000000000000e+00
4.552299976348876953e-01
1.759659051895141602e-01
0.000000000000000000e+00
5.168111994862556458e-02
0.000000000000000000e+00
1.693724751472473145e+00
1.850796103477478027e+00
2.374510280787944794e-03
3.836167573928833008e+00
2.140413410961627960e-02
1.574181318283081055e+00
1.601004302501678467e-01
3.132412433624267578e-01
2.490044571459293365e-03
1.990664958953857422e+00
1.105898737907409668e+00
0.000000000000000000e+00
7.440976798534393311e-02
6.515201330184936523e-01
1.666199713945388794e-01
2.484059095382690430e+00
6.471138000488281250e-01
7.187175750732421875e-02
6.261358857154846191e-01
6.605559587478637695e-02
8.524776697158813477e-01
1.343005150556564331e-01
9.382636845111846924e-02
7.317879796028137207e-02
4.490772187709808350e-01
7.906959652900695801e-01
3.822311991825699806e-04
6.706272810697555542e-02
2.048449516296386719e-01
1.084827423095703125e+00
1.352303177118301392e-01
7.620715498924255371e-01
4.312346279621124268e-01
0.000000000000000000e+00
1.033422872424125671e-01
9.758388400077819824e-01
4.182181507349014282e-02
5.825873613357543945e-01
2.051448345184326172e+00
2.307406812906265259e-01
4.205003380775451660e-03
3.362463414669036865e-01
2.361530780792236328e+00
9.461191892623901367e-01
1.095478773117065430e+00
9.174381494522094727e-01
2.766531944274902344e+00
2.743467569351196289e+00
7.506479620933532715e-01
2.695916295051574707e-01
5.954104661941528320e-01
0.000000000000000000e+00
1.441181749105453491e-01
