7.231976985931396484e-01
0.000000000000000000e+00
1.928286999464035034e-01
2.799892425537109375e+00
8.820559829473495483e-02
6.672887504100799561e-02
5.421068668365478516e-01
2.985999107360839844e+00
6.080629825592041016e+00
1.168961286544799805e+00
5.375102162361145020e-02
1.339984893798828125e+00
2.721990831196308136e-02
6.629629135131835938e-01
2.558992385864257812e+00
1.931805312633514404e-01
1.024504303932189941e+00
1.694858789443969727e+00
2.320229262113571167e-01
2.024571225047111511e-02
9.075350165367126465e-01
7.079366594552993774e-02
4.212414026260375977e-01
2.270194768905639648e+00
1.154484692960977554e-02
0.000000000000000000e+00
0.000000000000000000e+00
2.185548782348632812e+00
1.123926639556884766e-01
6.193258613348007202e-02
1.581105217337608337e-02
0.000000000000000000e+00
3.370598852634429932e-01
7.611507922410964966e-02
1.762337535619735718e-01
2.634705066680908203e+00
2.223108261823654175e-01
1.448377966880798340e-02
1.354553550481796265e-01
3.132179751992225647e-02
6.822218000888824463e-02
2.658375203609466553e-01
5.881271958351135254e-01
2.267967700958251953e+00
4.529537856578826904e-01
7.338839173316955566e-01
4.736951291561126709e-01
4.220339655876159668e-01
2.079638093709945679e-01
1.763421416282653809e+00
2.435848951339721680e+00
0.000000000000000000e+00
1.470408201217651367e+00
6.703206337988376617e-03
1.562406420707702637e+00
1.244141757488250732e-01
3.797551393508911133e-01
3.292775154113769531e-02
3.010248184204101562e+00
7.334359288215637207e-01
2.007710486650466919e-01
3.465568646788597107e-02
4.255934655666351318e-01
1.373921155929565430e+00
1.120772123336791992e+00
6.479536294937133789e-01
2.413389086723327637e-02
1.596206873655319214e-01
1.190845668315887451e-01
7.414283752441406250e-01
0.000000000000000000e+00
9.110832214355468750e-02
5.166528820991516113e-01
8.549124002456665039e-02
6.804878711700439453e-01
1.312583327293395996e+00
9.787008166313171387e-04
6.358540654182434082e-01
1.420430690050125122e-01
5.617848038673400879e-01
2.182176895439624786e-02
9.254755973815917969e-01
1.980581879615783691e+00
4.597473740577697754e-01
1.396791219711303711e+00
4.966063424944877625e-02
2.120631217956542969e+00
3.705724775791168213e-01
4.563423693180084229e-01
1.236783862113952637e-01
9.944661520421504974e-03
1.997878775000572205e-03
2.833623252809047699e-02
0.000000000000000000e+00
1.517939329147338867e+00
1.450963020324707031e-01
3.691846728324890137e-01
7.129122018814086914e-01
1.169705577194690704e-02
5.249178037047386169e-03
2.065840922296047211e-02
3.395987451076507568e-01
2.308799773454666138e-01
1.185271382331848145e+00
7.465065121650695801e-01
2.577721774578094482e-01
1.552270293235778809e+00
1.465295851230621338e-01
4.654245078563690186e-01
1.121232137084007263e-01
2.034601449966430664e+00
0.000000000000000000e+00
6.650305390357971191e-01
6.382016539573669434e-01
3.685479462146759033e-01
2.230827324092388153e-02
2.675439789891242981e-02
1.365410834550857544e-01
3.965075612068176270e-01
2.782114505767822266e+00
1.116539716720581055e+00
2.189758867025375366e-01
2.590967714786529541e-02
1.572892189025878906e+00
6.962203979492187500e-01
1.154442787170410156e+00
0.000000000000000000e+00
2.506350725889205933e-02
1.387274861335754395e+00
1.496036909520626068e-02
5.161059647798538208e-02
4.351190626621246338e-01
4.774842783808708191e-02
1.538389129564166069e-03
1.923561990261077881e-01
0.000000000000000000e+00
2.917253375053405762e-01
4.941166877746582031e+00
0.000000000000000000e+00
5.836873129010200500e-02
3.956879377365112305e-01
4.778727293014526367e-01
8.473176360130310059e-01
0.000000000000000000e+00
6.228865385055541992e-01
4.321199357509613037e-01
1.268972516059875488e+00
3.519471287727355957e-01
1.103451490402221680e+00
6.111379861831665039e-01
5.118369102478027344e+00
2.776181697845458984e-01
5.526661872863769531e-01
3.377570211887359619e-01
1.479288220405578613e+00
6.830623149871826172e-01
7.662221789360046387e-01
2.293886244297027588e-01
2.467982530593872070e+00
2.965728938579559326e-01
2.905378341674804688e-01
1.468889117240905762e+00
1.261161565780639648e+00
1.358975935727357864e-02
1.498370468616485596e-01
4.369023740291595459e-01
6.472946144640445709e-03
0.000000000000000000e+00
1.554663777351379395e+00
1.801625728607177734e+00
2.159213423728942871e-01
3.914769273251295090e-03
0.000000000000000000e+00
7.280988693237304688e-01
2.129501700401306152e-01
8.049210548400878906e+00
2.051006443798542023e-02
1.947811804711818695e-02
1.103824004530906677e-01
1.397886034101247787e-02
2.024494856595993042e-02
1.347057521343231201e-01
5.914163775742053986e-03
1.798502802848815918e+00
2.437868267297744751e-01
1.047712787985801697e-01
0.000000000000000000e+00
8.336011171340942383e-01
0.000000000000000000e+00
0.000000000000000000e+00
0.000000000000000000e+00
3.590549167711287737e-04
1.149389028549194336e+00
5.144212841987609863e-01
6.958746165037155151e-02
4.442722797393798828e-01
8.778870105743408203e-01
2.640431523323059082e-01
3.095278441905975342e-01
1.164233803749084473e+00
1.388385176658630371e+00
1.344126313924789429e-01
4.499858617782592773e-02
4.412496685981750488e-01
5.619772523641586304e-02
1.907738670706748962e-02
3.453532978892326355e-02
7.778389006853103638e-02
3.579624295234680176e-01
2.121715068817138672e+00
8.452647365629673004e-03
1.366747021675109863e-01
1.312621086835861206e-01
9.200242161750793457e-01
5.822579860687255859e-01
6.357966661453247070e-01
1.747867763042449951e-01
7.873782515525817871e-01
6.967697739601135254e-01
1.630338072776794434e+00
3.947791084647178650e-02
3.434134721755981445e-01
5.134651064872741699e-01
1.333677917718887329e-01
2.429943978786468506e-01
0.000000000000000000e+00
2.821941673755645752e-02
1.553699970245361328e-01
3.466682042926549911e-03
2.068090066313743591e-02
3.446230590343475342e-01
7.632382214069366455e-02
1.269111871719360352e+00
1.901808142662048340e+00
7.489373087882995605e-01
2.425355613231658936e-01
1.834932923316955566e+00
1.142778277397155762e+00
0.000000000000000000e+00
7.007129788398742676e-01
1.921023875474929810e-01
2.113124579191207886e-01
1.936843544244766235e-01
2.038203954696655273e+00
6.062521338462829590e-01
4.737496972084045410e-01
4.503824114799499512e-01
0.000000000000000000e+00
2.278627872467041016e+00
3.604716062545776367e-01
9.174026250839233398e-01
2.143612504005432129e-01
1.464340090751647949e-02
3.783042728900909424e-01
1.061185240745544434e+00
5.620609223842620850e-02
0.000000000000000000e+00
0.000000000000000000e+00
1.702575981616973877e-01
0.000000000000000000e+00
1.063880324363708496e+00
3.136351406574249268e-01
0.000000000000000000e+00
4.750010371208190918e-02
0.000000000000000000e+00
0.000000000000000000e+00
1.521268129348754883e+00
2.585355564951896667e-02
2.727792561054229736e-01
1.682555079460144043e-01
9.073975682258605957e-01
1.321921646595001221e-01
7.976852655410766602e-01
2.560062706470489502e-01
3.871268630027770996e-01
5.676306486129760742e-01
9.530897736549377441e-01
2.613947987556457520e-01
1.318436622619628906e+00
1.049785315990447998e-01
2.886438667774200439e-01
5.590850114822387695e-01
3.395770788192749023e-01
1.860332489013671875e-01
1.480103880167007446e-01
5.464749336242675781e-01
1.013772249221801758e+00
0.000000000000000000e+00
1.858907341957092285e-01
0.000000000000000000e+00
9.592764377593994141e-01
1.284362912178039551e+00
2.457293570041656494e-01
1.521742939949035645e-01
5.779827758669853210e-02
3.685615956783294678e-01
1.515583992004394531e-01
7.808487415313720703e-01
1.836935520172119141e+00
5.691719532012939453e+00
4.532784819602966309e-01
4.199989438056945801e-01
2.201646938920021057e-02
4.075269103050231934e-01
0.000000000000000000e+00
1.321038044989109039e-02
1.245420519262552261e-02
0.000000000000000000e+00
6.045272457413375378e-04
9.698179364204406738e-02
5.608510375022888184e-01
6.922237575054168701e-03
4.132759198546409607e-02
8.478421568870544434e-01
2.361264675855636597e-01
4.850944504141807556e-02
7.659263443201780319e-03
1.440376490354537964e-01
3.810186386108398438e-01
8.753789216279983521e-02
1.408349156379699707e+00
0.000000000000000000e+00
3.813343937508761883e-04
9.715103507041931152e-01
1.596062630414962769e-01
1.146643996238708496e+00
1.406706571578979492e-01
0.000000000000000000e+00
9.356188774108886719e-01
8.889280557632446289e-01
0.000000000000000000e+00
0.000000000000000000e+00
1.054422929883003235e-02
1.038975045084953308e-01
0.000000000000000000e+00
2.515102326869964600e-01
1.005650758743286133e+00
2.007216215133666992e-01
5.934023857116699219e-01
1.218276977539062500e+00
5.153546482324600220e-02
0.000000000000000000e+00
2.388004362583160400e-01
1.808381523005664349e-03
1.226303577423095703e+00
8.186727166175842285e-01
2.278831154108047485e-01
0.000000000000000000e+00
4.379955232143402100e-01
3.581535220146179199e-01
5.704011917114257812e-01
9.039082527160644531e-01
0.000000000000000000e+00
7.729990780353546143e-02
4.304401203989982605e-02
1.296149611473083496e+00
0.000000000000000000e+00
5.741054937243461609e-02
0.000000000000000000e+00
1.485766470432281494e-01
1.033114790916442871e-01
3.665531799197196960e-02
1.647827029228210449e-01
3.200735747814178467e-01
9.045103192329406738e-01
1.222639918327331543e+00
8.584099411964416504e-01
1.101247906684875488e+00
1.798550605773925781e+00
2.495745196938514709e-03
3.106949925422668457e-01
1.041623353958129883e+00
4.755389094352722168e-01
4.275390803813934326e-01
6.950991153717041016e-01
0.000000000000000000e+00
1.320047527551651001e-01
4.071939736604690552e-03
7.171949744224548340e-01
6.059548258781433105e-01
0.000000000000000000e+00
2.626788854598999023e+00
3.664844274520874023e+00
2.122602611780166626e-01
3.359512239694595337e-02
1.217791438102722168e+00
8.942707441747188568e-03
5.749551579356193542e-03
0.000000000000000000e+00
1.106909513473510742e-01
1.404837965965270996e-01
0.000000000000000000e+00
0.000000000000000000e+00
6.863853931427001953e-01
9.100572019815444946e-02
1.820334345102310181e-01
1.685716986656188965e+00
4.124673455953598022e-02
2.350879646837711334e-02
1.722611784934997559e+00
8.594126440584659576e-03
8.575325608253479004e-01
0.000000000000000000e+00
5.366435050964355469e-01
8.242594599723815918e-01
7.859873026609420776e-02
8.610677719116210938e-01
5.054479837417602539e-01
1.288048267364501953e+00
5.290556550025939941e-01
1.759130060672760010e-01
0.000000000000000000e+00
8.020368218421936035e-01
6.511802673339843750e-01
2.130197435617446899e-01
0.000000000000000000e+00
2.599390506744384766e+00
0.000000000000000000e+00
3.913970887660980225e-01
1.351950466632843018e-01
6.939227879047393799e-02
2.262824624776840210e-01
0.000000000000000000e+00
2.934737443923950195e+00
1.142358541488647461e+00
9.662947058677673340e-01
1.656517505645751953e+00
1.383957147598266602e+00
0.000000000000000000e+00
1.266207337379455566e+00
5.824256315827369690e-02
2.439854666590690613e-03
0.000000000000000000e+00
0.000000000000000000e+00
2.321899309754371643e-02
3.073532693088054657e-02
5.955104827880859375e-01
0.000000000000000000e+00
8.386841043829917908e-03
2.006756067276000977e-01
1.654598474502563477e+00
0.000000000000000000e+00
1.252192407846450806e-01
6.415903568267822266e-01
1.617165923118591309e+00
1.156371533870697021e-01
1.254290109500288963e-03
6.661303341388702393e-02
8.490597456693649292e-02
1.168557882308959961e+00
3.637866377830505371e-01
2.081908881664276123e-01
1.748343348503112793e+00
2.373477630317211151e-02
1.452091217041015625e+00
8.364985138177871704e-02
8.219047635793685913e-02
1.072974503040313721e-01
0.000000000000000000e+00
8.459374308586120605e-01
1.675040364265441895e+00
1.679409146308898926e-01
1.508397102355957031e+00
1.987847983837127686e-01
1.074284315109252930e+00
0.000000000000000000e+00
0.000000000000000000e+00
9.565849304199218750e-01
2.612026333808898926e-01
2.998314201831817627e-01
0.000000000000000000e+00
1.278839349746704102e+00
2.303805053234100342e-01
1.164284870028495789e-01
2.438524007797241211e+00
4.139575362205505371e-01
1.565150334499776363e-03
1.324251741170883179e-01
3.210065886378288269e-02
6.753888726234436035e-01
2.410607635974884033e-01
3.379250993020832539e-04
6.830628216266632080e-02
9.989439845085144043e-01
1.071020960807800293e+00
0.000000000000000000e+00
3.436174988746643066e-01
1.858069375157356262e-02
1.447288036346435547e+00
8.419448137283325195e-02
1.364569365978240967e-01
9.317896366119384766e-01
0.000000000000000000e+00
7.648590803146362305e-01
7.067080736160278320e-01
9.366182237863540649e-02
1.003993973135948181e-01
1.413450837135314941e+00
0.000000000000000000e+00
0.000000000000000000e+00
5.610704794526100159e-02
1.666404366493225098e+00
1.581935212016105652e-03
5.573176741600036621e-01
1.086347550153732300e-01
1.963893890380859375e+00
1.750244259834289551e+00
6.663620471954345703e-01
8.329845964908599854e-02
9.749457240104675293e-01
0.000000000000000000e+00
0.000000000000000000e+00
