2.408202551305294037e-02
0.000000000000000000e+00
3.765904009342193604e-01
3.141251087188720703e+00
1.278944462537765503e-01
2.684522569179534912e-01
1.521686315536499023e+00
3.617684364318847656e+00
7.215666770935058594e+00
1.631364464759826660e+00
1.116261780261993408e-01
2.423521995544433594e+00
2.216135710477828979e-02
7.049706578254699707e-01
2.460135936737060547e+00
1.190098643302917480e+00
6.963182687759399414e-01
9.840435385704040527e-01
3.599626123905181885e-01
1.659407280385494232e-02
8.649710416793823242e-01
0.000000000000000000e+00
7.034337520599365234e-01
3.022901296615600586e+00
2.462538629770278931e-01
1.759379287250339985e-03
0.000000000000000000e+00
1.052745580673217773e+00
4.080784916877746582e-01
3.622046411037445068e-01
2.866915194317698479e-03
3.806739673018455505e-02
2.753928899765014648e-01
7.727828621864318848e-01
7.705192565917968750e-01
2.933206081390380859e+00
3.019478321075439453e-01
1.502384096384048462e-01
1.561057521030306816e-03
9.650679230690002441e-01
4.616885185241699219e-01
2.653432078659534454e-02
7.539170384407043457e-01
3.778620958328247070e+00
4.375643730163574219e-01
1.640769243240356445e+00
2.484729737043380737e-01
7.903347015380859375e-01
4.828858748078346252e-02
1.096830964088439941e+00
3.751330852508544922e+00
0.000000000000000000e+00
1.545503735542297363e+00
1.887099146842956543e-01
1.650737524032592773e+00
6.698608994483947754e-01
2.378076910972595215e-01
1.654442399740219116e-01
3.495394229888916016e+00
6.940936297178268433e-02
7.997050136327743530e-02
3.406590819358825684e-01
2.316432297229766846e-01
7.236797213554382324e-01
4.832219481468200684e-01
6.485434174537658691e-01
2.158380150794982910e-01
4.944783747196197510e-01
8.846283555030822754e-01
1.012762188911437988e+00
5.722384434193372726e-03
7.950909435749053955e-02
1.656837612390518188e-01
8.371670842170715332e-01
3.488510251045227051e-01
6.963228583335876465e-01
0.000000000000000000e+00
1.611179351806640625e+00
1.606408357620239258e-01
7.688661813735961914e-01
3.971919119358062744e-01
1.215406537055969238e+00
2.043653488159179688e+00
5.428629741072654724e-02
1.860510349273681641e+00
4.268808290362358093e-02
1.628554940223693848e+00
1.893821954727172852e-01
1.067950963973999023e+00
7.450938224792480469e-03
5.964697524905204773e-02
0.000000000000000000e+00
4.189606383442878723e-02
0.000000000000000000e+00
1.431472778320312500e+00
8.779774904251098633e-01
3.306963741779327393e-01
1.694683909416198730e+00
1.258522868156433105e-01
2.389160841703414917e-01
1.415934413671493530e-03
1.971146613359451294e-01
0.000000000000000000e+00
3.019021749496459961e+00
1.118957519531250000e+00
1.528792977333068848e-01
1.683887004852294922e+00
5.979019999504089355e-01
6.171430349349975586e-01
2.346948236227035522e-01
1.520979046821594238e+00
8.883013576269149780e-02
2.272066026926040649e-01
6.749454140663146973e-02
3.816834688186645508e-01
4.718033969402313232e-02
9.435200691223144531e-02
7.735474109649658203e-01
1.877034306526184082e+00
1.452197790145874023e+00
2.703390121459960938e-01
1.910634636878967285e-01
5.268654972314834595e-02
2.295434474945068359e+00
7.217318415641784668e-01
1.147645592689514160e+00
0.000000000000000000e+00
2.859965562820434570e-01
1.917447209358215332e+00
2.587450435385107994e-04
1.518186777830123901e-01
7.648810148239135742e-01
2.933947443962097168e-01
1.999163329601287842e-01
3.569025993347167969e-01
0.000000000000000000e+00
4.981715679168701172e-01
4.530747413635253906e+00
0.000000000000000000e+00
1.734592467546463013e-01
1.504140198230743408e-01
4.180750846862792969e-01
1.756471514701843262e+00
8.695262484252452850e-03
3.772147931158542633e-03
1.098945066332817078e-01
1.084443092346191406e+00
9.278293848037719727e-01
1.717995405197143555e+00
2.991094291210174561e-01
4.929254055023193359e+00
4.016503095626831055e-01
9.958715438842773438e-01
2.320568710565567017e-01
1.750666737556457520e+00
1.672032237052917480e+00
3.920018374919891357e-01
8.727548271417617798e-02
2.438761234283447266e+00
6.942173838615417480e-01
0.000000000000000000e+00
7.540985941886901855e-01
1.729145050048828125e-01
5.974042229354381561e-03
9.104329347610473633e-01
7.038987427949905396e-02
0.000000000000000000e+00
0.000000000000000000e+00
5.337994694709777832e-01
1.537111878395080566e+00
2.070102244615554810e-01
2.668231129646301270e-01
0.000000000000000000e+00
6.547010540962219238e-01
8.355415463447570801e-01
7.217884063720703125e+00
4.390482604503631592e-02
1.043604314327239990e-02
1.368120545521378517e-03
9.268450736999511719e-02
0.000000000000000000e+00
1.875983625650405884e-01
5.169668793678283691e-01
3.629137516021728516e+00
5.450619384646415710e-03
0.000000000000000000e+00
3.913794644176959991e-03
1.002544283866882324e+00
0.000000000000000000e+00
6.291478872299194336e-03
0.000000000000000000e+00
0.000000000000000000e+00
9.550042748451232910e-01
3.440592586994171143e-01
6.552782654762268066e-01
5.344495177268981934e-01
1.302910804748535156e+00
2.858678698539733887e-01
3.554018735885620117e-01
1.226195931434631348e+00
1.463194847106933594e+00
5.056476593017578125e-01
1.007842198014259338e-01
3.981897830963134766e-01
5.507879257202148438e-01
2.763902070000767708e-03
3.271762132644653320e-01
0.000000000000000000e+00
7.172144651412963867e-01
1.285391211509704590e+00
1.681261658668518066e-01
1.105668067932128906e+00
6.468771696090698242e-01
1.048337936401367188e+00
2.789118885993957520e-01
2.410805523395538330e-01
1.483572423458099365e-01
6.597217321395874023e-01
1.549493551254272461e+00
6.718321442604064941e-01
2.012217883020639420e-03
2.700989246368408203e-01
1.645901679992675781e+00
2.905647456645965576e-01
1.006475806236267090e+00
0.000000000000000000e+00
5.300338268280029297e-01
8.589124083518981934e-01
0.000000000000000000e+00
6.157333031296730042e-02
1.412031054496765137e-01
6.840891838073730469e-01
2.387181758880615234e+00
1.010298132896423340e+00
1.893478870391845703e+00
6.192524433135986328e-01
2.970561742782592773e+00
7.032287120819091797e-01
1.349011715501546860e-02
1.210951685905456543e+00
6.419047117233276367e-01
1.028790473937988281e-01
5.774559825658798218e-02
2.019760131835937500e+00
9.226039648056030273e-01
3.339701294898986816e-01
5.451604127883911133e-01
0.000000000000000000e+00
2.550911426544189453e+00
3.943237662315368652e-01
7.364830374717712402e-01
7.219231724739074707e-01
7.367112673819065094e-03
8.172885775566101074e-01
1.541762709617614746e+00
4.192053154110908508e-02
0.000000000000000000e+00
0.000000000000000000e+00
3.707703948020935059e-01
8.728491514921188354e-02
1.124047279357910156e+00
2.431453317403793335e-01
0.000000000000000000e+00
1.834395714104175568e-02
0.000000000000000000e+00
4.066001158207654953e-03
6.135635972023010254e-01
0.000000000000000000e+00
8.436187505722045898e-01
1.453104913234710693e-01
1.678426146507263184e+00
4.039378836750984192e-02
7.265805602073669434e-01
2.204397916793823242e-01
9.948527067899703979e-02
3.904752135276794434e-01
6.609089970588684082e-01
1.283255577087402344e+00
8.999953866004943848e-01
4.104949906468391418e-02
6.977434456348419189e-02
9.188241362571716309e-01
4.493277519941329956e-03
1.441046446561813354e-01
5.978093743324279785e-01
8.877272009849548340e-01
1.159898519515991211e+00
9.934423118829727173e-02
1.067023575305938721e-01
0.000000000000000000e+00
1.157396435737609863e+00
1.048718214035034180e+00
7.689743638038635254e-01
1.954384595155715942e-01
4.041327536106109619e-01
6.060380339622497559e-01
3.288029134273529053e-01
1.366393566131591797e-01
9.936298727989196777e-01
5.712941646575927734e+00
1.881604194641113281e-01
2.112660259008407593e-01
9.424949884414672852e-01
3.889139369130134583e-02
5.096725001931190491e-02
1.025851219892501831e-01
1.122563406825065613e-01
0.000000000000000000e+00
2.712146639823913574e-01
8.925415277481079102e-01
1.594892144203186035e-01
0.000000000000000000e+00
2.817682921886444092e-01
1.031308054924011230e+00
2.757007479667663574e-01
6.949486136436462402e-01
0.000000000000000000e+00
2.127673178911209106e-01
7.082538008689880371e-01
3.286573290824890137e-02
1.894110321998596191e+00
0.000000000000000000e+00
2.085113432258367538e-03
1.251713186502456665e-01
0.000000000000000000e+00
5.565210580825805664e-01
6.517799198627471924e-02
0.000000000000000000e+00
1.501005768775939941e+00
5.237755179405212402e-01
0.000000000000000000e+00
0.000000000000000000e+00
8.293194323778152466e-02
3.993060439825057983e-02
5.974389985203742981e-02
9.253070950508117676e-01
1.803047418594360352e+00
4.545906186103820801e-01
9.748559594154357910e-01
1.118563294410705566e+00
5.813971534371376038e-02
0.000000000000000000e+00
3.486129269003868103e-02
5.172334238886833191e-02
7.554324269294738770e-01
1.162408947944641113e+00
2.009229958057403564e-01
9.116964414715766907e-03
1.583266109228134155e-01
6.890329718589782715e-01
8.580647408962249756e-02
5.405916571617126465e-01
1.367797702550888062e-01
9.162981808185577393e-02
0.000000000000000000e+00
8.815124630928039551e-01
0.000000000000000000e+00
3.194715380668640137e-01
1.433957833796739578e-03
1.573891937732696533e-01
8.325259089469909668e-01
0.000000000000000000e+00
7.766897678375244141e-01
9.111049175262451172e-01
1.637438654899597168e+00
8.161094784736633301e-01
7.584566473960876465e-01
1.838089942932128906e+00
1.884564161300659180e+00
0.000000000000000000e+00
1.607057452201843262e-01
2.073412418365478516e+00
8.330640196800231934e-01
2.176746428012847900e-01
1.559087872505187988e+00
4.542651772499084473e-02
2.743712365627288818e-01
0.000000000000000000e+00
3.088378310203552246e-01
1.374784588813781738e+00
1.085977107286453247e-01
3.972956418991088867e+00
1.964671134948730469e+00
9.329947233200073242e-01
0.000000000000000000e+00
7.619519233703613281e-01
1.846219897270202637e-01
0.000000000000000000e+00
0.000000000000000000e+00
3.500944972038269043e-01
2.265615854412317276e-03
1.920175738632678986e-03
0.000000000000000000e+00
5.973314493894577026e-02
2.257309556007385254e-01
1.022520899772644043e+00
1.679199814796447754e+00
1.351477056741714478e-01
1.706034243106842041e-01
7.206736803054809570e-01
1.465972792357206345e-02
4.410518109798431396e-01
0.000000000000000000e+00
1.449703425168991089e-01
9.295179247856140137e-01
1.587937958538532257e-02
8.298307061195373535e-01
3.229302763938903809e-01
1.474468231201171875e+00
2.171393930912017822e-01
4.134026169776916504e-02
2.938908897340297699e-02
1.052976965904235840e+00
2.366636514663696289e+00
1.258202046155929565e-01
1.620605140924453735e-01
2.065886020660400391e+00
1.263010352849960327e-01
9.599253535270690918e-01
1.187359243631362915e-01
9.721967508085072041e-04
1.188732981681823730e-01
3.298652882222086191e-04
3.384012699127197266e+00
2.141675502061843872e-01
1.044762372970581055e+00
1.615286707878112793e+00
1.312340378761291504e+00
0.000000000000000000e+00
1.154834747314453125e+00
7.045073434710502625e-03
1.234345883131027222e-01
1.493061929941177368e-01
1.250652596354484558e-02
3.114490583539009094e-02
2.951533906161785126e-02
3.905895724892616272e-02
0.000000000000000000e+00
3.347770497202873230e-02
5.658288002014160156e-01
2.118770599365234375e+00
0.000000000000000000e+00
3.043210804462432861e-01
3.294513002038002014e-02
1.311889052391052246e+00
0.000000000000000000e+00
4.701309651136398315e-02
6.115124002099037170e-02
2.372103184461593628e-02
1.012527465820312500e+00
1.119818016886711121e-01
1.864200234413146973e-01
1.421743392944335938e+00
0.000000000000000000e+00
6.106733679771423340e-01
7.433925569057464600e-02
7.804831489920616150e-03
0.000000000000000000e+00
0.000000000000000000e+00
1.208466053009033203e+00
1.787335991859436035e+00
1.724696718156337738e-02
3.234117031097412109e+00
0.000000000000000000e+00
1.338125109672546387e+00
4.405813664197921753e-02
3.644088283181190491e-02
1.901736855506896973e-01
1.489065289497375488e+00
5.636588931083679199e-01
2.186094969511032104e-02
9.280074834823608398e-01
3.578480184078216553e-01
1.669278368353843689e-02
2.327546358108520508e+00
2.828655838966369629e-01
0.000000000000000000e+00
1.901172101497650146e-01
5.108048021793365479e-02
5.351316928863525391e-01
1.858543008565902710e-01
2.706746570765972137e-02
1.201423630118370056e-02
1.011061906814575195e+00
7.741626501083374023e-01
4.913095757365226746e-02
1.497815102338790894e-01
4.920529574155807495e-02
8.424246311187744141e-01
6.291558593511581421e-02
1.787368766963481903e-02
7.064380645751953125e-01
1.096850559115409851e-01
1.706194728612899780e-01
1.271385908126831055e+00
0.000000000000000000e+00
2.984563112258911133e-01
1.388927817344665527e+00
5.002439767122268677e-02
6.529771490022540092e-04
6.822093576192855835e-02
1.212284445762634277e+00
8.746692538261413574e-01
2.776680588722229004e-01
1.945487409830093384e-01
2.504125833511352539e+00
2.200757026672363281e+00
3.846887648105621338e-01
4.793176054954528809e-01
1.635609418153762817e-01
0.000000000000000000e+00
0.000000000000000000e+00
