8.581226468086242676e-01
0.000000000000000000e+00
2.372228652238845825e-01
2.937277793884277344e+00
6.094319000840187073e-02
2.177505791187286377e-01
5.604701638221740723e-01
4.393136024475097656e+00
5.390103816986083984e+00
1.205918908119201660e+00
6.840624660253524780e-02
2.019182682037353516e+00
5.549708604812622070e-01
2.692399024963378906e-01
2.830622911453247070e+00
1.548710018396377563e-01
8.728358745574951172e-01
1.381428241729736328e+00
9.889315962791442871e-01
1.123294234275817871e-02
6.694742441177368164e-01
1.907489262521266937e-03
6.213851645588874817e-02
2.000380277633666992e+00
5.552241206169128418e-02
0.000000000000000000e+00
6.227763835340738297e-03
1.610176563262939453e+00
1.954116076231002808e-01
1.515265088528394699e-02
1.995221711695194244e-03
2.144061475992202759e-01
6.227049231529235840e-01
4.489285126328468323e-02
2.897051349282264709e-02
3.115596771240234375e+00
2.717110812664031982e-01
1.523320376873016357e-01
5.496914982795715332e-01
4.883860647678375244e-01
4.537035897374153137e-02
6.910864114761352539e-01
7.000003457069396973e-01
2.182545900344848633e+00
6.253145337104797363e-01
9.644780158996582031e-01
1.030789732933044434e+00
3.776394426822662354e-01
6.540948152542114258e-02
2.172260999679565430e+00
2.417094707489013672e+00
0.000000000000000000e+00
1.220733046531677246e+00
0.000000000000000000e+00
2.265197992324829102e+00
3.019760549068450928e-01
8.082924485206604004e-01
9.755704551935195923e-02
2.710875511169433594e+00
7.784200310707092285e-01
2.743366658687591553e-01
7.345267385244369507e-02
5.521919727325439453e-01
1.307343125343322754e+00
1.215947866439819336e+00
1.235102057456970215e+00
4.273201525211334229e-02
2.848625779151916504e-01
4.353638291358947754e-01
1.562187910079956055e+00
0.000000000000000000e+00
2.715800888836383820e-02
2.411754280328750610e-01
1.675021648406982422e-02
2.780396640300750732e-01
1.354507446289062500e+00
2.552236837800592184e-04
7.100672721862792969e-01
2.768409550189971924e-01
6.001165509223937988e-01
1.352493166923522949e-01
8.385789394378662109e-01
1.767467975616455078e+00
1.277778744697570801e-01
1.405338168144226074e+00
1.064802855253219604e-01
2.123249292373657227e+00
1.700445264577865601e-01
8.703731298446655273e-01
6.420476362109184265e-03
2.489342354238033295e-02
0.000000000000000000e+00
1.050543878227472305e-02
0.000000000000000000e+00
1.600630760192871094e+00
3.303125798702239990e-01
1.142858386039733887e+00
1.211812019348144531e+00
1.429464202374219894e-03
1.061763092875480652e-01
5.233925953507423401e-02
2.549956440925598145e-01
2.143457531929016113e-01
1.512992382049560547e+00
6.223988533020019531e-01
3.496216237545013428e-01
1.797865509986877441e+00
2.579519152641296387e-01
3.732170760631561279e-01
1.970317773520946503e-02
2.161848068237304688e+00
2.208703383803367615e-02
1.103537559509277344e+00
8.163902163505554199e-01
6.852214932441711426e-01
3.210558891296386719e-01
1.453827787190675735e-02
3.838627934455871582e-01
2.148344814777374268e-01
2.712409973144531250e+00
4.514557123184204102e-01
7.898773252964019775e-02
7.347428053617477417e-02
1.692513108253479004e+00
4.287844300270080566e-01
2.256194829940795898e+00
0.000000000000000000e+00
3.520740941166877747e-02
1.755668640136718750e+00
1.907262057065963745e-01
1.546872593462467194e-02
7.512115836143493652e-01
1.723435819149017334e-01
2.434021681547164917e-01
3.158353865146636963e-01
0.000000000000000000e+00
1.902322471141815186e-01
5.081212520599365234e+00
0.000000000000000000e+00
2.461768314242362976e-02
5.000508427619934082e-01
3.178943395614624023e-01
1.251635789871215820e+00
1.736430265009403229e-02
1.712531298398971558e-01
6.613481640815734863e-01
1.194842934608459473e+00
1.154515147209167480e+00
6.422598361968994141e-01
6.334624290466308594e-01
4.876721382141113281e+00
5.056605488061904907e-02
1.018862128257751465e+00
8.581832051277160645e-02
1.624407887458801270e+00
8.259339332580566406e-01
7.151241302490234375e-01
4.855355918407440186e-01
2.686336278915405273e+00
3.002822101116180420e-01
4.926900938153266907e-02
1.472097039222717285e+00
1.181222558021545410e+00
1.016566995531320572e-02
7.797503471374511719e-02
4.883949086070060730e-02
2.197295799851417542e-02
0.000000000000000000e+00
1.787967681884765625e+00
2.011629104614257812e+00
4.577289819717407227e-01
2.649183571338653564e-02
1.619790308177471161e-02
1.390270590782165527e+00
1.000710278749465942e-01
8.844160079956054688e+00
0.000000000000000000e+00
3.895323723554611206e-02
1.109051238745450974e-02
1.535868793725967407e-01
1.360050886869430542e-01
5.234172195196151733e-02
6.052153930068016052e-02
1.739105343818664551e+00
3.696271181106567383e-01
0.000000000000000000e+00
5.798670276999473572e-02
1.177136898040771484e+00
0.000000000000000000e+00
6.547619402408599854e-02
0.000000000000000000e+00
4.185475874692201614e-03
1.484400510787963867e+00
1.090312361717224121e+00
6.978264451026916504e-02
2.222468405961990356e-01
4.257454276084899902e-01
4.264922440052032471e-01
1.765701174736022949e-01
1.256972432136535645e+00
1.819169044494628906e+00
3.840075731277465820e-01
3.947403132915496826e-01
2.194710075855255127e-03
6.710219383239746094e-02
1.255737543106079102e-01
4.693325981497764587e-02
5.824879556894302368e-02
3.818960860371589661e-03
2.809843063354492188e+00
5.150598660111427307e-02
1.356727480888366699e-01
6.380587816238403320e-02
1.072435140609741211e+00
1.172634124755859375e+00
5.712274909019470215e-01
2.078014612197875977e-01
8.832215070724487305e-01
1.313495516777038574e+00
2.130205631256103516e+00
1.525733321905136108e-01
2.970123291015625000e-01
1.369468808174133301e+00
1.978080421686172485e-01
6.398443579673767090e-01
0.000000000000000000e+00
2.510296106338500977e-01
1.179567947983741760e-01
6.576794665306806564e-03
0.000000000000000000e+00
6.039202213287353516e-01
3.836779594421386719e-01
2.232254028320312500e+00
2.463541746139526367e+00
1.322103381156921387e+00
5.444443225860595703e-01
1.657382488250732422e+00
8.989089727401733398e-01
4.612794145941734314e-02
9.892607331275939941e-01
4.635971188545227051e-01
1.981807202100753784e-01
9.057890623807907104e-02
2.037230730056762695e+00
9.239270538091659546e-02
1.012471541762351990e-01
9.868884682655334473e-01
0.000000000000000000e+00
2.312085151672363281e+00
1.277197360992431641e+00
1.057160019874572754e+00
4.024966359138488770e-01
8.690571039915084839e-02
1.722976267337799072e-01
1.139022469520568848e+00
1.318286657333374023e-01
0.000000000000000000e+00
0.000000000000000000e+00
4.338955506682395935e-03
2.953466959297657013e-02
8.178378939628601074e-01
6.235588714480400085e-02
1.296547353267669678e-01
1.160137820988893509e-02
0.000000000000000000e+00
1.111792982555925846e-03
3.073052167892456055e+00
2.753252163529396057e-03
1.326787590980529785e+00
2.864635884761810303e-01
1.227278828620910645e+00
3.455420732498168945e-01
9.865891933441162109e-01
8.463115245103836060e-02
4.917426109313964844e-01
4.836930036544799805e-01
6.598061919212341309e-01
4.240177571773529053e-01
1.737052679061889648e+00
1.580948196351528168e-02
9.264931827783584595e-02
7.265174388885498047e-01
2.384945601224899292e-01
1.120264008641242981e-01
1.543968468904495239e-01
8.401342034339904785e-01
1.813193559646606445e+00
0.000000000000000000e+00
4.858219623565673828e-01
2.345775812864303589e-02
1.017783045768737793e+00
2.619727849960327148e+00
2.487553507089614868e-01
6.974484305828809738e-03
9.330748021602630615e-02
2.370448708534240723e-01
1.490677446126937866e-01
5.593557953834533691e-01
1.446248888969421387e+00
5.609447002410888672e+00
5.467370748519897461e-01
5.506952404975891113e-01
6.010328978300094604e-02
3.469940423965454102e-01
0.000000000000000000e+00
5.230156332254409790e-02
1.813248172402381897e-02
0.000000000000000000e+00
1.078756642527878284e-03
1.351816356182098389e-01
3.562197387218475342e-01
0.000000000000000000e+00
2.737830951809883118e-02
9.004684686660766602e-01
4.482547640800476074e-01
4.266735538840293884e-02
1.165660843253135681e-02
1.620817929506301880e-01
9.272214770317077637e-01
4.248654097318649292e-02
1.503713488578796387e+00
0.000000000000000000e+00
0.000000000000000000e+00
7.033176422119140625e-01
5.018115788698196411e-02
1.482178807258605957e+00
3.255894780158996582e-02
0.000000000000000000e+00
4.574652612209320068e-01
9.067829251289367676e-01
1.144853048026561737e-02
3.376821428537368774e-02
2.581122703850269318e-02
1.179507933557033539e-03
1.224377658218145370e-02
5.546429753303527832e-01
1.512656211853027344e+00
3.239630907773971558e-02
1.105092048645019531e+00
6.036735177040100098e-01
0.000000000000000000e+00
0.000000000000000000e+00
1.950794309377670288e-01
2.107272297143936157e-02
1.532953977584838867e+00
1.361958742141723633e+00
1.012280881404876709e-01
0.000000000000000000e+00
4.606393575668334961e-01
1.524420976638793945e-01
1.081569314002990723e+00
1.051674723625183105e+00
2.760322578251361847e-02
9.662897791713476181e-04
9.835355728864669800e-02
1.077900290489196777e+00
0.000000000000000000e+00
3.292454183101654053e-01
0.000000000000000000e+00
5.670983195304870605e-01
4.410008192062377930e-01
1.064609736204147339e-02
3.868332505226135254e-01
3.715592920780181885e-01
7.976069450378417969e-01
5.606489181518554688e-01
1.119029998779296875e+00
7.786659598350524902e-01
2.400569915771484375e+00
2.573560923337936401e-02
7.801377773284912109e-01
1.493182539939880371e+00
8.953145742416381836e-01
4.302993118762969971e-01
2.993623316287994385e-01
0.000000000000000000e+00
6.473714020103216171e-03
2.659274265170097351e-02
5.780682563781738281e-01
5.532280802726745605e-01
0.000000000000000000e+00
2.640273094177246094e+00
3.891683578491210938e+00
8.921490907669067383e-01
1.805019974708557129e-01
1.112288951873779297e+00
9.190780692733824253e-04
1.112487865611910820e-03
0.000000000000000000e+00
1.778170168399810791e-01
7.969401478767395020e-01
9.656075388193130493e-03
0.000000000000000000e+00
1.327528953552246094e-01
1.249052509665489197e-01
4.484033286571502686e-01
1.131659865379333496e+00
9.183654189109802246e-02
2.769174240529537201e-02
2.243395566940307617e+00
1.839167326688766479e-01
1.055060029029846191e+00
0.000000000000000000e+00
2.712551057338714600e-01
1.135464906692504883e+00
8.354480564594268799e-02
1.243020534515380859e+00
3.349693119525909424e-02
2.080332279205322266e+00
5.282976627349853516e-01
4.479823410511016846e-01
0.000000000000000000e+00
9.676226973533630371e-01
1.299901843070983887e+00
8.864051699638366699e-01
3.836259618401527405e-02
3.425860643386840820e+00
4.076739773154258728e-02
7.593676447868347168e-01
0.000000000000000000e+00
7.003130391240119934e-03
6.543429940938949585e-02
0.000000000000000000e+00
3.685785055160522461e+00
1.441554188728332520e+00
3.971287012100219727e-01
9.875330924987792969e-01
1.391300678253173828e+00
1.092326864600181580e-01
5.201525092124938965e-01
3.062880225479602814e-02
1.289708167314529419e-01
0.000000000000000000e+00
0.000000000000000000e+00
1.388871967792510986e-01
8.170989900827407837e-02
1.614959537982940674e-01
0.000000000000000000e+00
9.739967435598373413e-02
5.063340067863464355e-01
1.251492500305175781e+00
0.000000000000000000e+00
2.346304804086685181e-01
2.354671508073806763e-01
1.718846917152404785e+00
4.880426228046417236e-01
0.000000000000000000e+00
7.073505222797393799e-02
6.303130388259887695e-01
1.764815211296081543e+00
6.685277223587036133e-01
4.006880149245262146e-02
2.693003654479980469e+00
1.455245888791978359e-03
8.652387857437133789e-01
0.000000000000000000e+00
2.631837129592895508e-01
1.550060231238603592e-03
0.000000000000000000e+00
1.700440406799316406e+00
2.075725793838500977e+00
5.227509140968322754e-01
1.654788374900817871e+00
2.386834286153316498e-02
1.155995607376098633e+00
5.852917954325675964e-02
0.000000000000000000e+00
1.038230180740356445e+00
1.374695777893066406e+00
4.494152367115020752e-01
3.677395579870790243e-04
9.199298024177551270e-01
2.183724343776702881e-01
4.749804362654685974e-02
2.599191188812255859e+00
3.950013816356658936e-01
2.638279087841510773e-02
2.045512199401855469e-01
4.619923233985900879e-02
9.182180166244506836e-01
1.982585340738296509e-01
0.000000000000000000e+00
1.578448154032230377e-02
1.930117845535278320e+00
1.061293125152587891e+00
0.000000000000000000e+00
5.412088632583618164e-01
1.093588303774595261e-02
9.079765081405639648e-01
3.053609728813171387e-01
4.260774552822113037e-01
1.542269945144653320e+00
0.000000000000000000e+00
8.253707885742187500e-01
1.802565813064575195e+00
1.051542907953262329e-01
1.274943202733993530e-01
1.694796204566955566e+00
2.584413811564445496e-02
2.457095868885517120e-02
8.831483125686645508e-02
1.742553353309631348e+00
6.846816177130676806e-06
5.959045290946960449e-01
2.946357987821102142e-02
1.418576002120971680e+00
2.457538127899169922e+00
1.017861127853393555e+00
1.093395873904228210e-01
7.102301120758056641e-01
0.000000000000000000e+00
0.000000000000000000e+00
