2.159545663744211197e-03
0.000000000000000000e+00
2.390938997268676758e-01
3.010613441467285156e+00
3.465591743588447571e-02
4.767082631587982178e-01
1.708004355430603027e+00
3.751386404037475586e+00
6.758164882659912109e+00
1.544034361839294434e+00
1.458751708269119263e-01
1.984181880950927734e+00
4.730477631092071533e-01
2.147715389728546143e-01
2.611306190490722656e+00
6.992269158363342285e-01
9.210935235023498535e-01
1.077775001525878906e+00
1.324789971113204956e-01
4.087766283191740513e-04
2.578035891056060791e-01
1.250346284359693527e-02
4.017101228237152100e-01
2.755944728851318359e+00
1.815047711133956909e-01
2.847124123945832253e-03
3.535286337137222290e-02
1.058712005615234375e+00
4.948610067367553711e-01
1.534188687801361084e-01
0.000000000000000000e+00
2.513683587312698364e-02
4.260118305683135986e-01
2.162707149982452393e-01
9.066208004951477051e-01
4.594979763031005859e+00
3.546699509024620056e-02
5.260189995169639587e-02
1.061135008931159973e-01
8.660547733306884766e-01
5.394311547279357910e-01
2.918995171785354614e-02
3.632778525352478027e-01
2.469437599182128906e+00
8.658216595649719238e-01
1.612054228782653809e+00
2.780573368072509766e-01
1.200749039649963379e+00
2.059321850538253784e-01
2.053222656250000000e+00
3.246324777603149414e+00
0.000000000000000000e+00
1.479996681213378906e+00
1.709795743227005005e-01
1.769783616065979004e+00
5.731590986251831055e-01
1.710151582956314087e-01
3.076372444629669189e-01
3.632371425628662109e+00
1.187931224703788757e-01
1.418443769216537476e-01
1.877742260694503784e-01
1.668089628219604492e-01
1.259871482849121094e+00
9.123925566673278809e-01
1.079566597938537598e+00
1.281908452510833740e-01
1.224909350275993347e-01
9.423539638519287109e-01
9.536238312721252441e-01
0.000000000000000000e+00
1.625138819217681885e-01
3.104075193405151367e-01
2.496866881847381592e-01
3.883592188358306885e-01
7.189632058143615723e-01
0.000000000000000000e+00
1.060607075691223145e+00
5.177685245871543884e-02
8.320798277854919434e-01
4.007397890090942383e-01
1.101777076721191406e+00
2.350883007049560547e+00
1.222806796431541443e-01
2.891283273696899414e+00
1.680492609739303589e-01
1.747804284095764160e+00
3.590089036151766777e-03
9.437729716300964355e-01
3.120861761271953583e-02
7.472998928278684616e-03
0.000000000000000000e+00
9.030625969171524048e-02
1.262895995751023293e-03
1.684029102325439453e+00
8.145091533660888672e-01
6.815479397773742676e-01
1.720642805099487305e+00
1.812593266367912292e-02
1.501016169786453247e-01
4.007898736745119095e-03
2.537729740142822266e-01
5.481820926070213318e-02
3.370719671249389648e+00
1.002812623977661133e+00
3.949001431465148926e-02
1.967302680015563965e+00
7.083351612091064453e-01
3.333817124366760254e-01
4.183747619390487671e-02
2.254035472869873047e+00
6.936564296483993530e-02
2.790485918521881104e-01
4.140705764293670654e-01
5.767752528190612793e-01
4.676448553800582886e-02
7.357042282819747925e-02
9.488774538040161133e-01
1.988521575927734375e+00
1.173134922981262207e+00
1.685126125812530518e-01
5.583846569061279297e-01
5.063400790095329285e-02
1.406565785408020020e+00
1.557997316122055054e-01
1.946160674095153809e+00
2.798459492623806000e-03
4.186388477683067322e-02
2.014919042587280273e+00
1.138088852167129517e-01
4.033979177474975586e-01
8.493560552597045898e-01
2.093659192323684692e-01
1.578699052333831787e-01
1.354631334543228149e-01
2.553242491558194160e-03
3.048070967197418213e-01
4.069938182830810547e+00
0.000000000000000000e+00
7.332649081945419312e-02
4.353813827037811279e-01
1.281515240669250488e+00
1.735190629959106445e+00
0.000000000000000000e+00
5.450442433357238770e-02
2.320435941219329834e-01
1.206295251846313477e+00
8.034630417823791504e-01
2.594240665435791016e+00
3.067491054534912109e-01
4.904679298400878906e+00
3.124328553676605225e-01
1.391843199729919434e+00
3.965798020362854004e-01
1.747020244598388672e+00
1.395808339118957520e+00
6.817600131034851074e-01
1.017380505800247192e-01
3.091125488281250000e+00
1.463001817464828491e-01
3.391052037477493286e-02
1.100528597831726074e+00
4.449011385440826416e-01
0.000000000000000000e+00
5.500071644783020020e-01
1.376304626464843750e-01
0.000000000000000000e+00
0.000000000000000000e+00
8.350575566291809082e-01
1.116768360137939453e+00
2.514535486698150635e-01
5.013637617230415344e-02
0.000000000000000000e+00
1.074523925781250000e+00
8.173319101333618164e-01
8.873312950134277344e+00
0.000000000000000000e+00
5.666365474462509155e-02
1.473566517233848572e-02
2.933755218982696533e-01
2.779464051127433777e-02
2.009103745222091675e-01
1.821418702602386475e-01
2.908890724182128906e+00
3.161056935787200928e-01
1.533326786011457443e-02
0.000000000000000000e+00
1.931783795356750488e+00
0.000000000000000000e+00
0.000000000000000000e+00
0.000000000000000000e+00
0.000000000000000000e+00
1.194315910339355469e+00
2.714296281337738037e-01
2.486594617366790771e-01
1.654482036828994751e-01
1.050387740135192871e+00
6.467522382736206055e-01
2.576854825019836426e-01
2.241196870803833008e+00
1.451016426086425781e+00
7.597491145133972168e-01
6.086074933409690857e-02
2.699356675148010254e-01
7.130735516548156738e-01
8.044289797544479370e-02
1.642756462097167969e-01
1.035993546247482300e-01
2.079251110553741455e-01
1.922718048095703125e+00
2.000762373208999634e-01
3.993680477142333984e-01
4.261256456375122070e-01
1.517723560333251953e+00
3.104240894317626953e-01
2.738442122936248779e-01
1.304952800273895264e-01
8.189476728439331055e-01
1.645051002502441406e+00
8.093909025192260742e-01
4.676989465951919556e-02
1.160112693905830383e-01
1.326407313346862793e+00
3.785193860530853271e-01
9.794810414314270020e-01
0.000000000000000000e+00
4.788648486137390137e-01
1.156246382743120193e-02
1.350082573480904102e-03
6.932147592306137085e-02
4.173114895820617676e-01
8.506138920783996582e-01
3.018225193023681641e+00
1.770885467529296875e+00
1.368669271469116211e+00
7.308424115180969238e-01
2.803942680358886719e+00
7.892706394195556641e-01
1.118737980723381042e-01
8.919606804847717285e-01
8.531509637832641602e-01
3.836710751056671143e-01
1.219238620251417160e-02
1.817068576812744141e+00
3.344690799713134766e-01
5.297223925590515137e-01
4.989593029022216797e-01
0.000000000000000000e+00
2.707861661911010742e+00
1.020034432411193848e+00
6.561160683631896973e-01
5.423746705055236816e-01
2.783003496006131172e-03
3.953184187412261963e-01
1.104248046875000000e+00
5.647429451346397400e-02
1.147540099918842316e-02
0.000000000000000000e+00
1.073057278990745544e-01
0.000000000000000000e+00
1.128934502601623535e+00
8.286213874816894531e-01
1.911506615579128265e-02
1.168715581297874451e-01
0.000000000000000000e+00
0.000000000000000000e+00
2.397392988204956055e+00
0.000000000000000000e+00
9.960335493087768555e-01
4.195849597454071045e-02
2.153509378433227539e+00
4.369176924228668213e-02
1.010839343070983887e+00
1.256353855133056641e-01
2.379865795373916626e-01
4.926407337188720703e-01
6.976648569107055664e-01
6.155558824539184570e-01
1.304498791694641113e+00
2.425711899995803833e-01
2.745415270328521729e-01
6.632027029991149902e-01
1.590754836797714233e-01
1.060846149921417236e-01
6.669551134109497070e-01
1.130941867828369141e+00
1.867248177528381348e+00
3.473325371742248535e-01
1.414195001125335693e-01
2.679815515875816345e-02
8.179700374603271484e-01
1.619330883026123047e+00
4.690544009208679199e-01
1.020992025732994080e-01
2.522716820240020752e-01
4.137429893016815186e-01
1.620008498430252075e-01
4.205575883388519287e-01
1.955674886703491211e+00
6.331093311309814453e+00
4.528098404407501221e-01
2.069179713726043701e-01
8.810842037200927734e-01
1.910764724016189575e-01
1.401519402861595154e-03
4.559279382228851318e-01
0.000000000000000000e+00
0.000000000000000000e+00
1.410269290208816528e-01
3.891253471374511719e-01
1.761794686317443848e-01
0.000000000000000000e+00
2.280250638723373413e-01
1.091879844665527344e+00
8.862630724906921387e-01
2.160540968179702759e-01
2.400055062025785446e-03
7.352477312088012695e-02
1.633626580238342285e+00
1.158559811301529408e-03
2.459348678588867188e+00
0.000000000000000000e+00
1.073989197611808777e-01
3.852145075798034668e-01
3.138438914902508259e-04
9.410579204559326172e-01
1.264712959527969360e-01
0.000000000000000000e+00
1.477753400802612305e+00
1.173744678497314453e+00
2.824909240007400513e-02
1.474330015480518341e-02
2.408238798379898071e-01
5.407355725765228271e-02
4.441069811582565308e-02
7.772721052169799805e-01
1.930909991264343262e+00
1.602512300014495850e-01
1.427637338638305664e+00
1.436120629310607910e+00
1.512816697359085083e-01
1.254098722711205482e-03
5.868504196405410767e-02
2.235583662986755371e-01
1.247140049934387207e+00
1.919755697250366211e+00
2.348950803279876709e-01
8.326111733913421631e-02
1.385327279567718506e-01
4.404858052730560303e-01
4.757277667522430420e-01
1.207517623901367188e+00
3.028374612331390381e-01
3.194196224212646484e-01
2.484108135104179382e-02
8.654772639274597168e-01
0.000000000000000000e+00
3.174522817134857178e-01
0.000000000000000000e+00
8.347523808479309082e-01
4.123911559581756592e-01
6.618591398000717163e-02
3.865817189216613770e-01
5.571909546852111816e-01
1.163847923278808594e+00
1.182318806648254395e+00
8.401858210563659668e-01
1.546500086784362793e+00
2.727683544158935547e+00
0.000000000000000000e+00
2.673870027065277100e-01
2.431855440139770508e+00
1.078775405883789062e+00
3.893001377582550049e-01
9.796164035797119141e-01
0.000000000000000000e+00
2.007939964532852173e-01
0.000000000000000000e+00
6.147422790527343750e-01
9.194191694259643555e-01
3.580390661954879761e-02
4.224514484405517578e+00
2.906003236770629883e+00
1.292206525802612305e+00
0.000000000000000000e+00
8.020173311233520508e-01
4.928294941782951355e-02
1.093500666320323944e-02
2.373145194724202156e-03
3.826707899570465088e-01
8.698321878910064697e-02
1.778095029294490814e-02
0.000000000000000000e+00
7.946894504129886627e-03
2.312042750418186188e-02
1.346880078315734863e+00
1.570888876914978027e+00
6.488867802545428276e-04
3.602422773838043213e-01
2.090612173080444336e+00
5.013857781887054443e-02
4.224810600280761719e-01
0.000000000000000000e+00
5.610576644539833069e-02
8.806170821189880371e-01
3.631415590643882751e-02
1.336417675018310547e+00
4.598601758480072021e-01
1.438958287239074707e+00
6.382037997245788574e-01
8.930245786905288696e-02
6.395971286110579967e-04
1.269757032394409180e+00
1.690812110900878906e+00
1.926626414060592651e-01
0.000000000000000000e+00
2.824062585830688477e+00
2.663238672539591789e-03
1.197254180908203125e+00
4.223430156707763672e-02
2.666083164513111115e-02
2.513816058635711670e-01
0.000000000000000000e+00
3.962701320648193359e+00
4.800595641136169434e-01
9.514326453208923340e-01
1.278695821762084961e+00
1.727685689926147461e+00
0.000000000000000000e+00
1.307889342308044434e+00
7.778703421354293823e-02
1.231498271226882935e-01
6.216538604348897934e-03
0.000000000000000000e+00
1.173466220498085022e-01
0.000000000000000000e+00
1.990405023097991943e-01
3.035285975784063339e-03
3.405110836029052734e-01
5.279570817947387695e-01
1.836645007133483887e+00
0.000000000000000000e+00
2.586703598499298096e-01
2.767953462898731232e-02
1.803337216377258301e+00
2.125174796674400568e-04
3.870892524719238281e-02
1.781846769154071808e-02
4.913956299424171448e-02
1.267175912857055664e+00
5.806517601013183594e-01
3.318667039275169373e-02
2.657555103302001953e+00
0.000000000000000000e+00
9.113849401473999023e-01
0.000000000000000000e+00
1.710538379848003387e-02
1.900269091129302979e-01
0.000000000000000000e+00
6.459377408027648926e-01
2.197113513946533203e+00
9.788727760314941406e-02
2.363051414489746094e+00
4.512169864028692245e-03
1.391285181045532227e+00
0.000000000000000000e+00
2.396582663059234619e-01
3.037700057029724121e-01
1.313420891761779785e+00
1.448864042758941650e-01
0.000000000000000000e+00
1.234203696250915527e+00
3.556855916976928711e-01
1.455103456974029541e-01
2.807595252990722656e+00
4.247463047504425049e-01
1.452071446692571044e-04
2.647100687026977539e-01
9.803684055805206299e-02
1.213731050491333008e+00
3.992269933223724365e-01
0.000000000000000000e+00
1.732322275638580322e-01
9.872410893440246582e-01
9.293615818023681641e-01
0.000000000000000000e+00
8.187276721000671387e-01
3.242040798068046570e-02
9.485434293746948242e-01
8.286155760288238525e-02
4.516972005367279053e-01
1.303096771240234375e+00
6.022591888904571533e-02
4.742257595062255859e-01
1.492150545120239258e+00
0.000000000000000000e+00
3.733940422534942627e-01
1.893519401550292969e+00
6.252154707908630371e-02
1.307628769427537918e-02
1.713741943240165710e-02
1.082905173301696777e+00
1.399105787277221680e-01
4.385091066360473633e-01
3.258154988288879395e-01
2.421667098999023438e+00
2.370533227920532227e+00
4.296813309192657471e-01
2.922039926052093506e-01
2.671480178833007812e-01
0.000000000000000000e+00
0.000000000000000000e+00
