1.435883194208145142e-01
1.079088915139436722e-02
2.091716378927230835e-01
1.852954864501953125e+00
2.915766835212707520e-01
3.169490098953247070e-01
1.054821014404296875e+00
2.373618125915527344e+00
6.860482692718505859e+00
1.328790426254272461e+00
1.115844845771789551e-01
2.236983776092529297e+00
3.953083753585815430e-01
6.666923761367797852e-01
2.195238590240478516e+00
7.945162653923034668e-01
9.888476133346557617e-01
4.001988768577575684e-01
8.863688111305236816e-01
4.324447736144065857e-02
1.110693931579589844e+00
9.048488573171198368e-05
1.119585186243057251e-01
1.643226385116577148e+00
6.481469422578811646e-02
6.799365580081939697e-02
0.000000000000000000e+00
1.350701928138732910e+00
6.614400744438171387e-01
6.801605224609375000e-03
0.000000000000000000e+00
0.000000000000000000e+00
4.288542866706848145e-01
3.014620542526245117e-01
2.985393404960632324e-01
3.102235078811645508e+00
4.027430713176727295e-01
1.440597623586654663e-01
8.322848081588745117e-01
6.564098000526428223e-01
5.755025744438171387e-01
5.366691350936889648e-01
7.425426244735717773e-01
3.756402492523193359e+00
1.832300722599029541e-01
1.896718502044677734e+00
2.636831104755401611e-01
1.927130222320556641e+00
2.589701116085052490e-02
1.223264217376708984e+00
2.874052286148071289e+00
0.000000000000000000e+00
9.645683169364929199e-01
1.463482528924942017e-01
1.844090819358825684e+00
4.729071259498596191e-01
7.099277377128601074e-01
1.104924082756042480e+00
1.845789074897766113e+00
5.249103158712387085e-02
2.946843160316348076e-04
4.561574459075927734e-01
6.716299057006835938e-02
4.080044031143188477e-01
8.981714844703674316e-01
1.196522563695907593e-01
1.349805295467376709e-01
4.443350732326507568e-01
1.353209495544433594e+00
1.191406846046447754e-01
0.000000000000000000e+00
1.824256381951272488e-03
3.055784106254577637e-01
8.165239691734313965e-01
3.268732726573944092e-01
9.017364978790283203e-01
8.047663420438766479e-02
1.481582164764404297e+00
3.764760494232177734e-01
9.272870421409606934e-01
1.202987786382436752e-02
1.202736735343933105e+00
2.104738473892211914e+00
2.821553051471710205e-01
2.860930681228637695e+00
8.538889884948730469e-02
1.475869178771972656e+00
5.256844311952590942e-02
7.611318826675415039e-01
1.243385020643472672e-02
1.596320606768131256e-02
5.092987325042486191e-03
0.000000000000000000e+00
1.322302152402698994e-03
1.112230896949768066e+00
3.309330642223358154e-01
1.291302442550659180e+00
1.162954092025756836e+00
1.073755919933319092e-01
1.371856965124607086e-02
2.649041824042797089e-02
0.000000000000000000e+00
0.000000000000000000e+00
2.171769618988037109e+00
5.085539221763610840e-01
3.161695897579193115e-01
2.290379285812377930e+00
6.457046866416931152e-01
6.549887061119079590e-01
1.226093024015426636e-01
1.047840595245361328e+00
1.664456278085708618e-01
3.207850456237792969e-01
6.063774228096008301e-01
5.525040626525878906e-01
1.043507680296897888e-01
4.299980103969573975e-01
5.217220187187194824e-01
1.320974230766296387e+00
2.237824440002441406e+00
9.584639966487884521e-02
1.416803896427154541e-01
6.011304212734103203e-04
2.032933473587036133e+00
7.299564480781555176e-01
1.224760651588439941e+00
0.000000000000000000e+00
3.213573694229125977e-01
2.141304016113281250e+00
0.000000000000000000e+00
0.000000000000000000e+00
7.884026169776916504e-01
2.804660499095916748e-01
2.993603944778442383e-01
4.991209805011749268e-01
4.585298150777816772e-02
2.886658906936645508e-01
4.960354328155517578e+00
0.000000000000000000e+00
7.036369293928146362e-02
1.211472004652023315e-01
7.013466954231262207e-01
1.445344567298889160e+00
0.000000000000000000e+00
0.000000000000000000e+00
1.000022664666175842e-01
8.048167824745178223e-01
1.413597106933593750e+00
7.999886870384216309e-01
4.161336272954940796e-02
5.724276065826416016e+00
1.185441017150878906e-01
8.325050473213195801e-01
3.049037456512451172e-01
2.111469984054565430e+00
2.022637367248535156e+00
1.857294142246246338e-01
1.265846341848373413e-01
1.781156420707702637e+00
3.638894557952880859e-01
5.673689302057027817e-03
1.247973322868347168e+00
6.792266964912414551e-01
0.000000000000000000e+00
9.266530275344848633e-01
1.466754674911499023e-01
0.000000000000000000e+00
0.000000000000000000e+00
1.198463797569274902e+00
2.572305202484130859e+00
6.272319555282592773e-01
8.576060831546783447e-02
1.795754432678222656e-01
1.263471245765686035e+00
5.271133184432983398e-01
7.298382282257080078e+00
0.000000000000000000e+00
3.224347904324531555e-02
0.000000000000000000e+00
2.062184959650039673e-01
1.854327134788036346e-02
3.493763506412506104e-01
1.565949469804763794e-01
3.065869331359863281e+00
5.791503936052322388e-02
4.098477773368358612e-03
2.720541357994079590e-01
1.400037169456481934e+00
0.000000000000000000e+00
2.317653149366378784e-01
0.000000000000000000e+00
4.647166468203067780e-03
1.099825739860534668e+00
7.761116623878479004e-01
4.683828949928283691e-01
2.880385518074035645e-01
6.127340793609619141e-01
5.317842960357666016e-01
2.810933887958526611e-01
1.222839355468750000e+00
1.523903489112854004e+00
2.970997393131256104e-01
1.676870286464691162e-01
4.874239563941955566e-01
5.643450021743774414e-01
7.588348537683486938e-02
5.718407034873962402e-01
4.300057515501976013e-02
5.181519985198974609e-01
1.077981829643249512e+00
7.991468533873558044e-03
1.115616261959075928e-01
1.106702208518981934e+00
1.627103805541992188e+00
1.186808705329895020e+00
5.503517389297485352e-01
6.256631016731262207e-02
2.169361859560012817e-01
1.870173096656799316e+00
5.509938597679138184e-01
4.464009311050176620e-03
0.000000000000000000e+00
2.614802420139312744e-01
2.935843169689178467e-01
4.552110731601715088e-01
0.000000000000000000e+00
6.112053990364074707e-01
2.860799133777618408e-01
6.665695458650588989e-03
4.379144869744777679e-03
4.956157207489013672e-01
3.010525405406951904e-01
2.288534641265869141e+00
1.697666645050048828e+00
9.291787743568420410e-01
1.757982969284057617e+00
2.394214630126953125e+00
3.807030320167541504e-01
8.541307598352432251e-02
9.111207127571105957e-01
5.181977152824401855e-01
1.174059137701988220e-02
2.612015046179294586e-02
2.557096719741821289e+00
1.104332208633422852e+00
9.681148082017898560e-02
5.415341854095458984e-01
3.045052289962768555e-02
1.701380014419555664e+00
1.578493475914001465e+00
1.978580467402935028e-02
6.149404644966125488e-01
0.000000000000000000e+00
1.418939709663391113e+00
1.471271038055419922e+00
0.000000000000000000e+00
1.371163725852966309e-01
0.000000000000000000e+00
6.610748916864395142e-02
5.065205693244934082e-02
9.412748217582702637e-01
6.208019256591796875e-01
9.670316427946090698e-02
5.038576200604438782e-02
0.000000000000000000e+00
4.257579799741506577e-03
2.509463787078857422e+00
0.000000000000000000e+00
1.493942856788635254e+00
4.201470408588647842e-03
1.867262840270996094e+00
4.074115306138992310e-03
1.299784302711486816e+00
5.147293582558631897e-02
8.933439850807189941e-02
4.325416982173919678e-01
4.921875894069671631e-02
3.607730865478515625e-01
1.165243029594421387e+00
1.109990105032920837e-01
7.715635746717453003e-02
2.368120849132537842e-01
1.064315810799598694e-01
8.394002914428710938e-02
1.088667288422584534e-01
1.399217963218688965e+00
2.167801856994628906e+00
1.278128940612077713e-03
6.179851293563842773e-02
0.000000000000000000e+00
2.169139862060546875e+00
1.404662728309631348e+00
3.518535494804382324e-01
2.412780886515974998e-03
4.683887660503387451e-01
3.469899594783782959e-01
3.842960894107818604e-01
6.072615459561347961e-02
1.520242810249328613e+00
5.669875144958496094e+00
3.624742329120635986e-01
3.662679195404052734e-01
2.598878741264343262e-01
2.424295097589492798e-01
5.490563064813613892e-02
5.739137157797813416e-02
6.282624602317810059e-02
0.000000000000000000e+00
9.954759478569030762e-02
1.307303756475448608e-01
4.851054549217224121e-01
1.739034056663513184e-02
3.091564178466796875e-01
1.324257969856262207e+00
3.447826802730560303e-01
4.559897780418395996e-01
0.000000000000000000e+00
3.930252194404602051e-01
1.031049370765686035e+00
1.352454125881195068e-01
1.934019446372985840e+00
0.000000000000000000e+00
1.894950568675994873e-01
2.709274180233478546e-02
0.000000000000000000e+00
9.143251776695251465e-01
2.499011605978012085e-01
0.000000000000000000e+00
6.021075844764709473e-01
3.633759915828704834e-01
3.988263383507728577e-02
0.000000000000000000e+00
3.179056644439697266e-01
8.502181619405746460e-02
7.433427125215530396e-02
9.917124509811401367e-01
1.672200441360473633e+00
1.444520521908998489e-02
1.029499530792236328e+00
8.189033865928649902e-01
1.122177317738533020e-01
1.300840987823903561e-03
5.655848383903503418e-01
1.593970805406570435e-01
1.045445442199707031e+00
8.285573720932006836e-01
2.442904282361268997e-03
5.541355349123477936e-03
1.305735260248184204e-01
8.820536136627197266e-01
1.769595742225646973e-01
9.696657657623291016e-01
6.464882493019104004e-01
2.217444181442260742e-01
0.000000000000000000e+00
6.207115650177001953e-01
0.000000000000000000e+00
1.883744597434997559e-01
8.032017946243286133e-02
8.699347376823425293e-01
1.790859997272491455e-01
0.000000000000000000e+00
3.265416324138641357e-01
3.506886065006256104e-01
2.182222366333007812e+00
1.247129797935485840e+00
4.664627313613891602e-01
8.675436377525329590e-01
1.715325355529785156e+00
1.968714594841003418e-02
4.590558707714080811e-01
1.675559759140014648e+00
5.945727825164794922e-01
2.794036082923412323e-02
1.005377173423767090e+00
0.000000000000000000e+00
2.199969142675399780e-01
0.000000000000000000e+00
3.693367242813110352e-01
3.845565915107727051e-01
2.054925858974456787e-01
3.703820705413818359e+00
2.837222576141357422e+00
4.346373379230499268e-01
0.000000000000000000e+00
8.439748287200927734e-01
1.015567630529403687e-01
2.955074608325958252e-02
1.650652475655078888e-02
4.663475751876831055e-01
2.867116928100585938e-01
4.090236127376556396e-02
0.000000000000000000e+00
1.231244057416915894e-01
8.245036005973815918e-03
7.902283668518066406e-01
2.079525947570800781e+00
4.872964322566986084e-02
1.570817381143569946e-01
1.141156077384948730e+00
2.365967482328414917e-01
6.596176624298095703e-01
6.280993111431598663e-04
2.057695090770721436e-01
1.182188391685485840e+00
4.690350890159606934e-01
1.290323495864868164e+00
2.809575498104095459e-01
1.202917933464050293e+00
4.500918388366699219e-01
2.048850953578948975e-01
0.000000000000000000e+00
6.990615725517272949e-01
1.997652888298034668e+00
6.245567649602890015e-02
7.925551384687423706e-03
3.235229730606079102e+00
1.584604531526565552e-01
6.933546066284179688e-01
3.976673353463411331e-03
7.634966820478439331e-02
1.675335615873336792e-01
2.254700055345892906e-03
3.131657838821411133e+00
2.005829215049743652e-01
4.183066785335540771e-01
8.821421861648559570e-01
9.043678641319274902e-01
0.000000000000000000e+00
1.627412080764770508e+00
1.570385508239269257e-02
3.972197324037551880e-02
8.995272964239120483e-02
0.000000000000000000e+00
1.802500486373901367e-01
2.406368255615234375e-01
7.455035299062728882e-02
0.000000000000000000e+00
2.888168394565582275e-01
4.630442261695861816e-01
1.157386302947998047e+00
0.000000000000000000e+00
3.295192718505859375e-01
1.377469003200531006e-01
1.203759193420410156e+00
0.000000000000000000e+00
7.025170326232910156e-02
0.000000000000000000e+00
6.953661888837814331e-02
8.340053558349609375e-01
1.173362493515014648e+00
3.211459517478942871e-01
1.830117344856262207e+00
0.000000000000000000e+00
2.939260601997375488e-01
2.043765634298324585e-01
4.666378349065780640e-02
3.045460395514965057e-02
0.000000000000000000e+00
1.530390977859497070e+00
8.984792232513427734e-01
9.431229531764984131e-02
2.611471891403198242e+00
9.195754304528236389e-03
1.619671344757080078e+00
0.000000000000000000e+00
3.674627095460891724e-02
0.000000000000000000e+00
2.372422695159912109e+00
3.272177577018737793e-01
3.440896107349544764e-04
8.297780901193618774e-02
2.385842949151992798e-01
4.915286600589752197e-02
2.115644454956054688e+00
4.819002151489257812e-01
3.591179102659225464e-02
6.085556745529174805e-01
8.326423168182373047e-02
1.164851784706115723e+00
1.425189226865768433e-01
1.259698569774627686e-01
7.094090431928634644e-02
9.458502531051635742e-01
1.087783813476562500e+00
3.345087543129920959e-02
3.186101317405700684e-01
7.847830653190612793e-03
5.087375640869140625e-01
1.717001795768737793e-01
1.050964474678039551e+00
9.676582813262939453e-01
0.000000000000000000e+00
6.467096973210573196e-03
1.037047028541564941e+00
6.410235166549682617e-02
3.695680201053619385e-01
2.187929868698120117e+00
3.036724962294101715e-02
0.000000000000000000e+00
2.005050033330917358e-01
3.067974328994750977e+00
6.796723008155822754e-01
1.240668177604675293e+00
6.222279667854309082e-01
2.262686252593994141e+00
2.628415107727050781e+00
7.964401245117187500e-01
2.138953059911727905e-01
5.199841856956481934e-01
0.000000000000000000e+00
7.694175094366073608e-02
