3.039731383323669434e-01
0.000000000000000000e+00
9.732793085277080536e-03
2.691435098648071289e+00
4.252332150936126709e-01
2.302065640687942505e-01
7.563177347183227539e-01
2.912022829055786133e+00
7.311456203460693359e+00
6.111875176429748535e-01
1.356355398893356323e-01
2.781681776046752930e+00
2.951570153236389160e-01
6.510128974914550781e-01
2.245354413986206055e+00
2.994683980941772461e-01
1.107183218002319336e+00
1.526582837104797363e+00
3.444651365280151367e-01
3.989397082477807999e-03
1.315565943717956543e+00
0.000000000000000000e+00
1.750325709581375122e-01
2.032930374145507812e+00
2.529797144234180450e-02
4.184486344456672668e-02
0.000000000000000000e+00
1.680154561996459961e+00
5.963144302368164062e-01
2.544831857085227966e-02
0.000000000000000000e+00
0.000000000000000000e+00
4.327767789363861084e-01
1.682621240615844727e-01
1.730029433965682983e-01
3.158035516738891602e+00
4.420609772205352783e-01
1.715147048234939575e-01
3.532840907573699951e-01
5.822507143020629883e-01
2.571722865104675293e-01
3.639223575592041016e-01
9.292532205581665039e-01
3.093268394470214844e+00
2.359912544488906860e-01
1.378477454185485840e+00
2.436653226613998413e-01
2.188540458679199219e+00
2.181312292814254761e-01
1.936081886291503906e+00
2.775090456008911133e+00
0.000000000000000000e+00
1.367255330085754395e+00
0.000000000000000000e+00
1.276337385177612305e+00
2.505949735641479492e-01
8.277919888496398926e-02
1.089622497558593750e+00
2.279839277267456055e+00
4.684322774410247803e-01
8.432327955961227417e-02
6.563191413879394531e-01
9.688466787338256836e-03
9.542760252952575684e-01
1.009338617324829102e+00
4.058711826801300049e-01
0.000000000000000000e+00
1.081116795539855957e+00
1.033557653427124023e+00
5.301702022552490234e-01
0.000000000000000000e+00
1.591444015502929688e-03
3.634481430053710938e-01
5.251571536064147949e-01
6.211609244346618652e-01
7.990825176239013672e-01
1.089971046894788742e-02
9.920305609703063965e-01
6.249499320983886719e-02
9.057545661926269531e-01
1.160104721784591675e-01
1.459989905357360840e+00
1.905932664871215820e+00
3.507876396179199219e-01
2.721063375473022461e+00
4.641939885914325714e-03
1.743579387664794922e+00
1.059404239058494568e-01
4.310841858386993408e-01
1.819680035114288330e-01
8.475590497255325317e-02
2.517134416848421097e-03
0.000000000000000000e+00
0.000000000000000000e+00
9.473032355308532715e-01
7.589287161827087402e-01
1.361240029335021973e+00
7.379997372627258301e-01
6.871626526117324829e-02
0.000000000000000000e+00
0.000000000000000000e+00
5.794274806976318359e-02
0.000000000000000000e+00
2.078091859817504883e+00
9.177091717720031738e-01
2.157985717058181763e-01
2.089457511901855469e+00
6.023935079574584961e-01
5.439358949661254883e-01
2.595533058047294617e-02
1.647995114326477051e+00
0.000000000000000000e+00
8.497853279113769531e-01
7.564127445220947266e-01
8.205903172492980957e-01
2.289348747581243515e-03
5.961040407419204712e-02
3.153400495648384094e-02
1.635958701372146606e-01
2.878575563430786133e+00
1.554950326681137085e-01
7.891513407230377197e-02
1.685546152293682098e-02
1.315761923789978027e+00
6.117955446243286133e-01
1.716454625129699707e+00
0.000000000000000000e+00
5.340927839279174805e-01
2.664454698562622070e+00
0.000000000000000000e+00
2.343354187905788422e-02
6.515558362007141113e-01
1.872868984937667847e-01
2.315522357821464539e-02
3.105577528476715088e-01
3.334957733750343323e-02
3.381282985210418701e-01
5.820396900177001953e+00
0.000000000000000000e+00
4.799296259880065918e-01
4.245545342564582825e-02
5.005953907966613770e-01
1.568969368934631348e+00
0.000000000000000000e+00
2.734623551368713379e-01
4.608217179775238037e-01
1.353974342346191406e+00
1.407439231872558594e+00
6.186726689338684082e-01
4.372250288724899292e-02
6.147310256958007812e+00
5.700792670249938965e-01
6.894733309745788574e-01
6.011729836463928223e-01
1.048048138618469238e+00
1.621177792549133301e+00
6.776013225317001343e-02
5.774380266666412354e-02
2.283278942108154297e+00
2.856159806251525879e-01
2.451271191239356995e-02
1.075817346572875977e+00
7.074707746505737305e-01
3.063408657908439636e-02
5.581306815147399902e-01
7.310546189546585083e-02
4.871206358075141907e-03
0.000000000000000000e+00
5.550146102905273438e-01
3.169425487518310547e+00
9.914860129356384277e-02
1.569343060255050659e-01
1.123665645718574524e-02
1.099296569824218750e+00
9.064284386113286018e-04
7.763874053955078125e+00
0.000000000000000000e+00
0.000000000000000000e+00
0.000000000000000000e+00
1.237024068832397461e-01
1.619604602456092834e-02
1.259862929582595825e-01
5.210201814770698547e-02
2.906498432159423828e+00
6.073578447103500366e-02
5.528672598302364349e-03
7.564395666122436523e-02
1.831228137016296387e+00
0.000000000000000000e+00
8.975442498922348022e-03
0.000000000000000000e+00
1.346263568848371506e-02
1.392403721809387207e+00
5.771520137786865234e-01
4.390037357807159424e-01
2.484618872404098511e-01
1.075954556465148926e+00
3.102738559246063232e-01
7.467407584190368652e-01
6.301684975624084473e-01
1.660721778869628906e+00
4.470436573028564453e-01
9.861078113317489624e-02
3.488931357860565186e-01
4.305972903966903687e-02
2.631132118403911591e-02
3.333282768726348877e-01
6.600063759833574295e-03
9.368559718132019043e-02
1.254207968711853027e+00
6.154055520892143250e-02
2.864250838756561279e-01
8.786569237709045410e-01
5.462552905082702637e-01
8.165173530578613281e-01
4.641858637332916260e-01
3.283019363880157471e-01
4.197016358375549316e-01
1.689671516418457031e+00
4.792301952838897705e-01
3.905273973941802979e-02
2.399160899221897125e-02
1.018233418464660645e+00
1.695990934967994690e-02
7.206454873085021973e-01
0.000000000000000000e+00
2.165549546480178833e-01
7.753136157989501953e-01
9.650003165006637573e-03
1.502822706243023276e-04
2.744527459144592285e-01
4.244105219841003418e-01
1.952737569808959961e+00
2.220235347747802734e+00
4.146266877651214600e-01
1.183072686195373535e+00
2.290943622589111328e+00
6.757711172103881836e-01
8.087919652462005615e-02
9.264900088310241699e-01
4.570920020341873169e-02
4.895967245101928711e-02
0.000000000000000000e+00
1.976890325546264648e+00
1.264251828193664551e+00
3.556407988071441650e-01
7.036668062210083008e-01
5.823282990604639053e-04
1.792737960815429688e+00
1.570603609085083008e+00
0.000000000000000000e+00
3.188762962818145752e-01
2.530339173972606659e-02
7.295866012573242188e-01
1.370208382606506348e+00
1.771873421967029572e-02
4.947130801156163216e-04
0.000000000000000000e+00
0.000000000000000000e+00
4.457833245396614075e-02
1.938447713851928711e+00
2.227283865213394165e-01
8.325356990098953247e-02
0.000000000000000000e+00
1.003436627797782421e-03
5.293756257742643356e-04
1.863812565803527832e+00
0.000000000000000000e+00
2.657388210296630859e+00
1.016520559787750244e-01
1.979259490966796875e+00
3.908796235918998718e-03
7.901435494422912598e-01
2.879565022885799408e-02
3.043829929083585739e-03
9.993131756782531738e-01
1.783100366592407227e-01
8.675347566604614258e-01
1.350710749626159668e+00
8.456885069608688354e-02
1.912141144275665283e-01
8.222731351852416992e-01
7.105270028114318848e-02
1.417604386806488037e-01
4.405525624752044678e-01
4.097114801406860352e-01
1.429046034812927246e+00
0.000000000000000000e+00
1.691572517156600952e-01
0.000000000000000000e+00
2.027713298797607422e+00
9.293198585510253906e-01
7.948622107505798340e-01
0.000000000000000000e+00
6.339412066154181957e-04
4.620566666126251221e-01
4.120899736881256104e-01
1.134625151753425598e-01
1.669182538986206055e+00
5.177397727966308594e+00
6.907319426536560059e-01
6.703162789344787598e-01
2.891447953879833221e-02
4.837114810943603516e-01
2.175210416316986084e-02
1.628918573260307312e-02
7.043518126010894775e-02
0.000000000000000000e+00
3.793690726161003113e-02
3.194045424461364746e-01
6.730191111564636230e-01
0.000000000000000000e+00
2.992041967809200287e-02
1.227987289428710938e+00
3.050428628921508789e-01
3.365544676780700684e-01
0.000000000000000000e+00
2.932316362857818604e-01
7.817792296409606934e-01
1.252455115318298340e-01
2.096777677536010742e+00
0.000000000000000000e+00
1.114552021026611328e-01
3.252196609973907471e-01
5.134721472859382629e-02
2.114114463329315186e-01
1.112803444266319275e-01
0.000000000000000000e+00
9.992218017578125000e-01
8.509446382522583008e-01
2.802610863000154495e-03
0.000000000000000000e+00
2.097953297197818756e-02
4.911769181489944458e-02
1.807766035199165344e-02
6.871313452720642090e-01
1.552917480468750000e+00
1.784912426955997944e-03
1.321369051933288574e+00
7.079462409019470215e-01
2.241668291389942169e-02
0.000000000000000000e+00
4.488215595483779907e-02
2.062631398439407349e-02
9.653114080429077148e-01
1.020274996757507324e+00
7.320440560579299927e-02
4.782937467098236084e-02
2.335869818925857544e-01
9.317631721496582031e-01
1.913561820983886719e-01
1.540421485900878906e+00
1.848295927047729492e-01
4.843641817569732666e-02
2.482497366145253181e-03
1.113478302955627441e+00
0.000000000000000000e+00
7.037558406591415405e-02
0.000000000000000000e+00
4.139555096626281738e-01
1.711077392101287842e-01
2.430530190467834473e-01
2.782217785716056824e-02
1.690678894519805908e-01
1.156662106513977051e+00
1.146311759948730469e+00
3.491517305374145508e-01
1.005088210105895996e+00
2.274518251419067383e+00
3.875400871038436890e-03
3.174419403076171875e-01
1.504595994949340820e+00
4.136750996112823486e-01
3.598158657550811768e-01
8.950964808464050293e-01
0.000000000000000000e+00
4.386039972305297852e-01
0.000000000000000000e+00
1.004042387008666992e+00
1.086070537567138672e+00
3.494119644165039062e-01
4.424699783325195312e+00
2.811327219009399414e+00
6.182621717453002930e-01
0.000000000000000000e+00
1.166351079940795898e+00
1.092355325818061829e-02
0.000000000000000000e+00
0.000000000000000000e+00
4.122421517968177795e-02
1.758600920438766479e-01
0.000000000000000000e+00
1.192637905478477478e-02
7.426667213439941406e-02
1.387340724468231201e-01
1.491164207458496094e+00
1.684700727462768555e+00
1.414028108119964600e-01
9.342299774289131165e-03
6.852753758430480957e-01
0.000000000000000000e+00
6.990032196044921875e-01
1.906041987240314484e-03
5.988825112581253052e-02
1.424498915672302246e+00
4.480171203613281250e-01
5.105531215667724609e-01
6.252118945121765137e-01
1.692005157470703125e+00
6.440213322639465332e-02
6.759039163589477539e-01
0.000000000000000000e+00
4.608995914459228516e-01
1.108958363533020020e+00
4.140360355377197266e-01
2.863417752087116241e-02
3.116872310638427734e+00
1.181494072079658508e-01
4.317291676998138428e-01
4.569979012012481689e-02
9.854764491319656372e-02
3.411018550395965576e-01
7.043807767331600189e-03
3.002260684967041016e+00
4.299030303955078125e-01
4.565988183021545410e-01
1.596005439758300781e+00
6.141390204429626465e-01
0.000000000000000000e+00
1.614335894584655762e+00
0.000000000000000000e+00
5.269562825560569763e-02
4.265726543962955475e-03
0.000000000000000000e+00
8.320922963321208954e-03
1.988064795732498169e-01
4.428520798683166504e-01
1.514568692073225975e-03
4.439245909452438354e-02
3.766899108886718750e-01
2.314074993133544922e+00
3.458233177661895752e-02
2.630989626049995422e-02
2.348547577857971191e-01
1.341400742530822754e+00
0.000000000000000000e+00
1.432097889482975006e-02
1.182595919817686081e-02
2.017194032669067383e-01
1.032121777534484863e+00
8.427267074584960938e-01
5.088836327195167542e-02
1.806856513023376465e+00
0.000000000000000000e+00
5.198864936828613281e-01
7.177048921585083008e-02
6.136384978890419006e-02
9.492830932140350342e-02
0.000000000000000000e+00
1.104520440101623535e+00
1.343828320503234863e+00
7.286582142114639282e-02
2.265657901763916016e+00
2.682151505723595619e-03
1.011896252632141113e+00
0.000000000000000000e+00
0.000000000000000000e+00
3.838477656245231628e-02
1.600549101829528809e+00
9.938953518867492676e-01
0.000000000000000000e+00
1.162531971931457520e-01
3.608381152153015137e-01
1.793215125799179077e-01
2.218859195709228516e+00
6.731746196746826172e-01
1.502889115363359451e-02
4.766253530979156494e-01
3.836943209171295166e-02
9.462983012199401855e-01
9.582614898681640625e-02
2.034682984231039882e-04
7.934095337986946106e-03
1.225674271583557129e+00
1.867779493331909180e+00
0.000000000000000000e+00
1.465715020895004272e-01
0.000000000000000000e+00
1.128789186477661133e+00
3.244664371013641357e-01
2.862469851970672607e-01
6.812039613723754883e-01
0.000000000000000000e+00
5.373312830924987793e-01
1.102816224098205566e+00
2.497808262705802917e-02
3.092747330665588379e-01
1.556153535842895508e+00
1.928297802805900574e-02
7.043556775897741318e-03
4.729063063859939575e-02
3.053843259811401367e+00
1.239126548171043396e-01
1.049102187156677246e+00
1.036967873573303223e+00
1.675264954566955566e+00
3.555054187774658203e+00
1.041639685630798340e+00
8.489221334457397461e-02
6.952391266822814941e-01
0.000000000000000000e+00
1.315338816493749619e-02
