5.243951082229614258e-01
5.763079505413770676e-03
3.205040991306304932e-01
2.181585073471069336e+00
1.186340078711509705e-01
2.662385106086730957e-01
1.396131634712219238e+00
3.667748212814331055e+00
7.257905960083007812e+00
1.544644117355346680e+00
2.038218080997467041e-01
2.524172544479370117e+00
1.082319095730781555e-01
1.106315135955810547e+00
2.551971673965454102e+00
4.964224696159362793e-01
1.001246571540832520e+00
8.912738561630249023e-01
1.109519720077514648e+00
0.000000000000000000e+00
1.478620052337646484e+00
0.000000000000000000e+00
2.486562430858612061e-01
2.646105289459228516e+00
0.000000000000000000e+00
2.157819224521517754e-03
1.924739591777324677e-02
1.596263766288757324e+00
3.390317857265472412e-01
2.026100456714630127e-01
0.000000000000000000e+00
0.000000000000000000e+00
5.418956279754638672e-01
3.216654956340789795e-01
2.102757096290588379e-01
3.416912078857421875e+00
4.670322537422180176e-01
2.400130033493041992e-01
5.645973607897758484e-02
9.787011146545410156e-01
4.167325496673583984e-01
2.377023398876190186e-01
7.182357907295227051e-01
4.286147117614746094e+00
3.680047020316123962e-02
1.721371650695800781e+00
5.167753100395202637e-01
1.782126069068908691e+00
9.271933138370513916e-02
1.433136940002441406e+00
3.672632932662963867e+00
0.000000000000000000e+00
1.616365075111389160e+00
4.464304074645042419e-02
1.832648396492004395e+00
9.679090380668640137e-01
5.132934451103210449e-01
4.287347197532653809e-01
2.681860208511352539e+00
1.873387992382049561e-01
1.871285885572433472e-01
7.671111822128295898e-01
2.073446363210678101e-01
5.797196030616760254e-01
9.245453476905822754e-01
5.365086197853088379e-01
2.204933464527130127e-01
5.509846806526184082e-01
1.763382196426391602e+00
5.350646972656250000e-01
0.000000000000000000e+00
1.357609522528946400e-03
3.259401321411132812e-01
3.096084296703338623e-01
1.886833757162094116e-01
1.273128747940063477e+00
0.000000000000000000e+00
1.461263656616210938e+00
1.469675004482269287e-01
1.136975765228271484e+00
5.932019352912902832e-01
1.169776678085327148e+00
1.979185700416564941e+00
2.102091014385223389e-01
3.280307531356811523e+00
5.223953127861022949e-01
1.569336891174316406e+00
2.341921627521514893e-01
9.505674242973327637e-01
1.198205500841140747e-01
3.110039234161376953e-02
8.376541081815958023e-04
0.000000000000000000e+00
0.000000000000000000e+00
1.032765746116638184e+00
1.050530552864074707e+00
7.101532220840454102e-01
2.213403224945068359e+00
0.000000000000000000e+00
9.956745058298110962e-02
0.000000000000000000e+00
4.071268066763877869e-02
2.598901046440005302e-03
2.481495141983032227e+00
1.043493628501892090e+00
1.323919296264648438e-01
2.494347572326660156e+00
6.429001688957214355e-01
8.985605835914611816e-01
1.134444326162338257e-01
1.035406947135925293e+00
4.381933249533176422e-03
4.488882720470428467e-01
5.773089528083801270e-01
9.200847148895263672e-01
7.933645509183406830e-03
1.869764029979705811e-01
1.068082213401794434e+00
2.150261878967285156e+00
3.038578510284423828e+00
1.314593255519866943e-01
5.887508392333984375e-02
2.274190187454223633e-01
2.736620903015136719e+00
4.325951337814331055e-01
1.505681514739990234e+00
0.000000000000000000e+00
5.648147463798522949e-01
2.542596578598022461e+00
2.379759959876537323e-02
1.268947571516036987e-01
4.742240905761718750e-01
1.355133056640625000e-01
1.647104322910308838e-01
2.153531610965728760e-01
0.000000000000000000e+00
3.886607289314270020e-01
5.418134212493896484e+00
0.000000000000000000e+00
4.220286309719085693e-01
1.501660048961639404e-02
1.565661430358886719e-01
1.464201450347900391e+00
0.000000000000000000e+00
0.000000000000000000e+00
2.921926677227020264e-01
1.649083018302917480e+00
1.121264934539794922e+00
1.125475525856018066e+00
4.961983114480972290e-02
5.696197986602783203e+00
2.155939042568206787e-01
9.416629672050476074e-01
1.828443557024002075e-01
2.050915241241455078e+00
2.165742874145507812e+00
4.451986849308013916e-01
2.355403900146484375e-01
2.706229686737060547e+00
4.824260994791984558e-02
8.821965195238590240e-03
1.019566655158996582e+00
3.989714384078979492e-01
0.000000000000000000e+00
1.025051355361938477e+00
1.320326626300811768e-01
0.000000000000000000e+00
0.000000000000000000e+00
1.479939341545104980e+00
2.227283716201782227e+00
7.416591048240661621e-02
1.732427626848220825e-01
8.212216198444366455e-03
1.396541595458984375e+00
8.280411958694458008e-01
7.584712982177734375e+00
1.034340709447860718e-01
0.000000000000000000e+00
0.000000000000000000e+00
1.344361603260040283e-01
1.969044841825962067e-02
7.026171684265136719e-01
3.070950806140899658e-01
3.715806007385253906e+00
7.717666029930114746e-02
0.000000000000000000e+00
4.252547323703765869e-01
1.914952754974365234e+00
0.000000000000000000e+00
3.654142376035451889e-03
0.000000000000000000e+00
0.000000000000000000e+00
1.092090249061584473e+00
6.419855356216430664e-01
8.573718667030334473e-01
1.986219435930252075e-01
1.028748273849487305e+00
2.537890374660491943e-01
1.733984425663948059e-02
1.425374031066894531e+00
1.292256832122802734e+00
5.424463152885437012e-01
9.150239825248718262e-02
2.196587920188903809e-01
3.679645359516143799e-01
0.000000000000000000e+00
1.213258028030395508e+00
0.000000000000000000e+00
5.757218003273010254e-01
1.777221798896789551e+00
1.210898254066705704e-02
3.833386898040771484e-01
6.221296191215515137e-01
2.150272846221923828e+00
7.035835981369018555e-01
6.046420335769653320e-01
1.755987852811813354e-01
4.001579582691192627e-01
2.231094121932983398e+00
3.170560002326965332e-01
3.152219951152801514e-01
2.999293059110641479e-02
1.294827699661254883e+00
3.343343734741210938e-01
6.124944090843200684e-01
0.000000000000000000e+00
3.505788743495941162e-01
4.172866940498352051e-01
3.070882987231016159e-03
6.711322814226150513e-02
1.694431900978088379e-01
2.509812414646148682e-01
3.306771993637084961e+00
1.669181942939758301e+00
1.099359393119812012e+00
1.611164927482604980e+00
2.685351848602294922e+00
7.340813279151916504e-01
1.274442225694656372e-01
1.296054482460021973e+00
2.174546569585800171e-01
1.411238014698028564e-01
1.972198113799095154e-02
1.619196057319641113e+00
9.038132429122924805e-01
8.157790452241897583e-02
7.546802163124084473e-01
0.000000000000000000e+00
2.366754293441772461e+00
1.516103863716125488e+00
3.074546754360198975e-01
3.021015524864196777e-01
0.000000000000000000e+00
7.392833828926086426e-01
1.678025007247924805e+00
3.801108896732330322e-02
0.000000000000000000e+00
0.000000000000000000e+00
4.215649068355560303e-01
2.450068946927785873e-03
1.654181957244873047e+00
4.194864332675933838e-01
3.258658340200781822e-03
9.818984195590019226e-03
0.000000000000000000e+00
1.224924717098474503e-02
2.681088685989379883e+00
0.000000000000000000e+00
2.274467468261718750e+00
2.756512463092803955e-01
1.836671710014343262e+00
3.626778721809387207e-03
1.595718979835510254e+00
0.000000000000000000e+00
4.835514351725578308e-02
1.348052620887756348e-01
2.696498334407806396e-01
1.233819842338562012e+00
1.954730033874511719e+00
1.357299685478210449e-01
3.388628736138343811e-02
7.921677827835083008e-01
1.397910416126251221e-01
3.632979840040206909e-02
1.420200318098068237e-01
1.027875423431396484e+00
2.532448530197143555e+00
6.400194019079208374e-02
1.527304202318191528e-01
0.000000000000000000e+00
1.802496433258056641e+00
9.445630311965942383e-01
7.454234957695007324e-01
1.390850520692765713e-03
3.711048662662506104e-01
6.384168267250061035e-01
1.981155574321746826e-01
8.606521040201187134e-02
1.420850157737731934e+00
5.798329830169677734e+00
4.853952527046203613e-01
5.014820098876953125e-01
5.688413977622985840e-01
6.281930804252624512e-01
9.120004624128341675e-02
4.487373866140842438e-03
7.843080908060073853e-02
0.000000000000000000e+00
7.363542914390563965e-02
3.221965730190277100e-01
5.029768347740173340e-01
4.125268198549747467e-03
3.120766282081604004e-01
1.085572004318237305e+00
2.896004617214202881e-01
4.201499223709106445e-01
0.000000000000000000e+00
1.688551902770996094e-01
1.310295581817626953e+00
0.000000000000000000e+00
2.481179714202880859e+00
0.000000000000000000e+00
1.151942387223243713e-01
7.112782448530197144e-02
0.000000000000000000e+00
5.131222009658813477e-01
2.030342221260070801e-01
0.000000000000000000e+00
8.469877839088439941e-01
9.912399053573608398e-01
5.577823147177696228e-03
0.000000000000000000e+00
2.033693492412567139e-01
5.725694447755813599e-02
0.000000000000000000e+00
1.366624593734741211e+00
1.946268439292907715e+00
3.020981093868613243e-03
1.199599742889404297e+00
6.983193755149841309e-01
1.592168360948562622e-01
0.000000000000000000e+00
7.125390172004699707e-01
1.188656985759735107e-01
1.042522192001342773e+00
9.799949526786804199e-01
1.359388884156942368e-02
0.000000000000000000e+00
2.785409092903137207e-01
4.492657184600830078e-01
4.284092485904693604e-01
6.275984048843383789e-01
1.206770315766334534e-01
1.518646925687789917e-01
0.000000000000000000e+00
4.688692092895507812e-01
0.000000000000000000e+00
2.506793141365051270e-01
0.000000000000000000e+00
5.728439688682556152e-01
5.574341416358947754e-01
1.503516919910907745e-02
2.959966659545898438e-03
5.982368588447570801e-01
1.008851170539855957e+00
1.720522761344909668e+00
7.048509120941162109e-01
1.058739781379699707e+00
2.051402568817138672e+00
0.000000000000000000e+00
1.289782822132110596e-01
1.337949156761169434e+00
8.565812110900878906e-01
8.948208391666412354e-02
5.864672064781188965e-01
2.076531294733285904e-03
2.129347175359725952e-01
0.000000000000000000e+00
1.288742542266845703e+00
9.253723025321960449e-01
1.869838386774063110e-01
4.156059741973876953e+00
2.566093444824218750e+00
1.190984606742858887e+00
0.000000000000000000e+00
1.055306196212768555e+00
2.195570804178714752e-02
7.967618294060230255e-03
0.000000000000000000e+00
6.066910624504089355e-01
1.756543815135955811e-01
0.000000000000000000e+00
0.000000000000000000e+00
3.500299155712127686e-02
2.534856833517551422e-02
5.315371751785278320e-01
1.900470972061157227e+00
4.587693884968757629e-02
6.257223337888717651e-02
1.471867442131042480e+00
1.912805587053298950e-01
9.891729801893234253e-02
0.000000000000000000e+00
7.460973858833312988e-01
1.116342544555664062e+00
1.045503467321395874e-01
1.588675618171691895e+00
3.402154743671417236e-01
1.383647918701171875e+00
1.067278385162353516e-01
2.270212322473526001e-01
0.000000000000000000e+00
1.230042099952697754e+00
1.961362481117248535e+00
6.622645258903503418e-02
4.457743093371391296e-02
2.441032886505126953e+00
1.668844223022460938e-01
2.981752455234527588e-01
4.377203062176704407e-03
2.951756119728088379e-01
3.657048344612121582e-01
0.000000000000000000e+00
4.083593845367431641e+00
4.906987547874450684e-01
8.530462384223937988e-01
5.417829155921936035e-01
1.675907969474792480e+00
0.000000000000000000e+00
2.170202016830444336e+00
0.000000000000000000e+00
1.228341758251190186e-01
1.121147274971008301e-01
0.000000000000000000e+00
7.999664545059204102e-02
1.475666314363479614e-01
1.787250787019729614e-01
0.000000000000000000e+00
4.657416790723800659e-02
4.000791013240814209e-01
1.685104846954345703e+00
0.000000000000000000e+00
1.773180067539215088e-01
1.856213361024856567e-01
2.450326919555664062e+00
0.000000000000000000e+00
3.829632326960563660e-02
1.513271708972752094e-03
4.333665221929550171e-02
3.615028262138366699e-01
8.461247682571411133e-01
3.692522048950195312e-01
2.322195291519165039e+00
2.411683462560176849e-02
2.782256901264190674e-01
7.557297591120004654e-03
0.000000000000000000e+00
0.000000000000000000e+00
0.000000000000000000e+00
1.075633645057678223e+00
1.393670797348022461e+00
1.712969988584518433e-01
2.692214012145996094e+00
0.000000000000000000e+00
1.812499165534973145e+00
0.000000000000000000e+00
2.209089547395706177e-01
5.228077061474323273e-03
2.046739816665649414e+00
6.870816349983215332e-01
0.000000000000000000e+00
8.239127993583679199e-01
3.728877902030944824e-01
6.815818697214126587e-02
2.647825956344604492e+00
3.842585384845733643e-01
2.428499795496463776e-02
7.821345925331115723e-01
4.066057445015758276e-04
5.964325070381164551e-01
7.438570261001586914e-02
3.061489202082157135e-02
1.214213967323303223e-01
7.116076350212097168e-01
1.512222766876220703e+00
0.000000000000000000e+00
3.770452141761779785e-01
1.005214452743530273e-02
4.853699505329132080e-01
1.603726893663406372e-01
1.148078083992004395e+00
6.612142324447631836e-01
0.000000000000000000e+00
3.765609860420227051e-01
1.159630656242370605e+00
0.000000000000000000e+00
7.210452854633331299e-02
1.552112817764282227e+00
1.890026032924652100e-01
0.000000000000000000e+00
6.596337258815765381e-02
2.720898628234863281e+00
7.118884325027465820e-01
1.360512852668762207e+00
6.699781417846679688e-01
3.288777112960815430e+00
3.057631492614746094e+00
5.261471867561340332e-01
8.638975024223327637e-02
2.728576064109802246e-01
0.000000000000000000e+00
0.000000000000000000e+00
