7.760223746299743652e-02
0.000000000000000000e+00
2.151418328285217285e-01
2.470998287200927734e+00
4.586355984210968018e-01
3.186552524566650391e-01
1.676534771919250488e+00
3.473247766494750977e+00
7.443289279937744141e+00
1.211183786392211914e+00
3.945850431919097900e-01
1.800325155258178711e+00
4.105897843837738037e-01
1.354812264442443848e+00
2.087040185928344727e+00
9.652447700500488281e-01
1.039027094841003418e+00
1.259484291076660156e+00
8.048540949821472168e-01
4.700087755918502808e-02
1.377540349960327148e+00
1.260438701137900352e-03
9.223823994398117065e-02
2.203499555587768555e+00
1.011942625045776367e-01
1.163497753441333771e-02
0.000000000000000000e+00
1.516860365867614746e+00
3.024250268936157227e-01
1.776072829961776733e-01
0.000000000000000000e+00
1.410450506955385208e-02
4.056924283504486084e-01
5.817398428916931152e-01
1.126300841569900513e-01
2.967974662780761719e+00
4.189940392971038818e-01
1.986138969659805298e-01
2.645487189292907715e-01
1.085878252983093262e+00
4.087843000888824463e-01
1.811709105968475342e-01
1.188933849334716797e+00
4.567433357238769531e+00
2.081653326749801636e-01
1.766136646270751953e+00
2.669496536254882812e-01
1.663423180580139160e+00
4.019296169281005859e-01
1.111979365348815918e+00
3.109111785888671875e+00
0.000000000000000000e+00
1.616929650306701660e+00
1.370327547192573547e-02
1.429523944854736328e+00
2.443305552005767822e-01
1.885380446910858154e-01
2.785063385963439941e-01
2.521741151809692383e+00
1.214564144611358643e-01
3.938370570540428162e-02
5.064155459403991699e-01
0.000000000000000000e+00
6.986323595046997070e-01
1.212333321571350098e+00
3.238461911678314209e-01
3.478381931781768799e-01
6.919298768043518066e-01
1.262594461441040039e+00
5.076047182083129883e-01
0.000000000000000000e+00
0.000000000000000000e+00
5.655466318130493164e-01
7.287353277206420898e-01
3.848146498203277588e-01
6.247988939285278320e-01
2.153765782713890076e-02
1.733193635940551758e+00
3.377751410007476807e-01
8.003875613212585449e-01
6.696798652410507202e-02
1.530440926551818848e+00
2.433288574218750000e+00
1.082529872655868530e-01
2.799965858459472656e+00
1.166900098323822021e-01
1.507119297981262207e+00
1.420731842517852783e-01
5.701906681060791016e-01
2.037830650806427002e-02
2.971684560179710388e-02
0.000000000000000000e+00
9.719613939523696899e-03
0.000000000000000000e+00
1.562229633331298828e+00
6.968971490859985352e-01
5.458244681358337402e-01
1.744676828384399414e+00
7.738197688013315201e-03
8.680257946252822876e-02
2.744882600381970406e-03
0.000000000000000000e+00
0.000000000000000000e+00
2.574728250503540039e+00
5.250126719474792480e-01
3.910017013549804688e-01
2.053830623626708984e+00
1.040500044822692871e+00
5.856012701988220215e-01
9.928475320339202881e-02
1.217361688613891602e+00
1.013239007443189621e-02
5.539194345474243164e-01
4.794520139694213867e-01
8.411947488784790039e-01
2.123181894421577454e-02
1.252346392720937729e-02
1.129335522651672363e+00
1.365212917327880859e+00
2.219043254852294922e+00
2.906114161014556885e-01
3.459340706467628479e-02
8.426227420568466187e-02
1.489890456199645996e+00
5.873835086822509766e-01
8.915601372718811035e-01
0.000000000000000000e+00
2.984075546264648438e-01
1.883875489234924316e+00
3.845116123557090759e-03
0.000000000000000000e+00
3.941644132137298584e-01
1.551063507795333862e-01
1.722612977027893066e-01
4.401697814464569092e-01
1.547882985323667526e-02
6.070081591606140137e-01
4.554899692535400391e+00
0.000000000000000000e+00
1.259427219629287720e-01
8.051544427871704102e-02
7.823126316070556641e-01
1.521041989326477051e+00
0.000000000000000000e+00
5.998374521732330322e-02
7.747256159782409668e-01
6.011371016502380371e-01
8.902155756950378418e-01
1.246445775032043457e+00
6.373873353004455566e-02
5.949179172515869141e+00
4.831577241420745850e-01
6.175954341888427734e-01
3.647031188011169434e-01
1.592198371887207031e+00
1.586774110794067383e+00
2.903724610805511475e-01
1.918504685163497925e-01
2.621909618377685547e+00
4.240386188030242920e-02
2.880991622805595398e-02
1.181194305419921875e+00
3.508247733116149902e-01
0.000000000000000000e+00
5.491119623184204102e-01
4.180271551012992859e-02
0.000000000000000000e+00
0.000000000000000000e+00
4.541638195514678955e-01
2.404373645782470703e+00
9.136548042297363281e-01
2.406680434942245483e-01
5.092937871813774109e-02
7.920466661453247070e-01
3.917929828166961670e-01
7.484242916107177734e+00
8.414223790168762207e-03
2.327936515212059021e-02
0.000000000000000000e+00
1.340691149234771729e-01
1.435680128633975983e-02
3.153957128524780273e-01
3.314846158027648926e-01
3.385594129562377930e+00
1.018109694123268127e-01
6.213964521884918213e-02
4.810720086097717285e-01
9.078812599182128906e-01
0.000000000000000000e+00
1.319014374166727066e-02
0.000000000000000000e+00
0.000000000000000000e+00
7.650454044342041016e-01
4.115098416805267334e-01
9.852914214134216309e-01
2.296224534511566162e-01
1.330345749855041504e+00
4.420514404773712158e-01
5.473983287811279297e-02
1.863816022872924805e+00
2.044003009796142578e+00
1.238691136240959167e-01
1.553443819284439087e-01
3.766031265258789062e-01
5.500325560569763184e-01
0.000000000000000000e+00
8.998681306838989258e-01
1.537866424769163132e-03
4.263931512832641602e-01
2.036624431610107422e+00
1.386243402957916260e-01
4.724380970001220703e-01
1.143447756767272949e+00
1.427739500999450684e+00
8.334897160530090332e-01
4.896902143955230713e-01
2.592723667621612549e-01
3.312821686267852783e-01
2.277289867401123047e+00
4.698182940483093262e-01
5.225536972284317017e-02
3.239417076110839844e-02
3.900133967399597168e-01
3.964810669422149658e-01
8.240357637405395508e-01
0.000000000000000000e+00
5.478683710098266602e-01
5.073915719985961914e-01
8.576824329793453217e-03
1.878921836614608765e-01
3.301523625850677490e-01
3.168988525867462158e-01
3.373800516128540039e+00
1.836445093154907227e+00
1.287664055824279785e+00
1.584670066833496094e+00
2.997980833053588867e+00
1.080749630928039551e+00
3.426688909530639648e-02
5.160632133483886719e-01
3.587444722652435303e-01
1.130727827548980713e-01
1.394614428281784058e-01
2.385154724121093750e+00
8.897691369056701660e-01
1.366656180471181870e-02
5.627890229225158691e-01
0.000000000000000000e+00
2.573817253112792969e+00
2.081518888473510742e+00
1.217244192957878113e-01
4.020534753799438477e-01
0.000000000000000000e+00
1.061256885528564453e+00
9.890373349189758301e-01
3.865357860922813416e-02
0.000000000000000000e+00
0.000000000000000000e+00
3.236891627311706543e-01
2.946145832538604736e-01
5.724056959152221680e-01
6.827962398529052734e-01
4.326324537396430969e-02
4.435859620571136475e-02
1.607022713869810104e-03
0.000000000000000000e+00
2.829300165176391602e+00
0.000000000000000000e+00
1.733587265014648438e+00
6.565423245774582028e-05
2.044807434082031250e+00
0.000000000000000000e+00
1.170662641525268555e+00
2.315695211291313171e-02
6.425841152667999268e-02
6.409518718719482422e-01
1.551122814416885376e-01
6.623782515525817871e-01
1.059475898742675781e+00
1.989104151725769043e-01
2.723435759544372559e-01
6.803159713745117188e-01
1.321826279163360596e-01
1.768330335617065430e-01
5.494170188903808594e-01
1.197578072547912598e+00
1.722989201545715332e+00
0.000000000000000000e+00
6.560166832059621811e-03
7.489873096346855164e-03
1.156343579292297363e+00
8.987071514129638672e-01
6.246969699859619141e-01
7.679651677608489990e-02
2.539929449558258057e-01
3.870273530483245850e-01
1.616829782724380493e-01
1.212833151221275330e-01
1.138783693313598633e+00
6.831433773040771484e+00
9.278673529624938965e-01
2.188510447740554810e-01
2.328816801309585571e-01
1.575815081596374512e-01
1.362066864967346191e-01
5.934376642107963562e-02
9.425600618124008179e-02
0.000000000000000000e+00
2.947876155376434326e-01
4.334643781185150146e-01
3.994741439819335938e-01
1.864806711673736572e-01
4.484965279698371887e-02
9.687100648880004883e-01
1.732123643159866333e-01
4.773854017257690430e-01
0.000000000000000000e+00
7.339332103729248047e-01
1.634115099906921387e+00
7.738755550235509872e-03
1.968140244483947754e+00
0.000000000000000000e+00
2.372961640357971191e-01
2.003800868988037109e-01
0.000000000000000000e+00
9.740931987762451172e-01
1.310014128684997559e-01
4.143166821449995041e-03
9.457224607467651367e-01
6.193528175354003906e-01
7.616321090608835220e-03
0.000000000000000000e+00
1.066064015030860901e-01
1.853952556848526001e-01
3.995850682258605957e-02
7.776235342025756836e-01
2.004766225814819336e+00
5.045563578605651855e-01
8.639231920242309570e-01
9.481099247932434082e-01
3.308149874210357666e-01
0.000000000000000000e+00
6.611581891775131226e-02
4.789827167987823486e-01
6.006390452384948730e-01
1.370522975921630859e+00
9.971114993095397949e-02
3.871124386787414551e-01
4.623440504074096680e-01
7.093926668167114258e-01
2.057721167802810669e-01
9.952708482742309570e-01
3.351440429687500000e-01
3.076987862586975098e-01
1.676977425813674927e-02
1.098627209663391113e+00
0.000000000000000000e+00
5.779780149459838867e-01
2.765445969998836517e-02
1.040186762809753418e+00
2.379541993141174316e-01
1.391358971595764160e-01
6.725852489471435547e-01
5.351008176803588867e-01
1.720780968666076660e+00
1.541784405708312988e+00
5.571212172508239746e-01
1.161502957344055176e+00
1.451310396194458008e+00
2.658328972756862640e-02
4.143186211585998535e-01
1.504025340080261230e+00
4.954109489917755127e-01
7.454841583967208862e-02
6.317914128303527832e-01
2.835124032571911812e-03
5.749844908714294434e-01
0.000000000000000000e+00
1.995860040187835693e-01
8.293058872222900391e-01
6.291475892066955566e-01
3.976902484893798828e+00
2.399657487869262695e+00
3.330374360084533691e-01
0.000000000000000000e+00
1.253294587135314941e+00
7.535752654075622559e-02
0.000000000000000000e+00
0.000000000000000000e+00
4.905961453914642334e-01
3.144093751907348633e-01
1.435672193765640259e-01
0.000000000000000000e+00
2.947386205196380615e-01
6.812079250812530518e-02
9.379636049270629883e-01
2.706305980682373047e+00
7.606665790081024170e-02
1.609061211347579956e-01
9.447475671768188477e-01
3.330408781766891479e-02
1.117830649018287659e-01
0.000000000000000000e+00
1.583578437566757202e-01
8.244006037712097168e-01
3.512339591979980469e-01
1.672128796577453613e+00
1.063584312796592712e-01
1.613333821296691895e+00
1.469647288322448730e-01
2.831337451934814453e-01
0.000000000000000000e+00
1.331092953681945801e+00
2.098034858703613281e+00
1.518860459327697754e-01
0.000000000000000000e+00
3.050228118896484375e+00
9.011589735746383667e-02
7.533217072486877441e-01
3.424788266420364380e-02
1.182176396250724792e-01
6.484993100166320801e-01
0.000000000000000000e+00
3.745929241180419922e+00
1.570614427328109741e-01
8.449419736862182617e-01
1.056443929672241211e+00
8.514119386672973633e-01
3.779149148613214493e-03
1.435518860816955566e+00
0.000000000000000000e+00
3.222967088222503662e-01
1.428917795419692993e-01
1.268107793293893337e-03
5.390527844429016113e-02
4.967117309570312500e-02
1.437547206878662109e-01
0.000000000000000000e+00
1.807885430753231049e-02
5.920482277870178223e-01
1.590440392494201660e+00
0.000000000000000000e+00
1.280853897333145142e-01
2.664710208773612976e-02
1.793344736099243164e+00
1.469770353287458420e-02
0.000000000000000000e+00
2.079709805548191071e-02
9.316390007734298706e-02
5.893811583518981934e-01
2.034915685653686523e+00
2.826656103134155273e-01
2.222056150436401367e+00
0.000000000000000000e+00
6.724870800971984863e-01
1.573801636695861816e-01
0.000000000000000000e+00
1.040212251245975494e-02
5.465562571771442890e-04
1.435545563697814941e+00
1.775222063064575195e+00
6.316839903593063354e-02
3.301606655120849609e+00
6.791453342884778976e-03
1.915480852127075195e+00
0.000000000000000000e+00
2.741139754652976990e-02
0.000000000000000000e+00
1.830824494361877441e+00
5.484592318534851074e-01
0.000000000000000000e+00
5.224581956863403320e-01
3.389077633619308472e-02
4.809164255857467651e-02
2.629812479019165039e+00
1.594523340463638306e-01
5.370231345295906067e-03
6.085178256034851074e-01
2.721237018704414368e-02
9.019714593887329102e-01
4.001337587833404541e-01
2.878480032086372375e-02
1.744123995304107666e-01
9.162291288375854492e-01
1.543194055557250977e+00
0.000000000000000000e+00
5.365293622016906738e-01
2.273400723934173584e-01
2.361063957214355469e-01
2.937866151332855225e-01
9.932596683502197266e-01
8.974536061286926270e-01
0.000000000000000000e+00
2.016367912292480469e-01
1.120622754096984863e+00
0.000000000000000000e+00
1.237163096666336060e-01
1.890365242958068848e+00
1.501457095146179199e-01
2.080855332314968109e-02
1.543958783149719238e-01
2.458492517471313477e+00
5.545669794082641602e-01
1.236831068992614746e+00
7.507022619247436523e-01
2.129121065139770508e+00
3.180412054061889648e+00
7.112104892730712891e-01
2.137562818825244904e-02
3.310912847518920898e-01
0.000000000000000000e+00
0.000000000000000000e+00
