7.359263300895690918e-02
3.070801496505737305e-03
4.255380332469940186e-01
2.842802047729492188e+00
3.658536076545715332e-01
3.310822546482086182e-01
1.228659629821777344e+00
2.775832176208496094e+00
6.534422874450683594e+00
1.471674561500549316e+00
1.209329068660736084e-01
2.234181880950927734e+00
3.120670020580291748e-01
6.731100678443908691e-01
2.753352165222167969e+00
1.050582885742187500e+00
4.850803911685943604e-01
1.494232296943664551e+00
6.839621067047119141e-01
4.664909467101097107e-02
1.707987546920776367e+00
0.000000000000000000e+00
3.177258670330047607e-01
2.441620826721191406e+00
3.890885114669799805e-01
0.000000000000000000e+00
3.486880566924810410e-03
1.161488294601440430e+00
3.916622400283813477e-01
1.443542987108230591e-01
7.120499853044748306e-03
0.000000000000000000e+00
5.323443412780761719e-01
3.878556787967681885e-01
4.591826796531677246e-01
3.316955566406250000e+00
2.403309792280197144e-01
1.665870100259780884e-01
1.843517869710922241e-01
1.102418541908264160e+00
7.540306448936462402e-01
3.053789138793945312e-01
7.464560270309448242e-01
3.819865226745605469e+00
4.473022818565368652e-01
1.492769837379455566e+00
1.684399396181106567e-01
1.435427308082580566e+00
8.702450990676879883e-02
1.691098451614379883e+00
3.366345643997192383e+00
0.000000000000000000e+00
1.487825036048889160e+00
2.460171431303024292e-01
1.691230535507202148e+00
2.647873163223266602e-01
1.084275245666503906e-01
4.199689328670501709e-01
2.392748832702636719e+00
3.605169430375099182e-02
3.216013428755104542e-04
4.731696546077728271e-01
1.197546347975730896e-01
1.010769128799438477e+00
9.022194743156433105e-01
3.924304842948913574e-01
3.655793517827987671e-02
5.644318461418151855e-01
1.448727488517761230e+00
3.741677701473236084e-01
2.358253550482913852e-04
0.000000000000000000e+00
4.149453938007354736e-01
6.353697180747985840e-01
2.423024475574493408e-01
6.672055721282958984e-01
1.690840162336826324e-02
1.186272144317626953e+00
3.575139939785003662e-01
1.050004005432128906e+00
1.850101351737976074e-01
2.199446201324462891e+00
2.298099040985107422e+00
0.000000000000000000e+00
2.471718788146972656e+00
3.886739015579223633e-01
9.541540145874023438e-01
1.375769674777984619e-01
3.567467927932739258e-01
4.019665718078613281e-02
7.102259993553161621e-02
1.133459969423711300e-03
1.066764001734554768e-03
0.000000000000000000e+00
1.201246142387390137e+00
3.980661034584045410e-01
4.140590727329254150e-01
1.262389898300170898e+00
1.029393970966339111e-01
5.954814329743385315e-02
0.000000000000000000e+00
1.009072065353393555e-01
8.011866360902786255e-02
2.770482540130615234e+00
1.156823992729187012e+00
3.115012049674987793e-01
1.894149780273437500e+00
1.012811779975891113e+00
2.919540703296661377e-01
6.295232772827148438e-01
8.015702366828918457e-01
2.866152226924896240e-01
3.392016589641571045e-01
7.018465399742126465e-01
1.022300004959106445e+00
4.045981541275978088e-02
1.806710809469223022e-01
8.799667954444885254e-01
1.953192353248596191e+00
2.457749605178833008e+00
3.004999160766601562e-01
8.170726150274276733e-02
2.934484928846359253e-02
1.842618346214294434e+00
5.500004887580871582e-01
4.695096313953399658e-01
0.000000000000000000e+00
2.200989723205566406e-01
1.600942492485046387e+00
2.150683663785457611e-03
7.353193592280149460e-03
7.379812598228454590e-01
2.661900222301483154e-01
1.003520339727401733e-01
2.139705270528793335e-01
9.806471318006515503e-02
3.725587427616119385e-01
4.462965011596679688e+00
0.000000000000000000e+00
8.443085104227066040e-02
2.093955175951123238e-03
4.945048689842224121e-01
2.030331850051879883e+00
1.226663310080766678e-02
0.000000000000000000e+00
8.045099675655364990e-02
9.020927548408508301e-01
1.187928915023803711e+00
1.688713192939758301e+00
1.609309166669845581e-01
5.475275516510009766e+00
3.464236557483673096e-01
1.040460467338562012e+00
2.729705870151519775e-01
1.925028085708618164e+00
1.840870976448059082e+00
2.554766833782196045e-01
6.367850899696350098e-01
2.304172754287719727e+00
7.173807173967361450e-02
5.379730369895696640e-03
1.270943999290466309e+00
3.883847594261169434e-01
5.603300780057907104e-02
6.945084333419799805e-01
4.633859395980834961e-01
0.000000000000000000e+00
0.000000000000000000e+00
7.302765846252441406e-01
2.237518072128295898e+00
5.174127221107482910e-01
6.805024147033691406e-01
2.425070852041244507e-02
8.209154605865478516e-01
4.872425794601440430e-01
7.492594718933105469e+00
1.183151919394731522e-02
0.000000000000000000e+00
1.913964375853538513e-02
2.407571077346801758e-01
9.417736437171697617e-04
2.941763103008270264e-01
3.110336959362030029e-01
2.831340074539184570e+00
1.216151341795921326e-01
1.620530150830745697e-03
3.979435265064239502e-01
1.579217791557312012e+00
0.000000000000000000e+00
2.229937165975570679e-02
0.000000000000000000e+00
0.000000000000000000e+00
1.112383961677551270e+00
2.773965001106262207e-01
1.339669704437255859e+00
3.243622183799743652e-01
6.227231025695800781e-01
4.595830142498016357e-01
2.206188812851905823e-02
1.452751278877258301e+00
1.395837068557739258e+00
1.731442660093307495e-01
3.575354814529418945e-02
5.702537894248962402e-01
2.203639298677444458e-01
6.898987339809536934e-04
1.024402499198913574e+00
0.000000000000000000e+00
3.416786789894104004e-01
9.827304482460021973e-01
0.000000000000000000e+00
4.404040575027465820e-01
6.047401428222656250e-01
1.641111969947814941e+00
7.979614734649658203e-01
3.919039964675903320e-01
1.487561017274856567e-01
1.757923811674118042e-01
1.996661186218261719e+00
4.623656272888183594e-01
6.257333606481552124e-02
8.812634646892547607e-02
3.894360959529876709e-01
2.852479815483093262e-01
5.078008174896240234e-01
0.000000000000000000e+00
3.674259185791015625e-01
1.603558063507080078e-01
0.000000000000000000e+00
2.493837326765060425e-01
3.077321946620941162e-01
4.323064684867858887e-01
3.098643541336059570e+00
9.566416740417480469e-01
1.287236452102661133e+00
9.891249537467956543e-01
2.641151905059814453e+00
6.632360816001892090e-01
1.205681040883064270e-01
1.665990948677062988e+00
6.533483862876892090e-01
3.364615142345428467e-02
4.337278902530670166e-01
2.301139354705810547e+00
4.997629225254058838e-01
6.630016863346099854e-02
7.360630035400390625e-01
3.439290449023246765e-02
2.052811622619628906e+00
1.183811187744140625e+00
2.524396218359470367e-02
6.440597176551818848e-01
0.000000000000000000e+00
1.330685377120971680e+00
9.597547650337219238e-01
1.086195092648267746e-02
1.298415362834930420e-01
0.000000000000000000e+00
2.759711444377899170e-01
9.396550804376602173e-02
4.953422546386718750e-01
8.380866646766662598e-01
4.092878103256225586e-02
5.984762683510780334e-02
0.000000000000000000e+00
2.564693801105022430e-03
2.330625295639038086e+00
0.000000000000000000e+00
1.621879339218139648e+00
4.140703678131103516e-01
1.967408776283264160e+00
1.373244170099496841e-02
7.117795348167419434e-01
1.139972060918807983e-01
1.419331431388854980e-01
2.587780654430389404e-01
7.706226408481597900e-02
8.388031721115112305e-01
9.479798078536987305e-01
3.203293383121490479e-01
5.197304114699363708e-02
7.021899819374084473e-01
1.566996872425079346e-01
2.698839008808135986e-01
5.260152220726013184e-01
9.035830497741699219e-01
1.651567697525024414e+00
2.523137331008911133e-01
1.173199247568845749e-02
0.000000000000000000e+00
1.389249324798583984e+00
1.029086828231811523e+00
4.045804217457771301e-02
7.634485140442848206e-03
1.374029666185379028e-01
4.771097302436828613e-01
1.164019629359245300e-01
1.519657820463180542e-01
1.461520671844482422e+00
5.669607162475585938e+00
6.564807295799255371e-01
8.413384854793548584e-02
4.463284015655517578e-01
8.363028615713119507e-02
2.389002963900566101e-02
3.348043933510780334e-02
1.374188112094998360e-03
0.000000000000000000e+00
2.536240816116333008e-01
1.958171874284744263e-01
7.814774513244628906e-01
0.000000000000000000e+00
1.806466728448867798e-01
9.336696863174438477e-01
4.381515979766845703e-01
8.809926509857177734e-01
0.000000000000000000e+00
1.988332271575927734e-01
1.648715734481811523e+00
7.159878034144639969e-03
2.490697622299194336e+00
0.000000000000000000e+00
2.242267578840255737e-01
9.837170131504535675e-03
0.000000000000000000e+00
5.481654405593872070e-01
1.571223735809326172e-01
0.000000000000000000e+00
4.463976621627807617e-01
7.240793704986572266e-01
3.636500611901283264e-02
0.000000000000000000e+00
5.437857508659362793e-01
1.224108040332794189e-01
7.547166198492050171e-02
5.258551239967346191e-01
1.864735484123229980e+00
3.932940363883972168e-01
8.287299871444702148e-01
7.551352381706237793e-01
3.536460548639297485e-02
5.862930323928594589e-03
2.745983004570007324e-01
3.671004474163055420e-01
6.792101263999938965e-01
1.038039684295654297e+00
2.083408087491989136e-01
1.169683113694190979e-01
4.882179498672485352e-01
9.284149408340454102e-01
1.271746456623077393e-01
1.235833883285522461e+00
2.019881606101989746e-01
2.552539110183715820e-01
7.138941902667284012e-03
7.346668243408203125e-01
0.000000000000000000e+00
4.469363987445831299e-01
1.154413894255412742e-05
1.507982850074768066e+00
5.347091555595397949e-01
7.522337883710861206e-02
3.146790862083435059e-01
4.991485774517059326e-01
2.145657300949096680e+00
1.361904859542846680e+00
6.084781885147094727e-01
1.050649642944335938e+00
1.598964452743530273e+00
7.003486901521682739e-02
3.697329759597778320e-01
1.756881713867187500e+00
5.996907949447631836e-01
1.353018134832382202e-01
7.931823730468750000e-01
0.000000000000000000e+00
4.600974917411804199e-01
2.483637072145938873e-04
5.765374898910522461e-01
9.994133114814758301e-01
4.240720868110656738e-01
3.987430334091186523e+00
1.933948397636413574e+00
8.692639470100402832e-01
0.000000000000000000e+00
4.211208820343017578e-01
1.156572625041007996e-01
6.822280120104551315e-03
0.000000000000000000e+00
3.474479019641876221e-01
8.586011081933975220e-02
0.000000000000000000e+00
0.000000000000000000e+00
3.416135534644126892e-02
1.113172993063926697e-02
9.377520680427551270e-01
1.790009260177612305e+00
4.995650425553321838e-02
1.260409802198410034e-01
1.188424587249755859e+00
7.633833680301904678e-03
5.869681835174560547e-01
0.000000000000000000e+00
5.229541659355163574e-02
1.120802164077758789e+00
3.396345674991607666e-01
1.390193104743957520e+00
2.036247551441192627e-01
1.719235181808471680e+00
2.965651750564575195e-01
2.779232896864414215e-02
0.000000000000000000e+00
5.947441458702087402e-01
2.189339160919189453e+00
2.393711544573307037e-02
1.482786424458026886e-02
2.433311462402343750e+00
7.617225497961044312e-02
4.665760695934295654e-01
1.808503568172454834e-01
9.288839064538478851e-03
4.299199581146240234e-01
0.000000000000000000e+00
3.680411100387573242e+00
9.309203922748565674e-02
9.441971778869628906e-01
5.898804664611816406e-01
1.618320941925048828e+00
0.000000000000000000e+00
1.969402074813842773e+00
0.000000000000000000e+00
2.955106273293495178e-02
1.324613243341445923e-01
0.000000000000000000e+00
3.624739944934844971e-01
1.464552134275436401e-01
1.756686121225357056e-01
3.056774288415908813e-02
1.791188269853591919e-01
7.553248405456542969e-01
9.037794470787048340e-01
0.000000000000000000e+00
7.132549583911895752e-02
8.814458549022674561e-02
1.446378707885742188e+00
1.332987449131906033e-04
3.253585426136851311e-03
0.000000000000000000e+00
1.814230233430862427e-01
6.749186515808105469e-01
1.338308453559875488e+00
3.282103836536407471e-01
2.328325510025024414e+00
0.000000000000000000e+00
8.993405699729919434e-01
3.332092761993408203e-01
7.565284613519906998e-03
1.913384534418582916e-02
0.000000000000000000e+00
1.356368541717529297e+00
1.424606561660766602e+00
9.503555297851562500e-02
2.990438699722290039e+00
7.957517169415950775e-03
1.801906943321228027e+00
0.000000000000000000e+00
1.098259612917900085e-01
3.930763900279998779e-02
1.316427350044250488e+00
8.767096400260925293e-01
0.000000000000000000e+00
6.198868751525878906e-01
5.641812086105346680e-01
2.697140574455261230e-01
2.581422090530395508e+00
1.014548689126968384e-01
6.887160707265138626e-03
3.751701414585113525e-01
3.853690624237060547e-02
1.057719588279724121e+00
1.485243439674377441e-01
3.473882377147674561e-02
3.326901793479919434e-01
4.857883751392364502e-01
1.282212018966674805e+00
0.000000000000000000e+00
1.933366805315017700e-01
2.153937891125679016e-02
6.576159596443176270e-01
8.290846645832061768e-02
8.358182907104492188e-01
6.547902822494506836e-01
7.772559765726327896e-03
2.778242230415344238e-01
1.018760800361633301e+00
0.000000000000000000e+00
8.138084411621093750e-02
1.952401518821716309e+00
2.444950304925441742e-02
3.506632521748542786e-02
8.050384521484375000e-01
1.673135876655578613e+00
6.691167354583740234e-01
7.095192074775695801e-01
7.930009365081787109e-01
2.312330484390258789e+00
3.328390359878540039e+00
4.562646448612213135e-01
1.321886181831359863e-01
3.632770478725433350e-01
0.000000000000000000e+00
0.000000000000000000e+00
