6.063599511981010437e-02
7.382383570075035095e-03
7.950888276100158691e-01
2.557156085968017578e+00
9.036688506603240967e-02
2.581232488155364990e-01
1.378283619880676270e+00
4.026763439178466797e+00
6.865118503570556641e+00
8.546541929244995117e-01
1.242660358548164368e-01
2.770471572875976562e+00
2.115012854337692261e-01
5.661280155181884766e-01
2.586558580398559570e+00
1.101457953453063965e+00
5.954418182373046875e-01
5.762166380882263184e-01
8.400610685348510742e-01
1.017999723553657532e-01
6.159626841545104980e-01
0.000000000000000000e+00
7.472423464059829712e-02
3.445007801055908203e+00
1.393660753965377808e-01
0.000000000000000000e+00
0.000000000000000000e+00
1.921861886978149414e+00
4.573680162429809570e-01
7.958381623029708862e-02
0.000000000000000000e+00
0.000000000000000000e+00
1.067026972770690918e+00
1.065801158547401428e-01
1.260074824094772339e-01
3.547434568405151367e+00
2.215023338794708252e-01
7.778614163398742676e-01
3.215212225914001465e-01
8.305072188377380371e-01
7.132392525672912598e-01
2.110478430986404419e-01
1.435859203338623047e+00
3.799074649810791016e+00
1.994914263486862183e-01
1.941559076309204102e+00
1.059959456324577332e-02
1.177908301353454590e+00
6.689252704381942749e-02
9.673607945442199707e-01
2.711219787597656250e+00
0.000000000000000000e+00
6.884987950325012207e-01
0.000000000000000000e+00
1.845211029052734375e+00
5.240792036056518555e-01
3.834979236125946045e-01
1.846770048141479492e-01
3.060059785842895508e+00
9.122087061405181885e-02
1.243198364973068237e-01
5.226225256919860840e-01
3.238947987556457520e-01
7.022850513458251953e-01
7.324275970458984375e-01
8.266102075576782227e-01
1.326951980590820312e-01
3.336201012134552002e-01
9.008334875106811523e-01
1.012384772300720215e+00
0.000000000000000000e+00
0.000000000000000000e+00
1.277931332588195801e-01
2.735172808170318604e-01
2.067017555236816406e-01
8.429168462753295898e-01
3.764788620173931122e-03
1.711425423622131348e+00
5.999937653541564941e-01
1.042088150978088379e+00
6.754513978958129883e-01
1.069258689880371094e+00
1.915263175964355469e+00
3.423953056335449219e-02
2.566821813583374023e+00
2.629299759864807129e-01
7.598523497581481934e-01
9.840264171361923218e-02
1.163158416748046875e+00
7.408001273870468140e-02
3.368760645389556885e-02
2.338331006467342377e-02
0.000000000000000000e+00
0.000000000000000000e+00
6.914858222007751465e-01
3.273630142211914062e-01
6.497002840042114258e-01
2.407539129257202148e+00
0.000000000000000000e+00
1.346065849065780640e-01
0.000000000000000000e+00
2.251836122013628483e-04
4.237961769104003906e-02
3.427079677581787109e+00
1.047569513320922852e+00
3.079231381416320801e-01
1.953452587127685547e+00
6.820368766784667969e-01
3.867433369159698486e-01
1.895094215869903564e-01
1.065295338630676270e+00
9.843748062849044800e-02
5.980125069618225098e-01
7.497317790985107422e-01
8.963646888732910156e-01
3.402896597981452942e-02
5.000488087534904480e-02
4.949527084827423096e-01
9.966385960578918457e-01
2.618718862533569336e+00
2.806470394134521484e-01
4.787997808307409286e-03
3.444918394088745117e-01
1.922409534454345703e+00
6.573674678802490234e-01
7.975686192512512207e-01
0.000000000000000000e+00
1.750251948833465576e-01
1.986569762229919434e+00
0.000000000000000000e+00
2.781410515308380127e-01
4.356871843338012695e-01
1.871484071016311646e-01
1.961133331060409546e-01
4.720934480428695679e-02
4.275254905223846436e-02
6.424419283866882324e-01
4.066683292388916016e+00
0.000000000000000000e+00
1.533191557973623276e-02
9.193833917379379272e-02
7.000359892845153809e-01
1.792519211769104004e+00
0.000000000000000000e+00
0.000000000000000000e+00
5.654881596565246582e-01
7.874702811241149902e-01
1.345693707466125488e+00
1.630953550338745117e+00
3.994817733764648438e-01
5.418759822845458984e+00
4.023120105266571045e-01
8.569465875625610352e-01
4.663189873099327087e-02
2.136908769607543945e+00
1.264735341072082520e+00
4.030536711215972900e-01
1.566476374864578247e-01
1.766307711601257324e+00
0.000000000000000000e+00
3.677326813340187073e-02
9.276507496833801270e-01
4.655092954635620117e-01
3.801031783223152161e-02
5.941838622093200684e-01
2.578536607325077057e-02
0.000000000000000000e+00
0.000000000000000000e+00
7.238920927047729492e-01
1.860700964927673340e+00
5.570164918899536133e-01
7.195392251014709473e-02
2.331702038645744324e-02
1.381476759910583496e+00
3.248403966426849365e-01
7.679006576538085938e+00
3.121819114312529564e-03
0.000000000000000000e+00
0.000000000000000000e+00
2.815571427345275879e-01
5.061020702123641968e-02
1.129309386014938354e-01
3.271066024899482727e-02
3.723640918731689453e+00
7.098619639873504639e-02
2.833510749042034149e-03
1.152436132542788982e-03
1.740812420845031738e+00
0.000000000000000000e+00
8.186534978449344635e-03
0.000000000000000000e+00
0.000000000000000000e+00
1.634796380996704102e+00
4.558431506156921387e-01
4.238232374191284180e-01
3.415542542934417725e-01
6.731159090995788574e-01
5.721721649169921875e-01
1.533817872405052185e-02
1.643244862556457520e+00
1.827803254127502441e+00
6.198688149452209473e-01
0.000000000000000000e+00
3.105742037296295166e-01
9.301136434078216553e-02
5.815711338073015213e-03
1.199815869331359863e+00
0.000000000000000000e+00
1.525517702102661133e-01
1.608200073242187500e+00
1.698964275419712067e-02
4.349412322044372559e-01
4.322272241115570068e-01
1.172965407371520996e+00
1.068962931632995605e+00
3.632329404354095459e-01
2.321790903806686401e-01
4.036071598529815674e-01
2.858282804489135742e+00
3.532420396804809570e-01
8.468311280012130737e-02
1.703769266605377197e-01
5.202168822288513184e-01
1.817682236433029175e-01
9.424821138381958008e-01
0.000000000000000000e+00
7.452202439308166504e-01
3.355826139450073242e-01
0.000000000000000000e+00
1.043217927217483521e-01
5.688370466232299805e-01
2.681871056556701660e-01
3.371305227279663086e+00
7.213328480720520020e-01
1.738562703132629395e+00
1.459512233734130859e+00
2.686845302581787109e+00
9.806628823280334473e-01
0.000000000000000000e+00
7.115122675895690918e-01
6.356311440467834473e-01
2.397041916847229004e-01
3.157405257225036621e-01
2.532666444778442383e+00
8.603066802024841309e-01
1.922842115163803101e-02
6.643711924552917480e-01
3.153819963335990906e-02
3.316210985183715820e+00
1.086277008056640625e+00
2.114440202713012695e-01
6.421752572059631348e-01
0.000000000000000000e+00
6.417248398065567017e-02
1.005061030387878418e+00
5.220222473144531250e-02
1.409972459077835083e-02
0.000000000000000000e+00
5.916940793395042419e-02
9.742304682731628418e-02
2.730411887168884277e-01
5.302829742431640625e-01
5.509338527917861938e-02
2.854991762433201075e-04
0.000000000000000000e+00
2.590839862823486328e-01
2.529849290847778320e+00
0.000000000000000000e+00
2.341467380523681641e+00
2.384643852710723877e-01
1.888641357421875000e+00
5.706142168492078781e-03
1.222265124320983887e+00
5.974789336323738098e-02
5.023858696222305298e-02
3.213035762310028076e-01
1.071352437138557434e-01
3.038846552371978760e-01
1.529113411903381348e+00
2.139506191015243530e-01
0.000000000000000000e+00
4.315625429153442383e-01
1.337102800607681274e-01
0.000000000000000000e+00
1.169868186116218567e-01
9.534642696380615234e-01
1.810980796813964844e+00
5.443588271737098694e-02
4.037787318229675293e-01
0.000000000000000000e+00
1.200053691864013672e+00
1.437088966369628906e+00
7.650274038314819336e-01
0.000000000000000000e+00
2.666826844215393066e-01
2.577328383922576904e-01
3.356316983699798584e-01
6.183901056647300720e-02
1.466700673103332520e+00
6.135614871978759766e+00
9.510077238082885742e-01
2.890576422214508057e-01
4.201578795909881592e-01
1.453225761651992798e-01
1.058989539742469788e-01
2.265710063511505723e-04
2.279818803071975708e-02
0.000000000000000000e+00
1.353347748517990112e-01
4.884084686636924744e-02
6.197506785392761230e-01
4.636618494987487793e-02
1.804402321577072144e-01
1.150434374809265137e+00
1.324850134551525116e-02
1.235602021217346191e+00
0.000000000000000000e+00
5.263420939445495605e-01
9.258934259414672852e-01
0.000000000000000000e+00
2.981577873229980469e+00
0.000000000000000000e+00
1.057755798101425171e-01
3.578700423240661621e-01
0.000000000000000000e+00
1.129422068595886230e+00
5.510343909263610840e-01
0.000000000000000000e+00
9.437752366065979004e-01
6.625340580940246582e-01
6.659031659364700317e-02
0.000000000000000000e+00
3.523561730980873108e-02
9.280528873205184937e-02
0.000000000000000000e+00
1.315111398696899414e+00
1.921533703804016113e+00
4.899731874465942383e-01
3.959598839282989502e-01
1.434036940336227417e-01
5.010171444155275822e-04
0.000000000000000000e+00
2.513571381568908691e-01
1.539552360773086548e-01
9.283252358436584473e-01
1.046254396438598633e+00
2.600565552711486816e-01
0.000000000000000000e+00
1.132211461663246155e-01
3.657623529434204102e-01
1.576596796512603760e-01
1.249678730964660645e+00
2.149136513471603394e-01
8.610592037439346313e-02
1.535860355943441391e-02
8.856646418571472168e-01
3.167360322549939156e-03
1.839303374290466309e-01
0.000000000000000000e+00
9.860377311706542969e-01
1.633659482002258301e+00
1.748357340693473816e-02
1.749518364667892456e-01
3.290649652481079102e-01
1.196640014648437500e+00
1.041859149932861328e+00
6.523799300193786621e-01
1.734754204750061035e+00
2.291293144226074219e+00
3.184524178504943848e-02
2.308899164199829102e-01
1.640208363533020020e+00
8.024748563766479492e-01
2.941742166876792908e-02
2.752812504768371582e-01
2.931964672825415619e-06
1.897967159748077393e-01
9.599222801625728607e-03
2.493742704391479492e-01
4.753258228302001953e-01
3.051456809043884277e-01
4.187290668487548828e+00
1.951427459716796875e+00
8.023737668991088867e-01
7.489532232284545898e-02
6.144763827323913574e-01
5.804940685629844666e-02
0.000000000000000000e+00
0.000000000000000000e+00
1.879080981016159058e-01
2.917568013072013855e-02
1.771815121173858643e-02
0.000000000000000000e+00
5.004793871194124222e-03
1.879115775227546692e-02
5.135979652404785156e-01
3.545454978942871094e+00
1.050819363445043564e-02
1.635955460369586945e-02
1.316652536392211914e+00
3.862864375114440918e-01
7.572305202484130859e-01
2.364774607121944427e-02
1.384419649839401245e-01
1.023945212364196777e+00
4.872156679630279541e-02
1.040250658988952637e+00
8.147800713777542114e-02
1.517974972724914551e+00
6.836903840303421021e-02
9.914881736040115356e-02
0.000000000000000000e+00
7.045345306396484375e-01
2.527778148651123047e+00
3.429394364356994629e-01
1.823173463344573975e-01
1.201426625251770020e+00
6.900548189878463745e-02
4.498111903667449951e-01
0.000000000000000000e+00
9.074104577302932739e-02
8.324228525161743164e-01
2.485848497599363327e-03
5.268780231475830078e+00
3.978318572044372559e-01
5.679746866226196289e-01
6.252259016036987305e-01
1.159013867378234863e+00
0.000000000000000000e+00
1.355990529060363770e+00
1.265600440092384815e-04
2.199717462062835693e-01
4.234696179628372192e-02
0.000000000000000000e+00
6.594573706388473511e-02
3.484011292457580566e-01
7.379595190286636353e-02
0.000000000000000000e+00
1.127740554511547089e-02
6.691170334815979004e-01
1.542523622512817383e+00
0.000000000000000000e+00
2.452322095632553101e-01
7.759158965200185776e-03
2.241838932037353516e+00
0.000000000000000000e+00
3.409744054079055786e-02
1.142622437328100204e-02
3.511516004800796509e-02
7.477151155471801758e-01
1.318336009979248047e+00
5.510132312774658203e-01
2.535056114196777344e+00
1.415082020685076714e-03
6.181377172470092773e-01
0.000000000000000000e+00
7.659545540809631348e-02
5.210027098655700684e-03
0.000000000000000000e+00
1.966377019882202148e+00
1.917457818984985352e+00
4.247069060802459717e-01
2.770816564559936523e+00
1.995761319994926453e-02
1.655644178390502930e+00
0.000000000000000000e+00
4.618163779377937317e-02
2.567187324166297913e-02
1.491185545921325684e+00
7.167367339134216309e-01
5.172399431467056274e-02
4.669479429721832275e-01
5.598263069987297058e-02
1.277044564485549927e-01
3.008506536483764648e+00
7.022727280855178833e-02
0.000000000000000000e+00
1.046455264091491699e+00
1.819220371544361115e-02
6.060584783554077148e-01
5.642507672309875488e-01
2.460539713501930237e-02
3.266162872314453125e-01
1.385491847991943359e+00
1.225932717323303223e+00
0.000000000000000000e+00
2.318656593561172485e-01
6.862401217222213745e-02
1.768431365489959717e-01
3.800280094146728516e-01
8.557353019714355469e-01
1.104012131690979004e+00
1.328979432582855225e-02
2.579848282039165497e-02
4.825152456760406494e-01
4.437273892108350992e-04
3.113438002765178680e-02
1.358836412429809570e+00
1.921429038047790527e-01
4.045603796839714050e-03
4.744774103164672852e-01
2.263596534729003906e+00
6.441765278577804565e-02
9.070200920104980469e-01
4.055663943290710449e-01
1.644910812377929688e+00
3.209897994995117188e+00
9.801532626152038574e-01
3.669884055852890015e-02
8.125629276037216187e-02
0.000000000000000000e+00
5.927574820816516876e-04
