2.003562450408935547e-01
0.000000000000000000e+00
3.826203942298889160e-01
2.876768827438354492e+00
5.943088531494140625e-01
5.634695291519165039e-01
1.223730564117431641e+00
3.924424171447753906e+00
7.331472396850585938e+00
9.666013121604919434e-01
1.367715597152709961e-01
2.227690935134887695e+00
2.067806422710418701e-01
3.394756913185119629e-01
2.678524732589721680e+00
5.188715457916259766e-01
1.049565553665161133e+00
1.768663048744201660e+00
6.754468679428100586e-01
1.449585054069757462e-02
1.238527774810791016e+00
0.000000000000000000e+00
2.613551914691925049e-03
1.274336457252502441e+00
1.022733151912689209e-01
3.540588542819023132e-02
2.507929205894470215e-01
1.624660372734069824e+00
2.250982373952865601e-01
0.000000000000000000e+00
0.000000000000000000e+00
0.000000000000000000e+00
7.687355875968933105e-01
1.986360102891921997e-01
1.627454757690429688e-01
3.517193078994750977e+00
3.686959743499755859e-01
1.320331841707229614e-01
5.046592950820922852e-01
6.336342692375183105e-01
5.319038629531860352e-01
9.353603124618530273e-01
9.954842925071716309e-01
3.960435390472412109e+00
3.392252922058105469e-01
1.772658944129943848e+00
1.722696572542190552e-01
8.418167829513549805e-01
4.043144881725311279e-01
1.555476665496826172e+00
2.477490186691284180e+00
0.000000000000000000e+00
8.268899321556091309e-01
1.803440600633621216e-02
1.412956237792968750e+00
1.095403730869293213e-01
5.302847027778625488e-01
8.493194580078125000e-01
1.732172369956970215e+00
6.920940428972244263e-02
2.765122568234801292e-03
6.297323107719421387e-01
0.000000000000000000e+00
5.767728090286254883e-01
9.774090051651000977e-01
1.986793875694274902e-01
0.000000000000000000e+00
1.064640045166015625e+00
1.027131199836730957e+00
5.703098773956298828e-01
0.000000000000000000e+00
8.968219626694917679e-04
2.802011370658874512e-01
7.884885072708129883e-01
3.243524432182312012e-01
4.523608982563018799e-01
0.000000000000000000e+00
1.184715270996093750e+00
3.897072374820709229e-01
1.294808983802795410e+00
3.376659005880355835e-02
1.149956464767456055e+00
2.913497447967529297e+00
0.000000000000000000e+00
3.278585910797119141e+00
2.065678499639034271e-02
1.451601147651672363e+00
1.531139314174652100e-01
5.212040543556213379e-01
5.056262761354446411e-02
3.769496455788612366e-02
7.503600791096687317e-03
7.734262850135564804e-03
0.000000000000000000e+00
8.483455181121826172e-01
1.612083762884140015e-01
1.783076643943786621e+00
5.300542712211608887e-01
1.784807890653610229e-01
3.919678032398223877e-01
0.000000000000000000e+00
9.133719839155673981e-03
5.437206104397773743e-02
2.491294622421264648e+00
7.426027655601501465e-01
2.824019491672515869e-01
2.084335565567016602e+00
1.183186888694763184e+00
1.158137202262878418e+00
9.890054352581501007e-03
1.525777101516723633e+00
9.995902329683303833e-02
6.205385923385620117e-01
6.705393791198730469e-01
5.346342325210571289e-01
2.047639936208724976e-01
4.177269712090492249e-02
9.255650639533996582e-01
3.886991143226623535e-01
2.823215961456298828e+00
1.232963055372238159e-01
7.075909990817308426e-03
1.127075478434562683e-01
1.595088839530944824e+00
5.686555504798889160e-01
9.224990606307983398e-01
0.000000000000000000e+00
3.582901358604431152e-01
2.248045206069946289e+00
5.038130283355712891e-02
0.000000000000000000e+00
4.156173765659332275e-01
4.428443014621734619e-01
1.464810669422149658e-01
6.204953193664550781e-01
0.000000000000000000e+00
4.506603181362152100e-01
5.786127567291259766e+00
0.000000000000000000e+00
1.653524860739707947e-02
1.288703829050064087e-01
1.118925213813781738e+00
1.858015418052673340e+00
0.000000000000000000e+00
5.308224633336067200e-02
1.463371515274047852e-01
8.457742929458618164e-01
8.227643370628356934e-01
1.021960616111755371e+00
1.827327348291873932e-02
6.369606971740722656e+00
8.171341419219970703e-01
8.146899938583374023e-01
7.600029706954956055e-01
2.761969566345214844e+00
1.740810155868530273e+00
3.874062746763229370e-02
7.752688229084014893e-02
3.101561307907104492e+00
2.523106932640075684e-01
2.328827418386936188e-02
1.599756002426147461e+00
8.224858641624450684e-01
5.880255624651908875e-02
1.211077451705932617e+00
9.430233389139175415e-02
0.000000000000000000e+00
0.000000000000000000e+00
9.062644839286804199e-01
2.732662916183471680e+00
5.425295829772949219e-01
2.919470071792602539e-01
6.786980479955673218e-02
1.453479766845703125e+00
2.170643210411071777e-01
7.481628894805908203e+00
0.000000000000000000e+00
7.513600401580333710e-03
0.000000000000000000e+00
2.382112443447113037e-01
4.648802056908607483e-02
9.652990102767944336e-02
4.879302382469177246e-01
2.712986469268798828e+00
1.345377862453460693e-01
2.567071700468659401e-03
3.536307513713836670e-01
1.604158282279968262e+00
0.000000000000000000e+00
2.316138893365859985e-01
0.000000000000000000e+00
2.933730371296405792e-02
1.044727325439453125e+00
5.105559229850769043e-01
6.435506939888000488e-01
1.765429377555847168e-01
1.061682343482971191e+00
5.936245918273925781e-01
3.056133091449737549e-01
2.325790643692016602e+00
1.547499299049377441e+00
2.574856877326965332e-01
1.226512640714645386e-01
6.414018869400024414e-01
1.003416702151298523e-01
4.890661686658859253e-02
3.849778473377227783e-01
5.865526199340820312e-02
1.026107445359230042e-01
1.735519409179687500e+00
9.597763419151306152e-02
7.988793253898620605e-01
1.416191577911376953e+00
1.507561206817626953e+00
9.765874743461608887e-01
4.998306632041931152e-01
1.030512992292642593e-02
1.897351257503032684e-02
1.521668434143066406e+00
1.610290527343750000e+00
1.236197873950004578e-01
1.508975215256214142e-02
7.106050848960876465e-01
2.435597963631153107e-02
5.776243805885314941e-01
0.000000000000000000e+00
5.684819221496582031e-01
1.940354853868484497e-01
0.000000000000000000e+00
1.281260233372449875e-02
8.350878357887268066e-01
3.151544332504272461e-01
2.203543424606323242e+00
1.929228425025939941e+00
9.126284718513488770e-01
1.360801100730895996e+00
2.877849340438842773e+00
9.672867059707641602e-01
3.150535225868225098e-01
5.007146596908569336e-01
5.762871503829956055e-01
1.277467906475067139e-01
6.497400254011154175e-02
2.790541410446166992e+00
8.350009322166442871e-01
1.826462596654891968e-01
3.737175166606903076e-01
3.376074880361557007e-02
2.152394056320190430e+00
1.456531763076782227e+00
0.000000000000000000e+00
1.390250772237777710e-01
2.144699916243553162e-02
9.996692538261413574e-01
1.042745947837829590e+00
0.000000000000000000e+00
0.000000000000000000e+00
0.000000000000000000e+00
1.815142333507537842e-01
4.004781320691108704e-02
8.901265859603881836e-01
5.438466072082519531e-01
5.317135527729988098e-02
4.356855154037475586e-02
0.000000000000000000e+00
0.000000000000000000e+00
2.824391126632690430e+00
4.609151184558868408e-02
1.516067504882812500e+00
3.109319321811199188e-02
1.938877582550048828e+00
0.000000000000000000e+00
1.237736701965332031e+00
6.174342241138219833e-03
3.946976736187934875e-02
8.260751962661743164e-01
2.966327965259552002e-01
7.410582304000854492e-01
1.168741345405578613e+00
2.212771922349929810e-01
8.181032538414001465e-02
4.211740493774414062e-01
8.247424662113189697e-02
1.430331263691186905e-03
2.488663941621780396e-01
1.462085604667663574e+00
1.750180125236511230e+00
0.000000000000000000e+00
3.904116747435182333e-04
0.000000000000000000e+00
1.702592730522155762e+00
2.386462926864624023e+00
2.857048511505126953e-01
2.060183435678482056e-01
7.132340967655181885e-02
4.946523308753967285e-01
7.315953969955444336e-01
2.817868888378143311e-01
1.204563140869140625e+00
5.875400543212890625e+00
8.246844410896301270e-01
2.714188992977142334e-01
1.505506969988346100e-02
5.593823790550231934e-01
0.000000000000000000e+00
2.204343974590301514e-01
1.238598860800266266e-02
0.000000000000000000e+00
2.908551394939422607e-01
4.642640799283981323e-02
7.352814674377441406e-01
2.783208340406417847e-02
1.736430078744888306e-01
1.394526124000549316e+00
1.304303705692291260e-01
3.414638340473175049e-01
1.946912147104740143e-02
3.575528562068939209e-01
1.485894918441772461e+00
4.897758364677429199e-02
1.966804981231689453e+00
0.000000000000000000e+00
1.881930083036422729e-01
2.050630934536457062e-02
0.000000000000000000e+00
1.226627945899963379e+00
3.650187328457832336e-02
0.000000000000000000e+00
8.395611047744750977e-01
9.789386391639709473e-01
6.867153942584991455e-02
0.000000000000000000e+00
1.268131136894226074e-01
3.637322187423706055e-01
8.983911573886871338e-02
4.048543572425842285e-01
1.752151489257812500e+00
2.234755158424377441e-01
7.736048102378845215e-01
1.272801280021667480e+00
3.954477235674858093e-02
0.000000000000000000e+00
2.871946692466735840e-01
2.026924192905426025e-01
1.080385327339172363e+00
1.095765829086303711e+00
5.850612372159957886e-02
4.345250874757766724e-02
2.015362083911895752e-01
8.427404165267944336e-01
3.754817247390747070e-01
1.590047955513000488e+00
4.727459549903869629e-01
3.287270069122314453e-01
2.271700501441955566e-01
1.121199727058410645e+00
0.000000000000000000e+00
4.464438855648040771e-01
4.022052977234125137e-03
1.159865379333496094e+00
1.118836700916290283e-01
2.613699436187744141e-01
1.355100609362125397e-02
6.838585734367370605e-01
2.061038732528686523e+00
1.850155591964721680e+00
1.027001500129699707e+00
1.144594788551330566e+00
1.548184156417846680e+00
7.642537355422973633e-02
6.551111936569213867e-01
2.313437223434448242e+00
1.034436702728271484e+00
4.797436296939849854e-02
4.430994987487792969e-01
6.946405395865440369e-03
1.986409425735473633e-01
0.000000000000000000e+00
3.987796008586883545e-01
3.301674127578735352e-01
8.684132993221282959e-02
4.481167316436767578e+00
2.199537038803100586e+00
6.300226449966430664e-01
0.000000000000000000e+00
8.769447803497314453e-01
6.206120597198605537e-04
1.901664072647690773e-03
0.000000000000000000e+00
3.119162917137145996e-01
7.947520911693572998e-02
0.000000000000000000e+00
2.844343520700931549e-02
4.927971363067626953e-01
1.036666259169578552e-01
9.410744309425354004e-01
2.670192003250122070e+00
4.968806728720664978e-02
7.394031435251235962e-02
8.721836209297180176e-01
3.514543175697326660e-02
3.622687458992004395e-01
9.563010185956954956e-02
3.947943821549415588e-02
1.136092901229858398e+00
5.705207586288452148e-01
8.086056709289550781e-01
4.726969599723815918e-01
1.768396139144897461e+00
2.345014512538909912e-01
2.101831436157226562e-01
0.000000000000000000e+00
5.610066056251525879e-01
1.741574645042419434e+00
7.177238911390304565e-02
1.403245236724615097e-02
3.691860914230346680e+00
1.773737557232379913e-02
1.043780684471130371e+00
3.736178949475288391e-02
1.679289340972900391e-02
4.348079562187194824e-01
0.000000000000000000e+00
3.192457914352416992e+00
4.454444944858551025e-01
8.510117530822753906e-01
1.303721070289611816e+00
1.062811970710754395e+00
1.157654332928359509e-03
2.380384206771850586e+00
6.279457360506057739e-03
1.490452438592910767e-01
1.366685181856155396e-01
0.000000000000000000e+00
1.861597895622253418e-01
4.142135754227638245e-02
3.178354501724243164e-01
1.852402277290821075e-02
1.273276209831237793e-01
6.327564120292663574e-01
1.804826974868774414e+00
1.162135973572731018e-03
1.583227217197418213e-01
2.619286775588989258e-01
1.659220814704895020e+00
3.865453647449612617e-03
0.000000000000000000e+00
1.727877408266067505e-01
3.098130524158477783e-01
8.413359522819519043e-01
1.237743616104125977e+00
1.697274446487426758e-01
2.545390129089355469e+00
1.169446506537497044e-03
9.135192632675170898e-01
2.621559500694274902e-01
1.595603860914707184e-02
1.748879067599773407e-02
0.000000000000000000e+00
1.030355930328369141e+00
1.173966407775878906e+00
5.108723416924476624e-02
2.557300806045532227e+00
9.046100825071334839e-02
1.693860650062561035e+00
0.000000000000000000e+00
2.273117303848266602e-01
6.912980973720550537e-02
1.704375267028808594e+00
1.086345553398132324e+00
1.429331153631210327e-01
4.421361386775970459e-01
1.195098087191581726e-01
5.708887428045272827e-02
2.918346166610717773e+00
2.882714569568634033e-01
2.843884751200675964e-02
5.520918369293212891e-01
7.733467034995555878e-03
1.085938572883605957e+00
4.199944138526916504e-01
4.153571650385856628e-02
1.916142404079437256e-01
1.347580194473266602e+00
1.539551377296447754e+00
4.627209622412919998e-03
2.866959273815155029e-01
4.647708963602781296e-03
7.688268423080444336e-01
2.711390554904937744e-01
5.814330577850341797e-01
6.645531654357910156e-01
0.000000000000000000e+00
4.615562558174133301e-01
1.359679937362670898e+00
1.736238747835159302e-01
4.449098706245422363e-01
2.223098754882812500e+00
8.292897790670394897e-02
5.666778888553380966e-03
6.599528342485427856e-02
2.687988758087158203e+00
6.095016598701477051e-01
1.076353430747985840e+00
9.982855319976806641e-01
2.111335754394531250e+00
2.712027311325073242e+00
9.821325540542602539e-01
2.505492605268955231e-02
2.672127187252044678e-01
0.000000000000000000e+00
6.765493750572204590e-02
