2.123624533414840698e-01
0.000000000000000000e+00
3.479309678077697754e-01
1.705889821052551270e+00
4.797732532024383545e-01
2.524271011352539062e-01
1.369375109672546387e+00
3.233994007110595703e+00
6.619515419006347656e+00
1.514374017715454102e+00
1.464399248361587524e-01
1.905086517333984375e+00
3.677751868963241577e-02
7.265369296073913574e-01
1.856537938117980957e+00
8.475632667541503906e-01
6.360735297203063965e-01
8.405725955963134766e-01
1.067642495036125183e-01
1.299003977328538895e-02
1.178638339042663574e+00
0.000000000000000000e+00
9.741844981908798218e-02
1.589780449867248535e+00
4.072756320238113403e-02
0.000000000000000000e+00
0.000000000000000000e+00
9.694573283195495605e-01
3.596878051757812500e-01
1.439116429537534714e-02
8.425801061093807220e-03
0.000000000000000000e+00
8.007811307907104492e-01
5.582766532897949219e-01
1.557074189186096191e-01
2.764988660812377930e+00
2.849105596542358398e-01
2.844862043857574463e-01
2.808002233505249023e-01
7.913927435874938965e-01
3.696095943450927734e-01
2.623727023601531982e-01
8.930857777595520020e-01
4.305343151092529297e+00
2.897837460041046143e-01
1.618638396263122559e+00
1.460714545100927353e-02
1.548118352890014648e+00
2.560010552406311035e-01
1.065456867218017578e+00
2.967235326766967773e+00
0.000000000000000000e+00
1.115184187889099121e+00
5.530169606208801270e-02
1.489552021026611328e+00
4.659431055188179016e-02
4.014774858951568604e-01
6.730383038520812988e-01
2.174947977066040039e+00
2.524579167366027832e-01
2.414582530036568642e-03
4.578147232532501221e-01
8.549523539841175079e-03
6.143518686294555664e-01
7.793119549751281738e-01
2.668552100658416748e-01
4.461286067962646484e-01
6.872838735580444336e-01
1.105513453483581543e+00
5.327033400535583496e-01
0.000000000000000000e+00
0.000000000000000000e+00
3.892208635807037354e-01
7.223808169364929199e-01
1.807591766119003296e-01
1.055896282196044922e+00
4.373037721961736679e-03
1.535078644752502441e+00
1.450315415859222412e-01
6.385185718536376953e-01
8.019669353961944580e-02
1.615293025970458984e+00
2.142686367034912109e+00
2.536725699901580811e-01
2.310342788696289062e+00
3.127000927925109863e-01
1.754465937614440918e+00
3.114844858646392822e-01
6.376246213912963867e-01
8.063696324825286865e-02
2.366496017202734947e-03
0.000000000000000000e+00
0.000000000000000000e+00
0.000000000000000000e+00
1.770442128181457520e+00
1.680715441703796387e+00
5.455188155174255371e-01
1.480598211288452148e+00
2.916158363223075867e-02
3.404981270432472229e-02
0.000000000000000000e+00
2.522782795131206512e-02
9.433455020189285278e-02
2.329947710037231445e+00
5.455493927001953125e-01
4.213056564331054688e-01
2.247059583663940430e+00
8.279836177825927734e-01
7.413160204887390137e-01
7.410749793052673340e-02
9.790021181106567383e-01
4.004018381237983704e-02
1.890193969011306763e-01
4.128530323505401611e-01
4.486673474311828613e-01
2.565427497029304504e-02
1.853030771017074585e-01
8.314610719680786133e-01
1.218194127082824707e+00
3.443080902099609375e+00
1.586711555719375610e-01
9.781879186630249023e-02
1.371612101793289185e-01
2.219746351242065430e+00
7.815083861351013184e-01
1.063169598579406738e+00
0.000000000000000000e+00
4.249958097934722900e-01
1.943210482597351074e+00
2.104748273268342018e-03
4.121341556310653687e-02
2.740499973297119141e-01
2.716521732509136200e-02
8.092573285102844238e-02
5.700778961181640625e-01
4.743837192654609680e-02
3.375726640224456787e-01
4.789071559906005859e+00
0.000000000000000000e+00
1.400546133518218994e-01
8.270606398582458496e-02
5.144451260566711426e-01
1.277158617973327637e+00
0.000000000000000000e+00
4.409086704254150391e-02
6.219414472579956055e-01
8.026850223541259766e-01
1.016484379768371582e+00
9.519818425178527832e-01
1.440387666225433350e-01
5.755204200744628906e+00
1.386026591062545776e-01
6.476301550865173340e-01
2.934664189815521240e-01
1.398580551147460938e+00
1.646024584770202637e+00
1.199983581900596619e-01
0.000000000000000000e+00
2.159077882766723633e+00
2.204172126948833466e-02
1.653128489851951599e-02
1.156517982482910156e+00
5.415316820144653320e-01
8.575224317610263824e-03
9.970728754997253418e-01
2.336599528789520264e-01
0.000000000000000000e+00
0.000000000000000000e+00
7.033176422119140625e-01
1.724470257759094238e+00
4.575739502906799316e-01
5.014336854219436646e-02
7.695315033197402954e-02
1.061408758163452148e+00
8.336367011070251465e-01
7.365316867828369141e+00
2.811551094055175781e-02
0.000000000000000000e+00
0.000000000000000000e+00
1.481322571635246277e-03
1.487981062382459641e-02
3.087328374385833740e-01
3.074455261230468750e-01
3.624493837356567383e+00
1.204394102096557617e-01
1.760599017143249512e-02
4.236560165882110596e-01
8.933215737342834473e-01
0.000000000000000000e+00
0.000000000000000000e+00
2.469182386994361877e-02
1.584769925102591515e-04
1.135882019996643066e+00
5.262194275856018066e-01
8.473991751670837402e-01
3.943232893943786621e-01
1.277606248855590820e+00
2.734517157077789307e-01
3.233052194118499756e-01
1.266067981719970703e+00
1.079991102218627930e+00
1.716654151678085327e-01
2.496602013707160950e-02
2.848858535289764404e-01
5.346681475639343262e-01
2.279356308281421661e-02
6.227939128875732422e-01
1.536927185952663422e-03
7.020366191864013672e-01
1.082268595695495605e+00
0.000000000000000000e+00
9.199858456850051880e-02
3.987950682640075684e-01
8.794309496879577637e-01
7.047384977340698242e-01
4.845586121082305908e-01
2.464534938335418701e-01
4.098742902278900146e-01
2.315424919128417969e+00
3.784186542034149170e-01
2.638699486851692200e-02
7.256857305765151978e-02
4.318105280399322510e-01
8.949929475784301758e-02
5.834312438964843750e-01
0.000000000000000000e+00
1.185518056154251099e-01
6.138349175453186035e-01
1.326828896999359131e-01
1.693582534790039062e-01
1.805495023727416992e-01
8.115419000387191772e-02
2.387621164321899414e+00
1.537476658821105957e+00
8.291596174240112305e-01
1.274013757705688477e+00
2.601889848709106445e+00
8.998190760612487793e-01
5.923370644450187683e-02
5.448805093765258789e-01
3.742040097713470459e-01
7.673197239637374878e-02
1.176723539829254150e-01
2.419210672378540039e+00
1.122236847877502441e+00
6.407090276479721069e-02
2.137490063905715942e-01
0.000000000000000000e+00
2.615176439285278320e+00
1.533638119697570801e+00
1.071696635335683823e-02
3.206742405891418457e-01
0.000000000000000000e+00
6.379583477973937988e-01
9.342822432518005371e-01
7.740497589111328125e-03
0.000000000000000000e+00
0.000000000000000000e+00
1.623872518539428711e-01
1.414719969034194946e-01
5.113838911056518555e-01
6.196605563163757324e-01
4.002498462796211243e-03
2.828661911189556122e-02
0.000000000000000000e+00
0.000000000000000000e+00
1.835135698318481445e+00
5.835734307765960693e-03
9.020096063613891602e-01
4.997235164046287537e-02
1.568912744522094727e+00
5.414335988461971283e-03
1.379162788391113281e+00
0.000000000000000000e+00
1.476986557245254517e-01
3.628970980644226074e-01
4.478683471679687500e-01
7.644701600074768066e-01
9.499817490577697754e-01
1.356237679719924927e-01
7.110464572906494141e-02
5.420437455177307129e-01
6.778761744499206543e-02
7.317274063825607300e-02
3.083677887916564941e-01
7.711335420608520508e-01
1.917382359504699707e+00
1.072970405220985413e-02
2.085775136947631836e-03
0.000000000000000000e+00
9.296921491622924805e-01
1.393780112266540527e+00
6.390993595123291016e-01
4.619091376662254333e-02
1.681966334581375122e-01
3.301883637905120850e-01
3.195202946662902832e-01
2.824511379003524780e-03
4.252952933311462402e-01
5.884768009185791016e+00
1.104827523231506348e+00
1.465665549039840698e-01
2.462366074323654175e-01
1.171614155173301697e-01
1.475156694650650024e-01
8.660170435905456543e-02
5.735255032777786255e-02
0.000000000000000000e+00
1.508852094411849976e-01
1.515145301818847656e-01
9.010203182697296143e-02
1.834470331668853760e-01
2.560501918196678162e-02
1.335549950599670410e+00
2.538879588246345520e-02
3.659192323684692383e-01
0.000000000000000000e+00
4.452926516532897949e-01
1.020098447799682617e+00
0.000000000000000000e+00
2.917491197586059570e+00
0.000000000000000000e+00
1.068503707647323608e-01
2.962369024753570557e-01
0.000000000000000000e+00
8.708857297897338867e-01
6.043739318847656250e-01
9.759191423654556274e-03
6.765561699867248535e-01
3.588333129882812500e-01
0.000000000000000000e+00
3.064616955816745758e-02
4.921760410070419312e-02
1.384449601173400879e-01
1.874423213303089142e-02
1.124448895454406738e+00
1.910801172256469727e+00
3.296178281307220459e-01
6.287930607795715332e-01
6.633613109588623047e-01
1.922933198511600494e-02
0.000000000000000000e+00
5.748795866966247559e-01
2.013735473155975342e-01
4.625733196735382080e-01
8.030750155448913574e-01
1.031325832009315491e-01
6.983385980129241943e-02
8.180031925439834595e-02
1.746262907981872559e-01
2.133147865533828735e-01
8.824455738067626953e-01
1.241488754749298096e-01
1.358882933855056763e-01
0.000000000000000000e+00
7.353486418724060059e-01
0.000000000000000000e+00
1.855997294187545776e-01
0.000000000000000000e+00
8.185371756553649902e-01
2.891497611999511719e-01
1.805790141224861145e-02
2.396703064441680908e-01
2.699666321277618408e-01
1.827789068222045898e+00
1.537270069122314453e+00
8.317189216613769531e-01
1.038236856460571289e+00
1.539616584777832031e+00
1.861355751752853394e-01
3.628740832209587097e-02
1.323018431663513184e+00
4.417583644390106201e-01
1.515932194888591766e-02
4.355351030826568604e-01
0.000000000000000000e+00
1.994519680738449097e-01
0.000000000000000000e+00
2.646798491477966309e-01
7.161689400672912598e-01
5.681414008140563965e-01
4.000811576843261719e+00
2.579159498214721680e+00
4.592594802379608154e-01
0.000000000000000000e+00
1.030415892601013184e+00
3.167267516255378723e-02
1.568001112900674343e-03
0.000000000000000000e+00
5.515637621283531189e-02
2.010348141193389893e-01
8.673359639942646027e-03
0.000000000000000000e+00
7.344046980142593384e-02
1.246911734342575073e-01
8.198161125183105469e-01
2.495890140533447266e+00
4.396841302514076233e-02
1.410793699324131012e-02
9.869832992553710938e-01
1.405455404892563820e-03
1.492252349853515625e-01
0.000000000000000000e+00
3.544419705867767334e-01
1.441859960556030273e+00
2.174621820449829102e-01
1.255655407905578613e+00
9.141170419752597809e-03
8.970537781715393066e-01
1.758783012628555298e-01
3.077375590801239014e-01
0.000000000000000000e+00
6.777570843696594238e-01
2.202217102050781250e+00
2.005481161177158356e-02
0.000000000000000000e+00
2.139868974685668945e+00
1.309347301721572876e-01
9.450127482414245605e-01
7.078764028847217560e-03
1.075961887836456299e-01
4.449049532413482666e-01
0.000000000000000000e+00
4.420569419860839844e+00
5.505178123712539673e-02
1.206445455551147461e+00
9.411997795104980469e-01
1.592489123344421387e+00
0.000000000000000000e+00
1.968213438987731934e+00
0.000000000000000000e+00
3.825455531477928162e-02
1.322308368980884552e-02
1.027447916567325592e-02
8.526389300823211670e-02
2.378899604082107544e-01
3.698499128222465515e-02
5.853332579135894775e-02
9.844744578003883362e-03
6.124057769775390625e-01
9.239772558212280273e-01
0.000000000000000000e+00
9.511326253414154053e-02
2.786374390125274658e-01
1.752548813819885254e+00
0.000000000000000000e+00
1.275676535442471504e-03
0.000000000000000000e+00
2.696763491258025169e-03
5.494053363800048828e-01
1.994432091712951660e+00
3.428266346454620361e-01
1.956738829612731934e+00
0.000000000000000000e+00
3.598371446132659912e-01
1.143765985034406185e-03
3.848704043775796890e-03
0.000000000000000000e+00
0.000000000000000000e+00
9.805334210395812988e-01
1.589423775672912598e+00
3.789852559566497803e-02
2.551688909530639648e+00
0.000000000000000000e+00
1.487441658973693848e+00
0.000000000000000000e+00
1.489241123199462891e-01
6.189076229929924011e-03
1.516044139862060547e+00
2.200408428907394409e-01
0.000000000000000000e+00
3.829657137393951416e-01
4.816123843193054199e-01
1.109507232904434204e-01
1.564071178436279297e+00
3.581636771559715271e-02
4.338436201214790344e-02
4.327445328235626221e-01
4.885268956422805786e-02
6.184014081954956055e-01
2.281344085931777954e-01
1.028302032500505447e-02
1.465922594070434570e-01
8.215808272361755371e-01
1.678856372833251953e+00
0.000000000000000000e+00
5.643520355224609375e-01
8.436437696218490601e-02
5.043620243668556213e-02
5.595349147915840149e-02
6.021285653114318848e-01
6.816320419311523438e-01
0.000000000000000000e+00
3.201870918273925781e-01
1.114102602005004883e+00
1.169789768755435944e-02
6.612362712621688843e-02
9.266327619552612305e-01
4.781255722045898438e-01
0.000000000000000000e+00
1.433303654193878174e-01
2.894985437393188477e+00
3.723105788230895996e-01
9.647660255432128906e-01
6.779838204383850098e-01
2.301489353179931641e+00
3.346915006637573242e+00
5.908496379852294922e-01
2.970589101314544678e-01
5.661282539367675781e-01
0.000000000000000000e+00
1.554346457123756409e-02
