7.081523537635803223e-01
0.000000000000000000e+00
9.204752445220947266e-01
6.807922720909118652e-01
1.403265446424484253e-01
2.767539322376251221e-01
6.821545958518981934e-01
3.457163810729980469e+00
5.282132625579833984e+00
5.125180482864379883e-01
0.000000000000000000e+00
1.876765966415405273e+00
4.022817593067884445e-03
1.110206961631774902e+00
1.690918564796447754e+00
7.723925709724426270e-01
3.783414065837860107e-01
5.562515258789062500e-01
1.413715332746505737e-01
0.000000000000000000e+00
1.718713164329528809e+00
0.000000000000000000e+00
1.608067750930786133e-02
1.718391895294189453e+00
1.137906536459922791e-01
0.000000000000000000e+00
0.000000000000000000e+00
1.487668871879577637e+00
2.985791563987731934e-01
7.964244484901428223e-02
0.000000000000000000e+00
0.000000000000000000e+00
1.142196133732795715e-01
1.078916192054748535e+00
3.957978449761867523e-03
1.329483628273010254e+00
4.199618101119995117e-01
6.164995431900024414e-01
5.881506800651550293e-01
1.686415672302246094e-01
2.019806057214736938e-01
2.687190175056457520e-01
2.088108301162719727e+00
4.732558727264404297e+00
6.034003496170043945e-01
9.115548133850097656e-01
5.909997597336769104e-02
6.328704953193664551e-01
2.475494742393493652e-01
6.474916934967041016e-01
3.168387174606323242e+00
0.000000000000000000e+00
1.291961073875427246e+00
3.170268237590789795e-02
1.562778472900390625e+00
3.899069726467132568e-01
1.392871141433715820e+00
7.141771167516708374e-02
2.513010025024414062e+00
5.968178510665893555e-01
1.684667356312274933e-02
7.450684905052185059e-02
5.678324699401855469e-01
4.574972689151763916e-01
4.084433913230895996e-01
6.369536519050598145e-01
6.410776376724243164e-01
7.458873093128204346e-02
8.512558341026306152e-01
1.067927956581115723e+00
0.000000000000000000e+00
2.630494721233844757e-02
1.491377204656600952e-01
8.460314869880676270e-01
3.162906169891357422e-01
1.468845129013061523e+00
4.093824420124292374e-03
1.099252223968505859e+00
5.386613011360168457e-01
5.695052742958068848e-01
2.572369277477264404e-01
8.567075133323669434e-01
2.202443361282348633e+00
2.596576511859893799e-01
7.792711853981018066e-01
4.510625600814819336e-01
1.430886507034301758e+00
8.070982098579406738e-01
8.843294978141784668e-01
1.137018203735351562e-01
0.000000000000000000e+00
1.692230850458145142e-01
7.044444978237152100e-02
6.205154117196798325e-03
2.284404277801513672e+00
1.256196856498718262e+00
3.053527474403381348e-01
3.036179542541503906e+00
1.258939951658248901e-01
1.283478587865829468e-01
3.777697216719388962e-03
9.608819335699081421e-02
0.000000000000000000e+00
1.592026352882385254e+00
1.563306808471679688e+00
2.737535238265991211e-01
1.670236825942993164e+00
3.079871237277984619e-01
1.069826722145080566e+00
2.743881642818450928e-01
1.130972504615783691e+00
0.000000000000000000e+00
6.046751514077186584e-02
3.373416662216186523e-01
6.246213316917419434e-01
9.341806173324584961e-02
1.244143843650817871e-01
3.596793115139007568e-01
1.008178710937500000e+00
3.963662147521972656e+00
1.407148957252502441e+00
2.772241085767745972e-02
7.124742120504379272e-02
1.825123548507690430e+00
1.944674134254455566e+00
1.121024966239929199e+00
0.000000000000000000e+00
1.535286009311676025e-01
1.555513262748718262e+00
0.000000000000000000e+00
0.000000000000000000e+00
4.486277997493743896e-01
2.316988445818424225e-02
1.262659132480621338e-01
2.475642263889312744e-01
1.159451343119144440e-02
7.381449937820434570e-01
4.296195507049560547e+00
0.000000000000000000e+00
4.574859738349914551e-01
6.562935560941696167e-02
6.296130269765853882e-02
1.649913072586059570e+00
0.000000000000000000e+00
0.000000000000000000e+00
7.292559742927551270e-01
9.209672212600708008e-01
1.301869153976440430e+00
7.861685752868652344e-02
8.461312651634216309e-01
3.620251655578613281e+00
3.153082430362701416e-01
1.250135898590087891e-01
3.044953942298889160e-01
1.479323744773864746e+00
4.513473510742187500e-01
1.114979535341262817e-01
5.078171566128730774e-02
9.362018704414367676e-01
7.243737578392028809e-02
9.222651831805706024e-03
6.019123792648315430e-01
1.435707211494445801e+00
0.000000000000000000e+00
1.052098751068115234e+00
3.249473571777343750e-01
0.000000000000000000e+00
0.000000000000000000e+00
6.164021492004394531e-01
1.270299196243286133e+00
2.747142314910888672e-01
1.286463439464569092e-01
2.885266542434692383e-01
4.368067383766174316e-01
5.941033363342285156e-01
6.309281826019287109e+00
5.495426058769226074e-02
0.000000000000000000e+00
9.367501363158226013e-03
3.414052724838256836e-01
8.927604556083679199e-02
5.243718028068542480e-01
5.283219218254089355e-01
2.610661268234252930e+00
3.340997397899627686e-01
0.000000000000000000e+00
1.613836288452148438e-01
1.428669929504394531e+00
0.000000000000000000e+00
1.215527672320604324e-02
0.000000000000000000e+00
1.126624867320060730e-01
2.393223047256469727e+00
1.528027296066284180e+00
1.865707933902740479e-01
7.759354114532470703e-01
3.104774951934814453e-01
3.936268389225006104e-01
4.178115725517272949e-01
7.844693660736083984e-01
9.475995302200317383e-01
1.115738674998283386e-01
1.581179201602935791e-01
1.416833251714706421e-01
3.113483488559722900e-01
0.000000000000000000e+00
1.447763144969940186e-01
2.637173794209957123e-02
2.208567410707473755e-01
9.330549240112304688e-01
1.028109192848205566e-01
4.434513449668884277e-01
7.438088953495025635e-02
5.290133357048034668e-01
7.363195419311523438e-01
8.227641582489013672e-01
3.173408508300781250e-01
7.183859348297119141e-01
1.975532293319702148e+00
1.031090378761291504e+00
4.923772811889648438e-02
7.059278339147567749e-02
2.810521423816680908e-01
3.319042026996612549e-01
3.533633053302764893e-01
0.000000000000000000e+00
9.171366095542907715e-01
5.597486495971679688e-01
2.467364631593227386e-02
3.633984178304672241e-02
3.979065418243408203e-01
8.364862948656082153e-02
1.653625488281250000e+00
8.504155278205871582e-01
1.139642596244812012e+00
6.457422971725463867e-01
1.858847498893737793e+00
8.929031491279602051e-01
0.000000000000000000e+00
9.054554104804992676e-01
2.362427562475204468e-01
1.390052139759063721e-01
3.665103316307067871e-01
3.477452993392944336e+00
9.910401701927185059e-01
2.556650713086128235e-02
3.121490776538848877e-01
9.230150608345866203e-04
2.795946598052978516e+00
7.725978493690490723e-01
8.680964708328247070e-01
5.429010391235351562e-01
0.000000000000000000e+00
4.763102233409881592e-01
7.006519436836242676e-01
3.880397975444793701e-01
0.000000000000000000e+00
4.881510976701974869e-03
4.602998197078704834e-01
1.465522646903991699e-01
3.442086875438690186e-01
9.566797316074371338e-02
1.972884684801101685e-01
4.279146902263164520e-03
0.000000000000000000e+00
0.000000000000000000e+00
6.552333831787109375e-01
3.326897919178009033e-01
8.865868300199508667e-02
4.095619544386863708e-02
6.292937994003295898e-01
4.536293074488639832e-02
1.711509704589843750e+00
8.829011768102645874e-02
5.103505849838256836e-01
2.474295347929000854e-01
7.658632993698120117e-01
4.670074880123138428e-01
4.475661218166351318e-01
3.972492739558219910e-02
1.862813532352447510e-01
7.658415436744689941e-01
3.440163657069206238e-02
1.392423808574676514e-01
2.540372684597969055e-02
1.299945235252380371e+00
1.141311049461364746e+00
8.330155164003372192e-02
4.366166889667510986e-01
2.593576442450284958e-03
9.254474043846130371e-01
1.641828894615173340e+00
1.099006533622741699e+00
2.380338311195373535e-01
3.966473937034606934e-01
6.356008350849151611e-02
2.943126484751701355e-02
7.631603628396987915e-03
1.471663564443588257e-01
4.971729278564453125e+00
1.028717994689941406e+00
5.430038571357727051e-01
1.669931113719940186e-01
0.000000000000000000e+00
3.911184370517730713e-01
6.651508063077926636e-02
4.275640472769737244e-02
0.000000000000000000e+00
9.914459288120269775e-02
6.408867835998535156e-01
6.851711776107549667e-03
5.498778820037841797e-01
5.513317510485649109e-02
8.761178255081176758e-01
6.648951768875122070e-02
6.977367401123046875e-01
2.083520032465457916e-02
7.381244301795959473e-01
3.971581161022186279e-01
0.000000000000000000e+00
2.225075721740722656e+00
0.000000000000000000e+00
0.000000000000000000e+00
3.569169938564300537e-01
5.778926610946655273e-02
1.245492100715637207e+00
1.000620603561401367e+00
2.320126071572303772e-02
3.489719331264495850e-01
2.122477442026138306e-01
1.696129183983430266e-04
0.000000000000000000e+00
2.200275193899869919e-03
1.069599837064743042e-01
1.367331296205520630e-02
1.266627907752990723e+00
1.913858771324157715e+00
1.393715381622314453e+00
7.505834102630615234e-01
4.078816771507263184e-01
0.000000000000000000e+00
1.479016244411468506e-02
9.372539520263671875e-01
2.755630314350128174e-01
1.082310438156127930e+00
1.229944601655006409e-01
8.432520180940628052e-02
4.189756885170936584e-02
7.362955063581466675e-02
0.000000000000000000e+00
2.302209138870239258e-01
8.891284465789794922e-01
1.650495640933513641e-02
2.469149418175220490e-02
5.455392599105834961e-02
8.858572244644165039e-01
2.594892401248216629e-03
3.181578814983367920e-01
6.593755632638931274e-02
2.159892022609710693e-02
7.159259915351867676e-01
0.000000000000000000e+00
9.777976870536804199e-01
1.437992751598358154e-01
1.811106443405151367e+00
4.493827819824218750e-01
6.140243411064147949e-01
1.465113282203674316e+00
1.354864597320556641e+00
3.613176941871643066e-02
2.936763465404510498e-01
8.416105508804321289e-01
2.389846444129943848e-01
2.103237509727478027e-01
3.142423033714294434e-01
8.796004112809896469e-04
1.745285242795944214e-01
5.582916364073753357e-02
3.480445146560668945e-01
5.405601263046264648e-01
1.546940505504608154e-01
2.589750051498413086e+00
1.873068451881408691e+00
8.232944011688232422e-01
2.749586477875709534e-02
9.492544531822204590e-01
9.483862668275833130e-03
0.000000000000000000e+00
0.000000000000000000e+00
1.621339917182922363e-01
1.620517373085021973e-01
1.266294566448777914e-05
1.079718396067619324e-02
9.596210718154907227e-02
5.756506323814392090e-01
3.317624330520629883e-01
2.201178789138793945e+00
2.076210081577301025e-02
2.271540928632020950e-03
1.387956500053405762e+00
1.168829277157783508e-01
2.205127030611038208e-01
1.210219971835613251e-02
7.368149757385253906e-01
1.153021693229675293e+00
3.680826127529144287e-01
1.308365464210510254e+00
0.000000000000000000e+00
1.102924227714538574e+00
4.846247434616088867e-01
2.215044647455215454e-01
8.378459513187408447e-02
2.972286343574523926e-01
1.553135871887207031e+00
2.364071756601333618e-01
4.471488296985626221e-01
9.887477159500122070e-01
3.733299672603607178e-01
7.509087324142456055e-01
2.529572928324341774e-03
0.000000000000000000e+00
9.311491996049880981e-02
0.000000000000000000e+00
4.928472995758056641e+00
2.932092547416687012e-01
8.094015121459960938e-01
9.744653105735778809e-01
9.408307075500488281e-01
1.055718511343002319e-01
8.497268557548522949e-01
1.272040903568267822e-01
2.167873680591583252e-01
4.626896977424621582e-02
1.119677573442459106e-01
1.347978971898555756e-02
6.170963644981384277e-01
4.255855921655893326e-03
0.000000000000000000e+00
4.350028175394982100e-04
4.536722898483276367e-01
1.011303901672363281e+00
0.000000000000000000e+00
1.232688054442405701e-01
1.192310810089111328e+00
1.595956206321716309e+00
0.000000000000000000e+00
1.183354109525680542e-02
2.650723159313201904e-01
4.353348314762115479e-01
4.290159940719604492e-01
1.382470965385437012e+00
1.234857797622680664e+00
8.073441386222839355e-01
0.000000000000000000e+00
4.254884123802185059e-01
0.000000000000000000e+00
7.821615785360336304e-03
0.000000000000000000e+00
3.688123251777142286e-05
2.504663228988647461e+00
2.160656929016113281e+00
1.474779546260833740e-01
1.240914344787597656e+00
1.931154110934585333e-04
6.998561024665832520e-01
1.961608976125717163e-02
5.268519520759582520e-01
1.714044660329818726e-01
1.279062867164611816e+00
3.238142728805541992e-01
5.893730372190475464e-02
6.435909867286682129e-01
2.699895203113555908e-01
5.279480479657649994e-03
1.689156889915466309e+00
2.358565777540206909e-01
1.443354487419128418e-01
4.115415215492248535e-01
1.368686323985457420e-03
7.630917429924011230e-02
2.858320176601409912e-01
0.000000000000000000e+00
2.447454482316970825e-01
1.375757575035095215e+00
7.705414295196533203e-01
1.719781314022839069e-03
3.959144055843353271e-01
3.410090804100036621e-01
1.925008893013000488e-01
5.166052281856536865e-02
1.232428401708602905e-01
6.842933595180511475e-02
3.422706853598356247e-03
5.087419748306274414e-01
1.063589692115783691e+00
0.000000000000000000e+00
3.163045272231101990e-02
6.689078807830810547e-01
1.091488480567932129e+00
7.056926842778921127e-03
1.210899092257022858e-02
2.353168010711669922e+00
1.138154417276382446e-01
4.346539676189422607e-01
2.741340398788452148e-01
1.792932271957397461e+00
2.977487564086914062e+00
1.274411678314208984e+00
3.758237659931182861e-01
1.473735809326171875e+00
0.000000000000000000e+00
1.206363178789615631e-02
