1.976677179336547852e-01
0.000000000000000000e+00
6.360941529273986816e-01
2.166541337966918945e+00
5.423414707183837891e-01
5.911215543746948242e-01
1.552417635917663574e+00
2.908921718597412109e+00
6.847681045532226562e+00
1.302304744720458984e+00
6.896745413541793823e-02
1.658769249916076660e+00
7.944165915250778198e-02
1.188306927680969238e+00
2.146132469177246094e+00
1.441059112548828125e+00
7.846937179565429688e-01
6.687348484992980957e-01
6.116575002670288086e-02
7.114417105913162231e-02
1.053121447563171387e+00
0.000000000000000000e+00
5.450569987297058105e-01
2.733197927474975586e+00
3.553121583536267281e-03
2.644664794206619263e-02
0.000000000000000000e+00
1.540947079658508301e+00
4.428135156631469727e-01
3.883703947067260742e-01
0.000000000000000000e+00
1.759571395814418793e-02
6.076591014862060547e-01
6.447964906692504883e-01
1.022960543632507324e+00
2.981630802154541016e+00
1.252174973487854004e-01
1.659184247255325317e-01
2.324163466691970825e-01
3.600672483444213867e-01
5.002692341804504395e-02
2.741704583168029785e-01
1.452015638351440430e+00
5.196761131286621094e+00
9.193093180656433105e-01
1.894511222839355469e+00
2.417919337749481201e-01
9.154000878334045410e-01
1.671515852212905884e-01
1.059078097343444824e+00
4.430745124816894531e+00
0.000000000000000000e+00
1.932397961616516113e+00
5.498152598738670349e-02
1.235619306564331055e+00
5.980846285820007324e-01
8.458229303359985352e-01
1.836878061294555664e-01
3.493214368820190430e+00
1.154636442661285400e-01
3.654025029391050339e-03
1.084448620676994324e-01
1.772108376026153564e-01
4.320482015609741211e-01
6.254622340202331543e-01
9.580920338630676270e-01
4.294949173927307129e-01
3.804513514041900635e-01
6.314239501953125000e-01
1.279814124107360840e+00
0.000000000000000000e+00
4.194242507219314575e-02
2.666344344615936279e-01
1.287846922874450684e+00
2.482346296310424805e-01
7.762298583984375000e-01
9.430999867618083954e-03
1.666599631309509277e+00
1.890171766281127930e-01
7.377728819847106934e-01
1.938784271478652954e-01
1.042575478553771973e+00
2.670037031173706055e+00
1.225087344646453857e-01
1.599424004554748535e+00
2.154320329427719116e-01
1.690790414810180664e+00
3.206113576889038086e-01
8.210939764976501465e-01
1.200148463249206543e-02
7.493532449007034302e-02
0.000000000000000000e+00
1.054868176579475403e-01
0.000000000000000000e+00
1.667328119277954102e+00
7.705986499786376953e-01
3.823980391025543213e-01
2.361598014831542969e+00
1.722186356782913208e-01
1.044001951813697815e-01
0.000000000000000000e+00
0.000000000000000000e+00
5.900424346327781677e-02
3.507386445999145508e+00
1.141967773437500000e+00
2.084203809499740601e-01
1.135855197906494141e+00
6.323889493942260742e-01
5.346135497093200684e-01
1.416222453117370605e-01
1.989900946617126465e+00
1.359752863645553589e-01
5.499614402651786804e-02
1.726662367582321167e-01
1.142510890960693359e+00
6.621047109365463257e-02
3.022391200065612793e-01
1.278293490409851074e+00
1.546686887741088867e+00
2.201547622680664062e+00
2.361524105072021484e-01
2.032058984041213989e-01
1.639908105134963989e-01
1.395094513893127441e+00
7.906199693679809570e-01
1.144393444061279297e+00
0.000000000000000000e+00
3.828151524066925049e-01
1.965674042701721191e+00
1.652815565466880798e-02
4.743729531764984131e-02
1.441578119993209839e-01
1.671759635210037231e-01
3.408708423376083374e-02
9.709600359201431274e-02
1.036258190870285034e-01
3.048226833343505859e-01
4.753127098083496094e+00
0.000000000000000000e+00
3.315406292676925659e-02
9.905540198087692261e-02
9.204967021942138672e-01
2.196038246154785156e+00
0.000000000000000000e+00
4.026316851377487183e-02
5.065088868141174316e-01
9.641433954238891602e-01
4.822606444358825684e-01
1.585530757904052734e+00
3.322836458683013916e-01
5.511951446533203125e+00
4.908756911754608154e-01
4.250499010086059570e-01
3.262557685375213623e-01
1.514031410217285156e+00
1.552321434020996094e+00
3.486322462558746338e-01
1.740545332431793213e-01
2.125523090362548828e+00
4.985367953777313232e-01
0.000000000000000000e+00
3.845495879650115967e-01
3.533894717693328857e-01
8.490463718771934509e-03
6.939562559127807617e-01
5.130192637443542480e-01
0.000000000000000000e+00
0.000000000000000000e+00
5.002355575561523438e-01
1.663335084915161133e+00
4.524124264717102051e-01
2.504677772521972656e-01
0.000000000000000000e+00
8.070346713066101074e-01
2.932520508766174316e-01
7.920243263244628906e+00
0.000000000000000000e+00
1.441268995404243469e-02
9.259207174181938171e-03
3.388815000653266907e-02
7.819354650564491749e-04
2.701822519302368164e-01
2.571406066417694092e-01
3.811398267745971680e+00
0.000000000000000000e+00
0.000000000000000000e+00
4.399498552083969116e-02
6.029776930809020996e-01
0.000000000000000000e+00
1.218070536851882935e-01
0.000000000000000000e+00
0.000000000000000000e+00
1.535929799079895020e+00
1.307141065597534180e+00
6.299054622650146484e-01
3.164106905460357666e-01
8.945400118827819824e-01
3.612336814403533936e-01
5.073485374450683594e-01
1.261743664741516113e+00
1.344430804252624512e+00
2.211226373910903931e-01
1.579072773456573486e-01
4.045606553554534912e-01
4.668465256690979004e-01
0.000000000000000000e+00
8.172250986099243164e-01
0.000000000000000000e+00
1.726253628730773926e-01
1.340890407562255859e+00
3.461714684963226318e-01
7.604928016662597656e-01
4.511380791664123535e-01
1.107145428657531738e+00
2.925838232040405273e-01
4.866940081119537354e-01
1.081076040863990784e-01
7.393600940704345703e-01
1.811259508132934570e+00
8.873828053474426270e-01
7.473586499691009521e-02
1.776287108659744263e-01
1.097302198410034180e+00
5.129127502441406250e-01
1.005046367645263672e+00
0.000000000000000000e+00
6.590083241462707520e-01
5.261258482933044434e-01
3.879158466588705778e-04
1.288170516490936279e-01
2.973013818264007568e-01
3.048987686634063721e-01
2.804386615753173828e+00
1.335620045661926270e+00
2.304841279983520508e+00
7.450106143951416016e-01
2.878716230392456055e+00
6.587573885917663574e-01
2.130389399826526642e-02
7.456722259521484375e-01
3.015418946743011475e-01
2.049195617437362671e-01
3.881106376647949219e-01
3.359600305557250977e+00
9.311102032661437988e-01
1.430846471339464188e-02
4.553031027317047119e-01
2.506860473658889532e-04
3.681588888168334961e+00
7.796840071678161621e-01
3.804765641689300537e-01
6.426624059677124023e-01
0.000000000000000000e+00
8.302766084671020508e-01
7.935134768486022949e-01
3.396424353122711182e-01
0.000000000000000000e+00
0.000000000000000000e+00
5.929540097713470459e-02
1.675041913986206055e-01
5.591201186180114746e-01
4.534890949726104736e-01
8.965255320072174072e-02
1.489671319723129272e-01
0.000000000000000000e+00
0.000000000000000000e+00
8.783981800079345703e-01
1.010367125272750854e-01
6.673572957515716553e-02
1.321208197623491287e-02
1.615779638290405273e+00
0.000000000000000000e+00
1.116840004920959473e+00
2.101700194180011749e-02
4.240475893020629883e-01
9.242566227912902832e-01
6.443653106689453125e-01
3.779009580612182617e-01
1.237930059432983398e+00
4.092863574624061584e-02
3.770419359207153320e-01
3.884572982788085938e-01
4.967590793967247009e-02
3.439873158931732178e-01
6.224041581153869629e-01
1.535963535308837891e+00
1.675753831863403320e+00
5.923551321029663086e-02
4.135464504361152649e-02
5.562969483435153961e-03
8.356177210807800293e-01
1.308200716972351074e+00
7.587112784385681152e-01
1.063486695289611816e+00
6.500248908996582031e-01
2.042163461446762085e-01
5.016090273857116699e-01
8.475734293460845947e-02
4.671804308891296387e-01
7.713402271270751953e+00
3.098911046981811523e-01
4.585072398185729980e-02
7.367177009582519531e-01
0.000000000000000000e+00
1.273070722818374634e-01
2.129011899232864380e-01
5.808031186461448669e-02
0.000000000000000000e+00
1.188964024186134338e-01
5.914080739021301270e-01
3.759542107582092285e-01
3.181041479110717773e-01
3.999688662588596344e-03
1.149768590927124023e+00
3.126497864723205566e-01
3.185284733772277832e-01
0.000000000000000000e+00
6.819716095924377441e-01
1.335756540298461914e+00
0.000000000000000000e+00
2.265400409698486328e+00
0.000000000000000000e+00
2.379931211471557617e-01
7.111676037311553955e-02
6.589132361114025116e-03
1.093839168548583984e+00
6.096750497817993164e-01
0.000000000000000000e+00
1.136971235275268555e+00
3.487977683544158936e-01
0.000000000000000000e+00
0.000000000000000000e+00
1.405956894159317017e-01
3.976991474628448486e-01
0.000000000000000000e+00
1.083728909492492676e+00
1.744677782058715820e+00
5.257434248924255371e-01
1.406139731407165527e+00
7.862570285797119141e-01
3.717119991779327393e-01
0.000000000000000000e+00
9.473636746406555176e-02
6.196988746523857117e-02
1.239206075668334961e+00
8.357613682746887207e-01
1.499225199222564697e-01
1.624935492873191833e-02
1.252113580703735352e-01
2.119836211204528809e-01
2.244014889001846313e-01
4.688367247581481934e-01
3.205756247043609619e-01
5.160805210471153259e-02
2.936937846243381500e-03
1.272974252700805664e+00
0.000000000000000000e+00
3.120830953121185303e-01
1.353623066097497940e-02
4.627843499183654785e-01
5.885234475135803223e-01
0.000000000000000000e+00
1.034142136573791504e+00
7.013904452323913574e-01
1.525248289108276367e+00
1.235280036926269531e+00
1.246348142623901367e+00
1.665342330932617188e+00
1.964585065841674805e+00
4.296984989196062088e-03
1.715979427099227905e-01
1.540599584579467773e+00
1.341935992240905762e+00
2.419135719537734985e-01
6.015423536300659180e-01
0.000000000000000000e+00
3.314917385578155518e-01
0.000000000000000000e+00
5.860585570335388184e-01
8.125321269035339355e-01
5.494325757026672363e-01
4.110072612762451172e+00
1.873521208763122559e+00
1.693011224269866943e-01
7.117475615814328194e-04
1.365462303161621094e+00
4.942990094423294067e-02
6.960489321500062943e-03
0.000000000000000000e+00
1.352346092462539673e-01
2.581591904163360596e-01
1.360237300395965576e-01
0.000000000000000000e+00
1.375368982553482056e-01
5.477228760719299316e-01
1.156877875328063965e+00
2.525872707366943359e+00
0.000000000000000000e+00
6.265248358249664307e-02
1.405753135681152344e+00
0.000000000000000000e+00
1.057499274611473083e-02
0.000000000000000000e+00
7.768326997756958008e-02
1.167369842529296875e+00
3.064998388290405273e-01
1.433929085731506348e+00
9.243520349264144897e-02
1.092892050743103027e+00
6.311087012290954590e-01
4.941341653466224670e-02
0.000000000000000000e+00
6.272358894348144531e-01
1.836723327636718750e+00
2.329347133636474609e-01
1.239480003714561462e-01
2.652883052825927734e+00
8.047477155923843384e-02
1.378468751907348633e+00
1.043137256056070328e-02
0.000000000000000000e+00
3.750811517238616943e-01
0.000000000000000000e+00
5.169067382812500000e+00
5.740990489721298218e-02
2.242937803268432617e+00
1.668020725250244141e+00
1.344440102577209473e+00
1.917611225508153439e-03
1.103340029716491699e+00
1.217065192759037018e-02
1.114867627620697021e-01
5.032134428620338440e-02
1.187080983072519302e-03
7.624091953039169312e-02
1.010735481977462769e-01
3.190553188323974609e-02
2.531411126255989075e-03
9.925223141908645630e-02
1.068480968475341797e+00
1.733573675155639648e+00
0.000000000000000000e+00
4.079993069171905518e-01
3.193271756172180176e-01
1.661517620086669922e+00
0.000000000000000000e+00
5.432236194610595703e-02
1.629940979182720184e-02
1.261162310838699341e-01
3.468719720840454102e-01
1.491358995437622070e+00
8.522288203239440918e-01
1.720429062843322754e+00
0.000000000000000000e+00
5.273036360740661621e-01
7.757283747196197510e-02
0.000000000000000000e+00
1.107168034650385380e-03
0.000000000000000000e+00
2.385674476623535156e+00
3.439303636550903320e+00
2.123856730759143829e-02
2.655450582504272461e+00
1.752054691314697266e-02
7.731104493141174316e-01
1.030245795845985413e-01
8.092081174254417419e-03
6.153814867138862610e-02
1.678184628486633301e+00
4.650431573390960693e-01
0.000000000000000000e+00
9.294614195823669434e-01
4.555717110633850098e-02
2.747663855552673340e-01
2.624776124954223633e+00
1.056675519794225693e-02
7.618265226483345032e-03
1.105127334594726562e-01
2.062016539275646210e-02
2.689535617828369141e-01
8.054363131523132324e-01
1.642450876533985138e-02
3.187175691127777100e-01
1.931957006454467773e+00
6.919054388999938965e-01
0.000000000000000000e+00
4.118033051490783691e-01
2.491775900125503540e-01
5.337268710136413574e-01
2.068183571100234985e-02
5.625995621085166931e-02
2.737719714641571045e-01
2.287385426461696625e-02
1.439557969570159912e-01
1.815953135490417480e+00
0.000000000000000000e+00
2.998545393347740173e-02
1.466965198516845703e+00
3.855599761009216309e-01
1.566553115844726562e-02
1.822330057621002197e-03
2.661485195159912109e+00
3.903568089008331299e-01
8.869827985763549805e-01
1.740122437477111816e-01
2.087449550628662109e+00
2.906417131423950195e+00
9.725302457809448242e-01
1.777692437171936035e-01
8.310020565986633301e-01
0.000000000000000000e+00
3.249565139412879944e-03
