4.566221237182617188e-01
0.000000000000000000e+00
1.641292572021484375e-01
3.477807760238647461e+00
9.757637232542037964e-02
1.887039989233016968e-01
4.356752038002014160e-01
4.068405628204345703e+00
7.211247920989990234e+00
1.174553513526916504e+00
8.978097140789031982e-02
2.071715593338012695e+00
4.335096478462219238e-01
5.029692053794860840e-01
3.253575563430786133e+00
3.968957960605621338e-01
1.045440077781677246e+00
2.093014478683471680e+00
7.689641118049621582e-01
3.263814141973853111e-03
1.177080035209655762e+00
0.000000000000000000e+00
4.552819207310676575e-02
3.293925285339355469e+00
1.264322847127914429e-01
0.000000000000000000e+00
3.536822646856307983e-02
1.819419026374816895e+00
2.600201666355133057e-01
2.125154715031385422e-03
9.569874964654445648e-04
3.502489533275365829e-03
4.139545857906341553e-01
2.312054932117462158e-01
4.210425317287445068e-01
3.331494331359863281e+00
3.264703154563903809e-01
2.837139070034027100e-01
2.092887610197067261e-01
3.864394128322601318e-01
5.709088444709777832e-01
3.762864768505096436e-01
4.000665247440338135e-01
2.541980981826782227e+00
4.767870903015136719e-01
8.121052980422973633e-01
1.343116015195846558e-01
9.897105693817138672e-01
1.613091528415679932e-01
1.886038303375244141e+00
2.488441944122314453e+00
0.000000000000000000e+00
1.616092681884765625e+00
4.570612683892250061e-02
1.487057089805603027e+00
1.018764898180961609e-01
1.988381147384643555e-01
4.215523973107337952e-02
2.717415809631347656e+00
5.257569551467895508e-01
3.005274832248687744e-01
7.535728625953197479e-03
7.761539518833160400e-02
1.556511044502258301e+00
1.384801745414733887e+00
6.007993817329406738e-01
2.942481264472007751e-02
6.572712063789367676e-01
6.764172911643981934e-01
9.232082366943359375e-01
1.461575552821159363e-02
1.149675175547599792e-01
3.734957575798034668e-01
3.869737088680267334e-01
9.619377255439758301e-01
1.613669514656066895e+00
0.000000000000000000e+00
7.499452829360961914e-01
8.445199131965637207e-01
1.256879925727844238e+00
3.239617049694061279e-01
6.409286856651306152e-01
1.687168002128601074e+00
2.320470986887812614e-03
2.496279239654541016e+00
1.006374806165695190e-01
1.754692077636718750e+00
3.772516176104545593e-02
7.171623110771179199e-01
1.727207377552986145e-02
2.461566589772701263e-02
3.182263672351837158e-02
3.650186350569128990e-03
0.000000000000000000e+00
1.630079269409179688e+00
7.433183193206787109e-01
7.975990176200866699e-01
1.057144284248352051e+00
9.762079454958438873e-03
2.608703682199120522e-03
0.000000000000000000e+00
3.092529177665710449e-01
6.227848306298255920e-02
1.067127466201782227e+00
1.015113234519958496e+00
2.210818678140640259e-01
2.183919429779052734e+00
1.537217795848846436e-01
1.040620133280754089e-01
4.995737969875335693e-01
2.187377452850341797e+00
0.000000000000000000e+00
7.502243518829345703e-01
1.360222339630126953e+00
7.549090981483459473e-01
2.248911932110786438e-02
5.139596387743949890e-02
3.055784665048122406e-02
2.328100949525833130e-01
2.228279113769531250e+00
9.381129145622253418e-01
4.009938836097717285e-01
5.064431112259626389e-03
1.587668895721435547e+00
4.720836579799652100e-01
1.054405808448791504e+00
0.000000000000000000e+00
3.216007649898529053e-01
2.268542766571044922e+00
1.352982223033905029e-01
0.000000000000000000e+00
1.077169537544250488e+00
5.936170220375061035e-01
1.366203278303146362e-01
9.677603840827941895e-02
0.000000000000000000e+00
2.546490728855133057e-01
4.986617088317871094e+00
0.000000000000000000e+00
1.183948367834091187e-01
1.395802497863769531e-01
1.389084607362747192e-01
1.515981197357177734e+00
2.220729924738407135e-02
1.847487092018127441e-01
5.379655957221984863e-01
1.428182125091552734e+00
6.165589094161987305e-01
9.310795068740844727e-01
1.291530579328536987e-01
5.866915702819824219e+00
6.252644658088684082e-01
2.369756400585174561e-01
5.418369174003601074e-01
2.124064445495605469e+00
1.162294745445251465e+00
1.956530213356018066e-01
2.961304783821105957e-01
2.891814231872558594e+00
3.730973601341247559e-01
1.580978557467460632e-02
1.080847382545471191e+00
1.092526674270629883e+00
1.371966581791639328e-02
6.759778857231140137e-01
3.075995445251464844e-01
0.000000000000000000e+00
0.000000000000000000e+00
1.094302773475646973e+00
2.795683860778808594e+00
3.015611767768859863e-01
5.725274085998535156e-01
0.000000000000000000e+00
7.840046882629394531e-01
1.235464736819267273e-01
8.856494903564453125e+00
0.000000000000000000e+00
3.281789598986506462e-03
8.453054726123809814e-02
2.731733322143554688e-01
0.000000000000000000e+00
5.595979467034339905e-02
1.570144854485988617e-02
2.194028615951538086e+00
2.835633158683776855e-01
0.000000000000000000e+00
0.000000000000000000e+00
9.960767626762390137e-01
0.000000000000000000e+00
5.533780436962842941e-03
0.000000000000000000e+00
0.000000000000000000e+00
1.318598866462707520e+00
1.452606171369552612e-01
2.602155506610870361e-01
4.748835563659667969e-01
1.051233410835266113e+00
4.051667451858520508e-01
1.466621607542037964e-01
1.014331221580505371e+00
1.718715548515319824e+00
4.922665357589721680e-01
1.657759249210357666e-01
7.742802500724792480e-01
0.000000000000000000e+00
1.233147755265235901e-01
2.359681427478790283e-01
0.000000000000000000e+00
2.949698083102703094e-02
2.526411771774291992e+00
1.029127240180969238e-01
4.897728264331817627e-01
3.815992772579193115e-01
5.660915374755859375e-01
8.140263557434082031e-01
9.439656734466552734e-01
2.554621398448944092e-01
2.778897881507873535e-01
1.554030776023864746e+00
1.852431297302246094e+00
5.001951009035110474e-02
4.233873188495635986e-01
8.638565540313720703e-01
7.313723117113113403e-02
4.664382934570312500e-01
0.000000000000000000e+00
3.037271499633789062e-01
2.484627813100814819e-01
0.000000000000000000e+00
0.000000000000000000e+00
4.079801440238952637e-01
3.138038814067840576e-01
1.739107370376586914e+00
2.299354076385498047e+00
6.503385901451110840e-01
5.395894050598144531e-01
2.281951427459716797e+00
9.840755462646484375e-01
5.938315764069557190e-02
1.083164930343627930e+00
4.393829703330993652e-01
1.709945127367973328e-02
2.156898677349090576e-01
2.205468654632568359e+00
4.434751272201538086e-01
1.134643703699111938e-01
9.982084631919860840e-01
0.000000000000000000e+00
2.011834144592285156e+00
1.191718220710754395e+00
1.073317602276802063e-01
7.740799784660339355e-01
2.824617624282836914e-01
2.103077620267868042e-01
8.969732522964477539e-01
7.512744981795549393e-03
1.919218897819519043e-02
0.000000000000000000e+00
4.681010171771049500e-02
7.740447670221328735e-02
1.540626049041748047e+00
2.272264510393142700e-01
6.792496424168348312e-03
1.654532924294471741e-02
0.000000000000000000e+00
4.501889944076538086e-01
2.220685243606567383e+00
4.700443707406520844e-03
7.310951352119445801e-01
3.958416357636451721e-02
1.260920882225036621e+00
2.278305776417255402e-02
7.754471302032470703e-01
2.155767828226089478e-01
4.382835626602172852e-01
6.701385974884033203e-01
4.087938368320465088e-01
3.196257650852203369e-01
1.034096002578735352e+00
2.316117882728576660e-01
1.000753109110519290e-04
7.061867713928222656e-01
1.905785202980041504e-01
1.640417426824569702e-01
4.108303189277648926e-01
6.909663677215576172e-01
1.371751308441162109e+00
1.618799567222595215e-02
4.328627884387969971e-01
1.212285133078694344e-03
1.393919587135314941e+00
2.108127832412719727e+00
2.896700799465179443e-01
4.137711599469184875e-02
2.853396907448768616e-02
1.448502093553543091e-01
2.698310017585754395e-01
3.320172429084777832e-01
1.954208016395568848e+00
4.819892406463623047e+00
6.379660964012145996e-01
3.445222079753875732e-01
2.031921446323394775e-01
1.035645753145217896e-01
0.000000000000000000e+00
8.873416483402252197e-02
1.001343131065368652e-02
0.000000000000000000e+00
1.011266373097896576e-02
3.179543614387512207e-01
1.015174388885498047e+00
2.965823933482170105e-02
2.971792593598365784e-02
1.163727760314941406e+00
1.152406856417655945e-01
6.128127574920654297e-01
0.000000000000000000e+00
1.238955631852149963e-01
8.376564383506774902e-01
2.435810677707195282e-02
1.760046839714050293e+00
0.000000000000000000e+00
1.032874267548322678e-02
9.714543074369430542e-02
1.469560712575912476e-01
6.175634264945983887e-01
7.099851220846176147e-02
0.000000000000000000e+00
7.701579332351684570e-01
1.021455526351928711e+00
0.000000000000000000e+00
6.683849496766924858e-04
2.003402113914489746e-01
1.802711561322212219e-02
2.252645790576934814e-01
3.974905610084533691e-01
1.439373016357421875e+00
1.551145762205123901e-01
1.001093745231628418e+00
7.425665259361267090e-01
0.000000000000000000e+00
9.280752390623092651e-03
8.610458672046661377e-02
9.650409221649169922e-02
1.046020388603210449e+00
1.152644991874694824e+00
5.510919913649559021e-02
0.000000000000000000e+00
2.557533979415893555e-01
4.196817278861999512e-01
5.515029430389404297e-01
1.234149098396301270e+00
1.447151154279708862e-01
3.572159260511398315e-02
1.792710833251476288e-02
1.146494030952453613e+00
0.000000000000000000e+00
1.028206050395965576e-01
0.000000000000000000e+00
4.012353122234344482e-01
4.289738237857818604e-01
2.232766747474670410e-01
4.343817830085754395e-01
4.249361753463745117e-01
8.847446441650390625e-01
8.033370971679687500e-01
4.931445121765136719e-01
1.388072967529296875e+00
2.454945802688598633e+00
0.000000000000000000e+00
5.819122195243835449e-01
1.454121112823486328e+00
1.548551768064498901e-01
6.615649461746215820e-01
4.324553608894348145e-01
1.801859028637409210e-02
1.366780046373605728e-02
1.367005333304405212e-02
2.178637981414794922e-01
7.354014515876770020e-01
4.355807788670063019e-03
3.351052999496459961e+00
2.861377000808715820e+00
7.708339691162109375e-01
0.000000000000000000e+00
6.848798990249633789e-01
1.782600954174995422e-02
0.000000000000000000e+00
0.000000000000000000e+00
0.000000000000000000e+00
2.196360528469085693e-01
0.000000000000000000e+00
0.000000000000000000e+00
4.588248580694198608e-02
8.797777444124221802e-02
4.717463552951812744e-01
1.900791645050048828e+00
1.914208084344863892e-01
1.188497152179479599e-02
1.736402869224548340e+00
5.806807428598403931e-02
1.215413093566894531e+00
0.000000000000000000e+00
1.877835243940353394e-01
1.213971257209777832e+00
1.403662264347076416e-01
1.120311141014099121e+00
2.024565637111663818e-01
1.673754930496215820e+00
2.378729879856109619e-01
1.750940382480621338e-01
4.877592436969280243e-04
1.169341683387756348e+00
1.313209056854248047e+00
8.958039432764053345e-02
9.087257832288742065e-02
3.143957614898681641e+00
2.814247086644172668e-02
1.004140973091125488e-01
6.578619033098220825e-02
3.232923448085784912e-01
1.958028227090835571e-01
0.000000000000000000e+00
2.294417381286621094e+00
1.040185689926147461e+00
4.554590284824371338e-01
9.173442125320434570e-01
1.548046588897705078e+00
0.000000000000000000e+00
1.862403869628906250e+00
8.154743351042270660e-03
4.180104285478591919e-02
7.169670611619949341e-02
0.000000000000000000e+00
0.000000000000000000e+00
1.571845076978206635e-02
6.688578724861145020e-01
1.395612489432096481e-03
3.431276977062225342e-02
3.009337782859802246e-01
2.242286205291748047e+00
0.000000000000000000e+00
1.922995895147323608e-01
2.284270077943801880e-01
9.629735350608825684e-01
1.400016527622938156e-02
1.174358651041984558e-03
1.752333366312086582e-03
5.244929194450378418e-01
1.582844614982604980e+00
2.533023655414581299e-01
7.940888404846191406e-02
1.813637495040893555e+00
0.000000000000000000e+00
1.046952843666076660e+00
1.778966188430786133e-01
4.497387111186981201e-01
1.299685090780258179e-01
0.000000000000000000e+00
1.913860797882080078e+00
1.558508396148681641e+00
4.429265856742858887e-01
2.508413553237915039e+00
1.776854321360588074e-02
1.209558010101318359e+00
0.000000000000000000e+00
4.401561245322227478e-02
3.032405674457550049e-01
9.821971058845520020e-01
9.185509085655212402e-01
0.000000000000000000e+00
6.449982523918151855e-01
2.929575741291046143e-01
3.254829719662666321e-02
3.013608932495117188e+00
3.975735902786254883e-01
1.477408129721879959e-02
3.920046985149383545e-01
8.143148571252822876e-02
8.882184624671936035e-01
2.997295558452606201e-01
0.000000000000000000e+00
8.901557326316833496e-02
1.572957515716552734e+00
1.261366486549377441e+00
1.683555659838020802e-03
3.808710575103759766e-01
0.000000000000000000e+00
1.826923847198486328e+00
1.388392001390457153e-01
2.183246016502380371e-01
6.639461517333984375e-01
0.000000000000000000e+00
8.367717266082763672e-01
5.063287019729614258e-01
4.349653422832489014e-02
5.746703222393989563e-02
1.775876402854919434e+00
7.528002560138702393e-02
7.710005622357130051e-03
3.240683078765869141e-01
1.508551955223083496e+00
1.062716469168663025e-01
7.054604887962341309e-01
9.962507486343383789e-01
1.904820322990417480e+00
2.008664846420288086e+00
1.060223817825317383e+00
2.624876052141189575e-02
9.338914155960083008e-01
0.000000000000000000e+00
0.000000000000000000e+00
