5.006277188658714294e-02
1.411878783255815506e-02
9.869495034217834473e-01
3.156562566757202148e+00
2.615545094013214111e-01
1.329700648784637451e-01
9.313334822654724121e-01
3.153514623641967773e+00
5.678598880767822266e+00
3.908833861351013184e-01
1.734413020312786102e-02
1.335021018981933594e+00
3.121414221823215485e-03
1.322321176528930664e+00
1.739716529846191406e+00
1.107907652854919434e+00
3.479880094528198242e-01
8.162275552749633789e-01
2.553271353244781494e-01
2.318842802196741104e-03
9.331822395324707031e-01
1.565784588456153870e-02
5.467287898063659668e-01
2.900517702102661133e+00
1.309102028608322144e-01
0.000000000000000000e+00
0.000000000000000000e+00
1.273797035217285156e+00
3.902642428874969482e-01
1.637335121631622314e-01
1.089203078299760818e-02
5.165666341781616211e-03
6.777126807719469070e-03
9.409686923027038574e-01
1.455976963043212891e-01
8.359737396240234375e-01
4.244119524955749512e-01
1.015475869178771973e+00
5.958626046776771545e-02
1.364396214485168457e-01
1.043572183698415756e-02
2.913119830191135406e-02
3.013121843338012695e+00
4.272361278533935547e+00
2.353718578815460205e-01
1.179429650306701660e+00
2.394314408302307129e-01
5.487894415855407715e-01
0.000000000000000000e+00
1.000607371330261230e+00
3.073047876358032227e+00
0.000000000000000000e+00
1.020104408264160156e+00
6.753840949386358261e-03
1.133240342140197754e+00
9.277321696281433105e-01
4.328355491161346436e-01
1.754380203783512115e-02
3.468446731567382812e+00
2.115987241268157959e-01
1.248178482055664062e-01
3.270854353904724121e-01
4.954462945461273193e-01
1.500515341758728027e-01
9.397888779640197754e-01
5.477315187454223633e-01
1.109928011894226074e+00
2.137347757816314697e-01
6.254222393035888672e-01
1.210582017898559570e+00
0.000000000000000000e+00
3.523720055818557739e-02
3.201905786991119385e-01
9.099736213684082031e-01
2.895073890686035156e-01
1.138880372047424316e+00
0.000000000000000000e+00
1.278468370437622070e+00
8.576712012290954590e-01
2.726974189281463623e-01
4.798772931098937988e-01
1.275415062904357910e+00
2.298920154571533203e+00
1.009239181876182556e-01
6.895211338996887207e-01
3.438664972782135010e-01
1.760681390762329102e+00
8.592603206634521484e-01
7.694599032402038574e-01
1.381976902484893799e-01
4.439440369606018066e-02
1.652536988258361816e-01
1.568140536546707153e-01
0.000000000000000000e+00
2.697144985198974609e+00
7.549389004707336426e-01
6.918332725763320923e-02
2.049795389175415039e+00
9.809681028127670288e-02
3.598290085792541504e-01
0.000000000000000000e+00
8.569249510765075684e-02
0.000000000000000000e+00
2.137335777282714844e+00
1.731849431991577148e+00
3.646626323461532593e-02
1.326575160026550293e+00
4.988121092319488525e-01
3.504533767700195312e-01
4.177318140864372253e-02
9.052997231483459473e-01
2.756088674068450928e-01
5.617447569966316223e-02
5.495665967464447021e-02
7.703744173049926758e-01
1.780984848737716675e-01
3.957610577344894409e-02
7.339960336685180664e-01
7.043005228042602539e-01
2.689229726791381836e+00
1.269048452377319336e+00
4.651215672492980957e-02
9.647392481565475464e-02
1.776642322540283203e+00
1.779005050659179688e+00
4.352215528488159180e-01
0.000000000000000000e+00
1.541121900081634521e-01
1.689245700836181641e+00
5.529593303799629211e-02
1.733987778425216675e-01
2.198205143213272095e-02
1.718147546052932739e-01
6.004489958286285400e-02
5.623862743377685547e-01
5.703189224004745483e-02
1.271515488624572754e+00
5.102337360382080078e+00
0.000000000000000000e+00
2.805286459624767303e-02
8.666978031396865845e-02
4.273784905672073364e-02
1.389911532402038574e+00
0.000000000000000000e+00
1.470776554197072983e-02
3.122504651546478271e-01
6.701667308807373047e-01
9.030872583389282227e-01
7.698891758918762207e-01
3.491522669792175293e-01
3.251175880432128906e+00
3.771113455295562744e-01
6.434257626533508301e-01
1.173762008547782898e-01
6.248282790184020996e-01
8.578682541847229004e-01
7.186900377273559570e-01
5.515374541282653809e-01
1.105194687843322754e+00
1.648736447095870972e-01
2.818639278411865234e-01
6.521490812301635742e-01
4.775058031082153320e-01
3.059806860983371735e-02
5.357540845870971680e-01
2.005874365568161011e-01
0.000000000000000000e+00
0.000000000000000000e+00
4.605761170387268066e-01
7.947195768356323242e-01
1.761430948972702026e-01
2.857823967933654785e-01
6.664647720754146576e-03
3.643518090248107910e-01
4.734633862972259521e-01
6.476375102996826172e+00
2.769533097743988037e-01
6.686228327453136444e-03
4.445263743400573730e-02
2.191576361656188965e-01
7.966421544551849365e-03
4.560426175594329834e-01
4.986417293548583984e-02
2.937473058700561523e+00
1.252324972301721573e-02
0.000000000000000000e+00
4.319582134485244751e-02
4.726523458957672119e-01
0.000000000000000000e+00
9.374082833528518677e-02
0.000000000000000000e+00
3.822735324501991272e-02
2.062340497970581055e+00
8.287171721458435059e-01
2.390404641628265381e-01
5.993158817291259766e-01
3.343259096145629883e-01
4.097853302955627441e-01
3.500927388668060303e-01
5.389738678932189941e-01
1.258518934249877930e+00
1.078249067068099976e-01
1.050081402063369751e-01
6.965184211730957031e-01
1.540977973490953445e-02
0.000000000000000000e+00
8.463416695594787598e-01
2.431649528443813324e-02
7.360448241233825684e-01
8.577065467834472656e-01
1.795198321342468262e-01
8.093645572662353516e-01
6.447607278823852539e-02
8.056378960609436035e-01
7.257465124130249023e-01
4.602795839309692383e-01
1.540382951498031616e-01
1.104298949241638184e+00
1.515322923660278320e+00
4.251218736171722412e-01
6.447354704141616821e-02
5.256628245115280151e-02
4.358894526958465576e-01
4.447650313377380371e-01
9.188431501388549805e-01
0.000000000000000000e+00
7.381722331047058105e-01
8.425126075744628906e-01
0.000000000000000000e+00
2.252534329891204834e-01
4.833897948265075684e-01
4.499384462833404541e-01
1.806520700454711914e+00
5.821211338043212891e-01
1.662975668907165527e+00
3.210439085960388184e-01
1.654273152351379395e+00
1.082339763641357422e+00
0.000000000000000000e+00
2.032646417617797852e+00
5.645294785499572754e-01
1.198763847351074219e-01
7.743388414382934570e-01
3.127791166305541992e+00
1.384075164794921875e+00
2.131814509630203247e-02
7.206205725669860840e-01
0.000000000000000000e+00
2.521955728530883789e+00
6.349477916955947876e-02
1.828931808471679688e+00
9.973824024200439453e-01
0.000000000000000000e+00
1.182653903961181641e+00
1.491233587265014648e+00
2.992096543312072754e-01
5.265911575406789780e-03
0.000000000000000000e+00
3.257532119750976562e-01
1.789180785417556763e-01
1.094318151473999023e+00
4.785095900297164917e-02
3.903378918766975403e-02
5.498268082737922668e-02
4.486982524394989014e-02
4.944191896356642246e-04
3.873107731342315674e-01
4.524892196059226990e-02
1.660907864570617676e-01
6.599129438400268555e-01
7.151277065277099609e-01
2.173160761594772339e-02
1.086693286895751953e+00
5.572036653757095337e-02
3.783869743347167969e-01
6.028395295143127441e-01
8.667846322059631348e-01
5.153942704200744629e-01
6.803078651428222656e-01
1.290086954832077026e-01
2.298773080110549927e-01
6.393690109252929688e-01
4.991935938596725464e-02
3.976384550333023071e-02
4.025602936744689941e-01
8.762148618698120117e-01
6.411104798316955566e-01
1.040919944643974304e-01
3.279401361942291260e-01
1.599622331559658051e-02
4.834064841270446777e-01
3.779749870300292969e-01
7.680915594100952148e-01
4.902442097663879395e-01
7.444778680801391602e-01
2.702285069972276688e-03
1.028505712747573853e-01
3.554925322532653809e-01
2.470023483037948608e-01
5.160219669342041016e+00
8.588867187500000000e-01
6.299784779548645020e-01
5.205167531967163086e-01
0.000000000000000000e+00
1.015723049640655518e-01
3.970327228307723999e-02
5.007581040263175964e-02
0.000000000000000000e+00
2.691781707108020782e-02
3.799143433570861816e-01
3.356060683727264404e-01
1.980570554733276367e-01
2.491009086370468140e-01
5.491878390312194824e-01
1.789440363645553589e-01
1.285717248916625977e+00
0.000000000000000000e+00
6.588793396949768066e-01
3.311741948127746582e-01
0.000000000000000000e+00
1.885359168052673340e+00
1.234469702467322350e-03
0.000000000000000000e+00
4.243263900279998779e-01
0.000000000000000000e+00
7.139461040496826172e-01
6.284645795822143555e-01
0.000000000000000000e+00
4.225634932518005371e-01
2.497162669897079468e-01
0.000000000000000000e+00
0.000000000000000000e+00
3.473740071058273315e-02
3.010746240615844727e-01
3.611737117171287537e-02
1.041151523590087891e+00
1.826975584030151367e+00
1.807367682456970215e+00
8.982244729995727539e-01
1.436859965324401855e-01
3.953346237540245056e-02
0.000000000000000000e+00
5.239532589912414551e-01
1.965031921863555908e-01
1.253819227218627930e+00
1.940601021051406860e-01
8.847348392009735107e-02
9.321730583906173706e-03
1.470515727996826172e-01
2.227185666561126709e-01
6.784790661185979843e-03
1.781832575798034668e-01
0.000000000000000000e+00
2.939851768314838409e-02
0.000000000000000000e+00
8.684765100479125977e-01
0.000000000000000000e+00
2.354651391506195068e-01
7.456190884113311768e-02
1.637029051780700684e-01
1.254883527755737305e+00
1.469883322715759277e-02
8.375203609466552734e-01
4.496258199214935303e-01
1.809483408927917480e+00
4.663173556327819824e-01
9.198784232139587402e-01
1.158345222473144531e+00
1.266820430755615234e+00
2.643794193863868713e-02
2.261419594287872314e-01
9.797689318656921387e-01
1.665665954351425171e-01
1.873788088560104370e-01
9.779297113418579102e-01
1.781435916200280190e-03
2.373503595590591431e-01
0.000000000000000000e+00
7.623276710510253906e-01
1.285858511924743652e+00
2.970068752765655518e-01
3.162835597991943359e+00
2.057201147079467773e+00
3.943612277507781982e-01
5.082068499177694321e-03
1.080031514167785645e+00
5.739876627922058105e-02
2.053612470626831055e-02
0.000000000000000000e+00
1.252143383026123047e-01
1.789439171552658081e-01
0.000000000000000000e+00
0.000000000000000000e+00
3.922696784138679504e-02
9.186760187149047852e-01
3.709498643875122070e-01
2.836339235305786133e+00
6.227050349116325378e-02
1.779455840587615967e-01
8.933400511741638184e-01
1.344170421361923218e-01
2.528899312019348145e-01
0.000000000000000000e+00
5.290807485580444336e-01
1.665160775184631348e+00
3.160090148448944092e-01
7.104642987251281738e-01
0.000000000000000000e+00
1.574803352355957031e+00
7.131805419921875000e-01
8.537913113832473755e-02
0.000000000000000000e+00
7.279144525527954102e-01
2.262305736541748047e+00
5.385295152664184570e-01
4.883260130882263184e-01
1.163142442703247070e+00
6.453956365585327148e-01
4.494046866893768311e-01
1.803926937282085419e-02
0.000000000000000000e+00
1.245791316032409668e-01
0.000000000000000000e+00
3.583564519882202148e+00
2.004554122686386108e-01
1.005830764770507812e+00
1.959563851356506348e+00
7.541515231132507324e-01
1.221786588430404663e-01
8.950709104537963867e-01
1.429435163736343384e-01
1.263725608587265015e-01
1.693624816834926605e-02
7.860046625137329102e-02
1.710101030766963959e-03
2.591248154640197754e-01
1.177696540253236890e-04
0.000000000000000000e+00
1.059605088084936142e-02
2.781061828136444092e-01
1.507967233657836914e+00
0.000000000000000000e+00
3.794184625148773193e-01
5.082329511642456055e-01
1.542405366897583008e+00
1.681906171143054962e-03
8.177801966667175293e-02
6.076080724596977234e-02
3.874265551567077637e-01
3.843515217304229736e-01
6.962544322013854980e-01
1.239409327507019043e+00
8.039727210998535156e-01
0.000000000000000000e+00
7.353709340095520020e-01
0.000000000000000000e+00
0.000000000000000000e+00
3.103645332157611847e-02
0.000000000000000000e+00
2.437633514404296875e+00
2.147412300109863281e+00
3.385020792484283447e-02
1.432674169540405273e+00
2.711650170385837555e-02
5.783356428146362305e-01
1.071386113762855530e-01
3.910830914974212646e-01
5.815832018852233887e-01
1.344593524932861328e+00
3.796937167644500732e-01
6.794328335672616959e-03
7.959683537483215332e-01
4.636079668998718262e-01
6.973387300968170166e-02
2.477526664733886719e+00
3.004591166973114014e-02
3.248792141675949097e-02
6.508885622024536133e-01
4.962875973433256149e-04
2.607488632202148438e-01
4.251059293746948242e-01
0.000000000000000000e+00
9.853193163871765137e-02
1.491971969604492188e+00
8.045659661293029785e-01
3.076017089188098907e-02
1.749720871448516846e-01
1.426649838685989380e-01
6.302247047424316406e-01
3.759233057498931885e-01
6.927910447120666504e-02
6.374499946832656860e-02
2.626218087971210480e-02
2.141946703195571899e-01
1.521993160247802734e+00
0.000000000000000000e+00
0.000000000000000000e+00
6.211495399475097656e-01
1.705377548933029175e-01
1.615655235946178436e-02
1.750276088714599609e-01
1.213714838027954102e+00
4.584112167358398438e-01
1.165599226951599121e-01
4.102132618427276611e-01
1.683788537979125977e+00
2.565314769744873047e+00
1.281771183013916016e+00
4.375207126140594482e-01
3.092015981674194336e-01
0.000000000000000000e+00
0.000000000000000000e+00
