6.085284426808357239e-02
0.000000000000000000e+00
2.716847956180572510e-01
3.241239786148071289e+00
2.609111368656158447e-01
1.371297389268875122e-01
9.821203947067260742e-01
3.697220325469970703e+00
7.133638381958007812e+00
1.348893761634826660e+00
1.497598588466644287e-01
1.542982220649719238e+00
2.521644532680511475e-01
8.469622731208801270e-01
2.173190832138061523e+00
9.167346358299255371e-01
6.761305332183837891e-01
5.294930338859558105e-01
1.821444183588027954e-01
2.458192757330834866e-04
7.350107431411743164e-01
0.000000000000000000e+00
3.083046972751617432e-01
2.615353345870971680e+00
1.797833442687988281e-01
0.000000000000000000e+00
0.000000000000000000e+00
1.044831991195678711e+00
3.566499650478363037e-01
1.510770916938781738e-01
9.311113506555557251e-03
7.760990411043167114e-02
4.528121054172515869e-01
2.295035123825073242e-01
3.831874132156372070e-01
2.542946100234985352e+00
1.991948783397674561e-01
2.551826238632202148e-01
1.114267408847808838e-01
8.257648348808288574e-01
1.182432174682617188e-01
6.643020361661911011e-02
8.944369554519653320e-01
3.900923728942871094e+00
5.634034276008605957e-01
1.435823678970336914e+00
1.288481354713439941e-01
1.249762415885925293e+00
7.416507601737976074e-02
1.372174859046936035e+00
3.456654787063598633e+00
0.000000000000000000e+00
1.289546132087707520e+00
7.967704534530639648e-02
1.497005701065063477e+00
2.498986274003982544e-01
5.134480595588684082e-01
1.453849822282791138e-01
3.791710615158081055e+00
1.121700406074523926e-01
4.612375982105731964e-03
1.830450594425201416e-01
1.134798675775527954e-01
6.688998937606811523e-01
3.895403742790222168e-01
7.641881704330444336e-01
4.700861871242523193e-01
3.271966874599456787e-01
1.014280080795288086e+00
6.755177378654479980e-01
0.000000000000000000e+00
1.091827359050512314e-02
2.415968030691146851e-01
7.543004751205444336e-01
5.338751077651977539e-01
7.435052394866943359e-01
0.000000000000000000e+00
1.236943244934082031e+00
2.388033270835876465e-01
8.278262615203857422e-01
2.336754202842712402e-01
1.269139885902404785e+00
2.274029016494750977e+00
1.567738503217697144e-01
1.666287422180175781e+00
1.266996413469314575e-01
1.805240988731384277e+00
1.789192110300064087e-01
1.054425239562988281e+00
3.095773048698902130e-02
0.000000000000000000e+00
0.000000000000000000e+00
0.000000000000000000e+00
0.000000000000000000e+00
1.495029926300048828e+00
7.161385416984558105e-01
3.734668791294097900e-01
1.672391533851623535e+00
1.975350975990295410e-01
4.314301908016204834e-01
2.918482990935444832e-03
1.342604309320449829e-01
1.325021386146545410e-01
3.097308635711669922e+00
7.193349599838256836e-01
8.702196925878524780e-02
1.712698578834533691e+00
6.071996092796325684e-01
1.365776062011718750e-01
1.061970144510269165e-01
1.585894703865051270e+00
2.370043396949768066e-01
2.566015720367431641e-01
1.612361371517181396e-01
6.438231468200683594e-01
8.563753962516784668e-02
5.192673206329345703e-02
1.056465387344360352e+00
1.336773157119750977e+00
1.562608838081359863e+00
2.753588855266571045e-01
1.911345124244689941e-01
3.279971703886985779e-02
1.712476372718811035e+00
7.466603517532348633e-01
1.003911733627319336e+00
0.000000000000000000e+00
4.215464591979980469e-01
1.713950395584106445e+00
4.558069165796041489e-03
4.265488684177398682e-02
4.337889254093170166e-01
1.354069411754608154e-01
1.202945858240127563e-01
1.089628562331199646e-01
6.938111037015914917e-02
4.544104635715484619e-01
4.476573944091796875e+00
0.000000000000000000e+00
5.441279336810112000e-02
1.956397742033004761e-01
5.702344179153442383e-01
1.375918030738830566e+00
0.000000000000000000e+00
2.083467692136764526e-02
2.536502182483673096e-01
1.292268514633178711e+00
8.497673869132995605e-01
1.487050533294677734e+00
3.478297293186187744e-01
5.172873973846435547e+00
1.456266641616821289e-01
8.382717370986938477e-01
2.641720175743103027e-01
1.237335920333862305e+00
1.217709779739379883e+00
2.769648134708404541e-01
3.295233249664306641e-01
2.793323040008544922e+00
3.583513200283050537e-01
4.705672338604927063e-02
5.735585689544677734e-01
2.075030654668807983e-01
0.000000000000000000e+00
4.565601646900177002e-01
3.490612208843231201e-01
0.000000000000000000e+00
0.000000000000000000e+00
5.950360298156738281e-01
1.063645124435424805e+00
3.232311606407165527e-01
1.533707529306411743e-01
1.827705535106360912e-03
8.039793372154235840e-01
4.725609421730041504e-01
7.180507659912109375e+00
0.000000000000000000e+00
4.745770245790481567e-02
2.127917669713497162e-02
2.042066305875778198e-02
0.000000000000000000e+00
3.026901781558990479e-01
2.306965142488479614e-01
3.894121885299682617e+00
1.616193354129791260e-02
3.486509621143341064e-02
1.908855736255645752e-01
1.096809744834899902e+00
0.000000000000000000e+00
0.000000000000000000e+00
0.000000000000000000e+00
0.000000000000000000e+00
8.390533924102783203e-01
5.553225874900817871e-01
7.618952393531799316e-01
4.301169216632843018e-01
1.004238486289978027e+00
3.172810673713684082e-01
1.319776624441146851e-01
1.138151288032531738e+00
1.246958136558532715e+00
2.556292712688446045e-01
4.314110055565834045e-02
2.802878022193908691e-01
3.091427385807037354e-01
0.000000000000000000e+00
8.613296747207641602e-01
2.835059305652976036e-03
4.438434541225433350e-01
1.760827422142028809e+00
8.728285133838653564e-02
7.938242554664611816e-01
7.037152647972106934e-01
1.203577876091003418e+00
7.269356846809387207e-01
2.617018818855285645e-01
9.279596060514450073e-02
4.956080019474029541e-01
1.720289707183837891e+00
1.760439127683639526e-01
7.497036457061767578e-02
2.123411893844604492e-01
9.716580510139465332e-01
2.697865962982177734e-01
9.780662655830383301e-01
0.000000000000000000e+00
4.834455251693725586e-01
7.405096292495727539e-01
0.000000000000000000e+00
1.167425960302352905e-01
2.310129255056381226e-01
4.006530642509460449e-01
2.572309970855712891e+00
1.228035092353820801e+00
1.464703440666198730e+00
7.031680345535278320e-01
2.881870746612548828e+00
1.006832599639892578e+00
1.897614821791648865e-02
6.151701211929321289e-01
3.070794045925140381e-01
9.918173402547836304e-02
5.806737393140792847e-02
1.882665157318115234e+00
8.453894257545471191e-01
1.027934998273849487e-01
2.960734665393829346e-01
0.000000000000000000e+00
3.216745138168334961e+00
9.703544974327087402e-01
3.104848861694335938e-01
5.855542421340942383e-01
0.000000000000000000e+00
5.832194089889526367e-01
1.198131561279296875e+00
3.829640150070190430e-02
0.000000000000000000e+00
0.000000000000000000e+00
3.911720123142004013e-03
2.124245464801788330e-01
1.210775852203369141e+00
3.784825801849365234e-01
9.152004495263099670e-03
3.895554691553115845e-02
6.029519718140363693e-04
1.949025318026542664e-02
1.438064336776733398e+00
4.377211735118180513e-05
1.011779904365539551e+00
1.451076567173004150e-01
1.825603723526000977e+00
2.882004715502262115e-02
8.948624730110168457e-01
5.605035647749900818e-02
2.402942329645156860e-01
7.936369776725769043e-01
7.833310961723327637e-01
7.000666856765747070e-01
1.143900036811828613e+00
1.348988413810729980e-01
2.583333849906921387e-01
7.816013097763061523e-01
6.741585582494735718e-02
8.428220450878143311e-02
5.826355218887329102e-01
8.252963423728942871e-01
1.531764984130859375e+00
2.413475513458251953e-02
6.755091995000839233e-02
0.000000000000000000e+00
6.188365817070007324e-01
1.190051436424255371e+00
6.495873332023620605e-01
7.308652251958847046e-02
2.319911569356918335e-01
4.765140712261199951e-01
2.981176376342773438e-01
1.966207474470138550e-01
4.995914399623870850e-01
6.252079963684082031e+00
4.077069759368896484e-01
1.899861693382263184e-01
3.934260606765747070e-01
1.369794737547636032e-02
5.199190974235534668e-02
2.728384733200073242e-01
1.254428029060363770e-01
0.000000000000000000e+00
1.691332459449768066e-01
4.391965270042419434e-01
6.137441992759704590e-01
8.689953945577144623e-03
3.529239892959594727e-01
7.521830201148986816e-01
3.203059136867523193e-01
5.530855059623718262e-01
9.785064030438661575e-04
3.052657246589660645e-01
7.471451759338378906e-01
0.000000000000000000e+00
1.852893590927124023e+00
0.000000000000000000e+00
9.576198458671569824e-02
1.406729966402053833e-02
0.000000000000000000e+00
5.768651366233825684e-01
4.333096146583557129e-01
0.000000000000000000e+00
6.600245833396911621e-01
5.058588981628417969e-01
0.000000000000000000e+00
7.348416373133659363e-03
8.140731602907180786e-02
1.730824261903762817e-01
1.120133511722087860e-02
7.253838181495666504e-01
1.868141651153564453e+00
2.199074476957321167e-01
9.421450495719909668e-01
8.902171850204467773e-01
4.396487772464752197e-02
2.568269148468971252e-02
2.632550299167633057e-01
4.737688973546028137e-02
1.089694619178771973e+00
1.014419555664062500e+00
1.905627846717834473e-01
1.274338513612747192e-01
4.027225673198699951e-01
1.370470672845840454e-01
2.828903496265411377e-01
6.576541662216186523e-01
1.706645041704177856e-01
9.082584083080291748e-02
0.000000000000000000e+00
1.289337158203125000e+00
0.000000000000000000e+00
2.477237731218338013e-01
0.000000000000000000e+00
6.418479681015014648e-01
7.380851507186889648e-01
0.000000000000000000e+00
4.290135502815246582e-01
4.571818113327026367e-01
1.302009224891662598e+00
1.250647068023681641e+00
1.013106226921081543e+00
1.477142930030822754e+00
1.832404255867004395e+00
4.589475691318511963e-02
2.343059033155441284e-01
1.681714653968811035e+00
6.931977272033691406e-01
1.331216245889663696e-01
1.232357859611511230e+00
9.346698224544525146e-02
2.134307771921157837e-01
0.000000000000000000e+00
2.585975527763366699e-01
8.596608638763427734e-01
6.131277084350585938e-01
3.480197429656982422e+00
3.048338174819946289e+00
2.886392474174499512e-01
0.000000000000000000e+00
1.332139015197753906e+00
4.246952384710311890e-02
2.071743598207831383e-03
0.000000000000000000e+00
3.231313228607177734e-01
2.114989161491394043e-01
6.044111680239439011e-03
0.000000000000000000e+00
1.860631406307220459e-01
1.676141768693923950e-01
9.777133464813232422e-01
2.118783473968505859e+00
2.614010358229279518e-03
5.543197691440582275e-02
9.491656422615051270e-01
5.510656163096427917e-02
1.884740889072418213e-01
0.000000000000000000e+00
1.334485262632369995e-01
1.381859302520751953e+00
1.466600596904754639e-02
1.122002482414245605e+00
1.088644936680793762e-01
1.275920510292053223e+00
2.515705525875091553e-01
1.821929961442947388e-01
0.000000000000000000e+00
1.040939807891845703e+00
1.851405501365661621e+00
8.947197347879409790e-02
0.000000000000000000e+00
2.187917232513427734e+00
1.700090318918228149e-01
5.940081477165222168e-01
4.064412787556648254e-03
7.895921915769577026e-02
2.815914750099182129e-01
0.000000000000000000e+00
3.830532073974609375e+00
1.205278411507606506e-01
1.085650205612182617e+00
1.827669739723205566e+00
8.985530138015747070e-01
9.475924074649810791e-03
1.579889535903930664e+00
2.388911321759223938e-03
3.577757393941283226e-03
3.665288537740707397e-02
0.000000000000000000e+00
1.324113458395004272e-01
9.907836467027664185e-02
7.842734456062316895e-02
0.000000000000000000e+00
4.044222086668014526e-02
1.152500867843627930e+00
1.443083167076110840e+00
0.000000000000000000e+00
1.368280798196792603e-01
1.626479923725128174e-01
1.421884298324584961e+00
0.000000000000000000e+00
1.047386229038238525e-01
6.139259412884712219e-02
1.205776929855346680e-01
5.361657142639160156e-01
7.082455754280090332e-01
3.750124573707580566e-01
2.452489614486694336e+00
0.000000000000000000e+00
5.131762623786926270e-01
2.171043753623962402e-01
3.629401559010148048e-03
6.008449569344520569e-02
0.000000000000000000e+00
1.581268310546875000e+00
2.348835706710815430e+00
5.754249915480613708e-02
2.657281875610351562e+00
0.000000000000000000e+00
1.312999129295349121e+00
0.000000000000000000e+00
8.776685222983360291e-03
6.296040862798690796e-02
1.690580964088439941e+00
2.290020287036895752e-01
0.000000000000000000e+00
6.023542881011962891e-01
5.794564262032508850e-02
3.731501102447509766e-01
2.564290761947631836e+00
2.908590734004974365e-01
1.079543773084878922e-02
1.082024872303009033e-01
2.712219767272472382e-02
6.980471014976501465e-01
3.728064894676208496e-01
1.741669513285160065e-02
3.945590555667877197e-02
1.616338849067687988e+00
1.008352160453796387e+00
0.000000000000000000e+00
3.569370210170745850e-01
1.175795216113328934e-02
8.090869188308715820e-01
1.023773923516273499e-01
1.794693320989608765e-01
8.892316222190856934e-01
1.006781216710805893e-02
1.032150238752365112e-01
1.319958209991455078e+00
3.651404008269309998e-02
2.298707515001296997e-01
1.535621285438537598e+00
9.695674479007720947e-02
1.604973152279853821e-02
1.447264701128005981e-01
1.677225947380065918e+00
6.315832138061523438e-01
4.750212430953979492e-01
2.129190117120742798e-01
1.916594505310058594e+00
2.686163425445556641e+00
8.255714774131774902e-01
2.253101915121078491e-01
3.297328054904937744e-01
0.000000000000000000e+00
1.413390319794416428e-02
