2.713067643344402313e-02
0.000000000000000000e+00
4.046004116535186768e-01
2.416129350662231445e+00
6.034106612205505371e-01
4.552318751811981201e-01
8.861202001571655273e-01
3.029114246368408203e+00
6.573968410491943359e+00
1.179199457168579102e+00
1.148505285382270813e-01
1.419854283332824707e+00
6.146506667137145996e-01
1.479794979095458984e+00
2.761762857437133789e+00
1.597831845283508301e+00
5.216419100761413574e-01
9.193739295005798340e-01
1.368525177240371704e-01
9.446712583303451538e-02
1.359328627586364746e+00
0.000000000000000000e+00
4.028814435005187988e-01
2.283423185348510742e+00
4.610562920570373535e-01
7.674372289329767227e-03
1.437198370695114136e-02
1.229426026344299316e+00
7.175760865211486816e-01
2.591890990734100342e-01
3.711843397468328476e-03
7.653845846652984619e-02
1.069758176803588867e+00
7.272122502326965332e-01
1.084487233310937881e-02
1.618785619735717773e+00
2.850488424301147461e-01
4.538276791572570801e-01
1.189157813787460327e-01
3.749333918094635010e-01
1.656429283320903778e-02
0.000000000000000000e+00
1.238690853118896484e+00
5.669163227081298828e+00
1.028779506683349609e+00
1.318277239799499512e+00
0.000000000000000000e+00
1.064935088157653809e+00
1.020331284962594509e-03
1.555261254310607910e+00
3.202898740768432617e+00
0.000000000000000000e+00
7.127619385719299316e-01
1.279977113008499146e-01
7.456518411636352539e-01
6.317694187164306641e-01
3.502291738986968994e-01
2.342448830604553223e-01
4.316078662872314453e+00
1.361597627401351929e-01
0.000000000000000000e+00
4.598244130611419678e-01
3.450228869915008545e-01
4.987199306488037109e-01
7.483577728271484375e-01
7.513393163681030273e-01
1.048050284385681152e+00
7.353422045707702637e-01
9.831756949424743652e-01
1.226442694664001465e+00
0.000000000000000000e+00
1.346891224384307861e-01
1.984780728816986084e-01
8.963176012039184570e-01
2.509847581386566162e-01
4.338286817073822021e-01
0.000000000000000000e+00
1.160278916358947754e+00
1.027979850769042969e+00
1.966436654329299927e-01
1.664779335260391235e-01
8.959865570068359375e-01
2.357710361480712891e+00
1.826407015323638916e-01
1.272637486457824707e+00
1.802347451448440552e-01
9.488048553466796875e-01
4.085901081562042236e-01
5.940199494361877441e-01
2.229447476565837860e-03
1.054558530449867249e-01
0.000000000000000000e+00
4.319846034049987793e-01
4.742235876619815826e-03
2.084352970123291016e+00
4.619818925857543945e-01
2.159601598978042603e-01
1.886216759681701660e+00
1.653008013963699341e-01
3.902667164802551270e-01
2.585274875164031982e-01
2.900718450546264648e-01
1.058484334498643875e-02
3.980756521224975586e+00
9.538494348526000977e-01
1.320080906152725220e-01
8.561237454414367676e-01
3.603425323963165283e-01
1.330346316099166870e-01
2.276788651943206787e-01
1.119055986404418945e+00
5.697711184620857239e-02
2.670517265796661377e-01
2.093180827796459198e-02
5.455103516578674316e-01
3.291013240814208984e-01
1.617280095815658569e-01
1.136126041412353516e+00
1.267036437988281250e+00
1.616580247879028320e+00
1.380166053771972656e+00
2.659494802355766296e-02
8.126829564571380615e-02
1.255825519561767578e+00
8.197947144508361816e-01
7.569661140441894531e-01
2.008431777358055115e-02
3.465544581413269043e-01
1.774122238159179688e+00
5.128443986177444458e-02
8.132250607013702393e-02
1.651667952537536621e-01
2.206443846225738525e-01
9.963819384574890137e-02
1.868083886802196503e-02
5.189874768257141113e-01
6.506925821304321289e-01
3.287144184112548828e+00
0.000000000000000000e+00
6.319037172943353653e-03
1.125447675585746765e-01
4.268901646137237549e-01
1.680207490921020508e+00
0.000000000000000000e+00
4.934172146022319794e-03
2.232766598463058472e-01
9.465726613998413086e-01
6.681387424468994141e-01
1.371536254882812500e+00
8.050231933593750000e-01
4.625717163085937500e+00
6.631362438201904297e-01
5.869589447975158691e-01
2.513543963432312012e-01
1.296117782592773438e+00
9.548643231391906738e-01
2.407455146312713623e-01
6.178146004676818848e-01
1.792566418647766113e+00
1.758416146039962769e-01
2.974803932011127472e-02
1.140859484672546387e+00
1.656885892152786255e-01
9.113136329688131809e-04
3.709339797496795654e-01
4.327832460403442383e-01
0.000000000000000000e+00
0.000000000000000000e+00
2.427057027816772461e-01
1.316200733184814453e+00
4.226210415363311768e-01
5.965647697448730469e-01
8.430529385805130005e-02
9.121397137641906738e-01
3.563396930694580078e-01
6.471987247467041016e+00
1.862294971942901611e-02
7.211964577436447144e-02
8.496177941560745239e-02
8.384277820587158203e-01
9.132531471550464630e-03
1.989677101373672485e-01
7.049252390861511230e-01
3.735942125320434570e+00
0.000000000000000000e+00
8.060968481004238129e-03
9.573259204626083374e-02
8.686837553977966309e-01
0.000000000000000000e+00
1.626549661159515381e-02
0.000000000000000000e+00
0.000000000000000000e+00
1.515658020973205566e+00
7.783493995666503906e-01
3.389420807361602783e-01
3.500288426876068115e-01
4.378843307495117188e-01
9.271212816238403320e-01
3.033145070075988770e-01
1.297833919525146484e+00
9.289336204528808594e-01
6.919153034687042236e-02
5.683541670441627502e-02
6.408908367156982422e-01
5.700559914112091064e-02
3.617816604673862457e-03
1.299461603164672852e+00
2.257084846496582031e-01
4.210656285285949707e-01
1.289047241210937500e+00
1.601626425981521606e-01
8.895747065544128418e-01
1.078039035201072693e-01
1.101191759109497070e+00
6.468268632888793945e-01
4.507554471492767334e-01
3.184202611446380615e-01
1.089717745780944824e+00
2.214908361434936523e+00
6.592094898223876953e-01
7.614968717098236084e-02
6.591785550117492676e-01
8.030164837837219238e-01
5.043373703956604004e-01
1.060320258140563965e+00
8.276352658867835999e-03
7.401224374771118164e-01
6.967051029205322266e-01
2.982645854353904724e-02
4.127546846866607666e-01
5.376569032669067383e-01
4.142207503318786621e-01
2.758669137954711914e+00
8.700585365295410156e-01
1.851169347763061523e+00
6.406015753746032715e-01
2.192429065704345703e+00
1.942479014396667480e+00
0.000000000000000000e+00
1.839237511157989502e-01
5.330373644828796387e-01
1.160303875803947449e-02
1.018993139266967773e+00
3.344980239868164062e+00
5.334413051605224609e-01
2.450221627950668335e-01
2.388601303100585938e-01
2.527748420834541321e-02
3.859832048416137695e+00
3.116644918918609619e-01
4.876850247383117676e-01
8.542516231536865234e-01
0.000000000000000000e+00
8.624845147132873535e-01
7.468071579933166504e-01
9.862462878227233887e-01
0.000000000000000000e+00
0.000000000000000000e+00
6.866747047752141953e-03
7.959899492561817169e-03
6.953943967819213867e-01
5.861743092536926270e-01
0.000000000000000000e+00
7.111620903015136719e-02
2.498324029147624969e-02
1.456593722105026245e-02
1.156244158744812012e+00
1.238597929477691650e-01
8.286307752132415771e-02
2.312847822904586792e-01
1.369712352752685547e+00
3.643014468252658844e-03
8.129767179489135742e-01
2.021714746952056885e-01
8.188579678535461426e-01
9.111958742141723633e-01
1.357665061950683594e+00
4.026637971401214600e-01
1.134830474853515625e+00
1.576231867074966431e-01
9.421839714050292969e-01
9.607750177383422852e-01
2.223398834466934204e-01
3.299477994441986084e-01
3.996490836143493652e-01
1.457073569297790527e+00
8.158405423164367676e-01
1.358212083578109741e-01
5.872671678662300110e-02
1.110923290252685547e-01
1.609010398387908936e-01
1.256816864013671875e+00
6.667566895484924316e-01
9.639593958854675293e-01
4.266667962074279785e-01
4.512108564376831055e-01
6.021728515625000000e-01
3.171584904193878174e-01
3.792116641998291016e-01
6.722666263580322266e+00
8.355059027671813965e-01
1.277456581592559814e-01
3.408674001693725586e-01
0.000000000000000000e+00
1.079406589269638062e-01
4.527337104082107544e-02
2.749095857143402100e-02
0.000000000000000000e+00
2.778751254081726074e-01
1.774975359439849854e-01
7.233191132545471191e-01
3.618578612804412842e-01
5.936719477176666260e-02
7.990160584449768066e-01
4.592050313949584961e-01
5.879773497581481934e-01
4.656955599784851074e-03
4.948148131370544434e-01
1.216533899307250977e+00
0.000000000000000000e+00
3.210535764694213867e+00
5.356010049581527710e-02
3.324099183082580566e-01
2.288561761379241943e-01
1.119352782552596182e-05
5.889238715171813965e-01
6.328169107437133789e-01
0.000000000000000000e+00
5.078419446945190430e-01
7.178225517272949219e-01
0.000000000000000000e+00
0.000000000000000000e+00
6.965835094451904297e-01
6.701331734657287598e-01
3.623588383197784424e-02
4.400524795055389404e-01
1.114442467689514160e+00
8.516364693641662598e-01
9.123203158378601074e-01
7.167530059814453125e-01
6.430537253618240356e-02
3.393244231119751930e-03
4.343756660819053650e-02
5.542458891868591309e-01
5.572312474250793457e-01
7.397695779800415039e-01
1.613827347755432129e-01
2.528850436210632324e-01
6.515058875083923340e-01
1.567130722105503082e-02
3.291374444961547852e-01
7.827080488204956055e-01
4.787770658731460571e-02
6.967122852802276611e-02
0.000000000000000000e+00
1.305351734161376953e+00
0.000000000000000000e+00
1.583807617425918579e-01
2.067711502313613892e-01
1.037485480308532715e+00
3.941289186477661133e-01
4.645082168281078339e-03
4.153544306755065918e-01
8.160894513130187988e-01
1.605564594268798828e+00
9.129107594490051270e-01
1.488435387611389160e+00
1.941517353057861328e+00
2.345625162124633789e+00
2.263116240501403809e-01
4.152228534221649170e-01
1.572650074958801270e+00
1.236804485321044922e+00
1.675670742988586426e-01
8.019757270812988281e-01
1.634418964385986328e-02
7.326849699020385742e-01
1.382149849086999893e-02
1.477276235818862915e-01
5.373415946960449219e-01
5.677360892295837402e-01
3.459668159484863281e+00
1.762374162673950195e+00
2.481926530599594116e-01
2.218127250671386719e-03
1.141277194023132324e+00
1.302438676357269287e-01
0.000000000000000000e+00
0.000000000000000000e+00
2.646905183792114258e-01
1.051773801445960999e-01
6.388662755489349365e-02
4.040743689984083176e-03
2.925919368863105774e-02
4.343339800834655762e-01
5.619264245033264160e-01
3.485779047012329102e+00
6.724198465235531330e-04
5.635863915085792542e-02
1.144103527069091797e+00
0.000000000000000000e+00
1.566888764500617981e-02
3.577297087758779526e-03
1.963084787130355835e-01
1.638552069664001465e+00
9.078890830278396606e-02
7.027781009674072266e-01
6.523676961660385132e-02
5.125788450241088867e-01
5.592957139015197754e-01
3.267853260040283203e-01
2.466489374637603760e-02
6.581554412841796875e-01
2.383670568466186523e+00
3.070959746837615967e-01
7.245646715164184570e-01
2.611248016357421875e+00
1.707268953323364258e-01
9.574798345565795898e-01
0.000000000000000000e+00
4.874316975474357605e-03
3.822145164012908936e-01
0.000000000000000000e+00
5.493970870971679688e+00
3.246393799781799316e-01
1.428731441497802734e+00
2.079223871231079102e+00
4.220802187919616699e-01
1.209228392690420151e-02
1.433780550956726074e+00
8.459491282701492310e-02
6.486602872610092163e-02
2.265644259750843048e-02
1.558431051671504974e-02
4.902296662330627441e-01
1.148493587970733643e-01
1.739242523908615112e-01
1.863299123942852020e-02
2.572369873523712158e-01
8.466108441352844238e-01
1.319945693016052246e+00
0.000000000000000000e+00
6.149697676301002502e-02
8.100135922431945801e-01
1.761101484298706055e+00
3.847518265247344971e-01
1.081593707203865051e-01
2.623908221721649170e-01
9.289859980344772339e-02
4.545316696166992188e-01
1.310211420059204102e+00
5.485772490501403809e-01
2.277471780776977539e+00
0.000000000000000000e+00
1.298644304275512695e+00
0.000000000000000000e+00
3.641018178313970566e-03
1.596326124854385853e-03
0.000000000000000000e+00
2.233067274093627930e+00
3.202537059783935547e+00
8.019248396158218384e-02
2.904172897338867188e+00
0.000000000000000000e+00
1.121900558471679688e+00
0.000000000000000000e+00
1.151618286967277527e-01
2.179915755987167358e-01
8.676634430885314941e-01
7.526599764823913574e-01
0.000000000000000000e+00
1.442719697952270508e+00
8.650100231170654297e-02
5.236190557479858398e-01
2.952149868011474609e+00
1.840899698436260223e-02
1.080598533153533936e-01
2.756617069244384766e-01
1.616739183664321899e-01
4.445303082466125488e-01
8.362955451011657715e-01
0.000000000000000000e+00
9.521309286355972290e-02
2.099896669387817383e+00
9.008670449256896973e-01
0.000000000000000000e+00
4.036257863044738770e-01
3.611409291625022888e-02
8.092547655105590820e-01
1.218637172132730484e-02
2.061117738485336304e-01
1.071346253156661987e-01
7.361061871051788330e-02
1.995540559291839600e-01
1.431346654891967773e+00
1.241510510444641113e-01
2.419806085526943207e-03
1.190660476684570312e+00
7.718576788902282715e-01
2.125265821814537048e-02
3.231857717037200928e-01
1.883957862854003906e+00
3.981992006301879883e-01
2.788760364055633545e-01
5.828522443771362305e-01
2.125369548797607422e+00
2.499496459960937500e+00
1.129193663597106934e+00
3.475089073181152344e-01
6.273020505905151367e-01
0.000000000000000000e+00
1.144518610090017319e-02
