2.606486082077026367e-01
0.000000000000000000e+00
4.262406826019287109e-01
8.440895676612854004e-01
2.953707873821258545e-01
4.454838335514068604e-01
1.096894145011901855e+00
3.769590377807617188e+00
5.163556575775146484e+00
1.123675107955932617e+00
3.287814185023307800e-02
1.403559803962707520e+00
1.813064813613891602e-01
1.764960885047912598e+00
2.005390644073486328e+00
1.189801931381225586e+00
4.818227291107177734e-01
1.362701058387756348e+00
3.563625514507293701e-01
5.755865201354026794e-02
1.520357012748718262e+00
0.000000000000000000e+00
2.370716929435729980e-01
2.338072061538696289e+00
2.209562659263610840e-01
3.936896473169326782e-02
0.000000000000000000e+00
7.221797108650207520e-01
5.828440189361572266e-01
1.623440384864807129e-01
0.000000000000000000e+00
0.000000000000000000e+00
6.244735717773437500e-01
1.069835305213928223e+00
2.224107831716537476e-01
1.631275057792663574e+00
1.664877533912658691e-01
6.747053861618041992e-01
1.655323952436447144e-01
3.134162724018096924e-01
2.141041755676269531e-01
1.193123981356620789e-01
1.588823437690734863e+00
5.520607948303222656e+00
3.456066250801086426e-01
1.901646137237548828e+00
6.220304593443870544e-02
1.475149154663085938e+00
2.487629055976867676e-01
1.245368123054504395e+00
3.861291885375976562e+00
0.000000000000000000e+00
1.670965075492858887e+00
7.695644162595272064e-03
1.295597434043884277e+00
6.764686107635498047e-01
3.380845487117767334e-01
2.229661047458648682e-01
3.419524669647216797e+00
2.347309738397598267e-01
9.143617004156112671e-02
1.939700394868850708e-01
1.289616972208023071e-01
3.341805934906005859e-01
6.652148962020874023e-01
6.589486002922058105e-01
1.305242657661437988e+00
1.774103343486785889e-01
6.551384329795837402e-01
1.109023451805114746e+00
0.000000000000000000e+00
1.102505344897508621e-02
5.290108323097229004e-01
9.905202388763427734e-01
4.052179455757141113e-01
1.071578383445739746e+00
0.000000000000000000e+00
1.413145065307617188e+00
4.844109714031219482e-01
4.182729125022888184e-01
2.416119426488876343e-01
1.232935547828674316e+00
2.818205595016479492e+00
1.757602393627166748e-01
1.480953931808471680e+00
4.506895840167999268e-01
1.046787500381469727e+00
6.477600932121276855e-01
7.261255979537963867e-01
6.621153652667999268e-02
6.733626942150294781e-04
6.735529750585556030e-04
2.371994219720363617e-02
0.000000000000000000e+00
1.981630206108093262e+00
9.453985691070556641e-01
2.786034047603607178e-01
3.116342306137084961e+00
1.684006601572036743e-01
1.341275423765182495e-01
6.312356889247894287e-02
3.454496711492538452e-02
7.756997365504503250e-03
2.699476003646850586e+00
1.835952997207641602e+00
2.475397735834121704e-01
1.262133479118347168e+00
6.985967159271240234e-01
9.759495854377746582e-01
2.966960668563842773e-01
8.607555627822875977e-01
1.397581398487091064e-01
7.337855547666549683e-02
4.608784019947052002e-01
7.636275887489318848e-01
2.342955470085144043e-01
5.988934636116027832e-01
6.726493835449218750e-01
2.345034599304199219e+00
3.424732923507690430e+00
6.804904341697692871e-01
7.331912964582443237e-02
8.673755079507827759e-02
1.991799712181091309e+00
1.479847431182861328e+00
1.212831735610961914e+00
0.000000000000000000e+00
3.627353906631469727e-01
2.031952857971191406e+00
1.050928607583045959e-03
2.008237317204475403e-02
2.008999437093734741e-01
1.860181428492069244e-02
8.706872165203094482e-02
2.790313214063644409e-03
2.123957276344299316e-01
4.847787916660308838e-01
4.606625556945800781e+00
0.000000000000000000e+00
1.893987208604812622e-01
4.996932297945022583e-02
2.319664210081100464e-01
2.304951429367065430e+00
9.854360483586788177e-03
0.000000000000000000e+00
2.653983831405639648e-01
9.495675563812255859e-01
5.209379196166992188e-01
7.969768047332763672e-01
5.308376550674438477e-01
4.257892608642578125e+00
1.360680907964706421e-01
2.762671411037445068e-01
1.458035856485366821e-01
1.023295879364013672e+00
1.025585055351257324e+00
1.338614970445632935e-01
4.160337150096893311e-02
1.664338707923889160e+00
7.129936479032039642e-03
1.064791716635227203e-02
6.361688375473022461e-01
3.655225634574890137e-01
3.532475093379616737e-03
4.739409387111663818e-01
6.480186581611633301e-01
0.000000000000000000e+00
0.000000000000000000e+00
4.502546191215515137e-01
9.106606841087341309e-01
3.285506069660186768e-01
3.356866538524627686e-01
1.688259690999984741e-01
9.614278078079223633e-01
7.866030335426330566e-01
6.879405021667480469e+00
1.116329655051231384e-01
1.411455450579524040e-03
1.437801867723464966e-01
2.604993581771850586e-01
9.123338013887405396e-02
6.193880438804626465e-01
1.054299950599670410e+00
3.992359399795532227e+00
9.947182983160018921e-02
6.038265302777290344e-02
1.358860135078430176e-01
6.865978240966796875e-01
0.000000000000000000e+00
9.718505293130874634e-02
0.000000000000000000e+00
8.742381818592548370e-03
1.937659144401550293e+00
1.078386187553405762e+00
4.509609639644622803e-01
7.507237792015075684e-01
4.999552369117736816e-01
4.148358702659606934e-01
4.185860157012939453e-01
1.128150701522827148e+00
5.149585008621215820e-01
5.951547622680664062e-02
1.979929208755493164e-01
3.756015896797180176e-01
2.180186510086059570e-01
0.000000000000000000e+00
8.452394008636474609e-01
2.731041051447391510e-02
4.836968183517456055e-01
5.793110728263854980e-01
2.518119849264621735e-02
4.290364980697631836e-01
1.221002563834190369e-01
1.084739923477172852e+00
5.136799216270446777e-01
6.022687554359436035e-01
4.370850324630737305e-01
1.038404941558837891e+00
1.987919330596923828e+00
6.357719898223876953e-01
0.000000000000000000e+00
2.866805195808410645e-01
6.342449188232421875e-01
3.650437891483306885e-01
8.064145445823669434e-01
0.000000000000000000e+00
5.547801256179809570e-01
7.854634523391723633e-01
1.013779663480818272e-03
3.345831334590911865e-01
4.973806142807006836e-01
2.908902764320373535e-01
3.306303024291992188e+00
1.098943352699279785e+00
1.432028174400329590e+00
8.279079198837280273e-01
1.958453893661499023e+00
9.397869110107421875e-01
0.000000000000000000e+00
6.441563963890075684e-01
3.155237436294555664e-01
3.019187413156032562e-02
4.600625336170196533e-01
3.313127517700195312e+00
9.371661543846130371e-01
1.397557556629180908e-01
1.457533687353134155e-01
5.319924280047416687e-02
3.852502346038818359e+00
5.551365613937377930e-01
4.779027700424194336e-01
4.141965806484222412e-01
0.000000000000000000e+00
7.258799076080322266e-01
1.036525607109069824e+00
8.036981821060180664e-01
0.000000000000000000e+00
1.894227461889386177e-03
3.376031219959259033e-01
1.486467570066452026e-01
5.389804244041442871e-01
3.998854458332061768e-01
7.002665847539901733e-02
7.759933173656463623e-02
0.000000000000000000e+00
4.246534663252532482e-04
1.155641317367553711e+00
2.915053069591522217e-01
1.002003159373998642e-02
3.859351575374603271e-01
1.380107641220092773e+00
1.689459895715117455e-03
1.663007855415344238e+00
2.270381599664688110e-01
5.478830933570861816e-01
6.382494568824768066e-01
6.926954388618469238e-01
6.025009155273437500e-01
8.238283991813659668e-01
1.509567201137542725e-01
5.564326047897338867e-01
5.073523521423339844e-01
2.342137843370437622e-01
1.819835007190704346e-01
3.738662004470825195e-01
1.258030295372009277e+00
1.088847398757934570e+00
1.685311049222946167e-01
1.933340355753898621e-02
0.000000000000000000e+00
8.062200546264648438e-01
1.206264853477478027e+00
1.604508638381958008e+00
2.253457754850387573e-01
4.116597473621368408e-01
3.132087588310241699e-01
1.108183339238166809e-01
1.286847740411758423e-01
8.640651404857635498e-02
6.224467277526855469e+00
4.564503133296966553e-01
3.090687990188598633e-01
6.540153622627258301e-01
0.000000000000000000e+00
2.939051091670989990e-01
1.748076379299163818e-01
3.059873916208744049e-02
0.000000000000000000e+00
2.522745132446289062e-01
5.577032566070556641e-01
7.963502407073974609e-02
6.623583436012268066e-01
5.478426814079284668e-02
7.312356233596801758e-01
1.372454464435577393e-01
3.564668297767639160e-01
0.000000000000000000e+00
6.720241308212280273e-01
1.204657196998596191e+00
0.000000000000000000e+00
2.991092443466186523e+00
8.955529890954494476e-03
2.268525809049606323e-01
3.485420942306518555e-01
0.000000000000000000e+00
6.052331328392028809e-01
5.533545017242431641e-01
1.921527460217475891e-02
5.515908598899841309e-01
2.862654924392700195e-01
0.000000000000000000e+00
5.146663263440132141e-02
2.539463937282562256e-01
1.859418451786041260e-01
9.406511671841144562e-03
1.224656105041503906e+00
1.663345813751220703e+00
5.325196385383605957e-01
7.924064993858337402e-01
6.044899225234985352e-01
1.436338424682617188e-01
3.066963516175746918e-02
4.651629328727722168e-01
2.013352066278457642e-01
1.478019118309020996e+00
4.518392682075500488e-01
1.244503352791070938e-02
1.500941663980484009e-01
1.581353843212127686e-01
9.361594915390014648e-02
1.644823253154754639e-01
6.023255586624145508e-01
1.031416282057762146e-01
6.776610016822814941e-02
0.000000000000000000e+00
8.744158148765563965e-01
1.270978525280952454e-02
2.176377773284912109e-01
1.601191312074661255e-01
6.844577193260192871e-01
1.255921840667724609e+00
1.820857520215213299e-03
7.830198407173156738e-01
1.408521085977554321e-01
1.413702130317687988e+00
1.288557052612304688e+00
1.327889204025268555e+00
1.428664803504943848e+00
1.482839465141296387e+00
1.013801023364067078e-01
6.002557277679443359e-02
1.442312717437744141e+00
1.006556391716003418e+00
2.158532142639160156e-01
4.252228140830993652e-01
0.000000000000000000e+00
4.388026595115661621e-01
8.567996323108673096e-03
4.921551048755645752e-01
7.418012022972106934e-01
9.892586469650268555e-01
3.439464330673217773e+00
2.006926774978637695e+00
6.908990144729614258e-01
2.815430611371994019e-02
1.647459030151367188e+00
8.334662020206451416e-02
3.640291467308998108e-02
0.000000000000000000e+00
1.557805538177490234e-01
1.246425788849592209e-02
4.219921827316284180e-01
0.000000000000000000e+00
1.173561159521341324e-02
7.689703106880187988e-01
7.772871255874633789e-01
2.783049821853637695e+00
6.856080144643783569e-02
1.642447113990783691e-01
1.540757417678833008e+00
0.000000000000000000e+00
5.145545676350593567e-02
5.880685057491064072e-05
5.652689337730407715e-01
1.743832588195800781e+00
6.515368819236755371e-02
1.067120432853698730e+00
6.940857321023941040e-02
1.145116686820983887e+00
6.631011962890625000e-01
3.560544252395629883e-01
1.659335196018218994e-02
4.834835827350616455e-01
2.103892087936401367e+00
1.402943581342697144e-01
1.950729936361312866e-01
1.349219202995300293e+00
3.212936818599700928e-01
1.081980347633361816e+00
0.000000000000000000e+00
1.657360941171646118e-01
4.768113791942596436e-01
0.000000000000000000e+00
5.583311557769775391e+00
1.100814342498779297e-01
1.304914951324462891e+00
1.010468840599060059e+00
1.983857393264770508e+00
1.248325128108263016e-02
1.401735901832580566e+00
0.000000000000000000e+00
2.299924194812774658e-01
2.138817459344863892e-01
5.633343383669853210e-02
2.264726907014846802e-01
2.337608635425567627e-01
2.303081750869750977e-02
5.600270349532365799e-03
6.576032610610127449e-04
9.819127917289733887e-01
9.949061870574951172e-01
0.000000000000000000e+00
1.497033983469009399e-01
7.149197459220886230e-01
1.548411607742309570e+00
0.000000000000000000e+00
2.824299596250057220e-02
0.000000000000000000e+00
1.387315094470977783e-01
1.650964021682739258e-01
1.220589637756347656e+00
9.169541597366333008e-01
1.242455124855041504e+00
1.817790232598781586e-02
7.189452648162841797e-01
0.000000000000000000e+00
1.074665114283561707e-01
1.693902740953490138e-04
0.000000000000000000e+00
2.028327941894531250e+00
2.777013063430786133e+00
2.622990310192108154e-01
2.321353435516357422e+00
3.031512163579463959e-02
6.332870125770568848e-01
3.384588658809661865e-02
3.959552645683288574e-01
4.215178266167640686e-02
1.522276997566223145e+00
2.930800020694732666e-01
0.000000000000000000e+00
1.018826007843017578e+00
4.422611594200134277e-01
2.886551022529602051e-01
2.048538446426391602e+00
6.313855946063995361e-02
1.062597054988145828e-02
1.672675162553787231e-01
5.990354344248771667e-02
2.344979941844940186e-01
5.633998513221740723e-01
0.000000000000000000e+00
9.219472855329513550e-02
1.209003448486328125e+00
9.684341549873352051e-01
0.000000000000000000e+00
6.912335753440856934e-01
2.650901079177856445e-01
8.535378575325012207e-01
4.489311832003295422e-04
3.080326020717620850e-01
1.120573207736015320e-01
1.098365802317857742e-02
1.716537773609161377e-01
1.521420240402221680e+00
1.163738779723644257e-02
6.010732799768447876e-02
8.160357475280761719e-01
9.572995901107788086e-01
0.000000000000000000e+00
2.210246771574020386e-02
2.269635438919067383e+00
2.998753190040588379e-01
4.439188838005065918e-01
4.544318318367004395e-01
2.091956377029418945e+00
3.175281763076782227e+00
1.183216571807861328e+00
3.157337605953216553e-01
9.386103749275207520e-01
0.000000000000000000e+00
1.014628540724515915e-02
