2.815587520599365234e-01
0.000000000000000000e+00
8.270867466926574707e-01
3.304125547409057617e+00
4.561926424503326416e-01
4.646238088607788086e-01
4.786040484905242920e-01
3.311619281768798828e+00
5.383710384368896484e+00
9.913344383239746094e-01
5.428051948547363281e-01
1.405336976051330566e+00
1.823396980762481689e-01
9.722209572792053223e-01
3.248304605484008789e+00
1.197193503379821777e+00
4.082837998867034912e-01
1.808663964271545410e+00
1.674567461013793945e+00
1.452439874410629272e-01
6.330804824829101562e-01
3.111678175628185272e-02
3.719514934346079826e-03
3.412426233291625977e+00
1.105464026331901550e-01
4.736478254199028015e-02
5.009744316339492798e-02
3.001029014587402344e+00
1.048189252614974976e-01
9.463647380471229553e-03
5.170757174491882324e-01
1.745763719081878662e-01
2.929434478282928467e-01
2.086050659418106079e-01
8.591991662979125977e-02
2.385600805282592773e+00
4.467830955982208252e-01
6.824913024902343750e-01
6.077621579170227051e-01
1.942607611417770386e-01
5.293111205101013184e-01
2.129009366035461426e-01
5.384030342102050781e-01
2.767150163650512695e+00
6.481989026069641113e-01
1.250093817710876465e+00
1.071539074182510376e-01
3.631263971328735352e-02
0.000000000000000000e+00
9.034708738327026367e-01
1.111866593360900879e+00
3.370607504621148109e-03
1.111410021781921387e+00
1.899600476026535034e-01
1.633944869041442871e+00
1.566066890954971313e-01
3.794568181037902832e-01
0.000000000000000000e+00
2.767872333526611328e+00
2.325447946786880493e-01
9.747982025146484375e-01
1.456017047166824341e-01
3.986877799034118652e-01
1.764353871345520020e+00
1.408072471618652344e+00
8.896613717079162598e-01
0.000000000000000000e+00
6.317511796951293945e-01
1.983717679977416992e-01
1.815312743186950684e+00
7.922537624835968018e-04
6.376464366912841797e-01
9.286268800497055054e-02
1.199134960770606995e-01
5.526055693626403809e-01
2.436475276947021484e+00
0.000000000000000000e+00
5.310585498809814453e-01
6.885005235671997070e-01
2.702154815196990967e-01
1.692811399698257446e-01
6.765215992927551270e-01
1.898259282112121582e+00
1.125518814660608768e-03
1.247047901153564453e+00
3.019192814826965332e-01
1.531084179878234863e+00
3.401376605033874512e-01
1.488455295562744141e+00
9.297116100788116455e-02
2.139706863090395927e-03
3.301530182361602783e-01
1.469270139932632446e-01
0.000000000000000000e+00
1.542093873023986816e+00
6.160015985369682312e-02
5.970242619514465332e-01
4.125846326351165771e-01
7.871303707361221313e-03
1.243296414613723755e-01
0.000000000000000000e+00
2.372754812240600586e-01
1.169573888182640076e-02
2.209120750427246094e+00
2.440111875534057617e+00
1.685250252485275269e-01
8.029384613037109375e-01
1.425623446702957153e-01
3.674348890781402588e-01
5.288383364677429199e-01
1.172206878662109375e+00
5.007532238960266113e-02
7.650269269943237305e-01
3.067150712013244629e-01
1.537851393222808838e-01
1.059699431061744690e-01
0.000000000000000000e+00
6.757879629731178284e-03
0.000000000000000000e+00
1.785383820533752441e+00
3.495315790176391602e+00
1.054002121090888977e-01
2.115519717335700989e-02
1.474231123924255371e+00
5.086044669151306152e-01
4.510700404644012451e-01
1.947511583566665649e-01
4.499512165784835815e-02
1.688535690307617188e+00
4.681680500507354736e-01
3.521872311830520630e-02
5.432454347610473633e-01
5.678175091743469238e-01
3.426620960235595703e-01
3.634192645549774170e-01
1.613770239055156708e-02
8.238165378570556641e-01
4.003788948059082031e+00
0.000000000000000000e+00
2.199032343924045563e-02
1.208624720573425293e+00
1.113118417561054230e-02
1.590890526771545410e+00
1.706208661198616028e-02
9.249141216278076172e-01
1.363475203514099121e+00
1.065624117851257324e+00
1.417656540870666504e+00
1.458502650260925293e+00
5.503153204917907715e-01
4.518669605255126953e+00
3.081142902374267578e-01
3.689117729663848877e-02
1.578242182731628418e-01
2.092614173889160156e+00
5.533524155616760254e-01
5.632583498954772949e-01
1.771564185619354248e-01
2.236869573593139648e+00
1.628485471010208130e-01
1.163766607642173767e-01
7.254734039306640625e-01
5.157837867736816406e-01
6.824226379394531250e-01
1.148739084601402283e-02
1.143805012106895447e-01
0.000000000000000000e+00
0.000000000000000000e+00
2.649043798446655273e-01
2.713250637054443359e+00
8.568801730871200562e-02
1.696518659591674805e-01
3.866835031658411026e-03
3.159925341606140137e-01
7.896672487258911133e-01
6.916894912719726562e+00
0.000000000000000000e+00
1.970148459076881409e-02
6.055448949337005615e-02
6.279639899730682373e-02
0.000000000000000000e+00
5.683958157896995544e-02
1.536804586648941040e-01
2.041400671005249023e+00
1.985974162817001343e-01
0.000000000000000000e+00
2.757234126329421997e-02
4.265448153018951416e-01
1.877962029539048672e-03
3.074305364862084389e-03
0.000000000000000000e+00
1.267334818840026855e-01
1.095457673072814941e+00
5.747356265783309937e-02
9.312707185745239258e-02
3.095218241214752197e-01
1.218497872352600098e+00
5.305175781250000000e-01
2.635292410850524902e-01
1.204461574554443359e+00
1.612927198410034180e+00
7.329095005989074707e-01
1.075167775154113770e+00
6.843577623367309570e-01
0.000000000000000000e+00
1.862142793834209442e-02
9.184223413467407227e-01
1.636233925819396973e-01
6.125568151473999023e-01
2.520381927490234375e+00
4.770536124706268311e-01
4.415624737739562988e-01
2.436786741018295288e-01
2.297607623040676117e-02
9.933698773384094238e-01
1.208739638328552246e+00
9.239281415939331055e-01
8.911697864532470703e-01
1.343838095664978027e+00
1.586305022239685059e+00
1.157186627388000488e-01
8.057765960693359375e-01
7.356524467468261719e-01
8.409967273473739624e-02
7.828316092491149902e-01
0.000000000000000000e+00
1.129699796438217163e-01
6.824254989624023438e-01
0.000000000000000000e+00
7.213020697236061096e-03
5.342609286308288574e-01
1.188298985362052917e-01
5.331983566284179688e-01
1.466254115104675293e+00
1.298587322235107422e+00
6.372387707233428955e-02
1.663666367530822754e+00
1.157391309738159180e+00
0.000000000000000000e+00
1.623637437820434570e+00
2.288019359111785889e-01
1.235753372311592102e-01
2.934102416038513184e-01
2.808606863021850586e+00
4.973770380020141602e-01
1.297687143087387085e-01
6.136491894721984863e-01
2.039646031334996223e-03
2.975327014923095703e+00
7.554152607917785645e-02
4.661581814289093018e-01
4.680459499359130859e-01
2.046042978763580322e-01
1.867788285017013550e-01
1.029396653175354004e+00
9.565559774637222290e-02
8.154802024364471436e-02
2.336074970662593842e-02
6.121640279889106750e-02
5.876823887228965759e-02
7.237993478775024414e-01
3.565234243869781494e-01
1.063569355756044388e-02
9.147572517395019531e-02
0.000000000000000000e+00
7.110992670059204102e-01
5.083884596824645996e-01
5.393908172845840454e-02
1.941217780113220215e-01
1.431053429841995239e-01
7.719590663909912109e-01
4.931300282478332520e-01
9.669953584671020508e-01
1.160199522972106934e+00
9.367010593414306641e-01
3.932293877005577087e-02
4.626787900924682617e-01
2.787616550922393799e-01
7.841991186141967773e-01
9.032084047794342041e-02
0.000000000000000000e+00
2.405797988176345825e-01
1.767990738153457642e-01
6.008151173591613770e-02
1.673379987478256226e-01
2.180341035127639771e-01
3.642029464244842529e-01
0.000000000000000000e+00
7.845616936683654785e-01
1.311868876218795776e-01
7.460394501686096191e-01
1.327110767364501953e+00
1.234441101551055908e-01
1.708528846502304077e-01
1.390134543180465698e-02
6.563146114349365234e-01
2.393146902322769165e-01
3.624825179576873779e-01
8.300907015800476074e-01
4.131523609161376953e+00
1.459447979927062988e+00
4.163933098316192627e-01
1.968964189291000366e-01
2.717245602980256081e-03
1.785191707313060760e-02
2.315863370895385742e-01
0.000000000000000000e+00
0.000000000000000000e+00
9.414971619844436646e-02
5.014828965067863464e-02
1.288924515247344971e-01
2.964902296662330627e-02
1.815862804651260376e-01
7.302806377410888672e-01
3.086979873478412628e-02
9.363146424293518066e-01
4.754678532481193542e-02
2.390773966908454895e-02
0.000000000000000000e+00
7.245045155286788940e-02
1.131122112274169922e+00
7.140907109715044498e-04
1.548606436699628830e-03
4.944258332252502441e-01
2.538400590419769287e-01
1.172049641609191895e+00
5.077087283134460449e-01
0.000000000000000000e+00
1.863618135452270508e+00
5.518360137939453125e-01
2.824308536946773529e-02
1.425392343662679195e-03
1.109948009252548218e-01
5.181321129202842712e-02
1.965069174766540527e-01
2.235843688249588013e-01
1.464589953422546387e+00
1.168316602706909180e+00
3.742246329784393311e-01
2.907844483852386475e-01
0.000000000000000000e+00
2.658382952213287354e-01
1.915439777076244354e-02
3.170823678374290466e-02
1.103514552116394043e+00
8.138967752456665039e-01
6.225336790084838867e-01
6.411226466298103333e-03
5.427208915352821350e-02
3.876206576824188232e-01
3.400036394596099854e-01
6.112258434295654297e-01
1.515096276998519897e-01
1.206889934837818146e-02
4.142531454563140869e-01
9.143366813659667969e-01
2.287797071039676666e-02
2.960198819637298584e-01
2.059934893622994423e-03
1.980009377002716064e-01
1.336614131927490234e+00
1.322298496961593628e-01
6.284229159355163574e-01
1.387477278709411621e+00
1.981571078300476074e+00
5.572837591171264648e-01
8.188664913177490234e-01
1.659678339958190918e+00
2.483852624893188477e+00
2.678282093256711960e-03
3.258080184459686279e-01
1.002306222915649414e+00
7.769442200660705566e-01
1.065537929534912109e+00
1.013588666915893555e+00
3.176485002040863037e-02
2.718577533960342407e-02
1.750030927360057831e-02
4.139879345893859863e-02
5.038668513298034668e-01
2.451454848051071167e-02
1.966847538948059082e+00
1.744713068008422852e+00
5.515822768211364746e-01
0.000000000000000000e+00
3.810179531574249268e-01
0.000000000000000000e+00
0.000000000000000000e+00
0.000000000000000000e+00
1.971835643053054810e-01
8.008327484130859375e-01
1.773500815033912659e-02
0.000000000000000000e+00
3.703278303146362305e-01
3.586682975292205811e-01
2.806835621595382690e-02
1.773979306221008301e+00
3.101148009300231934e-01
1.932500749826431274e-01
6.983097195625305176e-01
4.580125510692596436e-01
2.183814525604248047e+00
0.000000000000000000e+00
7.401806712150573730e-01
1.137628316879272461e+00
7.593089938163757324e-01
1.347241759300231934e+00
2.524022161960601807e-01
1.260612964630126953e+00
4.527853727340698242e-01
9.024138003587722778e-02
1.140722781419754028e-01
5.428937673568725586e-01
2.194728851318359375e+00
3.377215266227722168e-01
6.478695869445800781e-01
1.762295484542846680e+00
1.695361137390136719e-01
8.592969179153442383e-02
4.711839370429515839e-03
2.411197870969772339e-01
7.007522135972976685e-02
0.000000000000000000e+00
1.710108160972595215e+00
1.461098790168762207e+00
1.288255602121353149e-01
8.203222751617431641e-01
1.541515350341796875e+00
3.217136487364768982e-02
2.312172055244445801e-01
1.164585500955581665e-01
4.166623577475547791e-02
0.000000000000000000e+00
3.607922792434692383e-02
0.000000000000000000e+00
4.356782734394073486e-01
3.114516437053680420e-01
1.205804105848073959e-02
1.227981373667716980e-01
1.387873739004135132e-01
2.856622219085693359e+00
4.398334771394729614e-03
9.496753662824630737e-02
1.770077645778656006e-01
8.255059123039245605e-01
1.881964504718780518e-01
9.452270343899726868e-03
1.754697859287261963e-01
3.348417282104492188e-01
1.762738823890686035e+00
1.350684016942977905e-01
1.230117678642272949e-01
1.054773092269897461e+00
2.785106748342514038e-02
4.464893639087677002e-01
5.304372906684875488e-01
2.894293963909149170e-01
7.825587987899780273e-01
7.387648522853851318e-02
1.163315534591674805e+00
1.798928976058959961e+00
3.825649917125701904e-01
2.079388856887817383e+00
2.682381868362426758e-01
1.036267995834350586e+00
2.966391444206237793e-01
2.150854328647255898e-03
1.426927804946899414e+00
3.668360710144042969e-01
1.073411703109741211e+00
1.736942976713180542e-01
5.351725220680236816e-01
1.277703493833541870e-01
2.032439224421977997e-02
2.220271587371826172e+00
1.991893500089645386e-01
0.000000000000000000e+00
4.579743742942810059e-01
1.216701045632362366e-01
8.513780832290649414e-01
3.874027431011199951e-01
2.718777209520339966e-02
1.438368707895278931e-01
1.860227227210998535e+00
4.213287830352783203e-01
8.315274491906166077e-03
1.731628775596618652e-01
1.718018949031829834e-01
6.231278777122497559e-01
1.260933876037597656e-01
5.057701375335454941e-03
1.334937214851379395e+00
1.591329425573348999e-01
4.814637899398803711e-01
7.742990553379058838e-02
1.908543519675731659e-02
0.000000000000000000e+00
1.724462628364562988e+00
1.851308345794677734e-01
2.820549011230468750e-01
1.120023012161254883e+00
2.007995098829269409e-01
1.316747441887855530e-02
3.818255066871643066e-01
6.132553219795227051e-01
1.588897943496704102e+00
1.562690138816833496e+00
8.217141628265380859e-01
3.566091954708099365e-01
5.043998360633850098e-01
1.870809006504714489e-03
1.080823875963687897e-02
