8.260763883590698242e-01
0.000000000000000000e+00
2.204791605472564697e-01
1.817216038703918457e+00
1.353645563125610352e+00
1.900388747453689575e-01
3.173239827156066895e-01
2.674055099487304688e+00
5.575161457061767578e+00
1.172876954078674316e+00
3.584653139114379883e-03
9.669652581214904785e-01
3.370464146137237549e-01
1.070014595985412598e+00
2.461413383483886719e+00
5.210828781127929688e-01
8.996262550354003906e-01
3.660849571228027344e+00
1.306055426597595215e+00
1.191285476088523865e-01
1.918252706527709961e+00
0.000000000000000000e+00
1.920940913259983063e-02
1.735753536224365234e+00
3.973669707775115967e-01
0.000000000000000000e+00
2.995072007179260254e-01
3.252412080764770508e+00
6.408591866493225098e-01
1.022093743085861206e-01
1.189420446753501892e-01
3.473772108554840088e-02
1.009703636169433594e+00
5.594094395637512207e-01
2.821274399757385254e-01
2.400579690933227539e+00
4.703443348407745361e-01
1.232843473553657532e-01
1.358166456222534180e+00
9.684303402900695801e-02
9.139214456081390381e-02
1.016405344009399414e+00
5.277248024940490723e-01
4.676381587982177734e+00
7.152370214462280273e-01
4.841370880603790283e-01
2.722194790840148926e-01
5.288597941398620605e-01
1.654277890920639038e-01
1.352117896080017090e+00
2.135927677154541016e+00
0.000000000000000000e+00
1.664468884468078613e+00
1.838071942329406738e-01
8.893311619758605957e-01
1.892248750664293766e-03
1.162306666374206543e+00
4.737575650215148926e-01
6.757317185401916504e-01
3.981249928474426270e-01
6.377789378166198730e-02
2.760524451732635498e-01
2.070604590699076653e-03
5.168616771697998047e-01
1.340859413146972656e+00
4.745748043060302734e-01
0.000000000000000000e+00
6.600062847137451172e-01
4.834966361522674561e-01
6.664054095745086670e-02
0.000000000000000000e+00
6.794930994510650635e-02
2.723409794270992279e-02
1.627469420433044434e+00
5.790299773216247559e-01
1.141537070274353027e+00
0.000000000000000000e+00
7.119117379188537598e-01
5.878428220748901367e-01
1.451361775398254395e+00
0.000000000000000000e+00
3.532938957214355469e-01
2.620872497558593750e+00
1.910012662410736084e-01
1.661941766738891602e+00
1.656011119484901428e-02
1.543588519096374512e+00
4.696299787610769272e-03
3.186323642730712891e-01
3.871309757232666016e-02
1.861933916807174683e-01
1.800952851772308350e-01
5.267741507850587368e-04
0.000000000000000000e+00
2.774589359760284424e-01
3.170928359031677246e-01
1.161441564559936523e+00
1.135054007172584534e-01
1.688846647739410400e-01
7.653255015611648560e-03
3.646983951330184937e-02
1.296170651912689209e-01
8.847148716449737549e-02
3.978011012077331543e-01
1.315573811531066895e+00
2.181623429059982300e-01
9.083293676376342773e-01
3.789286911487579346e-01
5.286868214607238770e-01
2.233440130949020386e-01
1.601001739501953125e+00
6.182727520354092121e-04
1.182194948196411133e+00
3.689137697219848633e-01
8.885782957077026367e-01
1.480862498283386230e-01
1.876668334007263184e-01
8.823975920677185059e-02
2.529945075511932373e-01
2.400910615921020508e+00
1.539996981620788574e+00
2.817744910717010498e-01
2.047979459166526794e-02
9.353058934211730957e-01
1.254605531692504883e+00
7.230146527290344238e-01
0.000000000000000000e+00
1.010935187339782715e+00
2.179311275482177734e+00
3.460916504263877869e-02
0.000000000000000000e+00
6.832125782966613770e-01
4.226482808589935303e-01
3.181031346321105957e-02
6.361914277076721191e-01
1.365641970187425613e-02
6.888794898986816406e-02
5.379584312438964844e+00
0.000000000000000000e+00
3.737061098217964172e-02
6.869394779205322266e-01
6.168839931488037109e-01
1.311537384986877441e+00
0.000000000000000000e+00
2.144888937473297119e-01
7.317357063293457031e-01
5.794472694396972656e-01
8.893348574638366699e-01
7.559828162193298340e-01
1.981204450130462646e-01
6.812178611755371094e+00
2.687931358814239502e-01
1.174800395965576172e-01
9.680345058441162109e-01
2.154151916503906250e+00
1.018856048583984375e+00
1.177109107375144958e-01
2.800416946411132812e-01
1.698696136474609375e+00
1.637850403785705566e-01
1.775924563407897949e-01
1.424501776695251465e+00
1.648681879043579102e+00
5.680409669876098633e-01
2.007161825895309448e-01
2.516047656536102295e-01
3.772615641355514526e-02
0.000000000000000000e+00
1.071079254150390625e+00
3.678386926651000977e+00
5.674714446067810059e-01
5.193482041358947754e-01
6.678143143653869629e-02
7.370567917823791504e-01
4.796520620584487915e-02
5.937513351440429688e+00
0.000000000000000000e+00
6.284725666046142578e-02
5.503581166267395020e-01
2.190056443214416504e-01
0.000000000000000000e+00
0.000000000000000000e+00
2.767321169376373291e-01
2.610798120498657227e+00
4.692438989877700806e-02
1.570640131831169128e-02
6.178264021873474121e-01
7.715160250663757324e-01
2.441698219627141953e-03
5.245968326926231384e-02
6.657765060663223267e-02
2.415658533573150635e-01
5.509678721427917480e-01
1.221570730209350586e+00
1.221003293991088867e+00
7.862050533294677734e-01
2.183435708284378052e-01
3.785973787307739258e-01
4.508399367332458496e-01
5.156299471855163574e-01
1.211003303527832031e+00
2.701112031936645508e-01
8.701111078262329102e-01
1.228047013282775879e+00
3.117624819278717041e-01
1.587393879890441895e-01
3.306210637092590332e-01
3.220623433589935303e-01
9.255301952362060547e-02
1.659699440002441406e+00
7.947244495153427124e-02
6.180592253804206848e-02
9.981420040130615234e-01
1.183993577957153320e+00
1.408538937568664551e+00
9.620426297187805176e-01
1.451635360717773438e-01
3.814263269305229187e-02
1.493350505828857422e+00
1.617060899734497070e+00
1.509591341018676758e-01
7.306806445121765137e-01
1.895690262317657471e-01
0.000000000000000000e+00
1.842484623193740845e-02
5.534772761166095734e-03
1.252025514841079712e-01
6.014706566929817200e-02
0.000000000000000000e+00
1.838186569511890411e-02
3.530526459217071533e-01
1.788347959518432617e-01
9.326269626617431641e-01
2.193384170532226562e+00
1.675786226987838745e-01
6.053286790847778320e-01
2.244375228881835938e+00
3.215872049331665039e-01
1.101457774639129639e-01
8.433201909065246582e-01
2.021070756018161774e-02
5.210569500923156738e-02
4.816528558731079102e-01
3.658126115798950195e+00
1.277455329895019531e+00
3.410463035106658936e-01
7.779377102851867676e-01
4.693422932177782059e-03
9.739368557929992676e-01
6.399097442626953125e-01
4.386467859148979187e-02
4.496503472328186035e-01
1.771935820579528809e-01
1.801579236984252930e+00
8.503049612045288086e-01
4.030782356858253479e-02
2.727379463613033295e-02
0.000000000000000000e+00
4.122015535831451416e-01
4.264712035655975342e-01
5.573827624320983887e-01
1.487483233213424683e-01
2.360719069838523865e-02
2.210756065323948860e-03
0.000000000000000000e+00
0.000000000000000000e+00
2.054864883422851562e+00
1.519489288330078125e-02
8.305738866329193115e-02
5.965161323547363281e-02
1.044942021369934082e+00
1.972457580268383026e-02
1.032428979873657227e+00
1.825555115938186646e-01
5.685494840145111084e-02
7.609086036682128906e-01
5.140344053506851196e-02
1.124417185783386230e+00
1.070144295692443848e+00
0.000000000000000000e+00
2.557530701160430908e-01
2.656728029251098633e-01
7.205795049667358398e-01
5.473448038101196289e-01
3.413644731044769287e-01
9.708550572395324707e-01
9.575162529945373535e-01
0.000000000000000000e+00
3.862239718437194824e-01
1.521125342696905136e-02
2.368414163589477539e+00
1.006729245185852051e+00
9.035834670066833496e-02
5.193414539098739624e-02
1.546862274408340454e-01
4.312634766101837158e-01
6.382468938827514648e-01
1.941552758216857910e-01
1.194569349288940430e+00
5.111615180969238281e+00
8.153132200241088867e-01
1.138708889484405518e-01
6.338790990412235260e-03
1.823559552431106567e-01
2.046421356499195099e-02
1.369361728429794312e-01
5.640889983624219894e-03
0.000000000000000000e+00
0.000000000000000000e+00
1.342629194259643555e-01
5.146203041076660156e-01
1.039705276489257812e-01
7.254870235919952393e-02
1.006485939025878906e+00
3.248110413551330566e-01
9.367606788873672485e-02
0.000000000000000000e+00
2.932424545288085938e-01
4.367924928665161133e-01
1.806526929140090942e-01
1.428447008132934570e+00
0.000000000000000000e+00
3.944827318191528320e-01
1.093556731939315796e-01
1.915024667978286743e-01
1.267209649085998535e+00
2.173799127340316772e-01
0.000000000000000000e+00
1.274889349937438965e+00
3.023695349693298340e-01
0.000000000000000000e+00
0.000000000000000000e+00
4.943888783454895020e-01
2.952116429805755615e-01
8.585011214017868042e-02
1.822580546140670776e-01
9.657849669456481934e-01
1.831353157758712769e-01
8.209681510925292969e-01
2.166301488876342773e+00
1.936792284250259399e-01
7.093197200447320938e-03
2.082494795322418213e-01
4.531840328127145767e-03
1.008931875228881836e+00
2.240719795227050781e-01
4.871498793363571167e-02
1.380433291196823120e-01
7.606845498085021973e-01
4.078717529773712158e-01
1.603225171566009521e-01
1.046159029006958008e+00
3.477025628089904785e-01
2.353843897581100464e-01
3.375394344329833984e-01
8.619182109832763672e-01
0.000000000000000000e+00
2.007766962051391602e-01
4.463275149464607239e-02
4.854281842708587646e-01
6.676591932773590088e-02
3.792105615139007568e-02
6.269010305404663086e-01
5.493293404579162598e-01
2.167301416397094727e+00
9.695600271224975586e-01
1.067267894744873047e+00
9.480570554733276367e-01
1.435034155845642090e+00
0.000000000000000000e+00
1.207686901092529297e+00
6.655200123786926270e-01
5.576155185699462891e-01
4.778877645730972290e-02
9.991497397422790527e-01
2.236746251583099365e-02
3.132472559809684753e-02
3.633964061737060547e-02
1.063953246921300888e-02
5.505773425102233887e-01
1.145819798111915588e-01
2.678952455520629883e+00
1.514039635658264160e+00
1.556236892938613892e-01
3.680938109755516052e-02
5.144007205963134766e-01
0.000000000000000000e+00
0.000000000000000000e+00
0.000000000000000000e+00
1.204675137996673584e-01
2.549546658992767334e-01
1.200934778898954391e-02
3.815332800149917603e-02
3.810514211654663086e-01
3.026897609233856201e-01
5.952373519539833069e-02
2.027503252029418945e+00
3.069665841758251190e-02
0.000000000000000000e+00
8.399946093559265137e-01
5.911699533462524414e-01
1.727390289306640625e+00
9.962429292500019073e-03
2.270753979682922363e-01
1.352590203285217285e+00
9.408470988273620605e-01
6.430636048316955566e-01
3.669824302196502686e-01
1.636701703071594238e+00
4.257945418357849121e-01
8.404798507690429688e-01
7.983633317053318024e-03
8.697924017906188965e-02
1.580096364021301270e+00
1.187251135706901550e-01
5.124175921082496643e-03
4.537486076354980469e+00
7.312085479497909546e-02
1.058535575866699219e+00
4.289261102676391602e-01
5.586699768900871277e-02
8.520298004150390625e-01
0.000000000000000000e+00
2.612094640731811523e+00
1.150656104087829590e+00
3.991607129573822021e-01
1.326559662818908691e+00
1.428081870079040527e+00
8.395819924771785736e-03
1.422502756118774414e+00
2.633288800716400146e-01
3.900958225131034851e-02
1.772576570510864258e-01
3.048175573348999023e-02
3.403613865375518799e-01
5.401442050933837891e-01
1.971343308687210083e-01
0.000000000000000000e+00
4.602784812450408936e-01
4.464228749275207520e-01
9.503782391548156738e-01
2.450714819133281708e-04
1.799102723598480225e-01
3.525020778179168701e-01
8.577197790145874023e-01
0.000000000000000000e+00
4.349762573838233948e-02
8.416830562055110931e-03
9.476342797279357910e-01
1.373424530029296875e+00
1.096272110939025879e+00
2.900464534759521484e-01
2.019416570663452148e+00
3.743141889572143555e-02
1.304424285888671875e+00
6.096944808959960938e-01
4.170083999633789062e-01
4.645717144012451172e-01
0.000000000000000000e+00
1.474111199378967285e+00
2.163004398345947266e+00
1.861467510461807251e-01
2.949643135070800781e+00
1.510035693645477295e-01
8.101383447647094727e-01
1.094389930367469788e-01
1.033163256943225861e-02
3.061289489269256592e-01
1.409239172935485840e+00
1.368139863014221191e+00
9.127315133810043335e-03
5.498532652854919434e-01
2.737033069133758545e-01
5.154537558555603027e-01
2.588465452194213867e+00
8.611716032028198242e-01
8.318683132529258728e-03
4.171274304389953613e-01
4.558125883340835571e-02
6.412679553031921387e-01
2.594866752624511719e-01
0.000000000000000000e+00
1.376069989055395126e-02
7.222571969032287598e-01
4.435130059719085693e-01
4.590890835970640182e-03
3.754985034465789795e-01
9.605908766388893127e-03
1.805486559867858887e+00
1.564436852931976318e-01
4.346156120300292969e-01
2.096046060323715210e-01
2.893779613077640533e-02
4.854234755039215088e-01
7.948077321052551270e-01
1.729981303215026855e-01
5.895068645477294922e-01
2.180981874465942383e+00
1.703846156597137451e-01
0.000000000000000000e+00
4.465261101722717285e-01
2.404610395431518555e+00
4.665625989437103271e-01
1.710239648818969727e+00
8.189505338668823242e-01
1.752957701683044434e+00
1.542856097221374512e+00
1.101710438728332520e+00
1.588860154151916504e-01
8.747043013572692871e-01
2.019712701439857483e-03
6.413324177265167236e-02
