1.334109544754028320e+00
0.000000000000000000e+00
1.465052813291549683e-01
9.879217743873596191e-01
7.383212447166442871e-01
2.258474081754684448e-01
7.711897492408752441e-01
2.988437175750732422e+00
2.431020975112915039e+00
6.592308878898620605e-01
1.033653378486633301e+00
5.789629817008972168e-01
1.817134022712707520e+00
6.007553339004516602e-01
2.186925411224365234e+00
3.322823941707611084e-01
1.276878416538238525e-01
1.916840791702270508e+00
5.135109424591064453e-01
8.528684079647064209e-02
1.434328675270080566e+00
4.446967244148254395e-01
3.696375489234924316e-01
1.801531434059143066e+00
1.044459044933319092e-01
7.343927621841430664e-01
1.527020215988159180e+00
3.819095373153686523e+00
1.120186328887939453e+00
6.364910863339900970e-03
9.320086836814880371e-01
1.345108032226562500e+00
1.551498621702194214e-01
3.693858981132507324e-01
1.091923564672470093e-01
1.900853991508483887e+00
4.712311923503875732e-01
5.697344541549682617e-01
9.671110510826110840e-01
1.401573866605758667e-01
1.281158626079559326e-01
4.008070528507232666e-01
5.485917329788208008e-01
2.629900217056274414e+00
1.614609956741333008e+00
3.661532700061798096e-01
8.691557049751281738e-01
5.278320312500000000e-01
5.075634717941284180e-01
1.107814535498619080e-01
8.568367362022399902e-01
6.629049032926559448e-02
2.221077919006347656e+00
3.081817924976348877e-01
1.527283906936645508e+00
9.230563789606094360e-02
1.402120709419250488e+00
3.528315201401710510e-02
6.224507093429565430e-01
2.892470657825469971e-01
5.936301946640014648e-01
6.637948155403137207e-01
9.846673607826232910e-01
5.222817063331604004e-01
5.274395942687988281e-01
1.538079977035522461e+00
9.657924994826316833e-03
6.116380095481872559e-01
2.774512171745300293e-01
3.241232633590698242e-01
5.208634212613105774e-02
6.482662558555603027e-01
1.519922167062759399e-01
5.420131087303161621e-01
1.171918988227844238e+00
1.442215442657470703e+00
2.596731185913085938e-01
1.096165738999843597e-02
4.506987519562244415e-03
7.191880345344543457e-01
8.010819554328918457e-02
4.083220064640045166e-01
1.015808582305908203e+00
1.525732994079589844e+00
7.131253480911254883e-01
1.297296397387981415e-02
2.089297771453857422e+00
3.760592043399810791e-01
5.591693520545959473e-01
5.318577885627746582e-01
6.786866188049316406e-01
1.129086136817932129e+00
9.605477452278137207e-01
0.000000000000000000e+00
9.679700732231140137e-01
2.947311997413635254e-01
3.360827267169952393e-01
2.451211363077163696e-01
1.585917919874191284e-02
7.584393490105867386e-03
5.797025561332702637e-01
3.206552239134907722e-03
9.665148705244064331e-02
1.043578028678894043e+00
3.310854434967041016e+00
7.684274911880493164e-01
4.390254318714141846e-01
8.217350579798221588e-03
6.103181242942810059e-01
9.741306304931640625e-01
7.795736789703369141e-01
0.000000000000000000e+00
1.157110810279846191e+00
3.642006516456604004e-01
7.450236678123474121e-01
2.244674861431121826e-01
2.632772922515869141e-02
3.898775875568389893e-01
1.106031760573387146e-01
1.656880617141723633e+00
2.077480792999267578e+00
8.657120168209075928e-02
5.576630234718322754e-01
4.952461719512939453e-01
1.610016822814941406e+00
4.977732896804809570e-01
2.560857534408569336e-01
9.373602806590497494e-04
3.055360794067382812e+00
7.710734754800796509e-02
3.435858711600303650e-02
3.665415346622467041e-01
4.981174133718013763e-03
2.346562892198562622e-01
9.244799017906188965e-01
3.174626529216766357e-01
2.821157276630401611e-01
2.803671121597290039e+00
9.895442426204681396e-02
3.399351537227630615e-01
1.748037457466125488e+00
3.305723965167999268e-01
2.283406972885131836e+00
6.495235860347747803e-02
4.685933589935302734e-01
2.374845266342163086e+00
1.913246631622314453e+00
1.223992109298706055e+00
9.804448485374450684e-01
9.038191437721252441e-01
2.556971549987792969e+00
9.136393070220947266e-01
4.361611604690551758e-01
1.809028685092926025e-01
1.376791000366210938e+00
5.869249701499938965e-01
4.374439418315887451e-01
2.463345825672149658e-01
8.354347348213195801e-01
2.924923598766326904e-01
6.795088052749633789e-01
6.279038190841674805e-01
1.649040341377258301e+00
1.340804457664489746e+00
0.000000000000000000e+00
2.113435268402099609e-01
1.842303276062011719e-01
8.685645461082458496e-02
4.517016112804412842e-01
2.654357194900512695e+00
1.896247118711471558e-01
6.043739318847656250e-01
3.764533102512359619e-01
8.767478168010711670e-02
6.958854501135647297e-04
5.507129669189453125e+00
0.000000000000000000e+00
2.649153172969818115e-01
1.999917477369308472e-01
3.951282501220703125e-01
5.756379961967468262e-01
8.575096726417541504e-02
9.191969037055969238e-01
4.107489883899688721e-01
5.270794779062271118e-02
5.906431674957275391e-01
7.846596091985702515e-02
6.245781183242797852e-01
5.490969866514205933e-02
3.333080410957336426e-01
1.609830409288406372e-01
5.321372747421264648e-01
1.442068934440612793e+00
1.045826673507690430e+00
7.423600554466247559e-02
4.102403223514556885e-01
9.064226746559143066e-01
4.987588524818420410e-01
7.563314437866210938e-01
1.164605855941772461e+00
1.508127093315124512e+00
9.932360053062438965e-01
1.284617781639099121e+00
5.729612112045288086e-01
1.322703361511230469e-01
3.181492388248443604e-01
1.280233860015869141e+00
3.755070269107818604e-01
3.499083220958709717e-02
3.405728101730346680e+00
6.596551835536956787e-02
1.002897262573242188e+00
6.826090812683105469e-01
2.025000005960464478e-02
1.731104969978332520e+00
2.080582141876220703e+00
2.078870296478271484e+00
4.452956616878509521e-01
1.505858600139617920e-01
5.088827610015869141e-01
8.751397132873535156e-01
2.495035976171493530e-01
1.261465430259704590e+00
3.117214441299438477e-01
3.246462941169738770e-01
2.636761367321014404e-01
2.771395742893218994e-01
1.178614348173141479e-01
1.319753378629684448e-02
1.847467124462127686e-01
1.654722541570663452e-01
5.580758675932884216e-03
7.062443532049655914e-03
1.350763678550720215e+00
5.883188843727111816e-01
7.766889929771423340e-01
1.340204477310180664e+00
1.016947865486145020e+00
0.000000000000000000e+00
2.397171974182128906e+00
5.137380585074424744e-02
7.219459414482116699e-01
3.013414442539215088e-01
2.216603279113769531e+00
4.953839480876922607e-01
3.420624136924743652e-01
2.109299659729003906e+00
2.785331569612026215e-03
3.790628433227539062e+00
9.130852222442626953e-01
1.293056756258010864e-01
9.402046203613281250e-01
6.139530539512634277e-01
2.613389194011688232e-01
7.770255804061889648e-01
4.799545407295227051e-01
1.084396481513977051e+00
1.565718948841094971e-01
5.321435630321502686e-03
1.545984864234924316e+00
8.644256591796875000e-01
8.638433814048767090e-01
6.171296536922454834e-02
4.144833683967590332e-01
3.465406000614166260e-01
6.491948664188385010e-02
3.825224637985229492e-01
6.635531187057495117e-01
9.947896003723144531e-02
2.297526597976684570e-02
1.638025403022766113e+00
4.353183805942535400e-01
6.714873909950256348e-01
1.538952350616455078e+00
8.386018276214599609e-01
3.458203077316284180e-01
0.000000000000000000e+00
4.706350862979888916e-01
8.348065614700317383e-01
5.561223719269037247e-03
1.141424775123596191e+00
4.302297532558441162e-01
1.730787903070449829e-01
4.624966979026794434e-01
8.721179366111755371e-01
3.091235458850860596e-01
1.498716950416564941e+00
8.544786833226680756e-03
1.068466663360595703e+00
3.808897435665130615e-01
1.380500555038452148e+00
4.163085222244262695e-01
2.415057718753814697e-01
5.960856080055236816e-01
4.044268727302551270e-01
7.128736376762390137e-01
7.480012178421020508e-01
4.209064841270446777e-01
8.063281178474426270e-01
3.862698554992675781e+00
1.628878712654113770e+00
8.891909718513488770e-01
5.587981939315795898e-01
1.111295819282531738e-02
2.379034161567687988e-01
3.142131865024566650e-01
2.741901576519012451e-01
2.711010347411502153e-05
1.392557867802679539e-03
1.862573772668838501e-01
8.220121264457702637e-01
5.931567549705505371e-01
4.329867660999298096e-02
8.161989599466323853e-02
9.621670842170715332e-01
7.266058772802352905e-02
1.000001654028892517e-01
1.287786364555358887e-01
1.783193498849868774e-01
3.536148071289062500e-01
2.961849272251129150e-01
3.047793507575988770e-01
3.016777150332927704e-02
1.519337177276611328e+00
2.159572988748550415e-01
1.126616001129150391e+00
1.203281402587890625e+00
1.051170304417610168e-01
1.444331884384155273e+00
1.583317965269088745e-01
2.135535515844821930e-02
0.000000000000000000e+00
4.402821362018585205e-01
2.736823260784149170e-01
3.029255941510200500e-02
1.777253001928329468e-01
1.397073626518249512e+00
8.472484350204467773e-01
1.064845561981201172e+00
1.161298751831054688e+00
3.433631956577301025e-01
8.524454832077026367e-01
9.642592817544937134e-02
1.792203187942504883e-01
3.207810401916503906e+00
6.165771484375000000e-01
5.763880014419555664e-01
1.393965333700180054e-01
5.460250377655029297e-02
1.890298873186111450e-01
1.214171051979064941e+00
4.747764766216278076e-01
6.954529881477355957e-02
5.287539958953857422e-02
9.525107145309448242e-01
5.326193571090698242e-02
0.000000000000000000e+00
3.860059008002281189e-02
4.867655783891677856e-02
6.241237521171569824e-01
1.213765978813171387e+00
1.785917431116104126e-01
2.823605537414550781e-01
7.831466794013977051e-01
1.606292366981506348e+00
2.034992128610610962e-01
2.041116237640380859e+00
4.518520832061767578e-01
2.361536741256713867e+00
5.467397347092628479e-02
3.171817064285278320e-01
2.651843726634979248e-01
1.262179732322692871e+00
1.186889767646789551e+00
3.613235652446746826e-01
2.172477394342422485e-01
1.334415525197982788e-01
4.022289514541625977e-01
5.065429210662841797e-01
5.222446322441101074e-01
7.396297454833984375e-01
7.304863333702087402e-01
1.340472459793090820e+00
5.945000648498535156e-01
8.939372003078460693e-02
1.163448333740234375e+00
1.069079991430044174e-02
0.000000000000000000e+00
9.388219565153121948e-03
1.776704043149948120e-01
7.044237107038497925e-02
4.350835680961608887e-01
6.126170158386230469e-01
1.088868826627731323e-01
6.312388777732849121e-01
2.810460031032562256e-01
7.694641351699829102e-01
6.756812334060668945e-02
6.222165226936340332e-01
7.599015533924102783e-02
3.475826382637023926e-01
2.371231079101562500e+00
1.409796997904777527e-03
3.821741044521331787e-01
1.230590581893920898e+00
7.989036440849304199e-01
1.684489965438842773e+00
4.101645648479461670e-01
6.560885310173034668e-01
6.337198019027709961e-01
9.909304976463317871e-01
4.024274945259094238e-01
9.073261171579360962e-02
7.861039042472839355e-01
1.005534529685974121e+00
3.236590027809143066e-01
8.370925784111022949e-01
1.343874216079711914e+00
6.644340157508850098e-01
6.799212098121643066e-01
4.054190814495086670e-01
4.569363296031951904e-01
0.000000000000000000e+00
2.398069143295288086e+00
1.189055085182189941e+00
3.652319312095642090e-02
5.786505341529846191e-01
8.353221416473388672e-01
1.393347084522247314e-01
1.225650869309902191e-02
2.733589112758636475e-01
5.277128219604492188e-01
2.788680791854858398e-01
9.681340306997299194e-03
2.685166336596012115e-02
4.279272854328155518e-01
2.838397026062011719e-01
7.736980319023132324e-01
2.651368379592895508e-01
6.888123601675033569e-02
1.132257342338562012e+00
4.830147325992584229e-02
1.070328429341316223e-01
1.865628063678741455e-01
5.627439916133880615e-02
1.557410657405853271e-01
1.453517526388168335e-01
4.733761250972747803e-01
6.835108399391174316e-01
1.003126621246337891e+00
6.329861283302307129e-01
6.642273664474487305e-01
5.827794075012207031e-01
3.002851270139217377e-02
7.823720574378967285e-01
2.418282777070999146e-01
4.493626952171325684e-01
6.354695558547973633e-01
6.390553712844848633e-01
1.613765954971313477e+00
2.559931278228759766e+00
1.309132575988769531e-01
1.181223750114440918e+00
5.972374081611633301e-01
4.119168594479560852e-02
9.701957702636718750e-01
8.448366820812225342e-02
1.073139190673828125e+00
4.288986027240753174e-01
1.554739832878112793e+00
2.488431893289089203e-02
7.425077557563781738e-01
2.737197279930114746e-01
1.113686114549636841e-01
1.415089011192321777e+00
5.899924039840698242e-01
8.698040619492530823e-03
9.399150609970092773e-01
3.257434070110321045e-02
5.638999938964843750e-01
1.145378127694129944e-01
2.238680608570575714e-02
2.344623506069183350e-01
1.437555432319641113e+00
5.378516316413879395e-01
5.903460383415222168e-01
5.596320629119873047e-01
6.510058045387268066e-01
6.891670823097229004e-01
5.929990112781524658e-02
6.195345520973205566e-01
4.181521534919738770e-01
1.636113375425338745e-01
5.258443355560302734e-01
1.293931752443313599e-01
1.064083203673362732e-01
1.384929940104484558e-02
5.583695173263549805e-01
3.816055357456207275e-01
5.423241853713989258e-01
9.731763005256652832e-01
7.616584897041320801e-01
1.111516132950782776e-01
5.625336766242980957e-01
6.374284625053405762e-01
4.568168520927429199e-01
9.495810270309448242e-01
2.188993692398071289e+00
3.522653505206108093e-02
1.424106836318969727e+00
4.047759473323822021e-01
8.972404897212982178e-02
