1.336956769227981567e-01
0.000000000000000000e+00
1.093327999114990234e-01
2.839141845703125000e+00
1.436159491539001465e+00
3.638356924057006836e-01
9.303900003433227539e-01
2.024001836776733398e+00
6.486779689788818359e+00
1.010787725448608398e+00
1.747790127992630005e-01
1.193734765052795410e+00
4.178271293640136719e-01
1.481263279914855957e+00
2.826270818710327148e+00
7.286984920501708984e-01
9.829608798027038574e-01
3.348698854446411133e+00
1.169278144836425781e+00
4.951374232769012451e-01
2.030921936035156250e+00
0.000000000000000000e+00
2.656935751438140869e-01
2.573696851730346680e+00
5.350354313850402832e-01
1.944977492094039917e-01
2.753913700580596924e-01
2.963589906692504883e+00
5.002086162567138672e-01
2.006812989711761475e-01
2.811448574066162109e-01
0.000000000000000000e+00
1.307763099670410156e+00
6.212802529335021973e-01
5.157344341278076172e-01
2.854814767837524414e+00
2.630106806755065918e-01
1.164719089865684509e-01
1.446333885192871094e+00
2.535955309867858887e-01
2.119075804948806763e-01
5.285171270370483398e-01
5.523924231529235840e-01
5.043851375579833984e+00
1.132705807685852051e+00
1.220047116279602051e+00
3.008717894554138184e-01
6.651857495307922363e-01
6.561807543039321899e-02
2.359557151794433594e+00
2.821074247360229492e+00
0.000000000000000000e+00
1.078992247581481934e+00
3.286055624485015869e-01
1.094488263130187988e+00
1.663428097963333130e-01
7.614426612854003906e-01
4.640889465808868408e-01
1.382206678390502930e+00
2.427050471305847168e-01
1.451581269502639771e-01
2.670583128929138184e-01
1.353081408888101578e-02
1.041631221771240234e+00
1.678708434104919434e+00
1.767527461051940918e-01
7.312554121017456055e-02
3.702007234096527100e-01
1.015554547309875488e+00
5.041089057922363281e-01
0.000000000000000000e+00
3.376352787017822266e-01
1.143049895763397217e-01
1.134200096130371094e+00
8.120828866958618164e-01
1.381748437881469727e+00
4.227700643241405487e-03
7.368338108062744141e-01
1.739268660545349121e+00
1.478980064392089844e+00
0.000000000000000000e+00
6.609616279602050781e-01
2.257966995239257812e+00
1.472864300012588501e-03
1.916233301162719727e+00
4.717553406953811646e-02
5.416177511215209961e-01
6.642964482307434082e-02
7.213039398193359375e-01
2.377687692642211914e-01
5.225976109504699707e-01
1.095401942729949951e-01
1.661433428525924683e-01
0.000000000000000000e+00
1.125612139701843262e+00
2.553629316389560699e-02
7.833740711212158203e-01
4.508765339851379395e-01
2.241751104593276978e-01
5.783440172672271729e-02
0.000000000000000000e+00
3.976589739322662354e-01
1.142616942524909973e-01
9.860657453536987305e-01
1.169168829917907715e+00
6.356219947338104248e-02
1.121642947196960449e+00
5.526927709579467773e-01
2.890610098838806152e-01
3.366105854511260986e-01
1.558312773704528809e+00
3.478336334228515625e-02
1.381106495857238770e+00
3.670040071010589600e-01
1.177667737007141113e+00
6.118151545524597168e-02
1.155343651771545410e-01
3.808303177356719971e-02
3.604393005371093750e-01
1.698365449905395508e+00
1.591198921203613281e+00
4.635466933250427246e-01
4.215482622385025024e-03
1.058911204338073730e+00
8.733257055282592773e-01
6.865159273147583008e-01
6.163144018501043320e-03
4.079770445823669434e-01
1.949464082717895508e+00
1.321351230144500732e-01
0.000000000000000000e+00
7.387807369232177734e-01
9.678828716278076172e-01
3.778177127242088318e-02
2.335030585527420044e-01
4.461399018764495850e-01
2.005805075168609619e-01
5.136958599090576172e+00
0.000000000000000000e+00
1.358096208423376083e-02
5.600433349609375000e-01
3.781502246856689453e-01
1.714623808860778809e+00
0.000000000000000000e+00
5.561327338218688965e-01
7.357465624809265137e-01
8.511138558387756348e-01
3.973025679588317871e-01
8.475779294967651367e-01
7.240757346153259277e-02
6.089584350585937500e+00
5.311828851699829102e-01
3.016828894615173340e-01
2.335530966520309448e-01
2.615753650665283203e+00
1.852485179901123047e+00
1.398953348398208618e-01
5.260943770408630371e-01
2.483599662780761719e+00
6.159552335739135742e-01
1.300695985555648804e-01
1.305990576744079590e+00
1.139551997184753418e+00
6.610661000013351440e-02
3.566495180130004883e-01
2.277552634477615356e-01
5.311433598399162292e-02
0.000000000000000000e+00
1.662591099739074707e+00
3.566833972930908203e+00
1.042619347572326660e+00
6.797609925270080566e-01
7.339833676815032959e-02
8.506628274917602539e-01
4.260736405849456787e-01
7.363319873809814453e+00
0.000000000000000000e+00
1.206756457686424255e-01
1.031947016716003418e+00
3.330142796039581299e-01
0.000000000000000000e+00
1.003418713808059692e-01
6.600019335746765137e-01
2.869681358337402344e+00
1.212057471275329590e-02
1.302389949560165405e-01
7.526755928993225098e-01
7.227627635002136230e-01
0.000000000000000000e+00
5.735865607857704163e-02
0.000000000000000000e+00
2.898077368736267090e-01
7.807660698890686035e-01
4.723761975765228271e-01
1.002126574516296387e+00
1.213526129722595215e+00
5.661273002624511719e-01
3.029579818248748779e-01
3.679326772689819336e-01
8.603203296661376953e-01
1.566035747528076172e+00
3.100147843360900879e-01
6.090748906135559082e-01
1.725759387016296387e+00
3.194206655025482178e-01
1.784719824790954590e-01
8.943949937820434570e-01
1.602519452571868896e-01
1.444998979568481445e-01
1.327895045280456543e+00
2.605046331882476807e-02
2.201516628265380859e-01
9.632981419563293457e-01
1.152362465858459473e+00
1.821004748344421387e+00
6.680634021759033203e-01
3.487128019332885742e-01
1.920887827873229980e-01
2.201820850372314453e+00
1.645773530006408691e+00
0.000000000000000000e+00
7.837064862251281738e-01
4.265025258064270020e-01
1.543286293745040894e-01
9.364636242389678955e-02
1.175401383079588413e-03
1.454247981309890747e-01
3.444251120090484619e-01
4.137137439101934433e-03
1.389767527580261230e-01
3.432046473026275635e-01
4.933780133724212646e-01
1.977980017662048340e+00
2.387187480926513672e+00
7.266576290130615234e-01
4.444742798805236816e-01
2.131434917449951172e+00
7.509416937828063965e-01
4.655326902866363525e-02
8.104230761528015137e-01
4.818070232868194580e-01
1.178155243396759033e-01
1.497742980718612671e-01
3.982671022415161133e+00
1.080000042915344238e+00
8.569771051406860352e-01
6.953209042549133301e-01
0.000000000000000000e+00
1.595109581947326660e+00
5.371269583702087402e-01
5.783100053668022156e-02
4.758948385715484619e-01
7.449122518301010132e-02
1.608054637908935547e+00
9.633743166923522949e-01
4.707875847816467285e-02
1.781937666237354279e-02
0.000000000000000000e+00
6.144705787301063538e-02
1.488323956727981567e-01
9.099806547164916992e-01
4.731048941612243652e-01
9.836035780608654022e-03
0.000000000000000000e+00
0.000000000000000000e+00
1.116931904107332230e-02
1.940384864807128906e+00
1.256257891654968262e-01
7.518514059484004974e-03
0.000000000000000000e+00
1.255048871040344238e+00
0.000000000000000000e+00
6.432183980941772461e-01
1.266929656267166138e-01
2.745861187577247620e-02
1.402838230133056641e+00
3.956683278083801270e-01
7.999818325042724609e-01
8.274883031845092773e-01
1.112338714301586151e-02
2.296770364046096802e-02
8.151367902755737305e-01
3.995136916637420654e-01
6.592605710029602051e-01
5.629764199256896973e-01
1.150034308433532715e+00
8.577723503112792969e-01
0.000000000000000000e+00
2.894697189331054688e-01
9.581571444869041443e-03
1.930011987686157227e+00
1.593893885612487793e+00
4.832264780998229980e-02
8.084505051374435425e-02
2.169071137905120850e-01
2.029139101505279541e-01
9.954943656921386719e-01
2.268553525209426880e-01
1.703773021697998047e+00
6.139183521270751953e+00
6.915739178657531738e-01
1.678075492382049561e-01
5.094128102064132690e-02
2.640932798385620117e-02
1.308194734156131744e-02
1.189759895205497742e-01
0.000000000000000000e+00
8.364790119230747223e-03
1.421751528978347778e-01
1.789651215076446533e-01
7.748357057571411133e-01
0.000000000000000000e+00
5.625809729099273682e-02
1.506276011466979980e+00
2.692523002624511719e-01
3.697245419025421143e-01
0.000000000000000000e+00
5.915762782096862793e-01
1.027560234069824219e+00
2.857193648815155029e-01
2.164326667785644531e+00
0.000000000000000000e+00
5.123628377914428711e-01
4.184921979904174805e-01
3.043011762201786041e-02
1.129750013351440430e+00
5.256513506174087524e-02
0.000000000000000000e+00
1.040823817253112793e+00
3.907177150249481201e-01
0.000000000000000000e+00
0.000000000000000000e+00
1.148241877555847168e+00
2.917243838310241699e-01
2.636936604976654053e-01
3.432023525238037109e-01
9.743030667304992676e-01
3.293175995349884033e-01
8.924728631973266602e-01
1.790457844734191895e+00
6.301569938659667969e-01
5.449245218187570572e-03
1.587021499872207642e-01
2.543570287525653839e-02
5.716696977615356445e-01
1.008802175521850586e+00
2.574623525142669678e-01
9.736127406358718872e-02
5.414801836013793945e-01
5.058566331863403320e-01
6.307854503393173218e-02
1.101361036300659180e+00
1.683579981327056885e-01
2.765097320079803467e-01
9.995579719543457031e-02
1.193165063858032227e+00
0.000000000000000000e+00
1.888334006071090698e-01
5.719917640089988708e-02
3.888269364833831787e-01
1.343157440423965454e-01
2.890488803386688232e-01
3.794251978397369385e-01
1.387661695480346680e+00
2.142379999160766602e+00
5.635819435119628906e-01
6.906863451004028320e-01
1.788040161132812500e+00
2.048209905624389648e+00
1.182224322110414505e-02
8.718379735946655273e-01
1.804945588111877441e+00
1.630352020263671875e+00
1.434444636106491089e-01
1.279783964157104492e+00
3.234408050775527954e-02
1.718383431434631348e-01
2.031421475112438202e-02
1.099589373916387558e-02
6.506236195564270020e-01
9.625113755464553833e-02
3.212536573410034180e+00
1.856307744979858398e+00
7.405785918235778809e-01
0.000000000000000000e+00
7.955926060676574707e-01
1.176825072616338730e-02
0.000000000000000000e+00
0.000000000000000000e+00
2.221926748752593994e-01
5.061619877815246582e-01
8.688313513994216919e-02
0.000000000000000000e+00
3.804962038993835449e-01
7.493337988853454590e-02
1.472983658313751221e-01
2.857679605484008789e+00
0.000000000000000000e+00
5.790515616536140442e-02
9.030724167823791504e-01
3.442956805229187012e-01
1.999233961105346680e+00
0.000000000000000000e+00
9.016001969575881958e-02
1.326635479927062988e+00
3.143876194953918457e-01
7.838417291641235352e-01
6.200961470603942871e-01
1.278705716133117676e+00
9.760043025016784668e-01
4.198529720306396484e-01
0.000000000000000000e+00
1.862155646085739136e-01
1.757725238800048828e+00
7.052513211965560913e-02
1.759827435016632080e-01
5.521466732025146484e+00
5.778142437338829041e-02
1.193892598152160645e+00
2.893739044666290283e-01
1.588369011878967285e-01
1.345287322998046875e+00
0.000000000000000000e+00
3.008042335510253906e+00
1.250786185264587402e+00
8.778693079948425293e-01
1.453830242156982422e+00
1.794339656829833984e+00
0.000000000000000000e+00
1.181333899497985840e+00
2.303379923105239868e-01
3.134059486910700798e-03
1.408020704984664917e-01
0.000000000000000000e+00
8.042711615562438965e-01
2.097838670015335083e-01
3.301713168621063232e-01
0.000000000000000000e+00
7.588390111923217773e-01
7.087696194648742676e-01
1.680215120315551758e+00
0.000000000000000000e+00
4.643490612506866455e-01
3.390356004238128662e-01
8.040118217468261719e-01
4.148337990045547485e-03
0.000000000000000000e+00
0.000000000000000000e+00
6.607236266136169434e-01
1.572337865829467773e+00
1.211451411247253418e+00
8.129403740167617798e-02
2.533160686492919922e+00
2.652505179867148399e-03
1.899947404861450195e+00
7.131035327911376953e-01
3.563045859336853027e-01
5.589130334556102753e-03
0.000000000000000000e+00
1.979609847068786621e+00
3.113795995712280273e+00
1.665426418185234070e-02
4.786342620849609375e+00
1.886368691921234131e-01
8.903770446777343750e-01
3.237974643707275391e-01
1.639807969331741333e-02
2.193685919046401978e-01
1.543607354164123535e+00
1.427638173103332520e+00
5.255985539406538010e-03
4.644959867000579834e-01
2.988138198852539062e-01
8.923894166946411133e-01
3.537754774093627930e+00
6.264913678169250488e-01
8.643864095211029053e-02
2.838374078273773193e-01
1.713579744100570679e-01
1.386932373046875000e+00
1.615854501724243164e-01
0.000000000000000000e+00
0.000000000000000000e+00
1.422749876976013184e+00
1.015222191810607910e+00
0.000000000000000000e+00
4.933569729328155518e-01
1.112693622708320618e-01
1.920754790306091309e+00
7.581734098494052887e-04
6.493468880653381348e-01
5.416922643780708313e-02
0.000000000000000000e+00
2.167332321405410767e-01
5.947309136390686035e-01
3.434708118438720703e-01
3.351399004459381104e-01
2.882156372070312500e+00
2.987492680549621582e-01
0.000000000000000000e+00
7.440943717956542969e-01
2.138281106948852539e+00
6.405304074287414551e-01
7.695285081863403320e-01
8.524419069290161133e-01
2.095749139785766602e+00
1.634050011634826660e+00
1.022215843200683594e+00
1.110374554991722107e-01
9.215955138206481934e-01
0.000000000000000000e+00
5.782049614936113358e-03
