2.493299096822738647e-01
0.000000000000000000e+00
7.659869641065597534e-02
2.714509248733520508e+00
5.339698791503906250e-01
2.033780068159103394e-01
7.693629860877990723e-01
2.768666028976440430e+00
6.584489822387695312e+00
1.170318365097045898e+00
1.481989175081253052e-01
1.810770153999328613e+00
4.527494311332702637e-01
1.178127765655517578e+00
2.816638231277465820e+00
1.169397115707397461e+00
8.555520176887512207e-01
3.175538539886474609e+00
1.118667840957641602e+00
2.299931198358535767e-01
2.419338703155517578e+00
0.000000000000000000e+00
2.012434303760528564e-01
1.850678205490112305e+00
7.748691737651824951e-02
3.107095882296562195e-02
1.724342703819274902e-01
3.126405954360961914e+00
4.869248569011688232e-01
0.000000000000000000e+00
1.344278305768966675e-01
0.000000000000000000e+00
6.854178905487060547e-01
5.560353994369506836e-01
6.820669174194335938e-01
2.771973609924316406e+00
3.349550440907478333e-02
4.578603059053421021e-02
6.046063899993896484e-01
3.470188081264495850e-01
1.916471719741821289e-01
4.095716476440429688e-01
4.603900313377380371e-01
4.706383228302001953e+00
6.020569205284118652e-01
1.055853724479675293e+00
1.114193871617317200e-01
8.497996330261230469e-01
5.366910621523857117e-02
1.668057203292846680e+00
2.501557111740112305e+00
0.000000000000000000e+00
1.834853768348693848e+00
2.864156961441040039e-01
1.054162263870239258e+00
2.545749545097351074e-01
3.135387301445007324e-01
1.870697885751724243e-01
1.579148888587951660e+00
2.679127454757690430e-01
8.139961212873458862e-02
9.301643818616867065e-02
1.481055170297622681e-01
1.498885273933410645e+00
1.531707763671875000e+00
3.653117120265960693e-01
3.643359988927841187e-02
7.414680719375610352e-01
8.614190220832824707e-01
2.664386034011840820e-01
0.000000000000000000e+00
4.336141645908355713e-01
3.091446757316589355e-01
8.934149146080017090e-01
6.502930521965026855e-01
1.127337098121643066e+00
0.000000000000000000e+00
8.092081546783447266e-01
6.439217329025268555e-01
1.065451502799987793e+00
2.810073830187320709e-02
9.356786012649536133e-01
2.409188985824584961e+00
6.149840075522661209e-03
1.893186211585998535e+00
7.129214704036712646e-02
1.052679061889648438e+00
3.284745663404464722e-02
7.037163376808166504e-01
0.000000000000000000e+00
2.160332500934600830e-01
1.340082474052906036e-02
4.197661951184272766e-02
0.000000000000000000e+00
1.150204181671142578e+00
1.123681515455245972e-01
8.031910061836242676e-01
3.310714662075042725e-01
2.710776627063751221e-01
2.691976726055145264e-03
0.000000000000000000e+00
9.157636016607284546e-02
2.825435250997543335e-02
1.320747494697570801e+00
1.526722192764282227e+00
1.599091589450836182e-01
1.167442321777343750e+00
6.345994472503662109e-01
2.994616627693176270e-01
2.836012840270996094e-01
1.508993268013000488e+00
4.805402085185050964e-02
7.863589525222778320e-01
2.896950840950012207e-01
6.354943513870239258e-01
1.176258921623229980e-01
1.436057090759277344e-01
8.805467188358306885e-02
1.438487917184829712e-01
2.357048034667968750e+00
1.383134126663208008e+00
3.057122826576232910e-01
5.779224447906017303e-03
1.372641444206237793e+00
7.488887906074523926e-01
2.927048504352569580e-01
0.000000000000000000e+00
4.071167707443237305e-01
2.243184804916381836e+00
8.958423882722854614e-02
0.000000000000000000e+00
1.025704622268676758e+00
6.341956853866577148e-01
1.476291101425886154e-03
4.133380055427551270e-01
7.195722311735153198e-02
9.990892559289932251e-02
4.922713279724121094e+00
0.000000000000000000e+00
8.589431643486022949e-02
2.581674456596374512e-01
3.688275814056396484e-01
1.658709168434143066e+00
0.000000000000000000e+00
9.400517493486404419e-02
3.532284200191497803e-01
9.059001207351684570e-01
6.598670482635498047e-01
1.027172923088073730e+00
1.930402070283889771e-01
6.527740955352783203e+00
2.231008708477020264e-01
2.108563482761383057e-01
9.893938899040222168e-02
1.676821351051330566e+00
1.542840361595153809e+00
4.349888116121292114e-02
1.258797049522399902e-01
2.448143482208251953e+00
4.841227531433105469e-01
1.949395835399627686e-01
1.302513837814331055e+00
1.340276002883911133e+00
3.727768734097480774e-02
9.379965811967849731e-02
5.895113348960876465e-01
6.883595138788223267e-02
0.000000000000000000e+00
1.124832749366760254e+00
3.695173501968383789e+00
4.962422847747802734e-01
6.087996959686279297e-01
1.017760559916496277e-01
7.002283930778503418e-01
1.999629586935043335e-01
6.877188205718994141e+00
0.000000000000000000e+00
2.845118753612041473e-02
3.027310967445373535e-01
1.649064421653747559e-01
0.000000000000000000e+00
3.972738236188888550e-02
1.433100402355194092e-01
2.841884374618530273e+00
0.000000000000000000e+00
2.822838490828871727e-03
6.973488926887512207e-01
6.422447562217712402e-01
0.000000000000000000e+00
7.486723363399505615e-02
0.000000000000000000e+00
1.121495440602302551e-01
7.394452095031738281e-01
3.372346460819244385e-01
1.255056738853454590e+00
8.360413312911987305e-01
6.482163667678833008e-01
1.830249726772308350e-01
4.510252773761749268e-01
4.968321025371551514e-01
1.108273029327392578e+00
1.117528602480888367e-01
6.305196881294250488e-01
1.278944969177246094e+00
8.686523139476776123e-02
2.246998995542526245e-02
9.090995788574218750e-01
1.706457287073135376e-01
6.166304275393486023e-02
6.504492759704589844e-01
1.214855909347534180e-01
2.128276526927947998e-01
7.479034662246704102e-01
5.076321959495544434e-01
1.000795125961303711e+00
8.971042037010192871e-01
1.614022403955459595e-01
1.191945150494575500e-01
1.807759404182434082e+00
1.463204860687255859e+00
1.061008498072624207e-01
4.581295251846313477e-01
4.997197389602661133e-01
1.084129959344863892e-01
5.603404715657234192e-02
6.838392000645399094e-04
3.186945617198944092e-02
3.623048663139343262e-01
2.170020341873168945e-02
1.265523582696914673e-01
3.469725251197814941e-01
3.568132221698760986e-01
1.654247641563415527e+00
2.035540819168090820e+00
2.911137938499450684e-01
7.856700420379638672e-01
2.004317998886108398e+00
4.462392330169677734e-01
0.000000000000000000e+00
9.101121425628662109e-01
2.916669286787509918e-02
2.388038039207458496e-01
2.186168171465396881e-02
3.430334329605102539e+00
6.578344106674194336e-01
6.710621714591979980e-01
1.047741532325744629e+00
8.950501680374145508e-03
1.311603426933288574e+00
9.429991245269775391e-01
1.021925956010818481e-01
4.456866383552551270e-01
1.046631634235382080e-01
1.643486976623535156e+00
8.908597230911254883e-01
6.062825769186019897e-02
8.180464059114456177e-02
0.000000000000000000e+00
2.125689238309860229e-01
2.122940719127655029e-01
1.041770935058593750e+00
4.934346303343772888e-02
3.468364849686622620e-02
2.398984506726264954e-03
0.000000000000000000e+00
3.047238104045391083e-03
1.701008319854736328e+00
3.467385470867156982e-02
3.251002356410026550e-02
9.108993411064147949e-02
1.281964182853698730e+00
0.000000000000000000e+00
3.652943074703216553e-01
6.273518502712249756e-02
7.956957072019577026e-02
3.757087886333465576e-01
4.160007927566766739e-03
8.267652392387390137e-01
1.308358430862426758e+00
6.415894720703363419e-03
1.746938824653625488e-01
3.837043941020965576e-01
5.560436844825744629e-02
2.870185673236846924e-01
6.751254200935363770e-01
8.136070966720581055e-01
8.269215822219848633e-01
1.115601137280464172e-02
5.499869585037231445e-01
4.520885180681943893e-03
1.704180359840393066e+00
1.368862628936767578e+00
5.413356795907020569e-02
4.825920984148979187e-02
1.891309395432472229e-02
4.620244503021240234e-01
4.289035797119140625e-01
4.358853995800018311e-01
1.377081990242004395e+00
5.574361324310302734e+00
5.220650434494018555e-01
2.476831525564193726e-01
2.916577085852622986e-02
2.679477445781230927e-02
2.962807659059762955e-03
2.164762765169143677e-01
0.000000000000000000e+00
0.000000000000000000e+00
2.300458960235118866e-03
1.102784201502799988e-01
5.832493901252746582e-01
2.555156126618385315e-02
2.115904912352561951e-02
1.164577126502990723e+00
8.466558903455734253e-02
3.297541737556457520e-01
0.000000000000000000e+00
3.972157239913940430e-01
1.221502423286437988e+00
3.572893738746643066e-01
1.995060205459594727e+00
0.000000000000000000e+00
1.623046100139617920e-01
6.813576072454452515e-02
6.086491048336029053e-02
7.655386328697204590e-01
1.226252689957618713e-02
0.000000000000000000e+00
7.228872179985046387e-01
5.974941849708557129e-01
0.000000000000000000e+00
0.000000000000000000e+00
8.290177583694458008e-01
2.973084896802902222e-02
7.646445184946060181e-02
1.990211009979248047e-01
1.588419079780578613e+00
4.315099120140075684e-01
6.833117604255676270e-01
1.415265917778015137e+00
2.061822265386581421e-01
0.000000000000000000e+00
2.413837611675262451e-01
7.488456554710865021e-03
9.565930962562561035e-01
6.819658875465393066e-01
3.928357958793640137e-01
5.040163919329643250e-02
5.916655063629150391e-01
3.474894464015960693e-01
1.261639446020126343e-01
1.180350184440612793e+00
4.514804780483245850e-01
4.272902011871337891e-02
1.939344555139541626e-01
1.021426916122436523e+00
0.000000000000000000e+00
6.647111475467681885e-02
3.795075416564941406e-02
8.152998089790344238e-01
1.944663375616073608e-01
9.975174441933631897e-03
6.668742299079895020e-01
5.046061873435974121e-01
2.237359762191772461e+00
8.742986917495727539e-01
5.601804256439208984e-01
1.240677118301391602e+00
1.787559151649475098e+00
0.000000000000000000e+00
4.274249970912933350e-01
1.360463142395019531e+00
8.446950316429138184e-01
7.772166281938552856e-02
8.700779080390930176e-01
0.000000000000000000e+00
5.522532388567924500e-02
1.120790187269449234e-02
4.115592315793037415e-02
9.043188095092773438e-01
1.096142008900642395e-01
3.338268280029296875e+00
1.582228302955627441e+00
2.776376008987426758e-01
0.000000000000000000e+00
3.697755634784698486e-01
5.558513477444648743e-02
0.000000000000000000e+00
0.000000000000000000e+00
4.300924018025398254e-02
4.293907880783081055e-01
0.000000000000000000e+00
0.000000000000000000e+00
2.372366338968276978e-01
3.602284193038940430e-01
4.678411483764648438e-01
2.000535964965820312e+00
9.589212387800216675e-02
0.000000000000000000e+00
6.501458287239074707e-01
9.650783985853195190e-02
1.785078406333923340e+00
0.000000000000000000e+00
2.509553730487823486e-01
1.370943188667297363e+00
7.686887979507446289e-01
8.031350374221801758e-01
2.679768502712249756e-01
1.359187245368957520e+00
6.626515388488769531e-01
5.471731424331665039e-01
0.000000000000000000e+00
2.819084227085113525e-01
2.168004512786865234e+00
7.172166556119918823e-02
9.489505551755428314e-03
4.680222034454345703e+00
2.692462876439094543e-02
7.445264458656311035e-01
5.631141662597656250e-01
2.005243450403213501e-01
4.198163747787475586e-01
0.000000000000000000e+00
2.413174629211425781e+00
5.161173343658447266e-01
4.026347100734710693e-01
1.152462482452392578e+00
2.315224647521972656e+00
0.000000000000000000e+00
1.326926231384277344e+00
1.624160073697566986e-02
0.000000000000000000e+00
3.239887300878763199e-04
1.278029056265950203e-03
5.400355458259582520e-01
1.247433200478553772e-01
2.675151526927947998e-01
0.000000000000000000e+00
6.167365312576293945e-01
5.503884553909301758e-01
1.160870313644409180e+00
0.000000000000000000e+00
2.038314193487167358e-01
2.684308290481567383e-01
6.213369965553283691e-01
3.557326272130012512e-02
0.000000000000000000e+00
6.798373535275459290e-03
5.772014260292053223e-01
1.229304432868957520e+00
9.109146595001220703e-01
2.910623252391815186e-01
2.097431898117065430e+00
0.000000000000000000e+00
1.375790596008300781e+00
6.929263472557067871e-01
2.822866141796112061e-01
2.537741661071777344e-01
0.000000000000000000e+00
1.527918219566345215e+00
2.141815900802612305e+00
6.382417678833007812e-02
4.102996349334716797e+00
3.013832271099090576e-01
6.710923314094543457e-01
1.219918429851531982e-01
0.000000000000000000e+00
1.360553950071334839e-01
7.017152309417724609e-01
1.057687640190124512e+00
0.000000000000000000e+00
4.015289247035980225e-01
3.551461696624755859e-01
3.712900876998901367e-01
3.065795183181762695e+00
6.942708492279052734e-01
0.000000000000000000e+00
3.628117740154266357e-01
1.444753557443618774e-01
1.090182065963745117e+00
5.034523829817771912e-02
3.603600710630416870e-02
1.313490909524261951e-03
9.085914492607116699e-01
8.982313275337219238e-01
0.000000000000000000e+00
1.007089912891387939e-01
2.844866923987865448e-02
1.993412971496582031e+00
4.826391860842704773e-02
1.454722583293914795e-01
2.627373933792114258e-01
0.000000000000000000e+00
3.675131797790527344e-01
5.947253704071044922e-01
1.483229845762252808e-01
2.783899903297424316e-01
2.702069520950317383e+00
1.505293101072311401e-01
0.000000000000000000e+00
5.918952226638793945e-01
1.515726208686828613e+00
6.675946712493896484e-01
9.363276958465576172e-01
1.217967867851257324e+00
1.977866649627685547e+00
2.362701892852783203e+00
2.543908357620239258e-01
2.045409083366394043e-01
8.056156039237976074e-01
0.000000000000000000e+00
1.256051845848560333e-02
