4.783478379249572754e-01
0.000000000000000000e+00
5.388755798339843750e-01
2.854050636291503906e+00
1.565944999456405640e-01
3.260546922683715820e-01
5.241930484771728516e-01
2.917423725128173828e+00
5.858003616333007812e+00
9.452633857727050781e-01
4.639258384704589844e-01
1.891111493110656738e+00
2.179651260375976562e-01
6.620900630950927734e-01
3.695150375366210938e+00
8.966982960700988770e-01
4.342700242996215820e-01
1.073063969612121582e+00
1.265792965888977051e+00
0.000000000000000000e+00
1.324703931808471680e+00
0.000000000000000000e+00
6.926907598972320557e-02
3.451026678085327148e+00
2.842312306165695190e-02
2.007864881306886673e-03
3.790740370750427246e-01
2.500910043716430664e+00
3.857250511646270752e-01
2.246185392141342163e-02
4.534753859043121338e-01
3.482862114906311035e-01
8.990337252616882324e-01
1.386808902025222778e-01
3.009181320667266846e-01
3.476570606231689453e+00
2.969950735569000244e-01
8.762859106063842773e-01
3.394078910350799561e-01
4.350121021270751953e-01
2.908948659896850586e-01
1.533952057361602783e-01
6.488112211227416992e-01
2.651940822601318359e+00
3.297041952610015869e-01
1.259513258934020996e+00
4.141580685973167419e-02
7.572532296180725098e-01
1.255372352898120880e-02
9.755086302757263184e-01
1.341314435005187988e+00
7.717094849795103073e-03
1.377608895301818848e+00
1.189842373132705688e-01
1.459185004234313965e+00
7.135564088821411133e-02
2.418153285980224609e-01
3.808811772614717484e-03
2.330982685089111328e+00
5.656805038452148438e-01
5.363892912864685059e-01
7.282930612564086914e-02
8.401855081319808960e-02
1.262305378913879395e+00
1.105807662010192871e+00
7.550204992294311523e-01
0.000000000000000000e+00
6.249184608459472656e-01
5.708422660827636719e-01
1.388867378234863281e+00
0.000000000000000000e+00
4.562952518463134766e-01
1.075561046600341797e-01
3.047199733555316925e-02
3.097240924835205078e-01
2.933752536773681641e+00
2.050382783636450768e-03
6.624478697776794434e-01
2.183668315410614014e-01
4.936664700508117676e-01
6.686266064643859863e-01
3.678865134716033936e-01
1.643533468246459961e+00
9.301938861608505249e-02
1.766287803649902344e+00
8.213292807340621948e-03
1.617722272872924805e+00
2.839297056198120117e-01
1.826896190643310547e+00
2.020285427570343018e-01
3.615960711613297462e-03
9.368889033794403076e-03
0.000000000000000000e+00
0.000000000000000000e+00
1.115785479545593262e+00
4.472689330577850342e-01
7.404528856277465820e-01
4.299604892730712891e-01
0.000000000000000000e+00
5.402434989809989929e-02
4.377157613635063171e-02
2.940595746040344238e-01
5.565702915191650391e-02
2.271176099777221680e+00
1.639664649963378906e+00
1.693937182426452637e-01
1.348007440567016602e+00
9.246442466974258423e-02
4.712983593344688416e-02
1.694709658622741699e-01
1.532231688499450684e+00
0.000000000000000000e+00
1.346826314926147461e+00
4.680906236171722412e-01
2.765216231346130371e-01
7.937926799058914185e-02
1.553928572684526443e-02
4.033539816737174988e-02
9.496968239545822144e-03
1.960640430450439453e+00
1.905219554901123047e+00
1.484669446945190430e-01
6.906995177268981934e-02
2.161180973052978516e+00
2.620565295219421387e-01
1.436284899711608887e+00
4.151614382863044739e-02
4.428317025303840637e-02
1.929964184761047363e+00
8.635507225990295410e-01
1.439024507999420166e-01
3.258590102195739746e-01
4.350915253162384033e-01
1.199434772133827209e-01
4.461455643177032471e-01
0.000000000000000000e+00
7.637484073638916016e-01
3.759751796722412109e+00
0.000000000000000000e+00
2.532330341637134552e-02
9.750798940658569336e-01
2.323873192071914673e-01
1.721631050109863281e+00
4.565507546067237854e-02
2.289725095033645630e-01
1.219958543777465820e+00
1.216094017028808594e+00
1.299213171005249023e+00
1.834025502204895020e+00
2.834997475147247314e-01
6.007143020629882812e+00
1.567558050155639648e-01
7.910259813070297241e-02
9.878690540790557861e-02
1.623919963836669922e+00
5.778074860572814941e-01
2.663963139057159424e-01
8.184037357568740845e-02
2.591270208358764648e+00
0.000000000000000000e+00
3.573889732360839844e-01
4.676132500171661377e-01
7.130256891250610352e-01
2.560329437255859375e-01
8.657267899252474308e-04
2.761588394641876221e-01
0.000000000000000000e+00
0.000000000000000000e+00
8.041426539421081543e-01
3.141834497451782227e+00
5.943829938769340515e-02
0.000000000000000000e+00
0.000000000000000000e+00
9.298424720764160156e-01
5.522593855857849121e-01
8.114402770996093750e+00
0.000000000000000000e+00
0.000000000000000000e+00
8.898341096937656403e-03
1.974917203187942505e-01
0.000000000000000000e+00
0.000000000000000000e+00
0.000000000000000000e+00
2.781188488006591797e+00
3.051791489124298096e-01
0.000000000000000000e+00
0.000000000000000000e+00
6.904668807983398438e-01
0.000000000000000000e+00
1.999355480074882507e-02
9.277489967644214630e-03
2.988250739872455597e-02
9.981405735015869141e-01
1.098629310727119446e-01
7.945940643548965454e-02
6.217642426490783691e-01
1.381762742996215820e+00
4.190708696842193604e-01
7.304975390434265137e-01
1.152585744857788086e+00
2.352685451507568359e+00
1.045768260955810547e+00
2.124062925577163696e-01
2.757226228713989258e-01
1.918270252645015717e-02
1.934070698916912079e-02
8.178530335426330566e-01
1.422366797924041748e-01
1.969813108444213867e-01
2.053692102432250977e+00
4.093722701072692871e-01
4.870617017149925232e-02
5.537610501050949097e-02
2.033199667930603027e-01
7.563805580139160156e-01
1.147333383560180664e+00
4.706743955612182617e-01
1.313740015029907227e+00
1.607064604759216309e+00
5.240862369537353516e-01
1.550096720457077026e-01
2.054219245910644531e-01
8.002336025238037109e-01
1.070619672536849976e-01
1.005120873451232910e+00
0.000000000000000000e+00
1.035949140787124634e-01
5.861771106719970703e-01
0.000000000000000000e+00
1.653834432363510132e-02
2.143638283014297485e-01
3.034350229427218437e-03
7.127963304519653320e-01
2.447805643081665039e+00
1.096079707145690918e+00
7.418651580810546875e-01
2.190136909484863281e+00
1.308822035789489746e+00
0.000000000000000000e+00
4.762738943099975586e-01
1.938312202692031860e-01
4.630111157894134521e-01
3.201939910650253296e-02
2.504412174224853516e+00
4.623861312866210938e-01
5.888651609420776367e-01
5.846042037010192871e-01
0.000000000000000000e+00
3.381626605987548828e+00
5.680433511734008789e-01
2.874200604856014252e-02
9.835447072982788086e-01
1.548102349042892456e-01
4.558359831571578979e-02
4.857648909091949463e-01
1.801762409741058946e-04
8.040808886289596558e-02
0.000000000000000000e+00
0.000000000000000000e+00
1.518030911684036255e-01
1.029567956924438477e+00
4.232681393623352051e-01
1.775521039962768555e-02
3.639528527855873108e-03
0.000000000000000000e+00
4.761406183242797852e-01
1.094569802284240723e+00
6.420043297111988068e-03
1.120151519775390625e+00
3.060833513736724854e-01
9.099928736686706543e-01
3.825827538967132568e-01
9.407985210418701172e-01
2.322380244731903076e-01
7.132863998413085938e-01
9.646197408437728882e-02
1.135217398405075073e-01
1.690026186406612396e-02
1.280558228492736816e+00
3.534281253814697266e-02
0.000000000000000000e+00
3.792537748813629150e-01
3.085846900939941406e-01
2.546706199645996094e-01
3.983026742935180664e-02
2.818002402782440186e-01
6.494643688201904297e-01
1.557662934064865112e-01
8.014219403266906738e-01
0.000000000000000000e+00
6.239054203033447266e-01
1.170630574226379395e+00
4.152028858661651611e-01
0.000000000000000000e+00
1.433746367692947388e-01
5.452790856361389160e-01
5.923697948455810547e-01
5.540363118052482605e-02
8.061112761497497559e-01
4.761898517608642578e+00
1.593933820724487305e+00
4.674059450626373291e-01
1.078760549426078796e-01
0.000000000000000000e+00
2.356124669313430786e-02
2.633194625377655029e-01
0.000000000000000000e+00
0.000000000000000000e+00
2.250413782894611359e-02
6.076830904930830002e-03
7.857040315866470337e-02
0.000000000000000000e+00
1.396360993385314941e-01
8.382174372673034668e-01
0.000000000000000000e+00
2.601258456707000732e-01
3.029674105346202850e-02
9.719403088092803955e-02
2.405234053730964661e-02
0.000000000000000000e+00
2.099461555480957031e+00
0.000000000000000000e+00
6.484051235020160675e-03
5.337931513786315918e-01
2.678492069244384766e-01
9.832375645637512207e-01
6.388638615608215332e-01
0.000000000000000000e+00
1.316835761070251465e+00
1.162988901138305664e+00
4.876634571701288223e-03
7.418998330831527710e-02
0.000000000000000000e+00
6.621375679969787598e-02
1.292715966701507568e-01
4.743999838829040527e-01
1.669635057449340820e+00
5.674322247505187988e-01
1.098745465278625488e+00
6.469216346740722656e-01
0.000000000000000000e+00
3.104577306658029556e-03
1.732761785387992859e-02
8.785473555326461792e-02
1.096390724182128906e+00
1.630549073219299316e+00
2.749321162700653076e-01
3.011619905009865761e-03
1.097349799238145351e-03
3.474748134613037109e-01
7.942442297935485840e-01
9.054715633392333984e-01
3.588004037737846375e-02
4.038040712475776672e-02
3.174698650836944580e-01
9.153326749801635742e-01
2.987259440124034882e-02
2.059547044336795807e-02
0.000000000000000000e+00
1.191030535846948624e-02
1.413148999214172363e+00
0.000000000000000000e+00
1.475450396537780762e-01
9.668533802032470703e-01
1.449299216270446777e+00
8.069557547569274902e-01
6.193228363990783691e-01
2.081750869750976562e+00
3.081980705261230469e+00
0.000000000000000000e+00
6.897745281457901001e-02
1.249904155731201172e+00
4.878597557544708252e-01
1.264228940010070801e+00
6.674004793167114258e-01
4.473441466689109802e-02
3.279749453067779541e-01
4.155015107244253159e-03
1.554352641105651855e-01
7.484040260314941406e-01
3.379362449049949646e-02
2.977028608322143555e+00
2.040132045745849609e+00
8.428062796592712402e-01
6.268194410949945450e-04
6.785650253295898438e-01
5.993377417325973511e-02
0.000000000000000000e+00
0.000000000000000000e+00
1.610195147804915905e-03
3.065488636493682861e-01
1.477869506925344467e-02
0.000000000000000000e+00
1.990341581404209137e-02
1.140760555863380432e-01
1.890219897031784058e-01
1.991491436958312988e+00
3.976697325706481934e-01
8.363070338964462280e-02
8.730098605155944824e-01
1.341222226619720459e-01
1.680270433425903320e+00
0.000000000000000000e+00
2.969891428947448730e-01
1.247386932373046875e+00
4.362754821777343750e-01
1.456349849700927734e+00
1.025102138519287109e-01
1.251939415931701660e+00
5.559885501861572266e-01
1.356996502727270126e-02
4.706587642431259155e-03
2.887283861637115479e-01
2.595944643020629883e+00
4.797330498695373535e-01
1.749747544527053833e-01
1.744306206703186035e+00
5.765169858932495117e-03
1.687325187958776951e-03
7.750815129838883877e-04
7.915675640106201172e-02
3.121996112167835236e-02
0.000000000000000000e+00
3.184948682785034180e+00
6.004567146301269531e-01
2.036433815956115723e-01
4.143826961517333984e-01
2.217705488204956055e+00
1.551961153745651245e-02
5.188742876052856445e-01
0.000000000000000000e+00
2.428602427244186401e-01
7.112737512215971947e-04
0.000000000000000000e+00
1.039364747703075409e-02
2.791734039783477783e-01
3.674500063061714172e-02
2.154777385294437408e-02
3.623335855081677437e-03
9.903518110513687134e-02
2.036788702011108398e+00
0.000000000000000000e+00
3.852511942386627197e-02
7.021221518516540527e-02
1.300471186637878418e+00
1.889281906187534332e-02
6.052888184785842896e-02
2.515647411346435547e-01
2.940356433391571045e-01
1.718654394149780273e+00
5.379413440823554993e-02
1.756998896598815918e-01
2.170333147048950195e+00
0.000000000000000000e+00
6.222363710403442383e-01
0.000000000000000000e+00
6.793448925018310547e-01
1.964904814958572388e-01
0.000000000000000000e+00
1.023866415023803711e+00
2.399544477462768555e+00
4.576298296451568604e-01
2.259091377258300781e+00
9.008733183145523071e-02
1.526577711105346680e+00
4.944115281105041504e-01
0.000000000000000000e+00
1.144476056098937988e+00
4.530380070209503174e-01
8.228216171264648438e-01
2.910816669464111328e-02
2.631441950798034668e-01
0.000000000000000000e+00
3.343559801578521729e-03
2.300817251205444336e+00
4.774469882249832153e-03
0.000000000000000000e+00
2.281788885593414307e-01
1.581468135118484497e-01
1.114065051078796387e+00
1.243870556354522705e-01
9.169591357931494713e-04
1.578371077775955200e-01
2.193044424057006836e+00
1.483847737312316895e+00
3.989136777818202972e-03
6.640796065330505371e-01
1.511170156300067902e-02
6.102071404457092285e-01
1.518512517213821411e-01
1.618146896362304688e-02
1.574995994567871094e+00
1.407897025346755981e-01
8.636946082115173340e-01
6.894326210021972656e-02
6.252073496580123901e-02
2.111826906912028790e-04
1.289838790893554688e+00
4.039416015148162842e-01
5.476643890142440796e-02
5.009368658065795898e-01
6.173945665359497070e-01
0.000000000000000000e+00
8.104856014251708984e-01
4.309118986129760742e-01
1.539357542991638184e+00
2.708428859710693359e+00
6.838033795356750488e-01
3.321232497692108154e-01
2.409370988607406616e-01
0.000000000000000000e+00
0.000000000000000000e+00
