1.400187164545059204e-01
0.000000000000000000e+00
3.352397680282592773e-02
2.368964195251464844e+00
9.640724062919616699e-01
3.652332127094268799e-01
4.722290635108947754e-01
3.008282661437988281e+00
6.321077346801757812e+00
8.554846048355102539e-01
5.017379671335220337e-02
1.428576350212097168e+00
5.301628112792968750e-01
1.445932984352111816e+00
1.815542101860046387e+00
8.334096074104309082e-01
6.914876699447631836e-01
2.262046098709106445e+00
4.431810081005096436e-01
3.867542147636413574e-01
1.735785961151123047e+00
0.000000000000000000e+00
3.690687716007232666e-01
2.603296756744384766e+00
4.022809676826000214e-03
7.693593949079513550e-02
1.127689704298973083e-01
2.219338417053222656e+00
5.745443105697631836e-01
1.119563281536102295e-01
2.509934604167938232e-01
5.621351301670074463e-02
1.058995366096496582e+00
7.149298191070556641e-01
9.170184731483459473e-01
2.652085304260253906e+00
2.191620767116546631e-01
2.136300504207611084e-02
4.716142714023590088e-01
7.578802704811096191e-01
4.555470496416091919e-02
2.762649953365325928e-01
2.532665729522705078e-01
4.140896797180175781e+00
5.996119379997253418e-01
8.415418267250061035e-01
3.437519669532775879e-01
8.105391263961791992e-01
6.676613539457321167e-02
1.409122228622436523e+00
3.165406227111816406e+00
0.000000000000000000e+00
1.506515741348266602e+00
8.174686133861541748e-02
7.741580009460449219e-01
1.034059002995491028e-01
4.193850457668304443e-01
2.878420650959014893e-01
2.037813186645507812e+00
2.028181105852127075e-01
6.830525398254394531e-02
8.101046085357666016e-02
4.324005916714668274e-03
4.289948642253875732e-01
1.398237586021423340e+00
6.372535228729248047e-01
1.205581948161125183e-01
2.182275056838989258e-01
8.568410873413085938e-01
2.039248049259185791e-01
0.000000000000000000e+00
2.113710045814514160e-01
2.144929170608520508e-01
9.580537080764770508e-01
5.557723641395568848e-01
1.124629378318786621e+00
1.266646478325128555e-02
9.006299972534179688e-01
3.544813990592956543e-01
9.360021352767944336e-01
3.617851994931697845e-03
7.103387117385864258e-01
2.690320968627929688e+00
1.371749094687402248e-04
1.571008801460266113e+00
1.747773140668869019e-01
1.304244399070739746e+00
3.138661012053489685e-02
7.143191695213317871e-01
4.495608434081077576e-02
1.467248052358627319e-01
5.942898569628596306e-04
1.631745882332324982e-02
0.000000000000000000e+00
9.194474220275878906e-01
1.230910718441009521e-01
7.289271354675292969e-01
4.415927827358245850e-01
5.818293690681457520e-01
2.709612809121608734e-02
0.000000000000000000e+00
2.084678262472152710e-01
5.119660496711730957e-02
1.641784787178039551e+00
1.761163592338562012e+00
3.637284040451049805e-02
6.307189464569091797e-01
5.800911784172058105e-01
2.297621369361877441e-01
3.849762678146362305e-01
1.593592882156372070e+00
0.000000000000000000e+00
6.572757363319396973e-01
3.227507174015045166e-01
1.074241757392883301e+00
6.070991046726703644e-03
6.853432655334472656e-01
7.000518590211868286e-02
4.902434349060058594e-01
2.367101192474365234e+00
9.733610749244689941e-01
8.376626372337341309e-01
5.981684662401676178e-03
1.642034173011779785e+00
9.979420900344848633e-01
1.031040191650390625e+00
0.000000000000000000e+00
6.064031720161437988e-01
1.835162639617919922e+00
4.030333086848258972e-02
9.626388782635331154e-04
8.261650204658508301e-01
1.554172635078430176e-01
3.262133570387959480e-03
4.471371471881866455e-01
1.345700118690729141e-02
4.836577922105789185e-03
4.968715667724609375e+00
0.000000000000000000e+00
9.597889333963394165e-02
2.127334326505661011e-01
4.447411298751831055e-01
1.750326037406921387e+00
1.898976974189281464e-02
3.460549190640449524e-02
5.838289856910705566e-01
9.123947620391845703e-01
5.152351260185241699e-01
9.294655919075012207e-01
2.419359982013702393e-01
5.571020126342773438e+00
1.952143609523773193e-01
3.104212582111358643e-01
2.103935927152633667e-01
1.237630605697631836e+00
1.576688051223754883e+00
1.751468777656555176e-01
2.120519578456878662e-01
1.522355914115905762e+00
4.024373292922973633e-01
3.830780833959579468e-02
1.177467823028564453e+00
2.831813097000122070e-01
5.192924290895462036e-02
4.264049530029296875e-01
2.692691683769226074e-01
0.000000000000000000e+00
0.000000000000000000e+00
1.371407270431518555e+00
2.971648454666137695e+00
2.327793464064598083e-02
4.744208753108978271e-01
2.962399460375308990e-02
1.048922419548034668e+00
4.327141940593719482e-01
6.485898971557617188e+00
0.000000000000000000e+00
1.253627836704254150e-01
5.610987544059753418e-01
4.957531020045280457e-02
1.523523009382188320e-03
1.456452533602714539e-03
8.897306919097900391e-01
3.501323461532592773e+00
9.853408671915531158e-03
5.403788760304450989e-02
2.692103087902069092e-01
5.037658214569091797e-01
0.000000000000000000e+00
3.590158652514219284e-03
2.379541518166661263e-03
1.399033069610595703e-01
1.438329219818115234e+00
9.726809263229370117e-01
1.423174738883972168e+00
8.897099494934082031e-01
6.317999362945556641e-01
1.549973934888839722e-01
9.977625608444213867e-01
1.120407730340957642e-01
1.160814046859741211e+00
2.660931646823883057e-01
4.107323884963989258e-01
1.201569318771362305e+00
7.957744598388671875e-01
0.000000000000000000e+00
8.159822821617126465e-01
9.317138028563931584e-05
1.236094981431961060e-01
1.269440531730651855e+00
8.141804486513137817e-02
2.282596826553344727e-01
7.281080484390258789e-01
8.722680211067199707e-01
1.022536635398864746e+00
4.295855760574340820e-01
2.263044416904449463e-01
1.742960810661315918e-01
1.692073822021484375e+00
6.689037084579467773e-01
0.000000000000000000e+00
8.522697687149047852e-01
3.888106644153594971e-01
2.157901078462600708e-01
6.449398584663867950e-03
0.000000000000000000e+00
8.194491267204284668e-02
3.718592226505279541e-01
4.725289344787597656e-02
8.764837682247161865e-02
1.767113246023654938e-02
3.919884860515594482e-01
1.656672358512878418e+00
2.242190361022949219e+00
4.965898692607879639e-01
6.552753448486328125e-01
2.008038282394409180e+00
3.060683012008666992e-01
3.357770293951034546e-02
8.806186318397521973e-01
6.913316994905471802e-02
8.084061741828918457e-02
1.666627228260040283e-01
4.210896492004394531e+00
1.026978135108947754e+00
9.546604156494140625e-01
7.209561467170715332e-01
0.000000000000000000e+00
1.359813094139099121e+00
8.003051877021789551e-01
5.929643288254737854e-02
4.595460295677185059e-01
1.090211421251296997e-01
1.277336239814758301e+00
8.130044341087341309e-01
7.544258236885070801e-02
8.364433050155639648e-02
0.000000000000000000e+00
1.013521701097488403e-01
1.817691475152969360e-01
1.161652326583862305e+00
1.458872109651565552e-01
9.271264076232910156e-02
0.000000000000000000e+00
0.000000000000000000e+00
0.000000000000000000e+00
1.427166819572448730e+00
8.459838479757308960e-02
2.075647562742233276e-02
0.000000000000000000e+00
8.071034550666809082e-01
4.468145314604043961e-03
2.955998778343200684e-01
2.148823440074920654e-01
1.725168526172637939e-02
5.993118286132812500e-01
1.964323073625564575e-01
1.226158976554870605e+00
1.184993982315063477e+00
0.000000000000000000e+00
1.994693726301193237e-01
3.732269704341888428e-01
1.354531645774841309e-01
3.522092700004577637e-01
9.338948726654052734e-01
7.205957770347595215e-01
4.553836882114410400e-01
1.190230697393417358e-01
1.831200867891311646e-01
2.024423517286777496e-02
1.955539584159851074e+00
1.013733625411987305e+00
1.979473978281021118e-01
7.820333540439605713e-02
2.698609530925750732e-01
4.310003817081451416e-01
7.419188022613525391e-01
1.286140829324722290e-01
1.417148113250732422e+00
5.460041999816894531e+00
4.053336083889007568e-01
1.822057366371154785e-02
3.550996780395507812e-01
5.404067784547805786e-02
1.014544721692800522e-02
7.191915065050125122e-02
4.456219612620770931e-04
0.000000000000000000e+00
0.000000000000000000e+00
4.170192778110504150e-01
5.196284055709838867e-01
0.000000000000000000e+00
2.145254239439964294e-02
7.556897997856140137e-01
2.938298285007476807e-01
2.265447527170181274e-01
0.000000000000000000e+00
3.811620175838470459e-01
4.993191957473754883e-01
1.416745930910110474e-01
1.902446150779724121e+00
0.000000000000000000e+00
2.984688580036163330e-01
1.214619055390357971e-01
1.407375484704971313e-01
1.931916624307632446e-01
3.634497523307800293e-02
0.000000000000000000e+00
9.776614904403686523e-01
1.823790222406387329e-01
0.000000000000000000e+00
0.000000000000000000e+00
7.080737948417663574e-01
0.000000000000000000e+00
1.094142254441976547e-02
1.380852460861206055e-01
1.460714697837829590e+00
2.296851724386215210e-01
8.222967386245727539e-01
1.454541206359863281e+00
5.029060244560241699e-01
8.868997544050216675e-02
3.372912108898162842e-01
3.404343500733375549e-02
9.686114192008972168e-01
7.698909044265747070e-01
8.726798743009567261e-02
1.695976778864860535e-02
4.554662108421325684e-01
5.685845017433166504e-01
1.486966293305158615e-02
6.781652569770812988e-01
2.534301877021789551e-01
5.185912363231182098e-03
9.045353531837463379e-02
7.095094919204711914e-01
0.000000000000000000e+00
9.977030009031295776e-02
0.000000000000000000e+00
2.681516408920288086e-01
3.802101016044616699e-01
0.000000000000000000e+00
8.287982940673828125e-01
3.562721014022827148e-01
1.549084663391113281e+00
9.874659180641174316e-01
4.868871569633483887e-01
1.596450567245483398e+00
2.068500995635986328e+00
0.000000000000000000e+00
3.233277797698974609e-01
8.695673942565917969e-01
1.267734169960021973e+00
6.729310750961303711e-02
1.442070722579956055e+00
3.053823672235012054e-02
2.907189540565013885e-02
2.905292436480522156e-02
6.183359399437904358e-02
1.210518956184387207e+00
1.412869393825531006e-01
3.914225578308105469e+00
1.772099256515502930e+00
5.126795768737792969e-01
0.000000000000000000e+00
5.449719429016113281e-01
2.734673023223876953e-02
0.000000000000000000e+00
0.000000000000000000e+00
5.593889858573675156e-03
2.453727275133132935e-01
1.319791823625564575e-01
0.000000000000000000e+00
7.477356493473052979e-02
6.077001094818115234e-01
5.550276041030883789e-01
1.405600666999816895e+00
4.024273902177810669e-02
6.088316068053245544e-02
8.984077572822570801e-01
1.513135582208633423e-01
7.533327937126159668e-01
0.000000000000000000e+00
3.363806307315826416e-01
1.551317095756530762e+00
4.621635675430297852e-01
1.347128748893737793e+00
4.752177298069000244e-01
9.173671007156372070e-01
1.131102561950683594e+00
3.272696435451507568e-01
0.000000000000000000e+00
3.002721965312957764e-01
1.591335654258728027e+00
5.963464453816413879e-02
0.000000000000000000e+00
4.104907512664794922e+00
2.351751923561096191e-01
5.897433757781982422e-01
8.021738529205322266e-01
1.748285442590713501e-01
7.942433357238769531e-01
3.800185397267341614e-03
2.776582002639770508e+00
4.676127731800079346e-01
6.506006717681884766e-01
1.484824299812316895e+00
1.848270773887634277e+00
0.000000000000000000e+00
7.449949383735656738e-01
0.000000000000000000e+00
1.854245737195014954e-02
5.613153800368309021e-02
1.323665957897901535e-02
3.667842149734497070e-01
2.709771990776062012e-01
3.687279671430587769e-02
0.000000000000000000e+00
3.613915741443634033e-01
6.410388946533203125e-01
1.063422679901123047e+00
0.000000000000000000e+00
3.035807311534881592e-01
1.953973472118377686e-01
3.592465817928314209e-01
2.078619785606861115e-02
0.000000000000000000e+00
0.000000000000000000e+00
2.472895383834838867e-01
1.120544552803039551e+00
6.358230710029602051e-01
3.771255314350128174e-01
1.844923377037048340e+00
2.072125673294067383e-02
1.179438829421997070e+00
7.102888822555541992e-01
3.498627841472625732e-01
4.440500736236572266e-01
0.000000000000000000e+00
1.600260853767395020e+00
2.704605579376220703e+00
1.214413419365882874e-01
3.963865041732788086e+00
2.504932284355163574e-01
4.236648678779602051e-01
1.981627941131591797e-01
6.032435689121484756e-03
1.943483352661132812e-01
1.183364629745483398e+00
7.809055447578430176e-01
0.000000000000000000e+00
2.903409600257873535e-01
3.346568346023559570e-01
5.206383466720581055e-01
2.057877779006958008e+00
3.918804228305816650e-01
7.311857305467128754e-03
3.866334632039070129e-02
2.233612388372421265e-01
5.316603183746337891e-01
1.190302073955535889e-01
0.000000000000000000e+00
0.000000000000000000e+00
5.878899693489074707e-01
7.830195426940917969e-01
7.406406104564666748e-02
3.274314701557159424e-01
0.000000000000000000e+00
2.159386396408081055e+00
0.000000000000000000e+00
8.615884929895401001e-02
3.856205567717552185e-02
1.417200430296361446e-03
1.164491698145866394e-01
1.040910601615905762e+00
6.060201302170753479e-02
5.766566991806030273e-01
2.836456298828125000e+00
1.077620163559913635e-01
0.000000000000000000e+00
1.672619730234146118e-01
1.472725033760070801e+00
7.758486866950988770e-01
5.888085365295410156e-01
6.025179624557495117e-01
1.881728887557983398e+00
2.120089530944824219e+00
3.507639765739440918e-01
3.712128400802612305e-01
1.214984774589538574e+00
0.000000000000000000e+00
1.386645734310150146e-01
