1.897712610661983490e-02
0.000000000000000000e+00
4.517833590507507324e-01
2.546068906784057617e+00
2.951216995716094971e-01
1.513130813837051392e-01
7.454791665077209473e-01
2.192997217178344727e+00
5.730593204498291016e+00
8.166160583496093750e-01
6.853195838630199432e-03
1.506030440330505371e+00
4.298867285251617432e-02
8.639867901802062988e-01
2.345175266265869141e+00
1.018486261367797852e+00
7.588653564453125000e-01
1.789733529090881348e+00
9.402142763137817383e-01
4.216516315937042236e-01
1.191691517829895020e+00
1.507816556841135025e-02
6.093552708625793457e-01
3.712538003921508789e+00
4.735863208770751953e-01
0.000000000000000000e+00
0.000000000000000000e+00
1.655683636665344238e+00
7.196114659309387207e-01
2.392017468810081482e-02
1.456985995173454285e-02
1.000991836190223694e-02
6.416339874267578125e-01
4.314945638179779053e-01
1.115328520536422729e-01
2.123306751251220703e+00
6.884158402681350708e-02
6.030584573745727539e-01
1.624215096235275269e-01
1.122739166021347046e-01
4.555558040738105774e-02
0.000000000000000000e+00
1.196279644966125488e+00
4.039651393890380859e+00
7.288780212402343750e-01
1.818743824958801270e+00
0.000000000000000000e+00
2.428526133298873901e-01
8.990113623440265656e-03
9.523634910583496094e-01
2.425974369049072266e+00
0.000000000000000000e+00
8.381755352020263672e-01
6.631913036108016968e-02
1.373157858848571777e+00
7.535915374755859375e-01
1.276521205902099609e+00
0.000000000000000000e+00
2.684372186660766602e+00
2.884615957736968994e-01
1.989400237798690796e-01
1.007599383592605591e-01
5.905396938323974609e-01
6.706566810607910156e-01
8.346702456474304199e-01
5.133048295974731445e-01
2.075065225362777710e-01
1.643431037664413452e-01
4.553731679916381836e-01
1.517171859741210938e+00
0.000000000000000000e+00
1.351914368569850922e-02
1.703795194625854492e-01
5.957518219947814941e-01
7.792127728462219238e-01
1.713533997535705566e+00
8.919073268771171570e-03
8.349492549896240234e-01
7.517902255058288574e-01
5.499999523162841797e-01
2.840418219566345215e-01
6.264575719833374023e-01
1.936006426811218262e+00
4.381055012345314026e-02
3.933170139789581299e-01
3.719675540924072266e-01
5.623874664306640625e-01
2.191246300935745239e-01
1.004123926162719727e+00
3.158796345815062523e-03
1.327886595390737057e-03
3.264507045969367027e-03
6.122158840298652649e-02
0.000000000000000000e+00
1.663642525672912598e+00
1.359297335147857666e-01
6.606952752918004990e-03
2.344792842864990234e+00
2.408406734466552734e-01
1.218118071556091309e-01
2.016950398683547974e-02
2.343769967555999756e-01
2.315134927630424500e-02
1.344926476478576660e+00
1.528519392013549805e+00
4.275137092918157578e-03
1.162891149520874023e+00
7.248269021511077881e-02
1.273427740670740604e-03
5.682976171374320984e-02
1.525285363197326660e+00
3.152554109692573547e-02
5.061025023460388184e-01
1.649696975946426392e-01
9.631568789482116699e-01
3.701850399374961853e-02
8.228547126054763794e-02
9.929040819406509399e-02
8.417789340019226074e-01
1.471409320831298828e+00
2.692013740539550781e+00
2.793374061584472656e-01
0.000000000000000000e+00
1.331375122070312500e+00
1.295530915260314941e+00
1.167222112417221069e-01
0.000000000000000000e+00
3.766337037086486816e-01
1.753438830375671387e+00
1.038016825914382935e-01
7.823149859905242920e-02
6.615145802497863770e-01
3.997110426425933838e-01
2.986983768641948700e-02
5.213746801018714905e-02
6.121649965643882751e-02
4.256220459938049316e-01
4.115679740905761719e+00
0.000000000000000000e+00
0.000000000000000000e+00
1.764972060918807983e-01
1.192791759967803955e-01
1.207565903663635254e+00
2.659085579216480255e-02
6.538580060005187988e-01
3.039910793304443359e-01
8.346769809722900391e-01
6.415583491325378418e-01
9.150750041007995605e-01
3.823230862617492676e-01
3.812589645385742188e+00
2.822828888893127441e-01
6.533408164978027344e-02
2.706114947795867920e-01
1.434725999832153320e+00
3.089820146560668945e-01
5.081599950790405273e-01
3.671343922615051270e-01
1.431006550788879395e+00
1.874931454658508301e-01
4.691033437848091125e-02
8.641248345375061035e-01
4.296945035457611084e-02
2.520935959182679653e-04
2.232306450605392456e-01
4.901273846626281738e-01
3.771704854443669319e-03
0.000000000000000000e+00
8.653936982154846191e-01
8.845191597938537598e-01
2.122534662485122681e-01
3.394839167594909668e-01
1.348046027123928070e-02
6.360047459602355957e-01
4.433207511901855469e-01
6.229704380035400391e+00
6.114041805267333984e-02
9.475036524236202240e-03
9.436623007059097290e-02
9.722702950239181519e-02
1.988352835178375244e-02
0.000000000000000000e+00
2.265657112002372742e-02
3.160831928253173828e+00
5.464098230004310608e-02
7.007300853729248047e-02
7.022875547409057617e-02
6.407160162925720215e-01
0.000000000000000000e+00
6.507273064926266670e-04
1.998505787923932076e-03
3.518730774521827698e-02
4.375153183937072754e-01
3.550558090209960938e-01
9.039489552378654480e-03
1.141855835914611816e+00
4.080879688262939453e-01
4.229777753353118896e-01
1.731346398591995239e-01
5.143226385116577148e-01
8.741636872291564941e-01
1.223005652427673340e-01
7.991555146872997284e-03
8.952234983444213867e-01
9.853509813547134399e-02
0.000000000000000000e+00
2.623772919178009033e-01
0.000000000000000000e+00
2.450376898050308228e-01
1.069940447807312012e+00
2.435848265886306763e-01
8.310791254043579102e-01
8.771356940269470215e-02
8.145507574081420898e-01
5.834994316101074219e-01
2.109280377626419067e-01
9.353650361299514771e-02
5.595304369926452637e-01
2.114894628524780273e+00
6.519125699996948242e-01
1.050196737051010132e-01
9.375696629285812378e-02
5.856719017028808594e-01
0.000000000000000000e+00
4.084490537643432617e-01
0.000000000000000000e+00
2.049804180860519409e-01
1.599288582801818848e-01
0.000000000000000000e+00
3.933349251747131348e-02
6.620597094297409058e-02
7.321763038635253906e-01
2.603623151779174805e+00
7.930237054824829102e-01
1.031910419464111328e+00
3.622031509876251221e-01
1.896773576736450195e+00
5.380728244781494141e-01
0.000000000000000000e+00
6.995867490768432617e-01
1.322523057460784912e-01
8.641004562377929688e-03
3.839580416679382324e-01
2.267918109893798828e+00
4.518594741821289062e-01
3.678149357438087463e-02
5.039512515068054199e-01
0.000000000000000000e+00
2.740331888198852539e+00
1.168336048722267151e-01
1.299269080162048340e+00
3.501410484313964844e-01
5.131089314818382263e-02
7.402977347373962402e-01
1.156062602996826172e+00
1.140694469213485718e-01
7.843636907637119293e-03
0.000000000000000000e+00
9.872430562973022461e-02
6.279984861612319946e-02
7.362582087516784668e-01
2.504553180187940598e-03
0.000000000000000000e+00
4.425654653459787369e-03
0.000000000000000000e+00
1.023274138569831848e-01
1.090396761894226074e+00
4.913727752864360809e-03
3.855437040328979492e-03
2.923147082328796387e-01
1.027744650840759277e+00
1.589015275239944458e-01
1.043137788772583008e+00
2.498733550310134888e-01
6.175096631050109863e-01
3.200928866863250732e-01
5.913477540016174316e-01
9.409640431404113770e-01
8.130162954330444336e-01
3.936477005481719971e-02
2.191044017672538757e-02
4.601558744907379150e-01
4.909041821956634521e-01
1.261859834194183350e-01
8.267971873283386230e-02
1.073331594467163086e+00
2.879413664340972900e-01
0.000000000000000000e+00
4.195267260074615479e-01
1.654474064707756042e-03
6.881263852119445801e-01
1.453803420066833496e+00
4.464718401432037354e-01
5.593809112906455994e-02
4.563850462436676025e-01
6.418215483427047729e-02
2.034365683794021606e-01
4.798570275306701660e-01
7.064364552497863770e-01
4.677216529846191406e+00
6.788543462753295898e-01
3.061740696430206299e-01
3.717861473560333252e-01
0.000000000000000000e+00
6.720905750989913940e-02
6.205281242728233337e-04
6.558401044458150864e-03
0.000000000000000000e+00
1.203859150409698486e-01
1.852968931198120117e-01
4.335362017154693604e-01
0.000000000000000000e+00
7.858697324991226196e-02
5.072074532508850098e-01
1.482533197849988937e-02
1.131885290145874023e+00
0.000000000000000000e+00
5.712819695472717285e-01
1.662518531084060669e-01
2.881510183215141296e-02
1.791968464851379395e+00
2.809716388583183289e-03
2.400833927094936371e-02
3.461681306362152100e-01
1.897460594773292542e-02
2.677241265773773193e-01
3.252762854099273682e-01
0.000000000000000000e+00
7.104593515396118164e-01
5.470561981201171875e-01
0.000000000000000000e+00
0.000000000000000000e+00
1.954701095819473267e-01
1.047037448734045029e-02
3.332156222313642502e-03
6.138418316841125488e-01
1.266107320785522461e+00
7.714152336120605469e-01
5.893105268478393555e-01
5.042848587036132812e-01
0.000000000000000000e+00
2.297689439728856087e-03
1.531722247600555420e-01
5.417382344603538513e-03
6.554847359657287598e-01
3.937177062034606934e-01
6.988970190286636353e-02
4.929240792989730835e-03
6.659137606620788574e-01
4.521832987666130066e-02
7.943321019411087036e-03
3.683196902275085449e-01
8.756068535149097443e-03
1.184804085642099380e-02
0.000000000000000000e+00
1.228096723556518555e+00
0.000000000000000000e+00
4.434613883495330811e-01
0.000000000000000000e+00
1.183977276086807251e-01
1.208188652992248535e+00
0.000000000000000000e+00
4.025789797306060791e-01
8.419539332389831543e-01
1.020814180374145508e+00
2.291645854711532593e-01
6.613747477531433105e-01
1.277370214462280273e+00
1.783506035804748535e+00
6.587561964988708496e-02
2.115634530782699585e-01
9.390373826026916504e-01
3.072172999382019043e-01
4.722890853881835938e-01
1.312074422836303711e+00
1.016919966787099838e-02
6.514658033847808838e-02
6.821130868047475815e-03
2.191576957702636719e-01
4.426907896995544434e-01
2.664399566128849983e-03
1.596258163452148438e+00
1.547415852546691895e+00
8.752648234367370605e-01
5.777302198112010956e-03
7.344875335693359375e-01
3.722723806276917458e-03
0.000000000000000000e+00
0.000000000000000000e+00
0.000000000000000000e+00
1.146517395973205566e-01
5.898026749491691589e-02
6.512460298836231232e-03
2.414968460798263550e-01
9.573784470558166504e-02
3.618830442428588867e-01
2.256564140319824219e+00
1.014949604868888855e-01
3.041126020252704620e-02
1.940229415893554688e+00
1.334961801767349243e-01
1.158737182617187500e+00
0.000000000000000000e+00
2.615244388580322266e-01
9.876689314842224121e-01
4.777291417121887207e-02
7.379122972488403320e-01
2.736014686524868011e-02
1.246345281600952148e+00
2.787151932716369629e-01
2.104473859071731567e-01
3.362277522683143616e-02
1.985241472721099854e-01
1.703135251998901367e+00
5.104032158851623535e-01
1.307421028614044189e-01
2.390343666076660156e+00
1.569477617740631104e-01
4.749330282211303711e-01
2.534555494785308838e-01
7.329331338405609131e-02
4.959560930728912354e-01
0.000000000000000000e+00
3.752600431442260742e+00
1.269160032272338867e+00
1.053531646728515625e+00
1.845849633216857910e+00
1.149740099906921387e+00
0.000000000000000000e+00
4.934510588645935059e-01
3.791794180870056152e-01
0.000000000000000000e+00
0.000000000000000000e+00
5.131695047020912170e-02
0.000000000000000000e+00
9.268126636743545532e-02
1.619228273630142212e-01
0.000000000000000000e+00
9.449043869972229004e-02
4.471907317638397217e-01
1.502633213996887207e+00
0.000000000000000000e+00
1.669937819242477417e-01
2.047317624092102051e-01
7.738806605339050293e-01
2.648850716650485992e-02
5.188455805182456970e-03
0.000000000000000000e+00
3.145534992218017578e-01
4.965561628341674805e-01
4.569858610630035400e-01
5.383033156394958496e-01
1.690786838531494141e+00
1.091144979000091553e-03
9.395985603332519531e-01
9.310601279139518738e-03
1.267449930310249329e-02
9.461562335491180420e-02
0.000000000000000000e+00
3.178854227066040039e+00
1.891838669776916504e+00
2.077133506536483765e-01
2.335407495498657227e+00
0.000000000000000000e+00
1.103407979011535645e+00
7.080180570483207703e-03
1.254920214414596558e-01
4.607138633728027344e-01
8.846775293350219727e-01
4.229048788547515869e-01
0.000000000000000000e+00
1.131824135780334473e+00
1.501020789146423340e-01
3.938454985618591309e-01
3.325297117233276367e+00
5.080958008766174316e-01
0.000000000000000000e+00
4.465273618698120117e-01
3.684236109256744385e-01
4.864441454410552979e-01
4.732252657413482666e-01
6.071357987821102142e-03
0.000000000000000000e+00
1.730095982551574707e+00
1.818366497755050659e-01
0.000000000000000000e+00
3.110361695289611816e-01
7.630623131990432739e-02
1.233544945716857910e+00
4.280406236648559570e-01
2.979326620697975159e-02
0.000000000000000000e+00
5.064338445663452148e-02
9.583741426467895508e-02
4.352909624576568604e-01
0.000000000000000000e+00
3.530882066115736961e-03
2.066755771636962891e+00
3.814689815044403076e-01
0.000000000000000000e+00
3.957733213901519775e-01
9.411087036132812500e-01
7.581942528486251831e-02
0.000000000000000000e+00
8.411356806755065918e-02
1.840077280998229980e+00
1.708030819892883301e+00
6.734166145324707031e-01
8.323166519403457642e-02
4.315031170845031738e-01
0.000000000000000000e+00
0.000000000000000000e+00
