1.442119777202606201e-01
0.000000000000000000e+00
9.595575183629989624e-02
2.179998159408569336e+00
1.480778574943542480e+00
3.123058974742889404e-01
6.743640303611755371e-01
2.438967227935791016e+00
7.413130760192871094e+00
1.606745481491088867e+00
1.500740796327590942e-01
1.512950420379638672e+00
6.987197399139404297e-01
9.385299682617187500e-01
2.138622760772705078e+00
1.475887060165405273e+00
9.003708362579345703e-01
1.971209168434143066e+00
8.322905302047729492e-01
2.529529929161071777e-01
2.531536340713500977e+00
0.000000000000000000e+00
2.630161643028259277e-01
2.777505397796630859e+00
5.153442919254302979e-02
8.303681388497352600e-03
9.253953397274017334e-02
2.246429443359375000e+00
4.950189292430877686e-01
0.000000000000000000e+00
1.479344964027404785e-01
0.000000000000000000e+00
7.090840339660644531e-01
1.352173924446105957e+00
6.887128949165344238e-01
3.157395839691162109e+00
1.923730522394180298e-01
3.878268972039222717e-02
1.605860590934753418e+00
9.480547308921813965e-01
1.244150549173355103e-01
1.832643598318099976e-01
6.011041402816772461e-01
5.400875568389892578e+00
1.175427436828613281e+00
1.121943593025207520e+00
9.195519983768463135e-02
9.991875886917114258e-01
1.818923279643058777e-02
1.221966028213500977e+00
3.427628993988037109e+00
0.000000000000000000e+00
1.534805774688720703e+00
1.591550856828689575e-01
9.073045253753662109e-01
2.339412719011306763e-01
4.154252707958221436e-01
3.252028822898864746e-01
1.419670343399047852e+00
1.056474447250366211e-01
0.000000000000000000e+00
3.060368001461029053e-01
0.000000000000000000e+00
7.367780804634094238e-01
1.314221978187561035e+00
1.401551663875579834e-01
1.070888265967369080e-01
6.120990514755249023e-01
1.441774129867553711e+00
1.778606474399566650e-01
0.000000000000000000e+00
1.639455407857894897e-01
4.410687088966369629e-02
1.064908623695373535e+00
3.454706668853759766e-01
9.257369041442871094e-01
2.279743552207946777e-03
1.017307281494140625e+00
1.195913672447204590e+00
1.508161902427673340e+00
0.000000000000000000e+00
8.318151831626892090e-01
3.206075191497802734e+00
1.379294246435165405e-01
2.344162940979003906e+00
1.313315778970718384e-01
4.275640249252319336e-01
0.000000000000000000e+00
5.677246451377868652e-01
1.195050426758825779e-03
2.441546916961669922e-01
0.000000000000000000e+00
7.300059497356414795e-02
0.000000000000000000e+00
9.491124749183654785e-01
2.608104050159454346e-01
1.296596407890319824e+00
4.073679447174072266e-01
3.205602467060089111e-01
7.244787644594907761e-03
1.920537464320659637e-02
1.421914696693420410e-01
2.253089565783739090e-03
2.004137039184570312e+00
1.447316050529479980e+00
7.490473985671997070e-02
1.019494056701660156e+00
8.667731881141662598e-01
2.581741213798522949e-01
5.785782337188720703e-01
1.108808040618896484e+00
9.133607149124145508e-03
8.798648715019226074e-01
2.241830527782440186e-01
5.077979564666748047e-01
1.356843262910842896e-01
3.978089988231658936e-01
5.147136747837066650e-02
8.322725892066955566e-01
2.195163488388061523e+00
1.691740989685058594e+00
2.734901010990142822e-01
0.000000000000000000e+00
1.207880496978759766e+00
1.383063197135925293e+00
5.662198662757873535e-01
6.317248102277517319e-03
8.450567722320556641e-01
1.788549900054931641e+00
6.591778993606567383e-02
3.584371507167816162e-02
1.003895282745361328e+00
2.799167037010192871e-01
8.005003631114959717e-02
7.163991928100585938e-01
1.257616281509399414e-01
2.243829667568206787e-01
4.905200481414794922e+00
0.000000000000000000e+00
4.529733955860137939e-02
2.482211738824844360e-01
2.744483649730682373e-01
1.711337804794311523e+00
0.000000000000000000e+00
1.471947729587554932e-01
2.452190369367599487e-01
8.782188296318054199e-01
9.162305593490600586e-01
1.482497572898864746e+00
1.051711738109588623e-01
6.565857887268066406e+00
9.032605290412902832e-01
1.613160073757171631e-01
5.094006657600402832e-01
2.125369787216186523e+00
1.461903452873229980e+00
1.707932800054550171e-01
6.121808290481567383e-01
2.330065965652465820e+00
2.852891385555267334e-01
1.616891846060752869e-02
1.127733945846557617e+00
4.514960646629333496e-01
0.000000000000000000e+00
5.780294537544250488e-01
5.520164370536804199e-01
9.094286710023880005e-02
0.000000000000000000e+00
4.352758228778839111e-01
3.803141355514526367e+00
5.533833503723144531e-01
1.177020788192749023e+00
1.807169765233993530e-01
5.275993943214416504e-01
5.759099721908569336e-01
6.527414798736572266e+00
1.839154399931430817e-02
1.049740612506866455e-01
1.695588529109954834e-01
1.798804700374603271e-01
0.000000000000000000e+00
1.859025284647941589e-02
1.296191334724426270e+00
4.017860889434814453e+00
1.301373243331909180e-01
6.077434867620468140e-02
4.679873287677764893e-01
9.244276881217956543e-01
0.000000000000000000e+00
0.000000000000000000e+00
0.000000000000000000e+00
3.885968471877276897e-04
1.131412029266357422e+00
5.798429846763610840e-01
2.117043018341064453e+00
6.562719345092773438e-01
7.692034840583801270e-01
1.302664875984191895e-01
6.714910864830017090e-01
6.631428599357604980e-01
1.314400196075439453e+00
1.753192991018295288e-01
6.087300181388854980e-01
1.599723935127258301e+00
3.360745608806610107e-01
0.000000000000000000e+00
2.014222621917724609e+00
1.233312487602233887e-02
1.358777880668640137e-01
1.337921738624572754e+00
2.536295354366302490e-01
7.440734505653381348e-01
1.397550582885742188e+00
1.076683640480041504e+00
1.311696290969848633e+00
6.245643496513366699e-01
1.439545899629592896e-01
1.502344757318496704e-01
1.803439974784851074e+00
5.499421358108520508e-01
0.000000000000000000e+00
1.099487781524658203e+00
1.819377839565277100e-01
2.088993936777114868e-01
7.368966192007064819e-02
0.000000000000000000e+00
1.150797829031944275e-01
2.651864290237426758e-01
1.050607711076736450e-01
1.660062372684478760e-01
1.395150087773799896e-02
4.068094789981842041e-01
2.224975347518920898e+00
1.874603033065795898e+00
5.457978248596191406e-01
1.000914454460144043e+00
2.960792541503906250e+00
1.718477159738540649e-01
0.000000000000000000e+00
1.244505643844604492e+00
1.822128593921661377e-01
1.091541051864624023e-01
2.899135649204254150e-01
4.574167251586914062e+00
1.300569772720336914e+00
8.031969666481018066e-01
9.427569508552551270e-01
5.798117723315954208e-03
1.245332241058349609e+00
8.414521217346191406e-01
7.579320226795971394e-04
9.253777861595153809e-01
2.866283990442752838e-02
2.025990962982177734e+00
1.005619525909423828e+00
5.439657345414161682e-02
8.529131859540939331e-02
0.000000000000000000e+00
1.291407644748687744e-01
2.746895253658294678e-01
1.452311277389526367e+00
6.286782622337341309e-01
2.913552895188331604e-02
0.000000000000000000e+00
4.939291998744010925e-02
2.606443595141172409e-03
1.705581665039062500e+00
1.415151520632207394e-03
4.549464955925941467e-02
0.000000000000000000e+00
1.634069561958312988e+00
0.000000000000000000e+00
5.611790418624877930e-01
1.715603470802307129e-01
2.387737855315208435e-03
9.223632812500000000e-01
2.351264469325542450e-02
7.163773775100708008e-01
7.908775210380554199e-01
3.587422966957092285e-01
3.329597711563110352e-01
5.128071904182434082e-01
1.612656749784946442e-02
3.429405689239501953e-01
8.228988647460937500e-01
7.289221286773681641e-01
7.418675422668457031e-01
0.000000000000000000e+00
2.047079801559448242e-01
2.323391474783420563e-02
2.134304761886596680e+00
5.799959897994995117e-01
1.577002108097076416e-01
1.458505839109420776e-01
2.677295804023742676e-01
6.494426727294921875e-01
3.098716139793395996e-01
4.418883025646209717e-01
1.407604217529296875e+00
5.561079025268554688e+00
5.548840165138244629e-01
1.193448156118392944e-01
2.990998029708862305e-01
2.440567314624786377e-02
2.779004722833633423e-02
2.122355438768863678e-02
4.422899335622787476e-03
0.000000000000000000e+00
3.983672242611646652e-03
3.230267167091369629e-01
1.039494991302490234e+00
4.847841709852218628e-02
5.943483114242553711e-02
1.137783765792846680e+00
9.461046755313873291e-02
7.098480463027954102e-01
4.284384194761514664e-03
2.658093273639678955e-01
1.031856417655944824e+00
7.860924303531646729e-02
2.120333671569824219e+00
0.000000000000000000e+00
4.989359080791473389e-01
3.684640675783157349e-02
4.724656231701374054e-03
4.578056931495666504e-01
1.762378811836242676e-01
0.000000000000000000e+00
8.863324522972106934e-01
3.867294788360595703e-01
3.103059157729148865e-02
1.140526379458606243e-03
1.128710865974426270e+00
2.591269314289093018e-01
1.413047686219215393e-02
1.730601191520690918e-01
1.710939645767211914e+00
3.286822438240051270e-01
2.506750524044036865e-01
1.630248665809631348e+00
2.518376410007476807e-01
0.000000000000000000e+00
7.523725181818008423e-02
1.018954738974571228e-01
3.971327245235443115e-01
1.045575380325317383e+00
2.464150041341781616e-01
1.610927283763885498e-01
7.774333953857421875e-01
7.793132066726684570e-01
2.960340352728962898e-03
1.132168054580688477e+00
4.741526544094085693e-01
1.539694666862487793e-01
4.459153395146131516e-03
6.512847542762756348e-01
0.000000000000000000e+00
3.079391717910766602e-01
1.232449337840080261e-01
1.051781654357910156e+00
4.379383847117424011e-02
5.317912623286247253e-02
1.097056031227111816e+00
3.943867385387420654e-01
3.131961107254028320e+00
1.285459876060485840e+00
5.333325862884521484e-01
1.851506233215332031e+00
2.245894432067871094e+00
0.000000000000000000e+00
7.895068526268005371e-01
1.590027332305908203e+00
1.474356770515441895e+00
4.108163714408874512e-02
1.423379659652709961e+00
3.180693136528134346e-03
2.207836061716079712e-01
0.000000000000000000e+00
1.541964262723922729e-01
7.487787604331970215e-01
3.650072813034057617e-01
4.404830455780029297e+00
1.526746153831481934e+00
6.292335391044616699e-01
0.000000000000000000e+00
2.386454194784164429e-01
1.956989243626594543e-02
0.000000000000000000e+00
0.000000000000000000e+00
7.996308803558349609e-02
1.066222265362739563e-01
8.665523491799831390e-03
0.000000000000000000e+00
4.699012637138366699e-01
1.867953687906265259e-01
2.394394725561141968e-01
2.330477952957153320e+00
1.203606277704238892e-02
9.174972772598266602e-02
6.339499950408935547e-01
2.367502301931381226e-01
8.225756287574768066e-01
9.372509084641933441e-04
1.311211287975311279e-01
1.024421334266662598e+00
9.651045203208923340e-01
1.468167543411254883e+00
1.915270537137985229e-01
1.242780923843383789e+00
4.546498656272888184e-01
2.791266739368438721e-01
2.436618320643901825e-02
3.742395341396331787e-01
2.303584575653076172e+00
4.076616372913122177e-03
2.631732523441314697e-01
4.007071495056152344e+00
1.989852488040924072e-01
9.392677545547485352e-01
5.191015005111694336e-01
8.606657385826110840e-02
9.423884153366088867e-01
0.000000000000000000e+00
2.230830907821655273e+00
2.835962176322937012e-01
5.212015509605407715e-01
9.750445485115051270e-01
1.639490842819213867e+00
0.000000000000000000e+00
1.671253085136413574e+00
5.595603957772254944e-02
0.000000000000000000e+00
2.618052661418914795e-01
3.255441784858703613e-03
4.175654649734497070e-01
9.084486216306686401e-02
1.217789053916931152e-01
3.152098506689071655e-02
7.888144254684448242e-01
7.377075552940368652e-01
1.737150192260742188e+00
0.000000000000000000e+00
1.534391660243272781e-02
6.057198643684387207e-01
5.536184310913085938e-01
1.169556286185979843e-03
1.241470780223608017e-02
3.500046441331505775e-03
4.731068015098571777e-01
5.273960828781127930e-01
1.641155123710632324e+00
3.225948214530944824e-01
2.176782131195068359e+00
0.000000000000000000e+00
1.501579403877258301e+00
9.890068173408508301e-01
4.684380069375038147e-02
1.878241449594497681e-01
0.000000000000000000e+00
1.777976155281066895e+00
1.788589239120483398e+00
2.366010472178459167e-02
4.532032012939453125e+00
7.586809992790222168e-02
9.701855778694152832e-01
2.665025889873504639e-01
1.185010746121406555e-01
1.122473254799842834e-01
2.179471969604492188e+00
1.434801816940307617e+00
0.000000000000000000e+00
4.447565078735351562e-01
6.456332206726074219e-01
5.528212785720825195e-01
2.981712818145751953e+00
4.471430778503417969e-01
3.856891766190528870e-03
3.302927613258361816e-01
1.330034136772155762e-01
1.265658974647521973e+00
2.499469518661499023e-01
1.024511009454727173e-01
9.190366417169570923e-02
5.729421377182006836e-01
8.866991400718688965e-01
1.407310925424098969e-02
3.464969992637634277e-01
2.286378480494022369e-02
1.525781273841857910e+00
9.547624737024307251e-02
4.363576173782348633e-01
0.000000000000000000e+00
3.143327683210372925e-02
1.839360147714614868e-01
7.527346014976501465e-01
1.154423207044601440e-01
2.906706333160400391e-01
3.849759340286254883e+00
1.291052997112274170e-01
0.000000000000000000e+00
6.598182320594787598e-01
1.976546883583068848e+00
1.235437273979187012e+00
8.891968727111816406e-01
1.517667055130004883e+00
2.767718315124511719e+00
2.629907608032226562e+00
8.500059843063354492e-01
3.166230320930480957e-01
1.017089486122131348e+00
0.000000000000000000e+00
4.264526814222335815e-02
