1.485451161861419678e-01
0.000000000000000000e+00
3.019675314426422119e-01
2.825592041015625000e+00
1.156664967536926270e+00
4.019416868686676025e-01
1.022949337959289551e+00
3.140784263610839844e+00
6.029291629791259766e+00
1.012375354766845703e+00
1.072751209139823914e-01
7.377928495407104492e-01
6.034408807754516602e-01
1.745157003402709961e+00
2.635401964187622070e+00
9.219295382499694824e-01
9.806910753250122070e-01
2.954278707504272461e+00
1.579074382781982422e+00
4.037358462810516357e-01
2.500721693038940430e+00
9.919052245095372200e-04
3.262037932872772217e-01
3.404972553253173828e+00
1.396572291851043701e-01
0.000000000000000000e+00
1.886937022209167480e-01
2.838211297988891602e+00
4.650999009609222412e-01
1.418085694313049316e-01
1.733771860599517822e-01
5.114335939288139343e-02
9.623078703880310059e-01
1.212145209312438965e+00
6.443130970001220703e-01
2.232555627822875977e+00
1.133082136511802673e-01
2.148882001638412476e-01
9.770371913909912109e-01
7.075774669647216797e-01
1.500753611326217651e-01
9.075793623924255371e-02
7.287269234657287598e-01
5.084640026092529297e+00
8.105801939964294434e-01
6.843587160110473633e-01
2.081694900989532471e-01
6.439396142959594727e-01
5.991945788264274597e-02
1.536332964897155762e+00
2.975175857543945312e+00
0.000000000000000000e+00
2.215265274047851562e+00
3.512054383754730225e-01
7.858351469039916992e-01
2.249462157487869263e-01
2.526227533817291260e-01
4.637379571795463562e-02
1.930970430374145508e+00
1.350303590297698975e-01
2.590418793261051178e-02
2.304304242134094238e-01
8.055511862039566040e-03
9.304915070533752441e-01
1.596016049385070801e+00
8.393286466598510742e-01
1.656872630119323730e-01
9.608964622020721436e-02
1.053756952285766602e+00
6.089145541191101074e-01
0.000000000000000000e+00
7.312326878309249878e-02
2.064591944217681885e-01
1.360534310340881348e+00
9.902555346488952637e-01
1.136541485786437988e+00
3.761452808976173401e-02
9.216830730438232422e-01
1.083973765373229980e+00
1.280331373214721680e+00
1.806354895234107971e-02
6.831510066986083984e-01
2.670587062835693359e+00
6.688414607197046280e-03
1.857224702835083008e+00
1.003398299217224121e-01
3.826641440391540527e-01
6.619134545326232910e-02
3.654686212539672852e-01
5.580586567521095276e-02
2.594508826732635498e-01
2.032552845776081085e-02
1.272657960653305054e-01
0.000000000000000000e+00
6.417788267135620117e-01
6.795798987150192261e-02
7.042158246040344238e-01
3.665204644203186035e-01
4.058316349983215332e-01
2.500227885320782661e-03
1.301485754083842039e-04
2.691973149776458740e-01
1.858046203851699829e-01
1.460365414619445801e+00
1.879943966865539551e+00
2.941771745681762695e-01
5.938478708267211914e-01
4.220705032348632812e-01
6.810111552476882935e-02
8.330273628234863281e-01
1.515397071838378906e+00
2.860373351722955704e-03
7.343257069587707520e-01
2.488152235746383667e-01
1.027318239212036133e+00
8.590507507324218750e-02
6.715139150619506836e-01
9.437649510800838470e-03
8.719732761383056641e-01
1.713143944740295410e+00
2.203808784484863281e+00
1.096142292022705078e+00
2.339046448469161987e-03
1.384052753448486328e+00
9.868541955947875977e-01
3.659300506114959717e-01
0.000000000000000000e+00
9.228162169456481934e-01
1.725491404533386230e+00
2.267247587442398071e-01
0.000000000000000000e+00
1.040995836257934570e+00
3.010529875755310059e-01
7.620786130428314209e-02
4.926869571208953857e-01
7.334958761930465698e-02
3.902388215065002441e-01
4.911536216735839844e+00
0.000000000000000000e+00
3.677955595776438713e-03
2.705251276493072510e-01
6.172793507575988770e-01
1.769697546958923340e+00
1.514232903718948364e-02
1.699648052453994751e-01
3.131360113620758057e-01
6.203679442405700684e-01
5.746901035308837891e-01
8.675445318222045898e-01
2.298584729433059692e-01
5.526472091674804688e+00
4.410091936588287354e-01
2.286683022975921631e-01
7.020738124847412109e-01
2.465870618820190430e+00
1.505809664726257324e+00
5.004962682723999023e-01
2.530019581317901611e-01
1.805346369743347168e+00
3.251190185546875000e-01
5.675501227378845215e-01
1.203075885772705078e+00
4.861528277397155762e-01
1.971549540758132935e-01
2.723248004913330078e-01
6.120651960372924805e-01
1.039714217185974121e-01
0.000000000000000000e+00
9.538237452507019043e-01
2.888461351394653320e+00
7.763218879699707031e-01
1.014994740486145020e+00
4.231453239917755127e-01
5.478457808494567871e-01
5.220192074775695801e-01
6.565598964691162109e+00
0.000000000000000000e+00
1.772178858518600464e-01
3.917557895183563232e-01
4.517948329448699951e-01
0.000000000000000000e+00
1.319730654358863831e-02
6.101008653640747070e-01
3.854628801345825195e+00
1.111606955528259277e-01
1.270611863583326340e-02
2.701092064380645752e-01
6.769282221794128418e-01
0.000000000000000000e+00
0.000000000000000000e+00
6.860486418008804321e-02
2.455356270074844360e-01
8.630104064941406250e-01
5.050920248031616211e-01
1.556677699089050293e+00
6.908394694328308105e-01
4.390390217304229736e-01
4.315074086189270020e-01
3.967567160725593567e-02
7.380306124687194824e-01
8.062282204627990723e-01
1.852318793535232544e-01
6.773547530174255371e-01
1.460893869400024414e+00
3.201269209384918213e-01
6.685492396354675293e-02
1.674480676651000977e+00
1.386594772338867188e-01
2.915856800973415375e-02
1.130104899406433105e+00
2.603827118873596191e-01
2.934417128562927246e-01
9.132795929908752441e-01
1.115346312522888184e+00
1.123565077781677246e+00
5.111946463584899902e-01
3.592731356620788574e-01
3.190143704414367676e-01
1.744964838027954102e+00
1.054480671882629395e+00
0.000000000000000000e+00
1.748562335968017578e+00
6.613039374351501465e-01
1.946879327297210693e-01
9.354328364133834839e-02
0.000000000000000000e+00
5.452470853924751282e-02
6.821355819702148438e-01
5.515799857676029205e-03
2.153982371091842651e-01
2.131762802600860596e-01
2.069230526685714722e-01
2.100521564483642578e+00
1.529569268226623535e+00
9.805540442466735840e-01
4.998689591884613037e-01
2.393752098083496094e+00
5.512509942054748535e-01
1.016956288367509842e-02
8.041779398918151855e-01
1.772758513689041138e-01
4.469857551157474518e-03
4.225255250930786133e-01
4.508793830871582031e+00
1.402532696723937988e+00
5.709069371223449707e-01
1.067708730697631836e+00
0.000000000000000000e+00
2.104402065277099609e+00
4.298172295093536377e-01
4.027733206748962402e-02
6.706975102424621582e-01
9.987479448318481445e-02
1.542536377906799316e+00
1.428257465362548828e+00
3.366427421569824219e-01
1.266445368528366089e-01
0.000000000000000000e+00
5.627128481864929199e-02
2.547151148319244385e-01
1.071367621421813965e+00
5.057647228240966797e-01
1.450187899172306061e-02
5.040343850851058960e-02
5.191283999010920525e-04
4.722603037953376770e-02
9.359729886054992676e-01
3.056360781192779541e-01
1.453023031353950500e-02
1.148272864520549774e-02
1.355465769767761230e+00
0.000000000000000000e+00
2.802872061729431152e-01
1.292492628097534180e+00
1.187998652458190918e-01
7.601379752159118652e-01
2.526203691959381104e-01
1.040413141250610352e+00
9.962520003318786621e-01
1.775019317865371704e-01
8.155972510576248169e-02
3.465795218944549561e-01
5.757521092891693115e-02
3.119177818298339844e-01
1.127321600914001465e+00
9.671661853790283203e-01
6.067661643028259277e-01
1.601174287497997284e-02
4.586130976676940918e-01
4.432066529989242554e-02
1.823918938636779785e+00
9.753487110137939453e-01
3.455829620361328125e-01
1.992122083902359009e-01
2.185537666082382202e-01
4.388048946857452393e-01
7.861517667770385742e-01
4.722570180892944336e-01
1.225473403930664062e+00
5.702707767486572266e+00
7.704317569732666016e-01
2.446654140949249268e-01
3.644297122955322266e-01
7.223466876894235611e-03
1.213173288851976395e-02
1.692413985729217529e-01
4.362634383141994476e-03
0.000000000000000000e+00
4.566084593534469604e-03
3.020049929618835449e-01
9.758280515670776367e-01
7.319615781307220459e-02
6.296051293611526489e-02
6.694359183311462402e-01
1.576297171413898468e-02
9.191391468048095703e-01
0.000000000000000000e+00
3.802357017993927002e-01
6.621811985969543457e-01
7.088397443294525146e-02
1.971937537193298340e+00
0.000000000000000000e+00
3.978582918643951416e-01
2.901093959808349609e-01
0.000000000000000000e+00
2.037790268659591675e-01
4.857048764824867249e-02
0.000000000000000000e+00
7.800646424293518066e-01
6.180507540702819824e-01
0.000000000000000000e+00
0.000000000000000000e+00
1.077734589576721191e+00
1.057564839720726013e-01
6.212377455085515976e-03
1.921863704919815063e-01
1.149805665016174316e+00
8.759052157402038574e-01
7.723137736320495605e-01
1.983234643936157227e+00
1.924237906932830811e-01
7.860814034938812256e-02
1.332480758428573608e-01
2.681572549045085907e-02
6.882216930389404297e-01
3.721181750297546387e-01
5.129066109657287598e-01
1.033712700009346008e-01
6.325730681419372559e-01
6.724057197570800781e-01
1.498851832002401352e-02
5.826754570007324219e-01
6.230641603469848633e-01
1.405028551816940308e-01
8.418067544698715210e-02
9.604783654212951660e-01
0.000000000000000000e+00
1.962269991636276245e-01
1.262487322092056274e-01
5.977014899253845215e-01
5.137086287140846252e-02
1.715250760316848755e-01
1.373545408248901367e+00
7.670164704322814941e-01
2.432138919830322266e+00
8.853604793548583984e-01
7.742930650711059570e-01
2.257094383239746094e+00
2.160846948623657227e+00
0.000000000000000000e+00
3.319062888622283936e-01
1.591548204421997070e+00
9.229334592819213867e-01
2.223206311464309692e-01
1.042827844619750977e+00
1.569144241511821747e-02
1.818440854549407959e-01
6.699766963720321655e-03
9.420569986104965210e-03
9.155313968658447266e-01
1.423738002777099609e-01
3.162944555282592773e+00
1.295796632766723633e+00
2.727730870246887207e-01
0.000000000000000000e+00
6.117795705795288086e-01
2.705199294723570347e-04
0.000000000000000000e+00
0.000000000000000000e+00
5.449673905968666077e-02
3.728550374507904053e-01
4.360254108905792236e-01
1.028561312705278397e-02
1.033894270658493042e-01
2.740121483802795410e-01
4.491964876651763916e-01
2.630702018737792969e+00
0.000000000000000000e+00
9.534595906734466553e-02
3.462296128273010254e-01
1.590584963560104370e-01
1.699841856956481934e+00
0.000000000000000000e+00
1.910299509763717651e-01
1.036091327667236328e+00
4.216014742851257324e-01
1.036661267280578613e+00
3.487216234207153320e-01
1.132318139076232910e+00
1.232705473899841309e+00
4.261079728603363037e-01
2.075899764895439148e-02
1.471130698919296265e-01
2.290922403335571289e+00
2.079524844884872437e-02
5.983904004096984863e-01
3.918788909912109375e+00
2.128018289804458618e-01
7.156493663787841797e-01
5.242138504981994629e-01
4.005599319934844971e-01
8.011862635612487793e-01
0.000000000000000000e+00
2.857077598571777344e+00
9.596801996231079102e-01
3.242591023445129395e-01
2.163871526718139648e+00
2.155367612838745117e+00
0.000000000000000000e+00
1.483408331871032715e+00
1.559718400239944458e-01
5.990668013691902161e-02
1.659580469131469727e-01
6.834068335592746735e-03
4.179467856884002686e-01
2.678143382072448730e-01
1.684429496526718140e-01
2.440449036657810211e-02
5.017215609550476074e-01
8.611028790473937988e-01
1.209105372428894043e+00
0.000000000000000000e+00
1.846378892660140991e-01
1.911768168210983276e-01
8.404028415679931641e-01
3.211278095841407776e-02
0.000000000000000000e+00
1.709024072624742985e-03
5.854369997978210449e-01
1.242592811584472656e+00
5.863930583000183105e-01
1.482686251401901245e-01
1.697861313819885254e+00
0.000000000000000000e+00
1.685710906982421875e+00
1.078613162040710449e+00
2.210086435079574585e-01
3.620815277099609375e-01
0.000000000000000000e+00
1.904186606407165527e+00
2.361759424209594727e+00
1.138178184628486633e-01
4.387685775756835938e+00
3.017241954803466797e-01
3.042411208152770996e-01
2.810641825199127197e-01
1.969757378101348877e-01
2.741802632808685303e-01
9.466909170150756836e-01
1.201316356658935547e+00
2.082238206639885902e-03
4.207990765571594238e-01
6.046152114868164062e-01
4.671908318996429443e-01
3.572206735610961914e+00
9.139133691787719727e-01
0.000000000000000000e+00
2.502381503582000732e-01
8.741926401853561401e-02
1.359806299209594727e+00
8.510562777519226074e-01
9.378657676279544830e-03
8.544319425709545612e-04
9.979970455169677734e-01
4.682909548282623291e-01
3.644912736490368843e-03
4.188797473907470703e-01
1.303682327270507812e-01
2.762803077697753906e+00
0.000000000000000000e+00
1.168683096766471863e-01
2.349335700273513794e-02
5.524209514260292053e-02
4.951651394367218018e-01
1.070644021034240723e+00
1.779281497001647949e-01
4.007902741432189941e-01
2.725866794586181641e+00
1.504684686660766602e-01
5.200091749429702759e-03
7.340892553329467773e-01
1.271829724311828613e+00
9.277164340019226074e-01
1.010530352592468262e+00
9.963381886482238770e-01
2.223441362380981445e+00
1.852551817893981934e+00
5.114002227783203125e-01
1.629879176616668701e-01
7.447006106376647949e-01
0.000000000000000000e+00
1.180391088128089905e-01
