1.319705843925476074e-01
0.000000000000000000e+00
7.341991364955902100e-02
2.681444406509399414e+00
1.024716377258300781e+00
1.127261295914649963e-01
2.663543224334716797e-01
3.156584501266479492e+00
7.170217037200927734e+00
1.004577517509460449e+00
6.540204584598541260e-02
6.902688145637512207e-01
3.694908618927001953e-01
1.475706934928894043e+00
2.562548160552978516e+00
1.127897381782531738e+00
1.038010835647583008e+00
2.291494131088256836e+00
1.356107711791992188e+00
5.979121476411819458e-02
2.307033538818359375e+00
0.000000000000000000e+00
2.545626163482666016e-01
2.584002256393432617e+00
1.019165962934494019e-01
1.498206984251737595e-02
2.539685368537902832e-01
2.599634170532226562e+00
2.035071700811386108e-01
2.593162283301353455e-02
1.578540503978729248e-01
6.209309026598930359e-02
6.399326324462890625e-01
5.550810694694519043e-01
1.336451292037963867e+00
2.617088317871093750e+00
1.336185038089752197e-01
4.881408810615539551e-02
8.045705556869506836e-01
3.011668324470520020e-01
3.599781095981597900e-01
2.915246486663818359e-01
3.380610644817352295e-01
4.137691974639892578e+00
8.887416124343872070e-01
6.511069536209106445e-01
1.202913653105497360e-02
1.141189575195312500e+00
1.466714143753051758e-01
9.285864233970642090e-01
2.586357831954956055e+00
0.000000000000000000e+00
1.733178257942199707e+00
2.770158648490905762e-01
6.862154603004455566e-01
2.135190516710281372e-01
7.713854908943176270e-01
2.542750723659992218e-02
1.138856053352355957e+00
3.065753914415836334e-02
0.000000000000000000e+00
7.766712456941604614e-02
3.823439823463559151e-03
6.587836742401123047e-01
1.539006710052490234e+00
2.921742796897888184e-01
7.376040797680616379e-03
7.988865673542022705e-02
7.207170724868774414e-01
2.449835836887359619e-01
0.000000000000000000e+00
3.394635319709777832e-01
1.156461164355278015e-01
1.143636584281921387e+00
4.268739819526672363e-01
1.323657274246215820e+00
9.853226132690906525e-03
7.174293398857116699e-01
6.150972247123718262e-01
1.144104480743408203e+00
0.000000000000000000e+00
7.309801578521728516e-01
2.687621355056762695e+00
3.328731283545494080e-02
1.694509387016296387e+00
4.448066279292106628e-02
1.084247946739196777e+00
2.317215129733085632e-02
5.287920832633972168e-01
3.955252096056938171e-02
3.128450810909271240e-01
1.431924849748611450e-01
9.873162955045700073e-03
0.000000000000000000e+00
4.306716322898864746e-01
4.620752856135368347e-02
1.229937911033630371e+00
1.731502115726470947e-01
1.309322267770767212e-01
9.549516253173351288e-03
0.000000000000000000e+00
1.267284303903579712e-01
1.274869441986083984e-01
8.363351225852966309e-01
1.927141785621643066e+00
0.000000000000000000e+00
8.625237941741943359e-01
3.999589383602142334e-01
2.735851407051086426e-01
6.099340319633483887e-01
1.406515598297119141e+00
0.000000000000000000e+00
9.532319307327270508e-01
1.682398766279220581e-01
4.312260448932647705e-01
2.475800551474094391e-02
3.402566313743591309e-01
7.624775636941194534e-03
2.555378973484039307e-01
1.790984630584716797e+00
1.771392107009887695e+00
6.187846660614013672e-01
2.656927565112709999e-03
1.241744041442871094e+00
7.030186653137207031e-01
8.833891153335571289e-02
0.000000000000000000e+00
5.107780098915100098e-01
1.954614996910095215e+00
6.081383302807807922e-02
0.000000000000000000e+00
9.842463135719299316e-01
2.512259483337402344e-01
3.341125324368476868e-02
5.326307415962219238e-01
1.235940121114253998e-02
5.384269356727600098e-02
4.984304428100585938e+00
0.000000000000000000e+00
8.518092334270477295e-02
1.741734743118286133e-01
3.288033008575439453e-01
1.573001384735107422e+00
0.000000000000000000e+00
9.120354801416397095e-02
1.672240793704986572e-01
7.237086296081542969e-01
6.608198285102844238e-01
1.346626400947570801e+00
4.285986348986625671e-02
6.391825675964355469e+00
3.007352054119110107e-01
2.975683659315109253e-02
4.996679425239562988e-01
1.659573793411254883e+00
1.343954563140869141e+00
2.583806775510311127e-02
8.507701009511947632e-02
2.041151523590087891e+00
2.072699815034866333e-01
3.097229599952697754e-01
1.160032033920288086e+00
5.608334541320800781e-01
9.279481321573257446e-02
1.189657375216484070e-01
6.726478934288024902e-01
3.096149861812591553e-02
0.000000000000000000e+00
8.470591902732849121e-01
3.780559778213500977e+00
3.071016967296600342e-01
8.124728202819824219e-01
6.450531631708145142e-02
6.632268428802490234e-01
3.150100409984588623e-01
6.513434410095214844e+00
0.000000000000000000e+00
1.308044493198394775e-01
2.125311791896820068e-01
2.850545644760131836e-01
0.000000000000000000e+00
0.000000000000000000e+00
1.706050187349319458e-01
3.561115503311157227e+00
8.082533627748489380e-02
6.135519593954086304e-02
8.647871762514114380e-02
4.463063478469848633e-01
0.000000000000000000e+00
0.000000000000000000e+00
0.000000000000000000e+00
1.249511241912841797e-01
7.820683717727661133e-01
5.521242618560791016e-01
1.547211885452270508e+00
7.923530340194702148e-01
8.066521286964416504e-01
3.124206662178039551e-01
6.822339892387390137e-01
1.554065048694610596e-01
1.561617732048034668e+00
1.750640273094177246e-01
3.876400291919708252e-01
1.341115474700927734e+00
2.407025992870330811e-01
4.451451450586318970e-02
1.193300366401672363e+00
7.494414597749710083e-02
1.140969321131706238e-01
1.401172518730163574e+00
1.997848153114318848e-01
9.124792367219924927e-02
9.010562896728515625e-01
6.189398169517517090e-01
9.391521215438842773e-01
9.283412694931030273e-01
1.496228724718093872e-01
1.396030336618423462e-01
1.151806354522705078e+00
1.031831860542297363e+00
2.084763906896114349e-02
4.032759368419647217e-01
3.882612884044647217e-01
1.541852485388517380e-03
7.437206804752349854e-02
0.000000000000000000e+00
5.282411351799964905e-02
2.290168702602386475e-01
1.166651546955108643e-01
1.431138813495635986e-01
6.168016418814659119e-02
3.081085681915283203e-01
1.258343219757080078e+00
2.271282434463500977e+00
3.366173803806304932e-01
7.216308712959289551e-01
2.550336122512817383e+00
2.054409980773925781e-01
3.180318279191851616e-03
1.290131330490112305e+00
4.082092549651861191e-03
1.302927285432815552e-01
1.749948710203170776e-01
4.340713024139404297e+00
1.378414511680603027e+00
7.367813587188720703e-01
1.004922389984130859e+00
0.000000000000000000e+00
1.222003936767578125e+00
4.896199405193328857e-01
2.877130918204784393e-02
5.179883837699890137e-01
1.664423942565917969e-01
1.903182983398437500e+00
1.017733216285705566e+00
7.662026211619377136e-03
1.368211060762405396e-01
0.000000000000000000e+00
1.625838577747344971e-01
1.684087812900543213e-01
1.606586337089538574e+00
1.663877069950103760e-01
3.258080454543232918e-03
1.321839075535535812e-02
0.000000000000000000e+00
0.000000000000000000e+00
1.706658124923706055e+00
5.163282155990600586e-02
3.063151799142360687e-02
9.166812524199485779e-03
1.434783339500427246e+00
0.000000000000000000e+00
5.167827010154724121e-01
5.027706623077392578e-01
9.590728208422660828e-03
3.863007724285125732e-01
1.712492704391479492e-01
7.025315761566162109e-01
9.337343573570251465e-01
3.182389214634895325e-02
8.225794881582260132e-02
2.621656060218811035e-01
3.717607259750366211e-01
2.592687606811523438e-01
6.465204358100891113e-01
1.136917233467102051e+00
4.273392260074615479e-01
9.522732580080628395e-04
7.817122340202331543e-01
0.000000000000000000e+00
1.653295516967773438e+00
6.027079820632934570e-01
1.737246848642826080e-02
1.153131946921348572e-01
7.436162233352661133e-02
2.043633311986923218e-01
8.451991081237792969e-01
1.231428608298301697e-01
1.512356162071228027e+00
5.593935012817382812e+00
5.912687778472900391e-01
2.740416675806045532e-02
3.317534029483795166e-01
5.288686603307723999e-02
7.156897336244583130e-03
3.192113935947418213e-01
0.000000000000000000e+00
0.000000000000000000e+00
0.000000000000000000e+00
3.033530116081237793e-01
1.258633017539978027e+00
0.000000000000000000e+00
1.017216034233570099e-02
9.167259335517883301e-01
4.302692413330078125e-02
4.492115676403045654e-01
0.000000000000000000e+00
3.766618371009826660e-01
7.684992551803588867e-01
2.604063451290130615e-01
1.629337191581726074e+00
0.000000000000000000e+00
2.784417271614074707e-01
1.433154344558715820e-01
4.760933667421340942e-02
4.581577479839324951e-01
1.384485699236392975e-02
0.000000000000000000e+00
7.747022509574890137e-01
4.865542650222778320e-01
0.000000000000000000e+00
0.000000000000000000e+00
1.260705113410949707e+00
1.726058274507522583e-01
2.376012876629829407e-02
1.519731134176254272e-01
1.405938744544982910e+00
2.882062494754791260e-01
6.149518489837646484e-01
1.803244709968566895e+00
2.460078299045562744e-01
1.225332915782928467e-01
4.306893795728683472e-02
1.502700746059417725e-01
7.114133834838867188e-01
6.079168915748596191e-01
1.909804195165634155e-01
6.997131556272506714e-02
6.924403309822082520e-01
5.655251741409301758e-01
2.088074944913387299e-02
1.047738909721374512e+00
5.259616374969482422e-01
8.003009110689163208e-02
1.118490844964981079e-01
8.656523227691650391e-01
0.000000000000000000e+00
5.428870394825935364e-02
2.223949413746595383e-03
5.706704258918762207e-01
8.685890585184097290e-02
5.804166942834854126e-02
8.020439147949218750e-01
5.769144892692565918e-01
2.442375659942626953e+00
1.314573645591735840e+00
2.033588141202926636e-01
1.853189229965209961e+00
2.310187101364135742e+00
0.000000000000000000e+00
4.945363700389862061e-01
1.102738499641418457e+00
4.566840529441833496e-01
6.618343293666839600e-02
1.246498823165893555e+00
0.000000000000000000e+00
4.072447773069143295e-03
1.307340897619724274e-02
3.684874624013900757e-02
9.427033066749572754e-01
1.632423549890518188e-01
4.026024341583251953e+00
1.364856600761413574e+00
1.327141821384429932e-01
0.000000000000000000e+00
1.890769898891448975e-01
0.000000000000000000e+00
0.000000000000000000e+00
0.000000000000000000e+00
6.516423821449279785e-02
3.280725181102752686e-01
7.382269203662872314e-02
0.000000000000000000e+00
3.057663887739181519e-02
7.594537734985351562e-02
7.271085977554321289e-01
2.089535951614379883e+00
9.961208328604698181e-03
1.646644435822963715e-02
3.971003592014312744e-01
2.802527844905853271e-01
1.720219492912292480e+00
0.000000000000000000e+00
1.360022723674774170e-01
1.060194611549377441e+00
5.966752171516418457e-01
9.057151675224304199e-01
2.984149158000946045e-01
1.332528948783874512e+00
6.114419102668762207e-01
2.221327833831310272e-02
0.000000000000000000e+00
2.208682298660278320e-01
1.773416876792907715e+00
2.169227600097656250e-02
7.309970259666442871e-02
4.444524288177490234e+00
5.708158016204833984e-02
5.316358208656311035e-01
8.930785059928894043e-01
4.955374300479888916e-01
8.949316740036010742e-01
0.000000000000000000e+00
1.790925860404968262e+00
5.214501619338989258e-01
3.105232417583465576e-01
1.739635825157165527e+00
1.928400754928588867e+00
6.460253894329071045e-02
1.374500036239624023e+00
2.305519953370094299e-02
3.712790319696068764e-03
2.696096152067184448e-02
1.084368908777832985e-03
2.320087403059005737e-01
1.923831552267074585e-01
3.423975706100463867e-01
0.000000000000000000e+00
4.654477536678314209e-01
4.537977874279022217e-01
1.489282011985778809e+00
0.000000000000000000e+00
8.031199872493743896e-02
3.298236727714538574e-01
1.785980910062789917e-01
3.740859217941761017e-03
0.000000000000000000e+00
0.000000000000000000e+00
5.757539272308349609e-01
1.457764148712158203e+00
3.958683311939239502e-01
2.619105577468872070e-01
1.791989684104919434e+00
0.000000000000000000e+00
1.312426686286926270e+00
7.487852573394775391e-01
3.529340624809265137e-01
6.367782950401306152e-01
0.000000000000000000e+00
1.242811322212219238e+00
2.444381713867187500e+00
5.552069470286369324e-02
3.849664211273193359e+00
6.425399780273437500e-01
6.566322445869445801e-01
1.586014479398727417e-01
2.963947951793670654e-01
1.709507256746292114e-01
8.746774196624755859e-01
8.298438787460327148e-01
0.000000000000000000e+00
2.749007940292358398e-01
4.830663204193115234e-01
4.657104909420013428e-01
3.187865018844604492e+00
6.681241393089294434e-01
7.511370349675416946e-03
4.951871559023857117e-02
3.393206596374511719e-01
9.886460900306701660e-01
1.181253567337989807e-01
4.935080930590629578e-02
2.696925774216651917e-03
6.184054613113403320e-01
5.100725889205932617e-01
9.115773253142833710e-03
1.970123499631881714e-01
1.558197587728500366e-01
2.590963363647460938e+00
6.140267848968505859e-02
3.042445331811904907e-02
3.318218514323234558e-02
0.000000000000000000e+00
2.515341527760028839e-02
5.756890177726745605e-01
9.652605652809143066e-02
4.124060571193695068e-01
3.236954927444458008e+00
9.395138174295425415e-02
0.000000000000000000e+00
4.026772081851959229e-01
1.349486947059631348e+00
6.218295693397521973e-01
1.051377773284912109e+00
1.041132211685180664e+00
2.448164701461791992e+00
2.065545797348022461e+00
3.523882627487182617e-01
1.507538408041000366e-01
8.416720032691955566e-01
0.000000000000000000e+00
2.727132849395275116e-02
