3.996186852455139160e-01
0.000000000000000000e+00
1.311784684658050537e-01
2.547471284866333008e+00
7.319608926773071289e-01
1.349844336509704590e-01
7.395997047424316406e-01
2.578390359878540039e+00
6.858020782470703125e+00
1.387051939964294434e+00
6.127203628420829773e-02
1.791243791580200195e+00
5.383092761039733887e-01
8.683433532714843750e-01
1.847010612487792969e+00
1.039147019386291504e+00
7.585358619689941406e-01
1.951951742172241211e+00
7.146360874176025391e-01
7.805358152836561203e-03
2.116853237152099609e+00
0.000000000000000000e+00
2.558417022228240967e-01
2.302906274795532227e+00
5.430524051189422607e-02
0.000000000000000000e+00
2.390923351049423218e-01
2.420009851455688477e+00
4.111188054084777832e-01
1.674042083323001862e-02
0.000000000000000000e+00
1.814889139495790005e-03
6.053502559661865234e-01
1.177251338958740234e+00
1.193490743637084961e+00
3.289582490921020508e+00
1.035743504762649536e-01
1.823402047157287598e-01
7.877849340438842773e-01
8.020081520080566406e-01
2.205739915370941162e-01
2.897385656833648682e-01
2.726406753063201904e-01
4.903766632080078125e+00
6.406038403511047363e-01
6.769734621047973633e-01
3.930874466896057129e-01
1.106748223304748535e+00
1.317362785339355469e-01
1.189050436019897461e+00
3.595221042633056641e+00
6.657703965902328491e-02
2.217804431915283203e+00
9.029744565486907959e-02
1.029250144958496094e+00
3.146181628108024597e-02
1.302515249699354172e-02
2.556898891925811768e-01
1.572281956672668457e+00
3.914836049079895020e-02
0.000000000000000000e+00
4.086014255881309509e-02
1.059108506888151169e-02
8.051175475120544434e-01
1.652422070503234863e+00
8.241397142410278320e-01
5.120140686631202698e-02
2.585429847240447998e-01
1.414277553558349609e+00
1.165120229125022888e-01
0.000000000000000000e+00
4.723780229687690735e-02
1.226727291941642761e-01
1.095119833946228027e+00
1.728007346391677856e-01
7.312940359115600586e-01
7.333634048700332642e-02
1.119971632957458496e+00
1.705682873725891113e-01
1.660259485244750977e+00
0.000000000000000000e+00
8.063567876815795898e-01
3.108267545700073242e+00
1.645897477865219116e-01
2.430465698242187500e+00
1.538965106010437012e-01
1.079618811607360840e+00
8.927910588681697845e-03
4.104716181755065918e-01
7.119508832693099976e-02
1.232172027230262756e-01
0.000000000000000000e+00
0.000000000000000000e+00
0.000000000000000000e+00
6.640459299087524414e-01
4.475403428077697754e-01
1.081312894821166992e+00
4.430282413959503174e-01
1.966128647327423096e-01
7.615280803292989731e-03
0.000000000000000000e+00
3.066656179726123810e-02
4.157184064388275146e-02
1.118506789207458496e+00
1.501861572265625000e+00
5.815699696540832520e-02
1.333855390548706055e+00
7.264016270637512207e-01
5.276035070419311523e-01
7.220174670219421387e-01
1.616176366806030273e+00
1.666115969419479370e-02
4.567013978958129883e-01
5.543918013572692871e-01
7.529181241989135742e-01
1.461013704538345337e-01
4.046906232833862305e-01
7.857376337051391602e-02
9.051706790924072266e-01
1.972893476486206055e+00
1.156530737876892090e+00
7.317474484443664551e-01
1.106008328497409821e-02
1.390775322914123535e+00
7.284813523292541504e-01
5.287495851516723633e-01
0.000000000000000000e+00
9.327507019042968750e-01
2.135016202926635742e+00
7.713694870471954346e-02
0.000000000000000000e+00
1.308106184005737305e+00
5.513476133346557617e-01
1.116157993674278259e-01
6.802514195442199707e-01
5.912299081683158875e-02
2.416740171611309052e-02
4.474549293518066406e+00
0.000000000000000000e+00
2.611084282398223877e-02
4.404240250587463379e-01
1.639990061521530151e-01
1.627426147460937500e+00
2.972517907619476318e-02
2.262069284915924072e-02
2.451328001916408539e-02
8.563327193260192871e-01
7.224762439727783203e-01
7.165797948837280273e-01
1.948426514863967896e-01
6.916439056396484375e+00
4.038981497287750244e-01
6.207895651459693909e-02
6.252201199531555176e-01
1.960876941680908203e+00
1.836014270782470703e+00
2.355698496103286743e-03
4.417815431952476501e-02
2.124599218368530273e+00
3.931620121002197266e-01
3.295674920082092285e-03
1.159323930740356445e+00
1.048689842224121094e+00
5.483487620949745178e-02
4.107033312320709229e-01
3.493810296058654785e-01
5.441411584615707397e-02
0.000000000000000000e+00
1.069736719131469727e+00
4.090310096740722656e+00
5.728077888488769531e-01
5.584017038345336914e-01
2.340364605188369751e-01
8.545863628387451172e-01
3.223448991775512695e-01
6.823609352111816406e+00
0.000000000000000000e+00
3.344495594501495361e-01
3.572210371494293213e-01
1.448004692792892456e-01
4.947958048433065414e-03
9.055003523826599121e-02
9.798796176910400391e-01
3.688224792480468750e+00
1.898009181022644043e-01
2.544398978352546692e-02
3.512232899665832520e-01
1.114487886428833008e+00
0.000000000000000000e+00
1.778367906808853149e-02
2.664280124008655548e-03
2.525005489587783813e-02
9.518634676933288574e-01
7.202919125556945801e-01
2.496371269226074219e+00
5.879239439964294434e-01
7.906960844993591309e-01
3.472388088703155518e-01
2.866786122322082520e-01
7.764343023300170898e-01
1.256783604621887207e+00
1.424618512392044067e-01
1.034756064414978027e+00
7.732448577880859375e-01
4.252455830574035645e-01
1.489115357398986816e-01
1.464386224746704102e+00
7.663737516850233078e-03
1.260325312614440918e-01
9.040869474411010742e-01
1.725027114152908325e-01
4.079501330852508545e-01
6.118865609169006348e-01
6.926275491714477539e-01
7.760780453681945801e-01
1.197187662124633789e+00
1.002885624766349792e-01
1.312193870544433594e-01
2.121056795120239258e+00
1.257244825363159180e+00
0.000000000000000000e+00
2.896390259265899658e-01
3.558239042758941650e-01
1.480243802070617676e-01
6.382632255554199219e-02
0.000000000000000000e+00
1.957579553127288818e-01
5.602822303771972656e-01
3.589138686656951904e-01
1.716795563697814941e-01
2.698776423931121826e-01
1.625164002180099487e-01
1.450399279594421387e+00
2.156068563461303711e+00
2.764133810997009277e-01
1.023426413536071777e+00
2.825842857360839844e+00
4.031984806060791016e-01
2.174088954925537109e-01
8.246989846229553223e-01
1.206052750349044800e-01
3.298552008345723152e-03
1.919299513101577759e-01
4.153193473815917969e+00
1.546521067619323730e+00
9.558787345886230469e-01
7.705287337303161621e-01
6.804526783525943756e-03
1.293577075004577637e+00
1.353665828704833984e+00
6.562419730471447110e-05
5.670767426490783691e-01
0.000000000000000000e+00
1.466668367385864258e+00
1.301653981208801270e+00
6.903143972158432007e-02
1.611437797546386719e-01
0.000000000000000000e+00
1.952211111783981323e-01
2.357369214296340942e-01
1.706879377365112305e+00
6.639375090599060059e-01
1.064274460077285767e-02
8.599598892033100128e-03
0.000000000000000000e+00
0.000000000000000000e+00
2.122286081314086914e+00
1.186724938452243805e-02
1.539047956466674805e-01
1.904215849936008453e-02
1.199931502342224121e+00
0.000000000000000000e+00
4.937079846858978271e-01
6.069889068603515625e-01
8.179109543561935425e-03
9.101809859275817871e-01
5.869828164577484131e-03
9.635015726089477539e-01
1.197753310203552246e+00
1.539283618330955505e-02
6.018262505531311035e-01
2.759748101234436035e-01
3.191575780510902405e-02
3.459111452102661133e-01
1.245480298995971680e+00
1.228547930717468262e+00
1.345709681510925293e+00
5.164138972759246826e-02
3.346957564353942871e-01
6.357739120721817017e-02
2.029715299606323242e+00
1.167055964469909668e+00
3.996664658188819885e-02
3.195285424590110779e-02
1.744965836405754089e-02
4.347079396247863770e-01
2.824563086032867432e-01
1.419655382633209229e-01
1.467526912689208984e+00
5.665092468261718750e+00
4.809289872646331787e-01
5.574139580130577087e-02
5.138376951217651367e-01
0.000000000000000000e+00
1.650295406579971313e-01
1.173804923892021179e-01
1.850128173828125000e-02
2.018600329756736755e-02
0.000000000000000000e+00
5.330898761749267578e-01
6.975036859512329102e-01
0.000000000000000000e+00
7.666506618261337280e-02
1.730539917945861816e+00
2.827058732509613037e-01
3.368615806102752686e-01
0.000000000000000000e+00
1.427316367626190186e-01
1.209566116333007812e+00
3.920250535011291504e-01
1.612984657287597656e+00
0.000000000000000000e+00
3.484824001789093018e-01
3.619134053587913513e-02
2.725566504523158073e-03
4.494245648384094238e-01
0.000000000000000000e+00
0.000000000000000000e+00
1.143620967864990234e+00
4.278849363327026367e-01
0.000000000000000000e+00
2.362757734954357147e-02
1.028862833976745605e+00
1.379181146621704102e-01
2.205974422395229340e-03
1.504337787628173828e-01
1.272758126258850098e+00
1.674466729164123535e-01
8.923848867416381836e-01
1.452626824378967285e+00
9.045976400375366211e-02
4.338172078132629395e-02
2.360272109508514404e-01
3.086768984794616699e-01
6.677927374839782715e-01
1.129053950309753418e+00
2.602158188819885254e-01
5.836314987391233444e-03
4.524226486682891846e-01
6.375789642333984375e-01
4.653224721550941467e-02
1.296711564064025879e+00
5.328322052955627441e-01
3.233040496706962585e-02
3.553064167499542236e-02
6.384072303771972656e-01
1.208917424082756042e-02
4.151060879230499268e-01
1.204043440520763397e-02
1.215657472610473633e+00
1.690833121538162231e-01
1.226976066827774048e-01
1.436038970947265625e+00
3.533683717250823975e-01
2.182495832443237305e+00
1.221664071083068848e+00
3.338051438331604004e-01
2.106592655181884766e+00
1.875735282897949219e+00
3.018537536263465881e-02
4.790437519550323486e-01
1.451055645942687988e+00
8.617798089981079102e-01
1.453045159578323364e-01
8.513159155845642090e-01
0.000000000000000000e+00
5.461637675762176514e-02
0.000000000000000000e+00
1.639028787612915039e-01
9.224322438240051270e-01
4.439127445220947266e-01
4.679265022277832031e+00
1.369933128356933594e+00
6.524797081947326660e-01
0.000000000000000000e+00
5.334124565124511719e-01
5.858948081731796265e-02
0.000000000000000000e+00
0.000000000000000000e+00
6.952206045389175415e-02
1.382217258214950562e-01
7.935077883303165436e-03
0.000000000000000000e+00
3.543896377086639404e-01
1.921974867582321167e-01
6.136415600776672363e-01
1.631421327590942383e+00
5.350890383124351501e-02
1.408903300762176514e-01
6.889760494232177734e-01
2.087512239813804626e-02
7.210960984230041504e-01
3.888232633471488953e-02
1.825475841760635376e-01
1.105745911598205566e+00
1.463245272636413574e+00
1.941830158233642578e+00
5.772151798009872437e-02
1.527233481407165527e+00
3.797635436058044434e-01
2.614260315895080566e-01
1.154397428035736084e-01
1.392094939947128296e-01
1.259829401969909668e+00
8.010286837816238403e-02
4.204241931438446045e-02
3.430176258087158203e+00
4.367579817771911621e-01
5.010055303573608398e-01
5.722158551216125488e-01
2.074531912803649902e-01
4.834807813167572021e-01
8.737965486943721771e-03
2.403136730194091797e+00
3.057450354099273682e-01
7.760289907455444336e-01
9.875171780586242676e-01
2.887282371520996094e+00
1.482230727560818195e-04
1.894177317619323730e+00
1.022501848638057709e-03
2.756862668320536613e-03
1.983022242784500122e-01
0.000000000000000000e+00
2.474286109209060669e-01
7.602334767580032349e-02
2.597365677356719971e-01
0.000000000000000000e+00
3.887878954410552979e-01
6.358711719512939453e-01
1.436004638671875000e+00
0.000000000000000000e+00
4.478259012103080750e-02
5.819154977798461914e-01
9.005895853042602539e-01
0.000000000000000000e+00
9.228052198886871338e-02
2.717345196288079023e-04
7.587015628814697266e-01
1.162496805191040039e+00
7.958324551582336426e-01
2.819639742374420166e-01
1.151314377784729004e+00
0.000000000000000000e+00
1.107504248619079590e+00
5.316566228866577148e-01
2.999782562255859375e-01
2.545801103115081787e-01
0.000000000000000000e+00
1.460455536842346191e+00
1.813208818435668945e+00
1.979696303606033325e-01
3.570756435394287109e+00
1.529277563095092773e-01
6.918040513992309570e-01
2.430330663919448853e-01
1.098787784576416016e-02
1.878741569817066193e-02
2.046547889709472656e+00
7.818858623504638672e-01
0.000000000000000000e+00
5.458552017807960510e-02
2.240537256002426147e-01
6.950206160545349121e-01
2.679670095443725586e+00
4.249961972236633301e-01
5.345253739506006241e-04
2.875851988792419434e-01
3.663471341133117676e-02
5.379540920257568359e-01
1.550146192312240601e-01
3.564221858978271484e-01
1.594396680593490601e-02
7.247970104217529297e-01
1.043595314025878906e+00
6.765391677618026733e-02
2.107233256101608276e-01
4.003499925602227449e-04
2.222430706024169922e+00
1.730740219354629517e-01
9.640643000602722168e-02
1.888717859983444214e-01
0.000000000000000000e+00
3.348485827445983887e-01
6.249108314514160156e-01
6.584484875202178955e-02
3.672826588153839111e-01
3.041284322738647461e+00
2.251315563917160034e-01
0.000000000000000000e+00
1.970157325267791748e-01
1.613322734832763672e+00
1.268094658851623535e+00
1.344872951507568359e+00
1.451757550239562988e+00
2.706123828887939453e+00
2.145915031433105469e+00
5.492048263549804688e-01
1.977949440479278564e-01
9.622413516044616699e-01
0.000000000000000000e+00
2.228109687566757202e-01
