1.183725744485855103e-01
0.000000000000000000e+00
1.467528343200683594e-01
2.448982238769531250e+00
8.727204799652099609e-01
2.885905206203460693e-01
8.444077968597412109e-01
2.357334852218627930e+00
7.295581340789794922e+00
1.238219261169433594e+00
1.674678325653076172e-01
1.297705531120300293e+00
4.843516051769256592e-01
9.512106180191040039e-01
2.359734773635864258e+00
1.176038026809692383e+00
9.103679656982421875e-01
2.141143083572387695e+00
1.064564585685729980e+00
3.400283753871917725e-01
1.945155143737792969e+00
0.000000000000000000e+00
2.088481485843658447e-01
2.264020204544067383e+00
1.048001572489738464e-01
1.410584989935159683e-02
1.566244661808013916e-01
2.977341651916503906e+00
6.269223690032958984e-01
1.033748500049114227e-02
2.201838940382003784e-01
4.432038962841033936e-02
6.440376043319702148e-01
6.061228513717651367e-01
7.518194913864135742e-01
2.664785623550415039e+00
1.762111037969589233e-01
3.572739288210868835e-02
1.027382254600524902e+00
3.118595480918884277e-01
4.124510586261749268e-01
2.277116179466247559e-01
2.795841395854949951e-01
4.951333045959472656e+00
1.142761707305908203e+00
8.659842014312744141e-01
8.109696954488754272e-02
1.097844958305358887e+00
7.988527417182922363e-02
1.391286969184875488e+00
2.756942987442016602e+00
0.000000000000000000e+00
1.441568732261657715e+00
4.314768910408020020e-01
2.679530382156372070e-01
5.837631970643997192e-02
2.330761253833770752e-01
3.587392568588256836e-01
1.564425826072692871e+00
1.091251447796821594e-01
2.849034033715724945e-02
1.538648754358291626e-01
0.000000000000000000e+00
7.135767936706542969e-01
1.565081834793090820e+00
3.989220261573791504e-01
3.806265816092491150e-02
5.850517749786376953e-01
1.061714410781860352e+00
8.748605102300643921e-02
4.421274643391370773e-03
1.428546905517578125e-01
1.915236562490463257e-02
1.067098379135131836e+00
9.861741065979003906e-01
9.945036172866821289e-01
1.332079526036977768e-03
6.482526659965515137e-01
3.966878354549407959e-01
1.349152207374572754e+00
0.000000000000000000e+00
6.064712405204772949e-01
2.531182289123535156e+00
1.591758616268634796e-02
2.448319196701049805e+00
1.757259294390678406e-02
8.265122175216674805e-01
1.096347533166408539e-02
4.911569058895111084e-01
0.000000000000000000e+00
2.401565164327621460e-01
4.935268312692642212e-03
0.000000000000000000e+00
0.000000000000000000e+00
1.002737045288085938e+00
2.925389632582664490e-02
8.291286230087280273e-01
2.049026638269424438e-01
2.828039824962615967e-01
5.021017859689891338e-04
1.507823076099157333e-02
1.548403501510620117e-02
1.103540882468223572e-01
1.361323475837707520e+00
1.133170008659362793e+00
2.188292704522609711e-02
1.113160371780395508e+00
5.168197154998779297e-01
1.566404104232788086e-01
3.821306824684143066e-01
1.383605957031250000e+00
1.183586660772562027e-02
6.026678085327148438e-01
1.917601227760314941e-01
6.697680950164794922e-01
1.023303344845771790e-01
2.575939595699310303e-01
1.621825504116714001e-03
4.445199668407440186e-01
1.529217123985290527e+00
1.758613348007202148e+00
5.471741557121276855e-01
1.012316904962062836e-02
9.710276722908020020e-01
5.285234451293945312e-01
3.679277896881103516e-01
2.920833183452486992e-03
7.499802708625793457e-01
1.940035700798034668e+00
2.745300903916358948e-02
0.000000000000000000e+00
1.107895493507385254e+00
3.408231139183044434e-01
1.150010153651237488e-01
4.934019148349761963e-01
5.909406766295433044e-02
9.846159070730209351e-02
4.355887889862060547e+00
0.000000000000000000e+00
0.000000000000000000e+00
4.127412140369415283e-01
6.622399687767028809e-01
1.649277925491333008e+00
0.000000000000000000e+00
4.136595502495765686e-02
2.446712106466293335e-01
7.601285576820373535e-01
6.690166592597961426e-01
1.205415010452270508e+00
1.346886344254016876e-02
7.158116340637207031e+00
7.052312493324279785e-01
1.910934448242187500e-01
7.593029141426086426e-01
1.995199203491210938e+00
1.273623347282409668e+00
9.186569601297378540e-02
7.507147639989852905e-02
2.195668458938598633e+00
2.257763296365737915e-01
7.017765939235687256e-02
1.219023227691650391e+00
5.202534794807434082e-01
3.087792778387665749e-03
2.779278159141540527e-01
6.160972714424133301e-01
4.717007279396057129e-02
0.000000000000000000e+00
7.030133605003356934e-01
3.426237106323242188e+00
5.913788676261901855e-01
8.654283881187438965e-01
2.058915197849273682e-01
5.996896028518676758e-01
1.819426417350769043e-01
6.047625541687011719e+00
0.000000000000000000e+00
6.475918740034103394e-02
4.458905458450317383e-01
2.943660318851470947e-01
0.000000000000000000e+00
2.062203362584114075e-02
6.062938570976257324e-01
3.277853727340698242e+00
1.633816026151180267e-02
1.194808259606361389e-02
3.378542661666870117e-01
6.321794986724853516e-01
0.000000000000000000e+00
2.513567544519901276e-02
5.358537891879677773e-04
4.456786811351776123e-02
3.678362369537353516e-01
4.904532134532928467e-01
1.652943491935729980e+00
4.037103056907653809e-01
9.313214421272277832e-01
4.848452210426330566e-01
2.872811555862426758e-01
4.955612421035766602e-01
7.871910929679870605e-01
6.713599711656570435e-02
6.639338731765747070e-01
1.264043092727661133e+00
3.013479113578796387e-01
2.109328098595142365e-02
1.076279759407043457e+00
1.845041103661060333e-02
2.182385921478271484e-01
1.061773419380187988e+00
2.588968276977539062e-01
3.370341062545776367e-01
1.103657960891723633e+00
7.636318206787109375e-01
9.598623514175415039e-01
7.265533804893493652e-01
6.078596040606498718e-02
5.519784614443778992e-02
1.413665533065795898e+00
1.331326007843017578e+00
0.000000000000000000e+00
8.042055964469909668e-01
2.247135341167449951e-01
2.625090777873992920e-01
4.548021033406257629e-02
0.000000000000000000e+00
6.259392946958541870e-02
1.412535011768341064e-01
3.119389154016971588e-02
8.523812144994735718e-02
2.713590674102306366e-02
3.980354666709899902e-01
1.705158114433288574e+00
1.560283541679382324e+00
2.297367900609970093e-01
7.976934909820556641e-01
2.808423757553100586e+00
2.508361339569091797e-01
4.214372951537370682e-03
9.366874694824218750e-01
6.933177262544631958e-02
0.000000000000000000e+00
1.993257105350494385e-01
3.973219871520996094e+00
1.006293892860412598e+00
9.187659025192260742e-01
1.270340919494628906e+00
4.771444573998451233e-02
1.140331029891967773e+00
5.699682235717773438e-01
1.147343497723340988e-02
6.296366453170776367e-01
5.002085119485855103e-02
1.786164045333862305e+00
7.948980331420898438e-01
7.388346642255783081e-02
1.849384307861328125e-01
0.000000000000000000e+00
6.565285474061965942e-02
1.241213679313659668e-01
1.245087027549743652e+00
1.786646097898483276e-01
5.606835475191473961e-05
3.294315189123153687e-03
0.000000000000000000e+00
1.370635442435741425e-02
1.752077341079711914e+00
0.000000000000000000e+00
4.721937235444784164e-03
0.000000000000000000e+00
1.435311555862426758e+00
0.000000000000000000e+00
5.329997539520263672e-01
1.707760691642761230e-01
1.595383137464523315e-02
5.863593816757202148e-01
4.469522461295127869e-02
9.933418631553649902e-01
7.705727219581604004e-01
1.043534353375434875e-01
1.717983931303024292e-01
1.471664011478424072e-01
9.963866323232650757e-02
5.274780988693237305e-01
7.121084332466125488e-01
9.351494908332824707e-01
7.079349160194396973e-01
0.000000000000000000e+00
4.015682637691497803e-01
7.607791572809219360e-02
2.012983322143554688e+00
1.229257106781005859e+00
1.139691844582557678e-02
1.299151219427585602e-02
1.043069362640380859e-02
3.174940347671508789e-01
5.158147215843200684e-01
2.711717784404754639e-01
1.496537804603576660e+00
5.410604953765869141e+00
4.730706512928009033e-01
1.888793259859085083e-01
2.830917239189147949e-01
2.311665564775466919e-02
2.075400575995445251e-02
1.849145591259002686e-01
2.449677325785160065e-03
0.000000000000000000e+00
0.000000000000000000e+00
3.793591856956481934e-01
1.027487754821777344e+00
3.140926826745271683e-03
1.391812562942504883e-01
1.165834188461303711e+00
5.029752850532531738e-02
6.023470759391784668e-01
0.000000000000000000e+00
3.223761618137359619e-01
7.594210505485534668e-01
2.482412010431289673e-01
1.986272931098937988e+00
0.000000000000000000e+00
2.951809465885162354e-01
1.643196679651737213e-02
0.000000000000000000e+00
3.830304443836212158e-01
1.130645629018545151e-03
0.000000000000000000e+00
9.140548706054687500e-01
5.137407779693603516e-01
1.299432106316089630e-02
0.000000000000000000e+00
1.065358638763427734e+00
1.159385517239570618e-01
4.133943468332290649e-02
1.434154361486434937e-01
8.368754386901855469e-01
1.783676445484161377e-01
6.313045024871826172e-01
2.243263244628906250e+00
1.261843591928482056e-01
2.356560900807380676e-03
2.979876659810543060e-02
1.442970186471939087e-01
8.116168379783630371e-01
6.442064642906188965e-01
3.832724988460540771e-01
4.334276542067527771e-02
5.270993709564208984e-01
8.691008090972900391e-01
6.745625752955675125e-03
1.071385145187377930e+00
7.929139137268066406e-01
4.814108833670616150e-02
6.507648527622222900e-02
1.060622692108154297e+00
0.000000000000000000e+00
3.272370398044586182e-01
1.032077446579933167e-01
7.549382448196411133e-01
1.809755899012088776e-02
0.000000000000000000e+00
6.292729377746582031e-01
7.285273075103759766e-01
2.634024381637573242e+00
1.355549216270446777e+00
4.897351861000061035e-01
1.582499265670776367e+00
1.762187123298645020e+00
0.000000000000000000e+00
4.684383571147918701e-01
1.050927639007568359e+00
7.741415500640869141e-01
1.946065276861190796e-01
1.219810605049133301e+00
1.991552487015724182e-02
3.143813461065292358e-02
2.713971305638551712e-03
0.000000000000000000e+00
7.065437436103820801e-01
1.070776488631963730e-02
3.643398284912109375e+00
1.508673310279846191e+00
1.703659594058990479e-01
0.000000000000000000e+00
1.094913482666015625e-01
3.037573397159576416e-02
0.000000000000000000e+00
0.000000000000000000e+00
1.137211248278617859e-01
3.467407226562500000e-01
1.719057559967041016e-03
0.000000000000000000e+00
4.125592708587646484e-01
7.701259851455688477e-02
3.543365895748138428e-01
1.949450731277465820e+00
0.000000000000000000e+00
1.048091053962707520e-02
6.357765793800354004e-01
2.068950980901718140e-01
9.712466597557067871e-01
3.738910600077360868e-04
1.022755801677703857e-01
1.321665883064270020e+00
9.696384072303771973e-01
1.145035028457641602e+00
4.021862447261810303e-01
1.236509084701538086e+00
6.558421850204467773e-01
3.604613244533538818e-01
3.520916029810905457e-02
1.176540479063987732e-01
1.959394574165344238e+00
1.534977555274963379e-02
1.088891178369522095e-01
4.824744701385498047e+00
4.465626552700996399e-03
6.571882367134094238e-01
8.235708475112915039e-01
2.949982881546020508e-01
4.746370911598205566e-01
0.000000000000000000e+00
2.164346694946289062e+00
5.024076700210571289e-01
2.679414451122283936e-01
1.307144641876220703e+00
1.602643609046936035e+00
0.000000000000000000e+00
1.263834714889526367e+00
1.916375383734703064e-02
5.967356264591217041e-04
2.030510008335113525e-01
5.912830587476491928e-03
3.187074065208435059e-01
5.376770626753568649e-03
4.663546383380889893e-01
0.000000000000000000e+00
6.109751462936401367e-01
6.128996014595031738e-01
1.117251515388488770e+00
0.000000000000000000e+00
1.733493357896804810e-01
5.236448049545288086e-01
3.739876151084899902e-01
0.000000000000000000e+00
0.000000000000000000e+00
1.812159642577171326e-02
6.917477846145629883e-01
1.151883363723754883e+00
8.519328832626342773e-01
7.902624458074569702e-02
1.718980550765991211e+00
3.381247399374842644e-03
1.304362058639526367e+00
1.007279276847839355e+00
1.492817550897598267e-01
4.856568872928619385e-01
0.000000000000000000e+00
1.362087249755859375e+00
1.796189308166503906e+00
7.287190109491348267e-02
3.970161914825439453e+00
1.777509152889251709e-01
8.886220455169677734e-01
4.573189839720726013e-02
1.133722905069589615e-02
5.191735550761222839e-02
1.373141169548034668e+00
1.075711727142333984e+00
0.000000000000000000e+00
6.569372862577438354e-02
2.799912691116333008e-01
4.293476343154907227e-01
3.045711755752563477e+00
8.172063827514648438e-01
7.759466534480452538e-04
1.352513730525970459e-01
2.307680249214172363e-01
1.365374445915222168e+00
1.898435205221176147e-01
9.953097999095916748e-02
1.680417917668819427e-02
4.152132570743560791e-01
6.899490356445312500e-01
0.000000000000000000e+00
3.738463222980499268e-01
4.177637025713920593e-02
1.716875314712524414e+00
4.339167475700378418e-02
1.259049922227859497e-01
6.986813247203826904e-02
1.971606070583220571e-05
3.886245191097259521e-01
5.118179917335510254e-01
1.193487197160720825e-01
4.456871151924133301e-01
3.620798349380493164e+00
1.131847500801086426e-01
0.000000000000000000e+00
6.037765145301818848e-01
1.125819802284240723e+00
9.243184328079223633e-01
9.531069397926330566e-01
1.400603890419006348e+00
2.471065044403076172e+00
1.518780589103698730e+00
4.696974456310272217e-01
1.564714759588241577e-01
5.535805821418762207e-01
0.000000000000000000e+00
1.870430856943130493e-01
