1.772531867027282715e-01
0.000000000000000000e+00
1.277196109294891357e-01
2.264445781707763672e+00
3.870150446891784668e-01
1.489568352699279785e-01
4.098276197910308838e-01
3.062027215957641602e+00
6.978237628936767578e+00
1.079355359077453613e+00
4.415278136730194092e-02
1.356907129287719727e+00
1.813199967145919800e-01
1.234901189804077148e+00
2.244749784469604492e+00
1.099857330322265625e+00
9.084764122962951660e-01
2.894284486770629883e+00
9.628052711486816406e-01
7.806809991598129272e-02
1.950118184089660645e+00
0.000000000000000000e+00
1.784023940563201904e-01
2.433659315109252930e+00
6.931079179048538208e-02
0.000000000000000000e+00
1.891646832227706909e-01
1.730007171630859375e+00
2.951306402683258057e-01
0.000000000000000000e+00
1.267825718969106674e-02
1.494429726153612137e-02
4.065428376197814941e-01
9.207945466041564941e-01
7.500792145729064941e-01
2.564735889434814453e+00
1.672657132148742676e-01
3.113541938364505768e-02
2.553003728389739990e-01
2.743750512599945068e-01
1.410409212112426758e-01
2.631359398365020752e-01
5.363309383392333984e-01
4.202010631561279297e+00
7.065986990928649902e-01
8.646805286407470703e-01
9.511408954858779907e-02
1.062990546226501465e+00
2.634766101837158203e-01
7.314454317092895508e-01
2.871427536010742188e+00
8.271324331872165203e-04
1.706921935081481934e+00
2.253891080617904663e-01
7.068231105804443359e-01
4.398383200168609619e-01
2.262047529220581055e-01
1.370365768671035767e-01
1.547641992568969727e+00
2.216290086507797241e-01
2.471209689974784851e-02
1.231868714094161987e-01
1.027573719620704651e-01
7.140462994575500488e-01
9.748237729072570801e-01
5.778684616088867188e-01
1.119444519281387329e-01
1.369265466928482056e-01
8.355929255485534668e-01
3.435436189174652100e-01
0.000000000000000000e+00
4.179487749934196472e-02
8.367843925952911377e-02
6.294230222702026367e-01
4.074215590953826904e-01
1.095446109771728516e+00
0.000000000000000000e+00
8.348792791366577148e-01
2.340760827064514160e-01
1.150829195976257324e+00
0.000000000000000000e+00
5.886858701705932617e-01
2.565266132354736328e+00
6.516929715871810913e-02
1.714168429374694824e+00
2.511859312653541565e-02
1.352556109428405762e+00
4.316870868206024170e-02
4.869007468223571777e-01
5.267143622040748596e-02
1.242281794548034668e-01
2.652937546372413635e-02
4.735299851745367050e-03
0.000000000000000000e+00
8.446865081787109375e-01
3.074464201927185059e-01
8.727257847785949707e-01
3.422379195690155029e-01
1.713504195213317871e-01
2.006380527745932341e-04
0.000000000000000000e+00
2.977308928966522217e-01
1.990957185626029968e-02
1.019171118736267090e+00
1.508668541908264160e+00
1.989198476076126099e-02
8.539316654205322266e-01
3.150471746921539307e-01
5.864069461822509766e-01
1.473447978496551514e-01
1.307313561439514160e+00
9.350243210792541504e-02
6.498485803604125977e-01
2.171338945627212524e-01
2.144588083028793335e-01
3.047292493283748627e-02
3.575342893600463867e-01
6.258156895637512207e-02
1.172375917434692383e+00
2.209687471389770508e+00
1.806044220924377441e+00
1.266102045774459839e-01
0.000000000000000000e+00
1.233083844184875488e+00
8.520905375480651855e-01
4.587264358997344971e-01
0.000000000000000000e+00
3.392503559589385986e-01
1.857396602630615234e+00
5.755228176712989807e-02
1.280101295560598373e-02
3.788524866104125977e-01
1.814682334661483765e-01
3.763953596353530884e-02
2.768677771091461182e-01
7.913079857826232910e-02
9.769989550113677979e-02
4.177277565002441406e+00
0.000000000000000000e+00
1.723594069480895996e-01
2.177955359220504761e-01
1.128617301583290100e-01
1.350290656089782715e+00
2.223570598289370537e-03
1.223752722144126892e-01
3.921605348587036133e-01
1.065261006355285645e+00
5.254793763160705566e-01
1.225937604904174805e+00
9.760946035385131836e-02
6.125520706176757812e+00
4.974938035011291504e-01
0.000000000000000000e+00
7.761622071266174316e-01
1.556241512298583984e+00
7.730846405029296875e-01
7.813509553670883179e-02
1.419493556022644043e-01
1.911192893981933594e+00
3.840164095163345337e-02
2.049271464347839355e-01
1.198788642883300781e+00
3.876323997974395752e-01
1.293319016695022583e-01
1.585222780704498291e-01
8.556988835334777832e-01
1.405664253979921341e-02
0.000000000000000000e+00
6.258212327957153320e-01
2.794011354446411133e+00
2.729111313819885254e-01
5.731585621833801270e-01
9.496556222438812256e-02
5.602897405624389648e-01
4.940703213214874268e-01
6.385509014129638672e+00
0.000000000000000000e+00
2.081382088363170624e-03
2.374008111655712128e-02
1.048938781023025513e-01
0.000000000000000000e+00
1.032543182373046875e-01
2.669395506381988525e-01
3.408520698547363281e+00
3.753442764282226562e-01
1.158890426158905029e-01
3.267286717891693115e-01
5.397565364837646484e-01
0.000000000000000000e+00
7.374856504611670971e-04
0.000000000000000000e+00
1.790218241512775421e-02
8.222851753234863281e-01
3.701406419277191162e-01
9.727722406387329102e-01
6.390004158020019531e-01
8.041613101959228516e-01
1.529055833816528320e-01
1.848434507846832275e-01
9.804879426956176758e-01
9.791358709335327148e-01
1.218413785099983215e-01
3.603494465351104736e-01
6.212335824966430664e-01
2.494410276412963867e-01
0.000000000000000000e+00
6.335806250572204590e-01
1.029951684176921844e-02
2.300120294094085693e-01
1.147867560386657715e+00
7.757946103811264038e-02
4.999890550971031189e-02
5.474938750267028809e-01
8.521348237991333008e-01
4.679331481456756592e-01
7.401054501533508301e-01
1.256603449583053589e-01
1.931063383817672729e-01
1.602492332458496094e+00
1.151720643043518066e+00
5.910875741392374039e-03
2.485440224409103394e-01
2.395080178976058960e-01
2.807610929012298584e-01
9.127496927976608276e-02
0.000000000000000000e+00
2.539026737213134766e-02
5.362388119101524353e-02
1.493352744728326797e-02
7.414661347866058350e-02
6.665970385074615479e-02
3.068276941776275635e-01
1.660617828369140625e+00
1.294162750244140625e+00
3.575463593006134033e-01
9.436100125312805176e-01
2.588467836380004883e+00
4.126890301704406738e-01
1.217554043978452682e-02
5.418885350227355957e-01
0.000000000000000000e+00
4.801827948540449142e-03
5.819903612136840820e-01
2.755218982696533203e+00
7.906738519668579102e-01
4.104324579238891602e-01
5.578430891036987305e-01
7.293773815035820007e-03
1.614715218544006348e+00
8.275460600852966309e-01
1.468974351882934570e-01
4.676617980003356934e-01
9.175749868154525757e-02
1.633992433547973633e+00
7.519890069961547852e-01
7.845762372016906738e-02
9.359136968851089478e-02
0.000000000000000000e+00
2.795044183731079102e-01
3.618944808840751648e-02
1.046854138374328613e+00
5.788153037428855896e-02
1.032235007733106613e-02
6.196472048759460449e-02
0.000000000000000000e+00
0.000000000000000000e+00
1.740511298179626465e+00
7.287432905286550522e-03
5.353925377130508423e-02
2.782655134797096252e-02
1.291174292564392090e+00
0.000000000000000000e+00
6.624827384948730469e-01
1.294009536504745483e-01
8.560512214899063110e-02
4.956210255622863770e-01
1.252592951059341431e-01
8.442002534866333008e-01
8.329967260360717773e-01
1.253010034561157227e-01
4.893534183502197266e-01
2.464611828327178955e-01
3.281054496765136719e-01
2.260497361421585083e-01
6.146571040153503418e-01
1.203596591949462891e+00
3.567494750022888184e-01
0.000000000000000000e+00
1.007063612341880798e-01
6.724368035793304443e-02
1.273342370986938477e+00
4.427389204502105713e-01
3.917522355914115906e-02
3.067816980183124542e-02
1.599913388490676880e-01
3.582295775413513184e-01
4.953838139772415161e-02
2.278766334056854248e-01
1.041337013244628906e+00
5.337995052337646484e+00
5.293046236038208008e-01
2.012289187405258417e-04
2.840933203697204590e-01
2.060842700302600861e-02
8.067601919174194336e-02
1.866914927959442139e-01
1.065267436206340790e-02
0.000000000000000000e+00
0.000000000000000000e+00
7.302435636520385742e-01
7.678340673446655273e-01
1.828692704439163208e-01
1.372014824301004410e-02
1.030596494674682617e+00
2.348242402076721191e-01
6.126554608345031738e-01
0.000000000000000000e+00
2.363090068101882935e-01
9.404066801071166992e-01
7.554990053176879883e-02
1.617994904518127441e+00
1.015451707644388080e-04
1.307707726955413818e-01
3.295763954520225525e-02
1.839199066162109375e-01
2.090403586626052856e-01
1.773436516523361206e-01
0.000000000000000000e+00
9.412990808486938477e-01
4.651953279972076416e-01
0.000000000000000000e+00
0.000000000000000000e+00
6.336786746978759766e-01
3.139430880546569824e-01
0.000000000000000000e+00
1.454589813947677612e-01
1.274478912353515625e+00
3.116849064826965332e-01
4.428765773773193359e-01
1.348529100418090820e+00
1.180548742413520813e-01
9.071313776075839996e-03
2.309014648199081421e-01
2.079842537641525269e-01
6.718125343322753906e-01
7.274312973022460938e-01
2.523621022701263428e-01
3.699654340744018555e-02
5.551158189773559570e-01
4.625628590583801270e-01
1.600286364555358887e-01
5.881015658378601074e-01
1.821748316287994385e-01
1.062292754650115967e-01
4.856568295508623123e-03
8.820089697837829590e-01
0.000000000000000000e+00
2.346590757369995117e-01
1.104634813964366913e-02
4.564138054847717285e-01
2.606396079063415527e-01
4.043187201023101807e-02
1.129705429077148438e+00
2.440303117036819458e-01
1.658787012100219727e+00
1.464842438697814941e+00
5.558283329010009766e-01
1.264844417572021484e+00
1.486978292465209961e+00
3.283815830945968628e-02
3.448425233364105225e-01
6.898905038833618164e-01
6.190383434295654297e-01
8.708915114402770996e-02
5.109965801239013672e-01
0.000000000000000000e+00
2.353786863386631012e-02
5.126552656292915344e-03
7.445199787616729736e-02
7.490293383598327637e-01
2.253940105438232422e-01
3.797255516052246094e+00
1.236115217208862305e+00
3.348332941532135010e-01
0.000000000000000000e+00
5.938797593116760254e-01
2.729416079819202423e-02
0.000000000000000000e+00
0.000000000000000000e+00
7.870214432477951050e-02
1.566136032342910767e-01
4.055799543857574463e-02
0.000000000000000000e+00
1.347774118185043335e-01
2.041902095079421997e-01
4.631310999393463135e-01
2.088752746582031250e+00
5.051342304795980453e-03
1.224985532462596893e-02
5.346341133117675781e-01
2.124761044979095459e-01
8.739947676658630371e-01
0.000000000000000000e+00
2.479287087917327881e-01
1.174766778945922852e+00
2.330925166606903076e-01
1.201206088066101074e+00
1.644072979688644409e-01
1.393905878067016602e+00
3.077007234096527100e-01
2.771682739257812500e-01
5.028004306950606406e-05
4.544914364814758301e-01
1.585125207901000977e+00
2.346934378147125244e-02
1.467976272106170654e-01
2.883315563201904297e+00
2.423101365566253662e-01
4.391467869281768799e-01
5.892238616943359375e-01
2.905015945434570312e-01
5.118667483329772949e-01
2.147256163880228996e-03
2.594630956649780273e+00
4.270341098308563232e-01
4.576014280319213867e-01
1.223241567611694336e+00
1.515459418296813965e+00
2.732291445136070251e-02
1.607697725296020508e+00
0.000000000000000000e+00
0.000000000000000000e+00
2.416571974754333496e-02
0.000000000000000000e+00
2.055593430995941162e-01
2.148577421903610229e-01
6.250231862068176270e-01
0.000000000000000000e+00
6.595025956630706787e-02
5.254949927330017090e-01
1.430475950241088867e+00
0.000000000000000000e+00
7.914664223790168762e-03
6.208494305610656738e-01
6.829087734222412109e-01
5.516499746590852737e-03
0.000000000000000000e+00
4.260292276740074158e-02
4.186897277832031250e-01
8.232289552688598633e-01
8.099209070205688477e-01
3.789053857326507568e-01
1.932557702064514160e+00
0.000000000000000000e+00
1.198004603385925293e+00
3.571555912494659424e-01
2.082130499184131622e-02
2.967694997787475586e-01
0.000000000000000000e+00
1.361821532249450684e+00
1.739198088645935059e+00
5.888581648468971252e-02
3.141973257064819336e+00
2.321845293045043945e-01
8.843061923980712891e-01
1.430684584192931652e-03
8.743206411600112915e-02
1.537967175245285034e-01
8.789389133453369141e-01
1.016027569770812988e+00
4.476666823029518127e-02
3.836780786514282227e-01
2.714137732982635498e-01
5.301572084426879883e-01
3.076745986938476562e+00
3.128651082515716553e-01
0.000000000000000000e+00
7.139869779348373413e-02
8.908864855766296387e-02
4.997735321521759033e-01
3.225937485694885254e-02
9.106574207544326782e-02
1.413577422499656677e-02
2.258093059062957764e-01
7.017467617988586426e-01
1.012105122208595276e-02
2.716993987560272217e-01
9.240534272976219654e-04
2.000006914138793945e+00
3.809517249464988708e-02
1.278213113546371460e-01
5.599255487322807312e-02
2.923353575170040131e-03
1.141796410083770752e-01
8.948541283607482910e-01
0.000000000000000000e+00
2.320053130388259888e-01
2.358337640762329102e+00
8.646731078624725342e-02
0.000000000000000000e+00
3.873017430305480957e-01
1.140575051307678223e+00
8.655766844749450684e-01
7.914853692054748535e-01
1.369982361793518066e+00
2.647118330001831055e+00
1.891709566116333008e+00
5.526644587516784668e-01
1.060054227709770203e-01
6.271815299987792969e-01
0.000000000000000000e+00
0.000000000000000000e+00
