1.045298762619495392e-03
0.000000000000000000e+00
4.208349883556365967e-01
2.514136314392089844e+00
4.461741745471954346e-01
1.714620590209960938e-01
1.032436251640319824e+00
3.441699743270874023e+00
7.253371715545654297e+00
1.393048524856567383e+00
6.847297307103872299e-03
1.911451697349548340e+00
8.204578161239624023e-01
7.316493988037109375e-01
3.000457763671875000e+00
1.305306911468505859e+00
7.551618218421936035e-01
1.369367599487304688e+00
3.451592028141021729e-01
2.186204195022583008e-01
1.050827860832214355e+00
5.300579126924276352e-03
2.322769463062286377e-01
2.763433933258056641e+00
2.103598229587078094e-02
0.000000000000000000e+00
1.061048954725265503e-01
2.320345163345336914e+00
5.999401807785034180e-01
1.715820468962192535e-02
0.000000000000000000e+00
2.981699258089065552e-02
6.299464702606201172e-01
9.961054921150207520e-01
1.176381945610046387e+00
3.365637302398681641e+00
5.620564520359039307e-02
5.458473414182662964e-02
2.909560501575469971e-01
7.095972895622253418e-01
7.689446806907653809e-01
7.111223042011260986e-02
4.277827143669128418e-01
4.262786865234375000e+00
1.235250473022460938e+00
1.536181330680847168e+00
1.842064261436462402e-01
6.477089524269104004e-01
7.762881368398666382e-02
1.472412109375000000e+00
3.712463378906250000e+00
0.000000000000000000e+00
1.149599671363830566e+00
5.581240057945251465e-01
5.110605955123901367e-01
3.835009932518005371e-01
1.992315351963043213e-01
8.170258998870849609e-02
3.887308359146118164e+00
5.089098960161209106e-02
2.607677830383181572e-03
5.600761249661445618e-02
6.335257738828659058e-02
9.304677248001098633e-01
1.452138185501098633e+00
9.681500792503356934e-01
1.460845917463302612e-01
8.762497901916503906e-01
1.164889693260192871e+00
8.635270595550537109e-01
0.000000000000000000e+00
6.176226958632469177e-02
1.600005626678466797e-01
3.786877989768981934e-01
4.434241056442260742e-01
9.970517754554748535e-01
0.000000000000000000e+00
1.085483431816101074e+00
9.635033607482910156e-01
7.165795564651489258e-01
4.929148405790328979e-02
1.146114587783813477e+00
2.881473302841186523e+00
3.418838232755661011e-02
1.817248225212097168e+00
3.766036927700042725e-01
1.072738528251647949e+00
1.052969768643379211e-01
7.863057851791381836e-01
3.333142085466533899e-04
2.408872731029987335e-02
2.360577927902340889e-03
1.232936512678861618e-02
0.000000000000000000e+00
1.424800872802734375e+00
3.075770735740661621e-01
4.842125177383422852e-01
1.080706119537353516e+00
2.435019314289093018e-01
2.512966515496373177e-03
0.000000000000000000e+00
1.233768183737993240e-02
0.000000000000000000e+00
2.793759107589721680e+00
1.392441987991333008e+00
5.862697586417198181e-02
1.306914687156677246e+00
7.475757598876953125e-01
1.177836507558822632e-01
2.261415570974349976e-01
2.124607801437377930e+00
0.000000000000000000e+00
4.507898390293121338e-01
1.846647858619689941e-01
4.310479760169982910e-01
1.331865638494491577e-01
3.354094624519348145e-01
3.594438433647155762e-01
1.225007772445678711e+00
1.979110002517700195e+00
1.772589802742004395e+00
4.475321769714355469e-01
5.159824714064598083e-02
1.445283532142639160e+00
4.040340781211853027e-01
5.670914649963378906e-01
0.000000000000000000e+00
3.847626149654388428e-01
2.049570560455322266e+00
2.239810116589069366e-02
1.312492936849594116e-01
9.541341662406921387e-01
6.250768303871154785e-01
1.056133732199668884e-01
3.807479143142700195e-01
1.459064930677413940e-01
2.569639086723327637e-01
4.222235202789306641e+00
0.000000000000000000e+00
2.473109867423772812e-03
1.333085298538208008e-01
2.486170083284378052e-01
1.582076430320739746e+00
0.000000000000000000e+00
5.307450424879789352e-03
1.225855872035026550e-01
1.101541042327880859e+00
8.401913642883300781e-01
1.474212646484375000e+00
1.653300076723098755e-01
7.260725975036621094e+00
5.369269847869873047e-01
2.226170897483825684e-01
2.794551849365234375e-01
1.553470134735107422e+00
1.434004783630371094e+00
2.306860983371734619e-01
5.137324929237365723e-01
2.868683815002441406e+00
1.087875515222549438e-01
0.000000000000000000e+00
8.693448901176452637e-01
4.355687499046325684e-01
0.000000000000000000e+00
3.133847415447235107e-01
5.871473550796508789e-01
0.000000000000000000e+00
0.000000000000000000e+00
7.604928016662597656e-01
2.971330165863037109e+00
2.992680668830871582e-01
5.137836337089538574e-01
1.506454348564147949e-01
1.101287484169006348e+00
7.593867182731628418e-01
7.203098773956298828e+00
1.585337147116661072e-02
4.591774940490722656e-02
2.286382764577865601e-01
7.705444097518920898e-02
0.000000000000000000e+00
3.938426449894905090e-02
8.705498576164245605e-01
3.721177101135253906e+00
7.115775346755981445e-02
0.000000000000000000e+00
2.194537669420242310e-01
7.005994915962219238e-01
0.000000000000000000e+00
6.179758533835411072e-02
0.000000000000000000e+00
0.000000000000000000e+00
8.510448336601257324e-01
3.808062896132469177e-02
1.132505536079406738e+00
6.681541800498962402e-01
8.198542594909667969e-01
5.071580410003662109e-01
2.006137967109680176e-01
9.324867129325866699e-01
9.764118194580078125e-01
8.432459831237792969e-02
4.813165366649627686e-01
8.219035863876342773e-01
2.941679060459136963e-01
2.693364769220352173e-02
8.903180956840515137e-01
4.059260338544845581e-02
8.450183272361755371e-01
9.956219792366027832e-01
2.405690699815750122e-01
5.340577960014343262e-01
3.625098466873168945e-01
1.102664351463317871e+00
4.480831921100616455e-01
4.444940090179443359e-01
7.265191525220870972e-02
5.835646390914916992e-01
2.541301012039184570e+00
9.335530996322631836e-01
0.000000000000000000e+00
6.968457102775573730e-01
5.339536070823669434e-01
2.646993994712829590e-01
1.780202388763427734e-01
0.000000000000000000e+00
1.638982743024826050e-01
1.654172241687774658e-01
1.465007662773132324e-02
1.162618771195411682e-02
1.013692691922187805e-01
3.921797871589660645e-01
3.292945623397827148e+00
1.303570151329040527e+00
5.753003954887390137e-01
4.953484833240509033e-01
2.657316923141479492e+00
7.269368171691894531e-01
2.519272267818450928e-02
6.430193185806274414e-01
3.802005648612976074e-01
6.659657694399356842e-03
1.938176006078720093e-01
3.514726877212524414e+00
4.604283869266510010e-01
5.234432816505432129e-01
6.760412454605102539e-01
4.362712614238262177e-03
1.966286420822143555e+00
5.212334990501403809e-01
7.983700186014175415e-02
1.120399832725524902e+00
4.269379191100597382e-03
1.547342419624328613e+00
7.369554042816162109e-01
1.109752357006072998e-01
1.621778160333633423e-01
0.000000000000000000e+00
3.027711622416973114e-02
1.577299833297729492e-02
1.706220030784606934e+00
3.954827487468719482e-01
2.406330779194831848e-02
2.158061414957046509e-01
0.000000000000000000e+00
1.088243275880813599e-01
1.875517249107360840e+00
0.000000000000000000e+00
3.875134978443384171e-03
2.655740454792976379e-02
1.543248414993286133e+00
0.000000000000000000e+00
7.177660465240478516e-01
1.006563305854797363e-01
2.151921242475509644e-01
8.580158352851867676e-01
2.758699357509613037e-01
1.145218849182128906e+00
8.186442852020263672e-01
4.547277092933654785e-01
7.124026417732238770e-01
1.989733278751373291e-01
1.855394691228866577e-01
3.416369557380676270e-01
6.067570447921752930e-01
1.467732310295104980e+00
8.434842228889465332e-01
6.754716485738754272e-02
3.600695729255676270e-01
1.895742118358612061e-01
9.097526669502258301e-01
1.143061280250549316e+00
4.312773048877716064e-02
1.981961773708462715e-03
8.660049736499786377e-02
3.283922672271728516e-01
5.149134993553161621e-01
4.337582290172576904e-01
9.913973212242126465e-01
5.541330814361572266e+00
2.696575522422790527e-01
5.092168226838111877e-02
6.464582681655883789e-01
0.000000000000000000e+00
7.549707312136888504e-03
1.611521989107131958e-01
0.000000000000000000e+00
0.000000000000000000e+00
4.901703074574470520e-02
6.493459939956665039e-01
8.253067731857299805e-01
0.000000000000000000e+00
3.897549957036972046e-02
1.194112539291381836e+00
4.595859944820404053e-01
7.781307101249694824e-01
0.000000000000000000e+00
3.078711032867431641e-01
7.854428887367248535e-01
9.999920614063739777e-03
2.596515178680419922e+00
0.000000000000000000e+00
4.792553558945655823e-02
3.226784057915210724e-03
0.000000000000000000e+00
5.251888036727905273e-01
1.070788130164146423e-01
0.000000000000000000e+00
8.944708108901977539e-01
6.692431569099426270e-01
1.050300706992857158e-04
0.000000000000000000e+00
8.063508272171020508e-01
2.988472282886505127e-01
8.393343305215239525e-04
2.954742014408111572e-01
1.161937713623046875e+00
9.568879753351211548e-02
4.498512744903564453e-01
1.031939029693603516e+00
7.007961720228195190e-02
0.000000000000000000e+00
1.993744224309921265e-01
4.218268096446990967e-01
8.215312957763671875e-01
1.016828298568725586e+00
4.289514124393463135e-01
0.000000000000000000e+00
3.922564387321472168e-01
4.524710476398468018e-01
4.971694946289062500e-02
9.023770689964294434e-01
2.590544819831848145e-01
0.000000000000000000e+00
3.858472453430294991e-03
1.156048655509948730e+00
0.000000000000000000e+00
3.995816707611083984e-01
0.000000000000000000e+00
5.156449079513549805e-01
4.764459133148193359e-01
0.000000000000000000e+00
9.274594783782958984e-01
3.777359127998352051e-01
2.215901851654052734e+00
1.133191108703613281e+00
8.814654350280761719e-01
2.119386196136474609e+00
2.565456151962280273e+00
0.000000000000000000e+00
2.641410827636718750e-01
1.380316734313964844e+00
1.443253755569458008e+00
3.666550815105438232e-01
1.342662692070007324e+00
1.705641485750675201e-02
1.187227964401245117e-01
6.302543915808200836e-03
8.507668972015380859e-02
8.405784964561462402e-01
5.256686732172966003e-02
4.246205806732177734e+00
1.277121186256408691e+00
7.133583426475524902e-01
0.000000000000000000e+00
2.415999174118041992e-01
1.488815248012542725e-02
0.000000000000000000e+00
0.000000000000000000e+00
6.400841753929853439e-03
1.457151025533676147e-01
1.781776398420333862e-01
0.000000000000000000e+00
1.641136258840560913e-01
5.730124115943908691e-01
6.499293446540832520e-01
2.172791719436645508e+00
1.018894836306571960e-02
9.086830914020538330e-02
1.809488058090209961e+00
6.662281602621078491e-02
1.249844431877136230e-01
0.000000000000000000e+00
1.164698135107755661e-02
1.249528050422668457e+00
3.286139070987701416e-01
1.641614913940429688e+00
1.892994046211242676e-01
1.038543581962585449e+00
4.644025564193725586e-01
2.769653201103210449e-01
9.461180306971073151e-03
2.502309679985046387e-01
2.376583814620971680e+00
1.243854314088821411e-01
3.163618221879005432e-02
3.272245645523071289e+00
4.299236088991165161e-02
5.528705120086669922e-01
1.581748723983764648e-01
1.571518629789352417e-01
3.200615942478179932e-01
0.000000000000000000e+00
3.451797962188720703e+00
3.401194512844085693e-01
1.172579884529113770e+00
6.633618474006652832e-01
2.300618648529052734e+00
0.000000000000000000e+00
1.786443114280700684e+00
3.669078275561332703e-02
2.479853108525276184e-02
1.042172536253929138e-01
3.302445402368903160e-04
5.430765077471733093e-02
5.515653640031814575e-03
2.050175517797470093e-01
0.000000000000000000e+00
1.923071891069412231e-01
9.811303615570068359e-01
8.191220760345458984e-01
0.000000000000000000e+00
1.084634289145469666e-01
8.572678565979003906e-01
1.144244790077209473e+00
1.123335096053779125e-03
3.717758809216320515e-04
4.676509648561477661e-02
3.714419007301330566e-01
6.471236348152160645e-01
2.604842185974121094e-01
2.741982340812683105e-01
1.648445367813110352e+00
1.133731380105018616e-02
1.825100302696228027e+00
4.132269918918609619e-01
1.582798212766647339e-01
1.208982914686203003e-01
0.000000000000000000e+00
1.736919760704040527e+00
2.320407629013061523e+00
1.140861958265304565e-01
3.820395469665527344e+00
4.414039663970470428e-03
9.660624265670776367e-01
3.794467821717262268e-02
2.139675925718620420e-04
7.193111628293991089e-02
1.517004489898681641e+00
8.276777863502502441e-01
3.327543288469314575e-02
6.310457587242126465e-01
6.708251833915710449e-01
6.748382449150085449e-01
3.801747083663940430e+00
3.990398347377777100e-01
3.207806032150983810e-03
5.762952566146850586e-02
3.040966391563415527e-01
7.515670657157897949e-01
1.328537911176681519e-01
6.732474267482757568e-02
1.161402538418769836e-01
1.354505896568298340e+00
4.942387342453002930e-01
0.000000000000000000e+00
1.616252809762954712e-01
2.432653605937957764e-01
1.646462798118591309e+00
1.152688711881637573e-01
1.684234738349914551e-01
2.137499600648880005e-01
5.040362849831581116e-02
3.289920091629028320e-01
1.084727287292480469e+00
0.000000000000000000e+00
2.254761196672916412e-02
3.223853826522827148e+00
3.749831020832061768e-01
1.086961943656206131e-03
4.898249208927154541e-01
9.506922364234924316e-01
7.248312234878540039e-01
8.855424076318740845e-02
1.269757390022277832e+00
2.909273624420166016e+00
1.943375825881958008e+00
1.089939117431640625e+00
2.881015837192535400e-01
7.549261450767517090e-01
0.000000000000000000e+00
2.288852632045745850e-02
