3.370745182037353516e-01
0.000000000000000000e+00
4.583015739917755127e-01
2.509408473968505859e+00
1.962706446647644043e-01
1.779854148626327515e-01
9.123200178146362305e-01
2.969276189804077148e+00
6.835793972015380859e+00
1.562962770462036133e+00
1.893132366240024567e-02
1.605237007141113281e+00
2.712746858596801758e-01
9.656282067298889160e-01
1.871508955955505371e+00
9.006897211074829102e-01
9.007132053375244141e-01
1.355617165565490723e+00
3.488430082798004150e-01
1.985875368118286133e-01
1.034866333007812500e+00
0.000000000000000000e+00
8.379997611045837402e-01
2.456171751022338867e+00
0.000000000000000000e+00
9.105030447244644165e-03
1.271078176796436310e-02
1.324357509613037109e+00
5.275564193725585938e-01
1.183716133236885071e-01
7.744498550891876221e-02
2.796670794486999512e-02
2.593663334846496582e-01
1.175051093101501465e+00
1.042496204376220703e+00
2.475224971771240234e+00
4.324649274349212646e-01
4.186380505561828613e-01
6.027815118432044983e-02
8.787412047386169434e-01
5.445041656494140625e-01
1.067775487899780273e-02
7.481369972229003906e-01
3.587070941925048828e+00
4.370114803314208984e-01
1.409835934638977051e+00
1.167503818869590759e-01
1.307700276374816895e+00
2.942504584789276123e-01
9.578855633735656738e-01
3.990984678268432617e+00
0.000000000000000000e+00
1.398088335990905762e+00
2.299764305353164673e-01
1.289651393890380859e+00
2.164627760648727417e-01
1.795229017734527588e-01
2.205813676118850708e-01
2.738518714904785156e+00
5.888023599982261658e-02
0.000000000000000000e+00
8.446969836950302124e-02
6.767251342535018921e-02
4.925351738929748535e-01
1.318435907363891602e+00
9.596504569053649902e-01
2.455534338951110840e-01
3.917433321475982666e-01
8.708618879318237305e-01
4.605503380298614502e-01
1.113525242544710636e-03
8.546418696641921997e-02
1.994388848543167114e-01
1.113281846046447754e+00
6.528760790824890137e-01
1.457293748855590820e+00
7.137426733970642090e-02
8.955330252647399902e-01
8.918026089668273926e-02
1.186244249343872070e+00
2.668322995305061340e-02
9.417338967323303223e-01
2.806981563568115234e+00
7.558595389127731323e-02
1.946510076522827148e+00
3.593845367431640625e-01
1.096435189247131348e+00
1.823937892913818359e-01
9.393633604049682617e-01
4.391956329345703125e-02
1.610625088214874268e-01
9.945899946615099907e-04
3.417075425386428833e-02
0.000000000000000000e+00
9.859706163406372070e-01
5.082153081893920898e-01
6.451966762542724609e-01
7.503675818443298340e-01
2.828058600425720215e-01
1.497369352728128433e-02
2.195697836577892303e-02
2.986856400966644287e-01
2.008890733122825623e-02
1.843772649765014648e+00
1.536737799644470215e+00
2.044089511036872864e-02
1.013354420661926270e+00
4.933851361274719238e-01
3.640872240066528320e-01
3.969828486442565918e-01
1.478822350502014160e+00
0.000000000000000000e+00
3.355096876621246338e-01
3.332165777683258057e-01
8.806239366531372070e-01
2.104660309851169586e-02
3.418506979942321777e-01
1.769643425941467285e-01
1.771174788475036621e+00
2.873812675476074219e+00
1.309101343154907227e+00
6.093970537185668945e-01
7.650728803128004074e-03
1.740493893623352051e+00
8.133420348167419434e-01
9.363609552383422852e-01
0.000000000000000000e+00
7.903121709823608398e-01
1.152442693710327148e+00
6.114399060606956482e-02
1.479934602975845337e-01
1.319173932075500488e+00
4.331841766834259033e-01
4.686238616704940796e-02
5.575489997863769531e-01
5.807151645421981812e-02
2.372607290744781494e-01
4.651659965515136719e+00
0.000000000000000000e+00
4.595068991184234619e-01
2.625388801097869873e-01
2.356488704681396484e-01
1.751872301101684570e+00
4.356869321782141924e-04
0.000000000000000000e+00
2.041766196489334106e-01
1.207943081855773926e+00
4.187353849411010742e-01
1.260195136070251465e+00
3.877095878124237061e-01
5.481093883514404297e+00
4.432845115661621094e-01
3.712545037269592285e-01
7.408513426780700684e-01
1.261828422546386719e+00
1.802436351776123047e+00
3.279763758182525635e-01
5.640012398362159729e-02
1.933619499206542969e+00
2.066305428743362427e-01
4.378078505396842957e-02
8.239311575889587402e-01
5.148357525467872620e-02
0.000000000000000000e+00
5.091415047645568848e-01
4.834235012531280518e-01
2.365859400015324354e-04
0.000000000000000000e+00
6.655571460723876953e-01
2.011739015579223633e+00
3.078824281692504883e-01
4.077280759811401367e-01
2.170414328575134277e-01
7.231491208076477051e-01
1.295900702476501465e+00
6.856930732727050781e+00
4.417118057608604431e-02
1.646717339754104614e-01
2.505553960800170898e-01
1.498050093650817871e-01
0.000000000000000000e+00
1.869996637105941772e-01
5.380362272262573242e-01
4.216545104980468750e+00
1.627611070871353149e-01
0.000000000000000000e+00
7.456587255001068115e-02
9.994804263114929199e-01
0.000000000000000000e+00
2.494414523243904114e-02
0.000000000000000000e+00
2.319772541522979736e-02
1.138295650482177734e+00
6.180666685104370117e-01
1.383136034011840820e+00
5.957838892936706543e-01
1.398823022842407227e+00
2.594887316226959229e-01
7.963374853134155273e-01
5.105776786804199219e-01
8.679652214050292969e-01
1.488883197307586670e-01
3.075051009654998779e-01
1.099450945854187012e+00
5.120665431022644043e-01
4.733508825302124023e-02
5.226163864135742188e-01
6.606001406908035278e-02
4.410189390182495117e-01
1.155132055282592773e+00
1.276936680078506470e-01
8.663298487663269043e-01
2.321732342243194580e-01
6.708760261535644531e-01
4.577222764492034912e-01
6.123883128166198730e-01
3.299122452735900879e-01
6.528505682945251465e-01
2.020637035369873047e+00
8.739662170410156250e-01
0.000000000000000000e+00
8.314739465713500977e-01
5.529825091361999512e-01
2.425113022327423096e-01
2.558895647525787354e-01
2.073875657515600324e-04
2.094768583774566650e-01
6.310805082321166992e-01
7.401212304830551147e-02
5.228756070137023926e-01
1.173597201704978943e-02
5.408757328987121582e-01
2.347616910934448242e+00
1.644045114517211914e+00
6.119921803474426270e-01
6.174404025077819824e-01
2.838229656219482422e+00
2.687519788742065430e-01
1.321470886468887329e-01
9.623560905456542969e-01
7.845126837491989136e-02
4.229047801345586777e-03
2.275955677032470703e-02
3.478354215621948242e+00
9.490844607353210449e-01
7.504483461380004883e-01
8.800008296966552734e-01
6.995769217610359192e-03
2.269476175308227539e+00
3.793152272701263428e-01
9.597834199666976929e-02
9.918349981307983398e-01
0.000000000000000000e+00
1.168066382408142090e+00
1.040634512901306152e+00
2.345824539661407471e-01
8.630411699414253235e-03
0.000000000000000000e+00
4.536674618721008301e-01
1.808361262083053589e-01
1.664247393608093262e+00
3.495612442493438721e-01
8.651264011859893799e-02
1.101301908493041992e-01
0.000000000000000000e+00
5.364056304097175598e-02
1.017941713333129883e+00
2.819393016397953033e-02
5.245454143732786179e-03
2.071617990732192993e-01
1.359526038169860840e+00
0.000000000000000000e+00
4.068788290023803711e-01
2.793968021869659424e-01
1.447677016258239746e-01
7.250114679336547852e-01
2.975857257843017578e-01
1.049126386642456055e+00
8.898525238037109375e-01
4.795016646385192871e-01
2.255556881427764893e-01
4.454470276832580566e-01
1.890208944678306580e-02
1.683734506368637085e-01
9.346179366111755371e-01
9.023541808128356934e-01
7.447965145111083984e-01
5.977507829666137695e-01
2.906693518161773682e-02
1.196115836501121521e-01
1.933734297752380371e+00
1.179421186447143555e+00
3.049677610397338867e-01
7.682213187217712402e-02
1.199093833565711975e-01
3.069985806941986084e-01
7.439165711402893066e-01
5.109015107154846191e-01
1.018879532814025879e+00
4.986946582794189453e+00
2.688567936420440674e-01
9.590543806552886963e-03
1.200215339660644531e+00
8.616647869348526001e-02
1.584418676793575287e-02
1.176184192299842834e-01
8.391784876585006714e-02
2.694545313715934753e-03
9.318906231783330441e-04
8.623678684234619141e-01
1.623963862657546997e-01
0.000000000000000000e+00
1.993357203900814056e-02
1.060353875160217285e+00
3.356763720512390137e-01
7.499136328697204590e-01
0.000000000000000000e+00
2.648192048072814941e-01
4.544498622417449951e-01
1.233362406492233276e-02
2.076011657714843750e+00
0.000000000000000000e+00
1.323406696319580078e-01
1.740247309207916260e-01
1.885665580630302429e-02
7.838719338178634644e-02
6.255227327346801758e-02
0.000000000000000000e+00
1.006774902343750000e+00
7.468326687812805176e-01
0.000000000000000000e+00
0.000000000000000000e+00
4.502372741699218750e-01
0.000000000000000000e+00
0.000000000000000000e+00
4.135935306549072266e-01
1.456972002983093262e+00
1.436044126749038696e-01
7.692948579788208008e-01
1.387962341308593750e+00
8.330994844436645508e-02
7.420166395604610443e-03
3.782152235507965088e-01
1.283341944217681885e-01
6.824959516525268555e-01
1.160868287086486816e+00
2.482351958751678467e-01
1.148176193237304688e-02
2.588888704776763916e-01
4.147112369537353516e-01
7.683139294385910034e-02
7.541099786758422852e-01
1.382394284009933472e-01
4.125881474465131760e-03
1.453025615774095058e-03
8.078187108039855957e-01
0.000000000000000000e+00
3.145667314529418945e-01
1.740849390625953674e-02
5.037727952003479004e-01
3.680725693702697754e-01
0.000000000000000000e+00
8.437871932983398438e-01
7.226364612579345703e-01
1.584717988967895508e+00
1.405353546142578125e+00
5.440115332603454590e-01
1.982626080513000488e+00
2.295432567596435547e+00
4.748417809605598450e-02
1.785145103931427002e-01
1.685727596282958984e+00
9.055898189544677734e-01
3.521241545677185059e-01
1.460505962371826172e+00
2.243680506944656372e-02
8.955724537372589111e-03
1.256494373083114624e-01
1.144570708274841309e-01
1.063575625419616699e+00
1.145197302103042603e-01
4.414395809173583984e+00
1.619118928909301758e+00
1.115653038024902344e+00
1.571274548768997192e-02
6.501082777976989746e-01
7.465117424726486206e-02
0.000000000000000000e+00
0.000000000000000000e+00
2.169968485832214355e-01
1.172564998269081116e-01
1.632802933454513550e-01
0.000000000000000000e+00
1.309866458177566528e-01
6.712082028388977051e-01
1.120040178298950195e+00
1.387904405593872070e+00
2.863436238840222359e-04
2.739456593990325928e-01
1.237115502357482910e+00
1.417116541415452957e-02
5.862836167216300964e-02
0.000000000000000000e+00
1.841070502996444702e-01
1.541853308677673340e+00
4.060083925724029541e-01
1.311800599098205566e+00
2.382044047117233276e-01
4.220968186855316162e-01
4.159536361694335938e-01
2.671837508678436279e-01
1.536252200603485107e-01
4.576164186000823975e-01
2.161020278930664062e+00
2.527978457510471344e-02
1.528370659798383713e-03
2.127936601638793945e+00
7.234676182270050049e-02
6.764953732490539551e-01
7.159757614135742188e-01
6.755246967077255249e-02
3.680771291255950928e-01
5.025966092944145203e-03
2.953668117523193359e+00
2.693995535373687744e-01
9.624913930892944336e-01
1.130852222442626953e+00
2.198823451995849609e+00
9.823952801525592804e-03
2.155642509460449219e+00
0.000000000000000000e+00
7.940457016229629517e-02
1.317700278013944626e-02
5.826278589665889740e-03
1.094019785523414612e-02
2.809534966945648193e-01
2.649284005165100098e-01
3.225729451514780521e-04
1.196692883968353271e-01
4.069409668445587158e-01
1.401623249053955078e+00
0.000000000000000000e+00
2.050959914922714233e-01
5.144537091255187988e-01
7.420583963394165039e-01
3.541163867339491844e-03
5.751171335577964783e-02
4.111797898076474667e-04
1.061834320425987244e-01
6.667329072952270508e-01
4.562125205993652344e-01
2.889134287834167480e-01
1.406882882118225098e+00
0.000000000000000000e+00
9.682048559188842773e-01
9.538466483354568481e-02
2.249703705310821533e-01
2.551595568656921387e-01
0.000000000000000000e+00
1.454530835151672363e+00
1.769190192222595215e+00
5.555832013487815857e-02
2.615910768508911133e+00
7.265830878168344498e-03
5.419464111328125000e-01
4.501003324985504150e-01
3.521029651165008545e-01
3.232990801334381104e-01
1.147228717803955078e+00
3.076094686985015869e-01
0.000000000000000000e+00
4.222790300846099854e-01
7.570612430572509766e-01
8.292653560638427734e-01
2.273947000503540039e+00
1.318933367729187012e-01
0.000000000000000000e+00
7.868975400924682617e-02
2.910804701969027519e-03
6.004430651664733887e-01
2.318814694881439209e-01
1.761171850375831127e-03
1.971303969621658325e-01
9.581897854804992676e-01
9.405787587165832520e-01
7.789764087647199631e-03
1.351851969957351685e-01
6.753372400999069214e-02
1.584249377250671387e+00
2.409016638994216919e-01
3.429028019309043884e-02
2.552975118160247803e-01
1.112532336264848709e-02
1.253353357315063477e-01
8.962363004684448242e-01
1.949566043913364410e-02
1.141397207975387573e-01
2.301741600036621094e+00
1.571980267763137817e-01
0.000000000000000000e+00
6.907819211483001709e-02
1.213120460510253906e+00
6.747739315032958984e-01
2.441403716802597046e-01
9.451805949211120605e-01
2.269744396209716797e+00
1.846708655357360840e+00
1.963577270507812500e-01
3.623661100864410400e-01
9.722890853881835938e-01
0.000000000000000000e+00
4.252969846129417419e-02
