3.817204833030700684e-01
0.000000000000000000e+00
2.581019103527069092e-01
2.404300451278686523e+00
5.343145132064819336e-01
2.388833761215209961e-01
9.070934057235717773e-01
2.596362352371215820e+00
6.686002731323242188e+00
1.529616475105285645e+00
8.397119492292404175e-02
1.674923896789550781e+00
4.208581522107124329e-02
6.138067841529846191e-01
2.098057031631469727e+00
8.800932765007019043e-01
7.432964444160461426e-01
2.442487001419067383e+00
3.324272036552429199e-01
1.139018759131431580e-01
1.439212322235107422e+00
0.000000000000000000e+00
9.338291734457015991e-02
2.219353675842285156e+00
5.401182919740676880e-03
0.000000000000000000e+00
3.494592756032943726e-02
1.935468077659606934e+00
3.680707216262817383e-01
8.073735050857067108e-03
2.543505281209945679e-02
2.079247869551181793e-02
9.551355242729187012e-02
1.371924996376037598e+00
3.655563592910766602e-01
2.950839757919311523e+00
4.187573194503784180e-01
6.972704827785491943e-02
1.997484862804412842e-01
6.172437667846679688e-01
3.628365695476531982e-01
3.373380750417709351e-02
5.430475473403930664e-01
3.764538049697875977e+00
3.647305071353912354e-01
1.260013580322265625e+00
1.341068148612976074e-01
8.798994421958923340e-01
2.259267717599868774e-01
1.108829736709594727e+00
3.292372703552246094e+00
0.000000000000000000e+00
1.865271449089050293e+00
1.434324085712432861e-01
1.389120221138000488e+00
4.437076672911643982e-02
6.043685227632522583e-02
1.842956095933914185e-01
2.095366001129150391e+00
6.222724914550781250e-01
6.381397135555744171e-03
5.411393195390701294e-02
6.976996082812547684e-03
1.112179994583129883e+00
1.501363754272460938e+00
5.056117177009582520e-01
1.074893325567245483e-01
5.396851301193237305e-01
6.256420612335205078e-01
3.579533100128173828e-01
0.000000000000000000e+00
3.417130112648010254e-01
9.915526956319808960e-02
6.818447113037109375e-01
4.029633700847625732e-01
1.810194015502929688e+00
7.878994196653366089e-02
5.249891877174377441e-01
8.683875948190689087e-02
1.267673850059509277e+00
5.914211273193359375e-02
5.007994771003723145e-01
2.879929780960083008e+00
6.185532361268997192e-02
2.117355823516845703e+00
6.583090871572494507e-02
1.771881341934204102e+00
7.865721732378005981e-02
7.430252432823181152e-01
1.637070998549461365e-02
1.447733640670776367e-01
2.199979685246944427e-02
1.540017663501203060e-03
0.000000000000000000e+00
1.244012117385864258e+00
6.969121098518371582e-01
9.050141572952270508e-01
9.960818886756896973e-01
9.631195664405822754e-02
2.179975155740976334e-03
0.000000000000000000e+00
4.562231600284576416e-01
1.603063344955444336e-01
1.217418313026428223e+00
1.273247718811035156e+00
6.318979710340499878e-02
1.142519354820251465e+00
5.338816046714782715e-01
7.421412467956542969e-01
2.166627347469329834e-01
2.196773529052734375e+00
0.000000000000000000e+00
2.403289228677749634e-01
1.252249032258987427e-01
8.050096035003662109e-01
4.024305939674377441e-02
2.538314163684844971e-01
2.097527235746383667e-01
1.010116696357727051e+00
3.173869132995605469e+00
1.034476399421691895e+00
3.456041216850280762e-01
2.737700473517179489e-03
1.509153366088867188e+00
9.208309054374694824e-01
9.764268398284912109e-01
0.000000000000000000e+00
6.105629205703735352e-01
1.674249053001403809e+00
8.656608872115612030e-03
6.585623323917388916e-02
1.218657135963439941e+00
1.440062224864959717e-01
0.000000000000000000e+00
4.904597103595733643e-01
0.000000000000000000e+00
1.591500341892242432e-01
5.173528671264648438e+00
0.000000000000000000e+00
2.560004293918609619e-01
7.251927256584167480e-02
5.868694186210632324e-01
1.852080583572387695e+00
1.257749507203698158e-03
2.533374913036823273e-02
5.431375503540039062e-01
9.189321994781494141e-01
3.039887547492980957e-01
1.273925185203552246e+00
3.478900194168090820e-01
5.448235988616943359e+00
1.966208368539810181e-01
1.077193394303321838e-01
7.818418741226196289e-01
1.649529099464416504e+00
1.160768032073974609e+00
6.574992835521697998e-02
0.000000000000000000e+00
2.222527503967285156e+00
1.025959923863410950e-01
1.114933192729949951e-01
1.394445419311523438e+00
3.036710619926452637e-01
1.936270855367183685e-02
3.801202476024627686e-01
4.673118591308593750e-01
0.000000000000000000e+00
0.000000000000000000e+00
9.713401794433593750e-01
2.261949539184570312e+00
1.174279674887657166e-01
3.798042535781860352e-01
1.274634618312120438e-02
6.452329754829406738e-01
5.697485208511352539e-01
7.339509010314941406e+00
0.000000000000000000e+00
7.092968374490737915e-02
7.081464529037475586e-01
1.720242798328399658e-01
0.000000000000000000e+00
7.673911750316619873e-02
4.427388608455657959e-01
3.474480390548706055e+00
1.589206457138061523e-01
0.000000000000000000e+00
3.734520077705383301e-01
9.356659054756164551e-01
0.000000000000000000e+00
0.000000000000000000e+00
0.000000000000000000e+00
6.828781962394714355e-02
1.164718389511108398e+00
5.223429203033447266e-01
9.466146826744079590e-01
6.502132415771484375e-01
1.102270722389221191e+00
3.044759929180145264e-01
5.567779541015625000e-01
7.261381745338439941e-01
7.428048253059387207e-01
3.967345058917999268e-01
3.902710676193237305e-01
1.243443131446838379e+00
4.724192619323730469e-01
0.000000000000000000e+00
2.514874637126922607e-01
2.691423334181308746e-02
2.041328996419906616e-01
1.291199564933776855e+00
1.236873790621757507e-01
2.025996148586273193e-01
1.585867255926132202e-01
4.029163420200347900e-01
3.568688929080963135e-01
5.864254832267761230e-01
1.616017520427703857e-01
2.930486500263214111e-01
1.827636241912841797e+00
8.587669134140014648e-01
0.000000000000000000e+00
2.843971848487854004e-01
2.548651099205017090e-01
2.361067011952400208e-02
1.345802247524261475e-01
0.000000000000000000e+00
8.877893537282943726e-02
3.119381666183471680e-01
1.839892007410526276e-03
2.113583236932754517e-01
3.824726864695549011e-02
1.950152069330215454e-01
1.495413422584533691e+00
1.997057199478149414e+00
2.982277274131774902e-01
5.082569122314453125e-01
2.290502071380615234e+00
3.971911072731018066e-01
4.001611378043889999e-04
1.278992176055908203e+00
1.088679507374763489e-01
4.935397766530513763e-03
3.641125559806823730e-02
2.898736476898193359e+00
1.094651937484741211e+00
6.125439405441284180e-01
1.053179144859313965e+00
1.894624345004558563e-02
2.326134920120239258e+00
8.727916479110717773e-01
1.995208859443664551e-01
4.380562007427215576e-01
3.671706467866897583e-02
1.096611976623535156e+00
7.876796722412109375e-01
3.102803975343704224e-02
1.591937392950057983e-01
0.000000000000000000e+00
9.902703762054443359e-02
5.883678793907165527e-02
8.931473493576049805e-01
2.156667783856391907e-02
8.136873692274093628e-02
9.612069465219974518e-03
0.000000000000000000e+00
1.980568282306194305e-02
1.180196881294250488e+00
7.132337987422943115e-02
3.218570351600646973e-02
4.754637368023395538e-03
1.277293562889099121e+00
0.000000000000000000e+00
5.499990582466125488e-01
2.290429770946502686e-01
3.220787942409515381e-01
6.188302040100097656e-01
1.108198985457420349e-01
9.091153740882873535e-01
7.585083246231079102e-01
1.486989259719848633e-01
7.948599010705947876e-02
6.519999504089355469e-01
4.080657847225666046e-03
2.454969435930252075e-01
6.041452884674072266e-01
6.555634140968322754e-01
7.421591281890869141e-01
5.385963991284370422e-02
1.871574968099594116e-01
1.152902469038963318e-02
1.944542646408081055e+00
9.932504296302795410e-01
1.598176360130310059e-01
1.317013353109359741e-01
1.117317005991935730e-01
2.095635086297988892e-01
7.511754333972930908e-02
2.408904433250427246e-01
1.201136946678161621e+00
5.099329471588134766e+00
6.091765165328979492e-01
2.117026597261428833e-02
5.577306747436523438e-01
4.867613606620579958e-04
2.655178681015968323e-02
1.749330163002014160e-01
0.000000000000000000e+00
4.630354233086109161e-03
5.153139587491750717e-03
8.186938166618347168e-01
3.459438383579254150e-01
1.069490704685449600e-02
6.321564316749572754e-02
1.222988605499267578e+00
1.321191638708114624e-01
4.843875169754028320e-01
0.000000000000000000e+00
1.775926500558853149e-01
5.128428339958190918e-01
9.234719909727573395e-03
1.842680811882019043e+00
0.000000000000000000e+00
6.166977807879447937e-03
1.367888450622558594e-01
1.734619438648223877e-01
3.839164972305297852e-01
1.353926677256822586e-02
0.000000000000000000e+00
9.360653162002563477e-01
5.741443634033203125e-01
0.000000000000000000e+00
5.969820544123649597e-03
2.326345145702362061e-01
8.183376863598823547e-03
4.860186949372291565e-02
4.419739544391632080e-01
1.625051975250244141e+00
3.251352012157440186e-01
4.022466540336608887e-01
1.303616523742675781e+00
2.318351343274116516e-02
5.138405598700046539e-03
2.298280745744705200e-01
6.363340467214584351e-02
9.065053462982177734e-01
9.692901968955993652e-01
7.273727655410766602e-02
1.392090134322643280e-02
4.957130923867225647e-02
3.930863738059997559e-01
1.101072728633880615e-01
9.130280017852783203e-01
1.846617460250854492e-02
1.422176486812531948e-03
1.308964681811630726e-03
8.910260796546936035e-01
0.000000000000000000e+00
1.006926521658897400e-01
2.607763931155204773e-02
1.504899114370346069e-01
3.218453824520111084e-01
0.000000000000000000e+00
1.139749765396118164e+00
1.971260011196136475e-01
1.864863395690917969e+00
1.223709344863891602e+00
6.404790878295898438e-01
1.665722250938415527e+00
1.554309129714965820e+00
0.000000000000000000e+00
1.473610848188400269e-01
1.397916793823242188e+00
1.016764283180236816e+00
3.764521479606628418e-01
6.797178387641906738e-01
1.793603040277957916e-02
1.728780218400061131e-03
1.649200916290283203e-02
8.825286477804183960e-02
8.292817473411560059e-01
3.646274656057357788e-02
4.049695968627929688e+00
2.089409589767456055e+00
9.926401972770690918e-01
0.000000000000000000e+00
8.486534357070922852e-01
1.931370981037616730e-02
0.000000000000000000e+00
0.000000000000000000e+00
6.895942240953445435e-02
6.022493541240692139e-02
6.223841011524200439e-02
0.000000000000000000e+00
2.802621126174926758e-01
3.042050004005432129e-01
5.859412550926208496e-01
1.437116980552673340e+00
8.289000950753688812e-03
2.357105724513530731e-02
1.100309252738952637e+00
2.407860197126865387e-02
6.941465735435485840e-01
0.000000000000000000e+00
2.538425922393798828e-01
1.198591709136962891e+00
6.231273412704467773e-01
1.602401256561279297e+00
1.905531883239746094e-01
9.357573390007019043e-01
6.889283657073974609e-01
2.205625176429748535e-01
7.851777225732803345e-02
3.414391875267028809e-01
2.063815116882324219e+00
7.425699848681688309e-03
3.490759991109371185e-03
2.607062816619873047e+00
3.821820393204689026e-02
4.804139733314514160e-01
3.891443312168121338e-01
4.945766180753707886e-02
2.479661256074905396e-01
1.062003709375858307e-02
2.585828781127929688e+00
2.047410458326339722e-01
8.159485459327697754e-01
1.019630432128906250e+00
2.374648332595825195e+00
0.000000000000000000e+00
1.818974614143371582e+00
2.859421633183956146e-02
8.813329786062240601e-02
2.044509537518024445e-02
0.000000000000000000e+00
0.000000000000000000e+00
6.689032912254333496e-02
2.057432830333709717e-01
0.000000000000000000e+00
8.628518879413604736e-02
3.486685752868652344e-01
1.410621404647827148e+00
0.000000000000000000e+00
5.309687554836273193e-02
5.372409820556640625e-01
5.188201665878295898e-01
0.000000000000000000e+00
0.000000000000000000e+00
1.345353946089744568e-02
1.154338568449020386e-01
8.254698514938354492e-01
5.876438021659851074e-01
9.409107267856597900e-02
1.635525703430175781e+00
0.000000000000000000e+00
1.006003737449645996e+00
1.127069443464279175e-01
1.566614806652069092e-01
4.971751570701599121e-01
0.000000000000000000e+00
9.680708646774291992e-01
2.030066967010498047e+00
2.420743703842163086e-01
2.788792133331298828e+00
1.883573457598686218e-02
4.007256031036376953e-01
1.087339315563440323e-02
2.799369990825653076e-01
7.070520520210266113e-02
1.046639919281005859e+00
5.523974299430847168e-01
0.000000000000000000e+00
6.099690198898315430e-01
6.436948776245117188e-01
2.694633603096008301e-01
1.983655929565429688e+00
2.250982373952865601e-01
0.000000000000000000e+00
1.236643493175506592e-01
9.599654376506805420e-02
4.371785521507263184e-01
2.371749281883239746e-01
0.000000000000000000e+00
9.789132513105869293e-03
9.418401718139648438e-01
8.561729192733764648e-01
0.000000000000000000e+00
3.760147690773010254e-01
4.429493844509124756e-02
1.576739192008972168e+00
5.492414534091949463e-02
4.179282113909721375e-02
2.698373794555664062e-01
0.000000000000000000e+00
6.019642949104309082e-01
4.341742694377899170e-01
1.658361591398715973e-02
3.121529705822467804e-02
1.990097641944885254e+00
9.869052469730377197e-02
1.719517633318901062e-02
2.285320311784744263e-02
1.121481180191040039e+00
4.196858704090118408e-01
5.723983049392700195e-01
1.001413106918334961e+00
2.088933229446411133e+00
2.124631643295288086e+00
1.995780318975448608e-01
2.441587597131729126e-01
1.165461659431457520e+00
0.000000000000000000e+00
1.606711447238922119e-01
