2.415829449892044067e-01
0.000000000000000000e+00
1.019461750984191895e-01
2.503672599792480469e+00
7.805590033531188965e-01
4.413202404975891113e-01
1.010551929473876953e+00
2.955792427062988281e+00
6.839204788208007812e+00
1.517718553543090820e+00
1.007322594523429871e-01
1.444983363151550293e+00
1.704874038696289062e-01
8.322720527648925781e-01
2.401608705520629883e+00
1.079986214637756348e+00
8.403750658035278320e-01
2.545795679092407227e+00
7.669690251350402832e-01
3.445573747158050537e-01
1.801397442817687988e+00
4.464907571673393250e-02
2.050955444574356079e-01
3.134330511093139648e+00
3.419351577758789062e-01
0.000000000000000000e+00
4.718108102679252625e-02
2.272546768188476562e+00
3.298425674438476562e-01
6.539727747440338135e-02
2.779643833637237549e-01
3.384452685713768005e-02
9.253922700881958008e-01
6.148568391799926758e-01
3.653652071952819824e-01
3.216213941574096680e+00
2.368276119232177734e-01
3.149802982807159424e-01
2.842656970024108887e-01
1.796763390302658081e-01
3.513146638870239258e-01
2.831332013010978699e-02
2.585154473781585693e-01
4.184893131256103516e+00
5.153434276580810547e-01
1.220323443412780762e+00
0.000000000000000000e+00
3.901349604129791260e-01
7.660787552595138550e-02
1.893592476844787598e+00
2.987700700759887695e+00
0.000000000000000000e+00
1.955953121185302734e+00
7.584128528833389282e-02
9.983513355255126953e-01
1.857080608606338501e-01
6.542451977729797363e-01
5.947116389870643616e-02
1.657822251319885254e+00
4.604425132274627686e-01
2.628081664443016052e-02
3.886643098667263985e-03
0.000000000000000000e+00
1.140484094619750977e+00
1.508561372756958008e+00
5.956168770790100098e-01
1.136217415332794189e-01
2.975363433361053467e-01
8.100622892379760742e-01
4.662029445171356201e-01
0.000000000000000000e+00
5.042864084243774414e-01
1.519563645124435425e-01
7.886159420013427734e-01
7.027761936187744141e-01
1.840817213058471680e+00
0.000000000000000000e+00
7.482570409774780273e-01
4.270917475223541260e-01
1.305011987686157227e+00
0.000000000000000000e+00
6.168179512023925781e-01
2.053009748458862305e+00
6.273436825722455978e-03
2.043188333511352539e+00
3.800065070390701294e-02
1.509653925895690918e+00
9.528676420450210571e-02
7.277484536170959473e-01
9.558287449181079865e-03
1.969096213579177856e-01
2.227267948910593987e-03
2.183138765394687653e-02
0.000000000000000000e+00
1.189423799514770508e+00
9.454024583101272583e-02
6.027243137359619141e-01
7.279180884361267090e-01
6.227282807230949402e-02
4.295348003506660461e-02
0.000000000000000000e+00
3.893983066082000732e-01
9.624080359935760498e-02
9.238984584808349609e-01
8.933815360069274902e-01
2.610946819186210632e-02
8.259486556053161621e-01
4.371966719627380371e-01
9.993513114750385284e-03
1.685774028301239014e-01
1.542263746261596680e+00
9.449762105941772461e-02
7.409576177597045898e-01
5.311902165412902832e-01
7.902530431747436523e-01
1.406453102827072144e-01
3.639081418514251709e-01
4.710753448307514191e-03
6.518492698669433594e-01
2.496436357498168945e+00
2.269112110137939453e+00
7.247568964958190918e-01
5.344285629689693451e-03
2.073051214218139648e+00
5.139831304550170898e-01
6.367405056953430176e-01
0.000000000000000000e+00
3.465179502964019775e-01
2.110398530960083008e+00
1.378464698791503906e-01
2.785946801304817200e-02
1.305307030677795410e+00
3.367376327514648438e-01
1.194095909595489502e-01
1.735936701297760010e-01
0.000000000000000000e+00
9.655224531888961792e-02
4.739835262298583984e+00
0.000000000000000000e+00
1.140738949179649353e-01
2.704309821128845215e-01
4.068436920642852783e-01
1.623873353004455566e+00
0.000000000000000000e+00
1.743859797716140747e-01
5.342977643013000488e-01
9.391940832138061523e-01
4.291890859603881836e-01
1.182791590690612793e+00
2.139590680599212646e-01
5.633378982543945312e+00
5.479964017868041992e-01
1.770403534173965454e-01
4.698651134967803955e-01
2.302355289459228516e+00
1.299662470817565918e+00
2.440797090530395508e-01
9.393842518329620361e-02
2.351116657257080078e+00
5.348747968673706055e-01
1.117435768246650696e-01
1.158474564552307129e+00
5.066971778869628906e-01
0.000000000000000000e+00
3.661836683750152588e-02
6.561289429664611816e-01
4.912196192890405655e-03
0.000000000000000000e+00
8.557802438735961914e-01
2.764485120773315430e+00
6.910831332206726074e-01
3.035203814506530762e-01
1.106115803122520447e-02
1.052340984344482422e+00
2.502440810203552246e-01
7.521739959716796875e+00
0.000000000000000000e+00
5.687833577394485474e-02
4.181465804576873779e-01
1.042069420218467712e-01
0.000000000000000000e+00
1.292371004819869995e-02
2.149585187435150146e-01
3.140690326690673828e+00
2.025599926710128784e-01
0.000000000000000000e+00
3.151432275772094727e-01
4.512929320335388184e-01
0.000000000000000000e+00
1.285416185855865479e-01
3.403984592296183109e-04
2.581615746021270752e-02
4.884893000125885010e-01
5.076814889907836914e-01
4.727129042148590088e-01
1.297412037849426270e+00
9.841427206993103027e-01
2.328288704156875610e-01
3.843414187431335449e-01
8.629807233810424805e-01
9.938978552818298340e-01
2.224207818508148193e-01
6.965520381927490234e-01
1.414237618446350098e+00
3.892494142055511475e-01
6.042331084609031677e-02
5.167526006698608398e-01
1.604130566120147705e-01
5.898801609873771667e-02
1.691448211669921875e+00
8.158148080110549927e-02
2.480224817991256714e-01
5.375826358795166016e-01
3.675303459167480469e-01
4.134872555732727051e-01
7.612205147743225098e-01
6.015596911311149597e-02
1.881344020366668701e-01
2.188546180725097656e+00
1.161066174507141113e+00
8.393003605306148529e-03
6.986892819404602051e-01
4.505179226398468018e-01
9.046182781457901001e-02
1.568600237369537354e-01
0.000000000000000000e+00
1.075793132185935974e-01
5.421544983983039856e-02
5.384664051234722137e-03
4.598723351955413818e-02
1.659706830978393555e-01
2.535475790500640869e-01
1.740772604942321777e+00
2.368758440017700195e+00
5.834746956825256348e-01
4.017857909202575684e-01
2.467720508575439453e+00
7.339843511581420898e-01
0.000000000000000000e+00
7.475134730339050293e-01
5.156625807285308838e-02
4.256569221615791321e-02
1.532199792563915253e-02
3.777233362197875977e+00
5.567194223403930664e-01
9.419497251510620117e-01
1.054943680763244629e+00
1.089870464056730270e-02
1.653649449348449707e+00
9.081364870071411133e-01
1.174627169966697693e-01
3.351607024669647217e-01
2.757487446069717407e-02
7.925423979759216309e-01
1.369914174079895020e+00
3.997581079602241516e-02
9.953255765140056610e-03
0.000000000000000000e+00
3.425998985767364502e-02
5.329178646206855774e-02
9.196786284446716309e-01
1.510926336050033569e-01
2.201119624078273773e-02
4.802435170859098434e-03
0.000000000000000000e+00
1.294553279876708984e-02
1.979889512062072754e+00
0.000000000000000000e+00
1.421205815859138966e-03
0.000000000000000000e+00
1.347739815711975098e+00
2.420178381726145744e-03
6.660294532775878906e-01
2.564300894737243652e-01
8.422458916902542114e-02
1.004255652427673340e+00
5.860536918044090271e-02
3.310460746288299561e-01
8.892863988876342773e-01
6.567297130823135376e-02
1.727276854217052460e-02
9.309278130531311035e-01
1.602784246206283569e-01
3.744272291660308838e-01
6.012085080146789551e-01
8.391144275665283203e-01
7.623133659362792969e-01
1.140599418431520462e-02
3.568592369556427002e-01
0.000000000000000000e+00
1.611669659614562988e+00
1.444504737854003906e+00
8.396460860967636108e-02
1.580727249383926392e-01
1.896204650402069092e-01
6.357196718454360962e-02
3.116882741451263428e-01
2.459292113780975342e-01
1.658874750137329102e+00
6.028865814208984375e+00
3.524428009986877441e-01
1.385385096073150635e-01
1.299740932881832123e-02
2.100654877722263336e-03
6.708638742566108704e-03
3.776463866233825684e-01
0.000000000000000000e+00
0.000000000000000000e+00
6.663186103105545044e-02
1.954653114080429077e-01
3.760290145874023438e-01
0.000000000000000000e+00
2.918521873652935028e-02
1.357386350631713867e+00
5.031659733504056931e-03
5.958081483840942383e-01
0.000000000000000000e+00
4.305964112281799316e-01
7.544467449188232422e-01
6.193930655717849731e-02
2.137788772583007812e+00
0.000000000000000000e+00
2.921917103230953217e-02
9.452629089355468750e-02
1.816876174416393042e-04
6.635475754737854004e-01
1.089374497532844543e-01
0.000000000000000000e+00
7.486990690231323242e-01
6.250272989273071289e-01
0.000000000000000000e+00
0.000000000000000000e+00
7.519593238830566406e-01
0.000000000000000000e+00
1.881477981805801392e-01
3.918610215187072754e-01
1.097047567367553711e+00
2.162446379661560059e-01
5.286750197410583496e-01
1.671635150909423828e+00
1.088479086756706238e-01
3.935948945581912994e-03
2.327898889780044556e-01
9.303537756204605103e-02
6.063849925994873047e-01
8.831307291984558105e-01
4.015817865729331970e-02
1.525724399834871292e-02
2.892351150512695312e-01
2.129160463809967041e-01
7.634293287992477417e-02
1.174019336700439453e+00
3.600564971566200256e-02
3.430258110165596008e-02
3.809225559234619141e-02
1.180485606193542480e+00
0.000000000000000000e+00
3.463250696659088135e-01
1.731104962527751923e-02
7.031037211418151855e-01
2.085552811622619629e-01
0.000000000000000000e+00
5.874617695808410645e-01
4.907194972038269043e-01
1.389327168464660645e+00
1.073197722434997559e+00
6.800791025161743164e-01
1.426303267478942871e+00
1.690279364585876465e+00
0.000000000000000000e+00
6.756569743156433105e-01
1.532539844512939453e+00
1.184322237968444824e+00
1.798100322484970093e-01
1.240134477615356445e+00
4.955522343516349792e-02
4.076018929481506348e-02
0.000000000000000000e+00
5.050259456038475037e-02
8.257527947425842285e-01
0.000000000000000000e+00
3.231374979019165039e+00
2.274545669555664062e+00
5.110272765159606934e-01
0.000000000000000000e+00
8.734151124954223633e-01
6.381209194660186768e-02
0.000000000000000000e+00
0.000000000000000000e+00
4.782878980040550232e-02
9.341733902692794800e-02
1.326906383037567139e-01
4.381159320473670959e-03
1.472658365964889526e-01
1.181584969162940979e-01
3.651384413242340088e-01
1.801846861839294434e+00
1.289309412240982056e-01
6.323619186878204346e-02
8.804842829704284668e-01
2.342505455017089844e-01
1.286141872406005859e+00
0.000000000000000000e+00
2.502470016479492188e-01
8.052884936332702637e-01
6.488371491432189941e-01
1.197978019714355469e+00
1.354683935642242432e-01
1.473496913909912109e+00
1.074533462524414062e+00
1.430044472217559814e-01
4.612886696122586727e-04
4.367997944355010986e-01
1.914117217063903809e+00
8.346688747406005859e-02
3.879317268729209900e-02
4.238763809204101562e+00
1.288954168558120728e-02
2.869691848754882812e-01
5.457573533058166504e-01
1.105337515473365784e-01
6.133002042770385742e-01
0.000000000000000000e+00
2.559305667877197266e+00
6.914382576942443848e-01
1.104847073554992676e+00
1.680699229240417480e+00
2.039815425872802734e+00
0.000000000000000000e+00
1.529590129852294922e+00
5.196944996714591980e-02
4.513285681605339050e-02
4.536209255456924438e-02
0.000000000000000000e+00
7.120565325021743774e-02
1.748680770397186279e-01
5.238062739372253418e-01
0.000000000000000000e+00
3.954855501651763916e-01
2.558483481407165527e-01
1.428235411643981934e+00
0.000000000000000000e+00
1.929801553487777710e-01
4.757877886295318604e-01
7.935968637466430664e-01
5.043842270970344543e-02
3.161233908031135798e-04
0.000000000000000000e+00
3.950405716896057129e-01
1.631147742271423340e+00
5.213958024978637695e-01
2.354930341243743896e-01
2.049595832824707031e+00
5.738946609199047089e-03
1.337986707687377930e+00
2.974389195442199707e-01
2.364831864833831787e-01
4.330832362174987793e-01
0.000000000000000000e+00
2.407644748687744141e+00
2.524736642837524414e+00
2.137168496847152710e-01
3.513457775115966797e+00
9.764405339956283569e-02
8.843959569931030273e-01
4.654544219374656677e-02
1.063493862748146057e-01
1.812278777360916138e-01
7.802616953849792480e-01
2.883143126964569092e-01
0.000000000000000000e+00
3.094586431980133057e-01
9.634222090244293213e-02
3.988276720046997070e-01
3.260130167007446289e+00
4.615266025066375732e-01
0.000000000000000000e+00
3.692621290683746338e-01
3.034924566745758057e-01
6.165685653686523438e-01
3.768947422504425049e-01
0.000000000000000000e+00
3.451807424426078796e-03
1.219660639762878418e+00
9.759278893470764160e-01
0.000000000000000000e+00
6.482337713241577148e-01
3.871954604983329773e-02
1.550010442733764648e+00
1.285490542650222778e-01
9.768537431955337524e-02
3.176337182521820068e-01
4.380699619650840759e-02
1.852944344282150269e-01
4.419412016868591309e-01
4.387196525931358337e-02
1.943308673799037933e-02
2.600342273712158203e+00
2.214575707912445068e-01
0.000000000000000000e+00
4.438238143920898438e-01
1.630511760711669922e+00
3.871271610260009766e-01
5.180350542068481445e-01
8.446079492568969727e-01
1.827554464340209961e+00
2.062888622283935547e+00
5.636506080627441406e-01
6.592025607824325562e-02
1.205126047134399414e+00
0.000000000000000000e+00
1.785128749907016754e-02
