1.732576638460159302e-01
0.000000000000000000e+00
2.327898293733596802e-01
2.518114566802978516e+00
9.413757920265197754e-01
5.941047668457031250e-01
9.401799440383911133e-01
2.589912414550781250e+00
6.979146957397460938e+00
1.148014664649963379e+00
1.639300137758255005e-01
1.630000233650207520e+00
2.092935144901275635e-01
1.251619100570678711e+00
2.056552410125732422e+00
1.099604725837707520e+00
4.174132049083709717e-01
2.205997705459594727e+00
3.358699083328247070e-01
5.172738805413246155e-02
1.893311738967895508e+00
0.000000000000000000e+00
4.578740894794464111e-01
2.940867185592651367e+00
1.369301378726959229e-01
0.000000000000000000e+00
1.976253688335418701e-01
2.525930643081665039e+00
1.488639414310455322e-01
6.894793361425399780e-02
4.149813950061798096e-02
1.569864749908447266e-01
2.642298042774200439e-01
1.103977799415588379e+00
2.099471092224121094e-01
3.103119373321533203e+00
4.054837822914123535e-01
2.384461015462875366e-01
3.463248312473297119e-01
6.126028299331665039e-01
2.187313735485076904e-01
2.600034512579441071e-02
7.229433655738830566e-01
4.795086383819580078e+00
9.538447856903076172e-01
9.756821990013122559e-01
2.533383667469024658e-01
5.469064116477966309e-01
3.314259648323059082e-02
1.224345922470092773e+00
3.298161029815673828e+00
0.000000000000000000e+00
1.857219576835632324e+00
1.668812781572341919e-01
1.309482812881469727e+00
1.107822284102439880e-01
3.217429220676422119e-01
4.687815532088279724e-02
2.588813543319702148e+00
2.175403833389282227e-01
0.000000000000000000e+00
0.000000000000000000e+00
8.894795924425125122e-02
9.160935878753662109e-01
9.079684615135192871e-01
7.070650458335876465e-01
8.400381356477737427e-02
6.781340241432189941e-01
6.121953725814819336e-01
6.435595750808715820e-01
0.000000000000000000e+00
6.985305994749069214e-02
8.875212818384170532e-02
1.067600965499877930e+00
7.369084954261779785e-01
1.356901168823242188e+00
1.474371924996376038e-02
5.547772645950317383e-01
1.349187493324279785e-01
1.188170313835144043e+00
1.737426035106182098e-02
3.455599546432495117e-01
2.815613269805908203e+00
1.494227442890405655e-03
1.780591487884521484e+00
4.853245243430137634e-02
1.025801062583923340e+00
3.214425221085548401e-02
6.258136034011840820e-01
1.659814715385437012e-01
3.884237259626388550e-02
2.758588083088397980e-02
1.488266512751579285e-02
0.000000000000000000e+00
1.239823579788208008e+00
2.622240483760833740e-01
5.898400545120239258e-01
6.814905405044555664e-01
4.777994751930236816e-02
8.642418310046195984e-03
0.000000000000000000e+00
1.477262824773788452e-01
3.877645730972290039e-02
1.869416832923889160e+00
1.385494947433471680e+00
2.277901023626327515e-02
8.144417405128479004e-01
4.585277438163757324e-01
3.358781039714813232e-01
4.270596802234649658e-01
1.572382092475891113e+00
3.169611841440200806e-02
3.869156241416931152e-01
1.590775102376937866e-01
6.829786300659179688e-01
1.523478329181671143e-01
1.223901781486347318e-04
8.272202312946319580e-02
6.389269232749938965e-01
2.196705341339111328e+00
2.216745853424072266e+00
4.390204846858978271e-01
1.691363565623760223e-02
1.534808397293090820e+00
6.592853665351867676e-01
6.473947763442993164e-01
1.260727085173130035e-02
3.028092384338378906e-01
1.627969503402709961e+00
2.429401874542236328e-02
1.896709650754928589e-01
1.304841876029968262e+00
2.331461012363433838e-01
3.822086751461029053e-02
6.114338636398315430e-01
1.777841150760650635e-02
3.109405338764190674e-01
4.488864898681640625e+00
0.000000000000000000e+00
3.898679465055465698e-02
2.905042469501495361e-01
2.278802543878555298e-01
1.943797111511230469e+00
0.000000000000000000e+00
8.187646418809890747e-02
9.156960844993591309e-01
1.025488376617431641e+00
4.089867770671844482e-01
1.863881468772888184e+00
3.159976899623870850e-01
5.663590431213378906e+00
1.269809961318969727e+00
4.024159163236618042e-02
4.049330949783325195e-01
1.543146729469299316e+00
9.089890122413635254e-01
1.283471882343292236e-01
2.114414572715759277e-01
1.795618176460266113e+00
2.698219120502471924e-01
7.776543498039245605e-02
8.590719699859619141e-01
6.858917474746704102e-01
2.819757722318172455e-02
3.228999972343444824e-01
6.169314384460449219e-01
6.361896637827157974e-03
0.000000000000000000e+00
7.778656482696533203e-01
2.930787563323974609e+00
5.707552433013916016e-01
5.310252904891967773e-01
5.760241299867630005e-02
4.871242046356201172e-01
2.877938151359558105e-01
7.186965942382812500e+00
0.000000000000000000e+00
0.000000000000000000e+00
3.827461600303649902e-01
7.688477635383605957e-02
0.000000000000000000e+00
1.449900269508361816e-01
7.412928342819213867e-01
3.440419912338256836e+00
1.188110411167144775e-01
0.000000000000000000e+00
1.067326366901397705e-01
1.032525777816772461e+00
0.000000000000000000e+00
6.551726162433624268e-02
0.000000000000000000e+00
4.180567339062690735e-02
1.150048494338989258e+00
6.603785753250122070e-01
1.140149116516113281e+00
5.000587701797485352e-01
1.294935464859008789e+00
2.481398582458496094e-01
4.688363969326019287e-01
8.561827540397644043e-01
1.295807480812072754e+00
3.914561569690704346e-01
7.305362224578857422e-01
1.154824852943420410e+00
4.462509751319885254e-01
2.024936722591519356e-03
1.230306625366210938e+00
0.000000000000000000e+00
1.718061715364456177e-01
1.187721490859985352e+00
1.049916669726371765e-01
6.151875257492065430e-01
5.534368753433227539e-01
3.260462880134582520e-01
7.204874753952026367e-01
4.572060108184814453e-01
1.011142209172248840e-01
3.064598739147186279e-01
2.065037488937377930e+00
7.334986925125122070e-01
4.890537355095148087e-03
7.867025136947631836e-01
2.408248633146286011e-01
1.838689893484115601e-01
1.598299294710159302e-01
0.000000000000000000e+00
4.680654406547546387e-02
2.249275594949722290e-01
4.077806603163480759e-03
1.360653638839721680e-01
8.507541567087173462e-02
2.952260076999664307e-01
1.447693109512329102e+00
1.443711876869201660e+00
5.291964411735534668e-01
1.925424188375473022e-01
2.813626050949096680e+00
8.269284367561340332e-01
0.000000000000000000e+00
7.881997227668762207e-01
3.606543177738785744e-03
2.378468029201030731e-02
1.635841280221939087e-01
3.727300405502319336e+00
7.691892385482788086e-01
6.171064972877502441e-01
6.708599925041198730e-01
1.234876708622323349e-05
1.749763250350952148e+00
8.504761457443237305e-01
8.307847380638122559e-02
7.984276413917541504e-01
0.000000000000000000e+00
5.629140734672546387e-01
4.302600920200347900e-01
1.954990029335021973e-01
8.988577127456665039e-02
0.000000000000000000e+00
1.080758869647979736e-01
9.567249566316604614e-02
1.343638539314270020e+00
5.493674874305725098e-01
6.358069926500320435e-02
7.612119615077972412e-02
0.000000000000000000e+00
1.560509763658046722e-02
9.330215454101562500e-01
9.940338134765625000e-02
1.727799139916896820e-02
1.428776653483510017e-03
1.274305701255798340e+00
0.000000000000000000e+00
4.226767122745513916e-01
2.746706604957580566e-01
1.896698027849197388e-01
6.069794297218322754e-01
1.094999462366104126e-01
6.531867980957031250e-01
7.192793488502502441e-01
1.499604731798171997e-01
1.138455495238304138e-01
6.204694509506225586e-01
2.594316843897104263e-03
3.533109426498413086e-01
5.482857227325439453e-01
4.226318299770355225e-01
8.965802788734436035e-01
3.595559671521186829e-02
7.661237567663192749e-02
2.370267920196056366e-02
1.595584630966186523e+00
4.916764795780181885e-01
1.144567802548408508e-01
1.355266124010086060e-01
1.727860420942306519e-01
3.232302963733673096e-01
5.224256515502929688e-01
2.987039387226104736e-01
1.232464194297790527e+00
5.504738330841064453e+00
7.485821843147277832e-01
1.316246390342712402e-01
1.476272195577621460e-01
3.570713847875595093e-02
8.292520791292190552e-02
3.237128630280494690e-02
3.322871867567300797e-03
2.781664719805121422e-03
2.582851611077785492e-02
4.589019119739532471e-01
2.952145636081695557e-01
1.020999327301979065e-01
8.416701108217239380e-02
1.319177865982055664e+00
1.133997589349746704e-01
5.788951516151428223e-01
0.000000000000000000e+00
3.977091908454895020e-01
4.528030455112457275e-01
6.981207430362701416e-02
2.116925954818725586e+00
8.345865644514560699e-04
6.634198129177093506e-02
2.043067365884780884e-01
0.000000000000000000e+00
5.383092164993286133e-01
1.475354582071304321e-01
0.000000000000000000e+00
1.369437932968139648e+00
4.501776695251464844e-01
0.000000000000000000e+00
0.000000000000000000e+00
5.704063177108764648e-01
2.395593794062733650e-03
4.222008399665355682e-03
5.042201876640319824e-01
1.325894117355346680e+00
5.534295439720153809e-01
3.526564240455627441e-01
1.274526238441467285e+00
1.540616434067487717e-02
0.000000000000000000e+00
1.644755899906158447e-01
1.597200632095336914e-01
4.133874177932739258e-01
9.383510351181030273e-01
2.305465340614318848e-01
1.020010747015476227e-02
1.795356124639511108e-01
5.214046239852905273e-01
1.395900100469589233e-01
8.796443343162536621e-01
1.047040745615959167e-01
4.949088674038648605e-03
3.510529175400733948e-03
1.091769933700561523e+00
0.000000000000000000e+00
3.110758364200592041e-01
3.635478392243385315e-02
2.804446518421173096e-01
1.937047243118286133e-01
0.000000000000000000e+00
9.168338179588317871e-01
3.416646122932434082e-01
2.102236986160278320e+00
1.025971770286560059e+00
8.029257059097290039e-01
1.940812349319458008e+00
1.906563043594360352e+00
0.000000000000000000e+00
2.830086350440979004e-01
1.212160229682922363e+00
1.500488519668579102e+00
4.117839634418487549e-01
9.964643716812133789e-01
1.581090129911899567e-02
8.312654495239257812e-02
3.301146626472473145e-02
1.603867113590240479e-01
8.021680116653442383e-01
1.688655279576778412e-02
3.810249090194702148e+00
1.326518297195434570e+00
6.913666725158691406e-01
0.000000000000000000e+00
4.749616384506225586e-01
1.212180126458406448e-02
0.000000000000000000e+00
0.000000000000000000e+00
9.589170804247260094e-04
1.559166908264160156e-01
0.000000000000000000e+00
0.000000000000000000e+00
1.975634396076202393e-01
5.951600074768066406e-01
2.459206432104110718e-01
2.028209924697875977e+00
2.928936388343572617e-03
1.943622343242168427e-02
7.745323181152343750e-01
5.526591837406158447e-02
8.643165230751037598e-01
0.000000000000000000e+00
1.044376641511917114e-01
8.907029032707214355e-01
3.947948515415191650e-01
1.354287624359130859e+00
6.146762520074844360e-02
8.791574835777282715e-01
3.445937335491180420e-01
3.625594079494476318e-01
4.610539227724075317e-02
5.050513744354248047e-01
2.118548631668090820e+00
4.016938060522079468e-02
8.899179846048355103e-02
2.919632911682128906e+00
1.335414797067642212e-01
1.301269233226776123e-01
4.405205547809600830e-01
7.811001688241958618e-02
2.824075818061828613e-01
0.000000000000000000e+00
2.685361623764038086e+00
2.791799008846282959e-01
6.814929246902465820e-01
1.089023232460021973e+00
1.368056654930114746e+00
0.000000000000000000e+00
1.192808985710144043e+00
3.000895678997039795e-02
1.492576301097869873e-01
1.253818422555923462e-01
1.441634376533329487e-03
3.118385374546051025e-01
4.660036414861679077e-02
3.150698840618133545e-01
0.000000000000000000e+00
1.287216991186141968e-01
4.970717728137969971e-01
1.791620612144470215e+00
0.000000000000000000e+00
1.998587995767593384e-01
4.478917419910430908e-01
1.128284931182861328e+00
1.629670895636081696e-02
0.000000000000000000e+00
1.716842502355575562e-02
3.297005891799926758e-01
7.422770261764526367e-01
8.040833473205566406e-01
2.296516001224517822e-01
1.640654563903808594e+00
0.000000000000000000e+00
1.564947605133056641e+00
5.009470582008361816e-01
1.359430253505706787e-01
2.835571467876434326e-01
0.000000000000000000e+00
1.553427696228027344e+00
2.418873071670532227e+00
1.164836287498474121e-01
3.638094186782836914e+00
4.680668935179710388e-03
9.277184009552001953e-01
3.080068528652191162e-02
1.065123379230499268e-01
1.092002391815185547e-01
1.401042342185974121e+00
1.611048817634582520e+00
0.000000000000000000e+00
6.236595511436462402e-01
3.529768884181976318e-01
1.096849590539932251e-01
2.765340328216552734e+00
3.068056702613830566e-01
7.070249877870082855e-03
4.516419172286987305e-01
2.618931829929351807e-01
4.030930697917938232e-01
2.146703898906707764e-01
5.133235454559326172e-02
2.010744251310825348e-02
7.203066349029541016e-01
7.673503160476684570e-01
0.000000000000000000e+00
3.319387435913085938e-01
1.055060699582099915e-01
1.412029981613159180e+00
3.765014559030532837e-02
2.137631177902221680e-02
9.621874243021011353e-02
2.129645645618438721e-02
3.924534320831298828e-01
4.444998800754547119e-01
0.000000000000000000e+00
3.049663640558719635e-02
2.296039342880249023e+00
1.001662909984588623e-01
0.000000000000000000e+00
3.612151443958282471e-01
1.143217206001281738e+00
4.824809432029724121e-01
3.361118435859680176e-01
1.289008259773254395e+00
1.920428276062011719e+00
2.343194484710693359e+00
6.530206799507141113e-01
3.586840331554412842e-01
7.485010623931884766e-01
0.000000000000000000e+00
0.000000000000000000e+00
