1.946664042770862579e-02
0.000000000000000000e+00
1.699916124343872070e-01
2.484545230865478516e+00
1.051553487777709961e+00
7.500257343053817749e-02
6.441257596015930176e-01
3.349072217941284180e+00
6.012960433959960938e+00
7.870913743972778320e-01
1.233532559126615524e-02
9.582234621047973633e-01
4.332005977630615234e-01
9.595975279808044434e-01
2.411475419998168945e+00
1.370858907699584961e+00
5.012350082397460938e-01
2.385812520980834961e+00
3.740425109863281250e-01
1.935040801763534546e-01
2.142572879791259766e+00
7.539301877841353416e-04
3.789117187261581421e-02
2.390786647796630859e+00
2.884055078029632568e-01
0.000000000000000000e+00
3.724664449691772461e-02
1.965297579765319824e+00
2.856164872646331787e-01
1.207105070352554321e-01
9.040238335728645325e-03
5.729325860738754272e-02
3.710181415081024170e-01
8.275867104530334473e-01
3.964916765689849854e-01
1.946556568145751953e+00
2.550234198570251465e-01
3.444667160511016846e-01
4.149180054664611816e-01
9.914575219154357910e-01
2.689633667469024658e-01
7.320426870137453079e-03
8.154958486557006836e-01
4.866719722747802734e+00
7.584217190742492676e-01
9.768577814102172852e-01
3.564437478780746460e-02
1.091872215270996094e+00
7.108033169060945511e-04
8.315261602401733398e-01
2.821140050888061523e+00
0.000000000000000000e+00
1.382781147956848145e+00
9.175685793161392212e-02
8.568453192710876465e-01
2.537363767623901367e-01
1.395964920520782471e-01
7.723544538021087646e-02
1.974405050277709961e+00
1.212057471275329590e-02
8.758069947361946106e-03
2.577898502349853516e-01
0.000000000000000000e+00
5.525985360145568848e-01
1.014143109321594238e+00
4.916823208332061768e-01
8.599523454904556274e-02
7.139880061149597168e-01
4.993807375431060791e-01
4.063672423362731934e-01
0.000000000000000000e+00
0.000000000000000000e+00
1.222903132438659668e-01
9.657776355743408203e-01
5.978248119354248047e-01
2.882238924503326416e-01
1.286979112774133682e-02
1.248979330062866211e+00
5.001704692840576172e-01
8.900527954101562500e-01
1.787856593728065491e-02
9.023618102073669434e-01
3.835898876190185547e+00
1.182454917579889297e-02
1.702049374580383301e+00
3.049087151885032654e-02
3.067914545536041260e-01
8.515558391809463501e-02
8.831640481948852539e-01
3.319847956299781799e-02
4.664947837591171265e-02
0.000000000000000000e+00
0.000000000000000000e+00
0.000000000000000000e+00
1.057204246520996094e+00
2.307342924177646637e-02
6.599874496459960938e-01
2.221062928438186646e-01
1.043099537491798401e-01
6.258728448301553726e-03
0.000000000000000000e+00
9.441311657428741455e-02
2.060630731284618378e-02
2.476665019989013672e+00
1.984282016754150391e+00
1.137100625783205032e-02
4.147963821887969971e-01
4.506346285343170166e-01
2.443291693925857544e-01
5.394169688224792480e-01
1.307665944099426270e+00
4.238844662904739380e-02
4.935483932495117188e-01
1.403191983699798584e-01
4.818157255649566650e-01
8.718943595886230469e-02
1.253944039344787598e-01
1.144627034664154053e-01
5.756089091300964355e-01
1.856171607971191406e+00
1.857168078422546387e+00
3.104438781738281250e-01
1.494867634028196335e-02
1.387222290039062500e+00
9.171524047851562500e-01
4.489132165908813477e-01
1.513063348829746246e-02
7.098037600517272949e-01
1.417899727821350098e+00
1.151379477232694626e-02
0.000000000000000000e+00
7.787232398986816406e-01
4.545263051986694336e-01
4.818649217486381531e-02
5.975111126899719238e-01
9.269981086254119873e-02
2.521071434020996094e-01
4.456768989562988281e+00
0.000000000000000000e+00
0.000000000000000000e+00
3.742754086852073669e-02
1.387181878089904785e-01
2.078378677368164062e+00
1.256407005712389946e-03
2.966971322894096375e-02
2.732774913311004639e-01
4.881312251091003418e-01
1.071756005287170410e+00
8.625299930572509766e-01
1.815394163131713867e-01
6.031980037689208984e+00
6.454333066940307617e-01
1.030366644263267517e-01
8.686541914939880371e-01
1.480592370033264160e+00
4.966485798358917236e-01
7.144540548324584961e-02
1.171725913882255554e-01
1.596330523490905762e+00
4.574585705995559692e-03
1.234393939375877380e-01
9.152855873107910156e-01
2.673175334930419922e-01
1.883891597390174866e-02
1.110738515853881836e-01
3.836600184440612793e-01
3.927394375205039978e-02
0.000000000000000000e+00
2.377984374761581421e-01
2.640778779983520508e+00
4.361957609653472900e-01
6.923189759254455566e-01
1.058201119303703308e-01
4.517987966537475586e-01
2.968876659870147705e-01
6.188902378082275391e+00
0.000000000000000000e+00
8.488690108060836792e-02
1.742656975984573364e-01
4.333569481968879700e-02
0.000000000000000000e+00
1.110401935875415802e-02
7.747391462326049805e-01
3.882388353347778320e+00
5.114342551678419113e-03
3.212421387434005737e-02
3.030087240040302277e-02
3.176747560501098633e-01
0.000000000000000000e+00
0.000000000000000000e+00
0.000000000000000000e+00
0.000000000000000000e+00
1.067536354064941406e+00
6.749604344367980957e-01
1.043833136558532715e+00
1.922119408845901489e-01
1.082124471664428711e+00
3.265122175216674805e-01
2.699349224567413330e-01
5.965272188186645508e-01
7.947524785995483398e-01
6.719112396240234375e-02
5.924786329269409180e-01
1.409521937370300293e+00
4.116423055529594421e-02
4.332092124968767166e-03
1.244448065757751465e+00
2.892525307834148407e-02
2.680532932281494141e-01
1.110200047492980957e+00
2.630800604820251465e-01
4.523514211177825928e-01
5.972951054573059082e-01
3.806743919849395752e-01
5.117713212966918945e-01
6.230464577674865723e-01
3.676024377346038818e-01
4.497439563274383545e-01
1.957234144210815430e+00
5.318450331687927246e-01
2.686126856133341789e-03
1.056771636009216309e+00
9.439583122730255127e-02
3.892479240894317627e-01
1.336557567119598389e-01
0.000000000000000000e+00
1.677796989679336548e-01
4.733419418334960938e-01
0.000000000000000000e+00
1.228417903184890747e-01
1.601035147905349731e-01
3.660837709903717041e-01
1.804812550544738770e+00
1.291349768638610840e+00
4.691562950611114502e-01
6.840925812721252441e-01
2.627872943878173828e+00
8.824725151062011719e-01
0.000000000000000000e+00
9.862480163574218750e-01
2.859416306018829346e-01
4.803296178579330444e-03
6.625190377235412598e-01
4.483468532562255859e+00
1.137646079063415527e+00
1.733739823102951050e-01
9.678484797477722168e-01
6.989377434365451336e-04
1.837168097496032715e+00
2.810179293155670166e-01
1.303796842694282532e-02
6.904345750808715820e-01
1.047543063759803772e-02
1.275954127311706543e+00
8.117375373840332031e-01
2.193043678998947144e-01
9.745863080024719238e-02
0.000000000000000000e+00
1.034655049443244934e-01
2.115955948829650879e-01
8.034808635711669922e-01
2.485831826925277710e-01
1.563102751970291138e-02
4.328078404068946838e-02
0.000000000000000000e+00
1.978084594011306763e-01
1.112213611602783203e+00
6.107470020651817322e-02
1.271372311748564243e-03
2.475184760987758636e-02
5.288354158401489258e-01
0.000000000000000000e+00
5.686046481132507324e-01
3.238742053508758545e-01
1.410980969667434692e-01
7.266538143157958984e-01
9.384071454405784607e-03
2.457745969295501709e-01
5.401127934455871582e-01
2.003377974033355713e-01
1.035022586584091187e-01
5.673544406890869141e-01
3.203254565596580505e-02
2.041441500186920166e-01
1.038148283958435059e+00
2.811408042907714844e-01
4.135999083518981934e-01
6.051682867109775543e-04
1.441817581653594971e-01
8.518668264150619507e-02
1.304523944854736328e+00
8.496820926666259766e-01
3.678678274154663086e-01
5.149517208337783813e-02
4.071609303355216980e-02
3.002145588397979736e-01
3.774243891239166260e-01
1.977745890617370605e-01
4.534240961074829102e-01
5.687917709350585938e+00
8.213964700698852539e-01
2.008463069796562195e-02
1.672339141368865967e-01
0.000000000000000000e+00
5.334515497088432312e-02
1.757786609232425690e-02
0.000000000000000000e+00
0.000000000000000000e+00
7.659389823675155640e-02
1.750044822692871094e-01
3.868410587310791016e-01
2.464810460805892944e-01
5.065434053540229797e-02
8.338808417320251465e-01
4.199589788913726807e-02
7.165304422378540039e-01
3.426256403326988220e-02
4.178940057754516602e-01
5.387575626373291016e-01
3.293811902403831482e-02
1.780616283416748047e+00
1.278953347355127335e-02
2.135657072067260742e-01
1.461453884840011597e-01
0.000000000000000000e+00
3.947161138057708740e-01
9.636228531599044800e-02
0.000000000000000000e+00
1.318793892860412598e+00
1.889107525348663330e-01
0.000000000000000000e+00
0.000000000000000000e+00
4.171062707901000977e-01
1.184132397174835205e-01
6.210907362401485443e-03
2.814193367958068848e-01
1.742888569831848145e+00
9.293907880783081055e-01
6.476954817771911621e-01
1.341147303581237793e+00
2.394054979085922241e-01
1.063926611095666885e-03
9.607735089957714081e-03
3.122637271881103516e-01
4.643289446830749512e-01
4.876205325126647949e-01
8.452082425355911255e-02
1.497811675071716309e-01
1.622913181781768799e-01
4.187928736209869385e-01
0.000000000000000000e+00
1.149423122406005859e+00
5.230181813240051270e-01
1.594786718487739563e-02
0.000000000000000000e+00
1.599738001823425293e+00
0.000000000000000000e+00
4.484572410583496094e-01
1.371423751115798950e-01
3.447159528732299805e-01
2.913940846920013428e-01
4.151498898863792419e-02
1.141826152801513672e+00
1.320769488811492920e-01
2.944855928421020508e+00
9.617740511894226074e-01
8.043270111083984375e-01
1.465266108512878418e+00
1.781971812248229980e+00
2.934804884716868401e-03
1.656727641820907593e-01
8.867201209068298340e-01
6.009210348129272461e-01
4.109308123588562012e-02
9.091947078704833984e-01
2.241041883826255798e-02
1.530686914920806885e-01
0.000000000000000000e+00
2.441157400608062744e-02
1.037861466407775879e+00
4.376808404922485352e-01
3.664944887161254883e+00
1.608170151710510254e+00
2.322985082864761353e-01
0.000000000000000000e+00
1.916434317827224731e-01
1.074405969120562077e-03
0.000000000000000000e+00
0.000000000000000000e+00
9.881327860057353973e-04
4.115529656410217285e-01
1.793814077973365784e-02
0.000000000000000000e+00
1.964196860790252686e-01
4.045336246490478516e-01
1.924585998058319092e-01
2.244697570800781250e+00
0.000000000000000000e+00
2.380095422267913818e-02
5.350195169448852539e-01
1.501264749094843864e-03
4.059054553508758545e-01
3.844089573249220848e-03
6.812594085931777954e-02
1.416757822036743164e+00
6.158088445663452148e-01
1.096670269966125488e+00
2.491475492715835571e-01
1.270960450172424316e+00
4.523942768573760986e-01
2.374157309532165527e-01
0.000000000000000000e+00
1.897070258855819702e-01
1.975264191627502441e+00
1.410515159368515015e-01
2.244073152542114258e-01
2.786808490753173828e+00
3.825881779193878174e-01
3.651850819587707520e-01
5.370662212371826172e-01
1.571873873472213745e-01
2.912426590919494629e-01
2.606393769383430481e-03
3.095135688781738281e+00
2.627037651836872101e-02
4.732676148414611816e-01
1.470591783523559570e+00
8.914334774017333984e-01
5.502270068973302841e-03
9.809225797653198242e-01
3.719222173094749451e-02
6.677445489913225174e-03
1.405422985553741455e-01
0.000000000000000000e+00
5.213765427470207214e-02
1.880967170000076294e-01
4.261948540806770325e-02
0.000000000000000000e+00
2.672766521573066711e-02
4.892282187938690186e-01
1.512257814407348633e+00
0.000000000000000000e+00
9.009149670600891113e-02
4.004932641983032227e-01
8.242236971855163574e-01
6.789684295654296875e-03
8.389495196752250195e-04
3.871914744377136230e-02
3.309630453586578369e-01
3.715164661407470703e-01
1.085260152816772461e+00
3.625301420688629150e-01
1.421995997428894043e+00
2.348461933434009552e-02
1.474277973175048828e+00
5.815634131431579590e-01
4.672605916857719421e-02
4.388419985771179199e-01
0.000000000000000000e+00
1.250322222709655762e+00
1.648723959922790527e+00
9.490106999874114990e-02
3.493579387664794922e+00
4.349265247583389282e-02
7.928762435913085938e-01
9.188847243785858154e-02
6.415425986051559448e-02
4.376867413520812988e-02
6.952425837516784668e-01
9.886151552200317383e-01
1.080266665667295456e-02
2.077765315771102905e-01
2.629661262035369873e-01
2.862146496772766113e-01
2.824109792709350586e+00
1.036017462611198425e-01
0.000000000000000000e+00
2.938132882118225098e-01
8.548105508089065552e-02
9.188690185546875000e-01
5.029082298278808594e-01
9.259934537112712860e-03
3.042208403348922729e-02
6.476073861122131348e-01
5.745670795440673828e-01
0.000000000000000000e+00
1.521553546190261841e-01
6.451550871133804321e-02
1.818846106529235840e+00
4.258071072399616241e-03
1.406006366014480591e-01
1.095497757196426392e-01
0.000000000000000000e+00
1.431284695863723755e-01
7.738240957260131836e-01
1.046690065413713455e-02
1.096666455268859863e-01
2.089490175247192383e+00
2.039575204253196716e-02
0.000000000000000000e+00
2.573338150978088379e-01
1.449465632438659668e+00
5.776835083961486816e-01
5.790039896965026855e-01
1.058224678039550781e+00
1.714294552803039551e+00
2.080932378768920898e+00
6.844632029533386230e-01
3.416424393653869629e-01
8.218490481376647949e-01
0.000000000000000000e+00
4.235320910811424255e-02
