6.886635720729827881e-02
0.000000000000000000e+00
1.476586759090423584e-01
2.782804250717163086e+00
9.749898314476013184e-01
4.207992553710937500e-01
8.166306614875793457e-01
3.075786352157592773e+00
7.140761852264404297e+00
1.235728383064270020e+00
1.407868862152099609e-01
1.274495959281921387e+00
5.960394144058227539e-01
1.280974745750427246e+00
2.021976709365844727e+00
1.166278004646301270e+00
8.679763674736022949e-01
2.346191883087158203e+00
1.140997290611267090e+00
3.429371416568756104e-01
1.543864607810974121e+00
0.000000000000000000e+00
5.807600021362304688e-01
3.120163917541503906e+00
6.400265544652938843e-02
0.000000000000000000e+00
8.250752091407775879e-02
1.966082572937011719e+00
4.219633638858795166e-01
7.284939289093017578e-02
3.226197063922882080e-01
2.638897486031055450e-02
1.469219088554382324e+00
9.714162349700927734e-01
1.080768465995788574e+00
2.749886035919189453e+00
3.724474012851715088e-01
1.045832708477973938e-01
6.632527709007263184e-01
6.769988536834716797e-01
3.131747841835021973e-01
2.419164180755615234e-01
2.517940402030944824e-01
4.605085372924804688e+00
8.794981837272644043e-01
1.066267728805541992e+00
4.141753613948822021e-01
1.024317979812622070e+00
3.117538392543792725e-01
1.372332453727722168e+00
3.280386209487915039e+00
0.000000000000000000e+00
1.791451573371887207e+00
2.379795312881469727e-01
6.018781065940856934e-01
1.976544708013534546e-01
1.671781241893768311e-01
2.019086927175521851e-01
1.902852535247802734e+00
7.158604264259338379e-02
1.494872197508811951e-02
2.174158245325088501e-01
2.616453543305397034e-02
6.140452027320861816e-01
1.724593758583068848e+00
2.060215920209884644e-01
2.522682547569274902e-01
2.555160224437713623e-01
9.246248602867126465e-01
2.417492270469665527e-01
0.000000000000000000e+00
3.517747670412063599e-02
1.284999847412109375e-01
1.243736743927001953e+00
8.983997106552124023e-01
9.037529826164245605e-01
6.554868537932634354e-03
1.019653439521789551e+00
7.036908864974975586e-01
9.716632366180419922e-01
2.774555003270506859e-03
9.893056750297546387e-01
2.930997133255004883e+00
4.522544518113136292e-02
1.741412043571472168e+00
1.063627228140830994e-01
1.131631612777709961e+00
0.000000000000000000e+00
3.988526761531829834e-01
3.250273317098617554e-02
2.222321182489395142e-01
4.175082594156265259e-02
3.946869447827339172e-02
0.000000000000000000e+00
1.439768671989440918e+00
1.524566560983657837e-01
1.086418867111206055e+00
2.860209941864013672e-01
4.425855576992034912e-01
0.000000000000000000e+00
0.000000000000000000e+00
8.072137087583541870e-02
1.087356656789779663e-01
1.407925963401794434e+00
1.837209582328796387e+00
2.209816128015518188e-02
7.614283561706542969e-01
4.169917106628417969e-01
2.241304367780685425e-01
3.538875877857208252e-01
1.506876111030578613e+00
0.000000000000000000e+00
1.203877210617065430e+00
1.156321540474891663e-01
8.017350435256958008e-01
1.330184489488601685e-01
4.968251585960388184e-01
1.639539897441864014e-01
5.998809933662414551e-01
1.906528830528259277e+00
2.069661378860473633e+00
6.545561552047729492e-01
0.000000000000000000e+00
1.299317955970764160e+00
9.159304499626159668e-01
6.704973578453063965e-01
0.000000000000000000e+00
7.715545296669006348e-01
1.907083272933959961e+00
6.771758198738098145e-02
0.000000000000000000e+00
4.137179255485534668e-01
4.490365982055664062e-01
1.528482139110565186e-01
4.531879425048828125e-01
4.277725890278816223e-02
9.559319913387298584e-02
5.056430339813232422e+00
0.000000000000000000e+00
1.441700942814350128e-02
1.677864231169223785e-02
5.194950699806213379e-01
1.494594573974609375e+00
0.000000000000000000e+00
5.682068318128585815e-02
1.499745249748229980e-01
8.191068768501281738e-01
5.471149086952209473e-01
1.454032421112060547e+00
1.270408276468515396e-02
6.044757843017578125e+00
3.648516237735748291e-01
1.042696908116340637e-01
2.945589125156402588e-01
1.020997643470764160e+00
1.493927240371704102e+00
1.758170723915100098e-01
4.360575973987579346e-01
2.114338636398315430e+00
3.757316470146179199e-01
4.844519868493080139e-02
9.119941592216491699e-01
2.187584042549133301e-01
4.094887524843215942e-02
1.397368907928466797e-01
3.132160604000091553e-01
5.325154215097427368e-02
0.000000000000000000e+00
9.782379269599914551e-01
3.166087865829467773e+00
2.244660407304763794e-01
9.002164602279663086e-01
6.108539178967475891e-03
8.413650989532470703e-01
8.860160708427429199e-01
6.414130687713623047e+00
0.000000000000000000e+00
2.640670239925384521e-01
1.993368715047836304e-01
4.867331311106681824e-02
0.000000000000000000e+00
4.615161940455436707e-02
9.889091253280639648e-01
4.151743412017822266e+00
2.087256498634815216e-02
1.608697324991226196e-01
3.347015976905822754e-01
6.666348129510879517e-02
0.000000000000000000e+00
0.000000000000000000e+00
0.000000000000000000e+00
1.347681283950805664e-01
8.219441771507263184e-01
7.124268412590026855e-01
1.764829993247985840e+00
1.041351318359375000e+00
1.192799091339111328e+00
3.053177893161773682e-01
7.560613155364990234e-01
6.408529281616210938e-01
1.452723860740661621e+00
4.764882847666740417e-02
9.124161005020141602e-01
1.202781319618225098e+00
6.666351556777954102e-01
2.976601198315620422e-02
1.527470469474792480e+00
4.737664014101028442e-03
2.619757354259490967e-01
1.485926747322082520e+00
3.673507571220397949e-01
2.803300321102142334e-01
9.292557239532470703e-01
1.131510496139526367e+00
1.046486139297485352e+00
3.212704956531524658e-01
1.682161241769790649e-01
3.175189793109893799e-01
1.736856818199157715e+00
1.127768516540527344e+00
0.000000000000000000e+00
1.056362271308898926e+00
2.939929068088531494e-01
1.524745821952819824e-01
1.818779855966567993e-01
0.000000000000000000e+00
4.317769035696983337e-02
6.665552854537963867e-01
1.750571280717849731e-01
1.333053410053253174e-01
6.048072827979922295e-04
5.052935481071472168e-01
2.806365013122558594e+00
1.640452146530151367e+00
8.042045831680297852e-01
8.159299492835998535e-01
2.476758718490600586e+00
3.820964992046356201e-01
1.454537920653820038e-02
1.029801130294799805e+00
2.251393049955368042e-01
7.327567040920257568e-02
2.876787483692169189e-01
4.188508033752441406e+00
1.290607333183288574e+00
7.327708601951599121e-01
6.394501924514770508e-01
0.000000000000000000e+00
1.555749297142028809e+00
4.105949997901916504e-01
0.000000000000000000e+00
7.384034395217895508e-01
7.867411524057388306e-02
1.551201462745666504e+00
1.252721428871154785e+00
3.187084197998046875e-02
5.590973049402236938e-02
0.000000000000000000e+00
4.011009931564331055e-01
2.750659286975860596e-01
1.034293770790100098e+00
2.052585780620574951e-01
4.843404050916433334e-03
8.300378685817122459e-04
0.000000000000000000e+00
5.663003772497177124e-02
2.222732782363891602e+00
5.198832973837852478e-02
6.655775476247072220e-03
2.867825143039226532e-02
1.702532649040222168e+00
0.000000000000000000e+00
4.855039119720458984e-01
1.993720978498458862e-01
2.278329059481620789e-02
9.833613634109497070e-01
4.138842821121215820e-01
1.429848313331604004e+00
1.154485464096069336e+00
7.728418707847595215e-02
2.519507408142089844e-01
2.109929770231246948e-01
4.564360678195953369e-01
4.919227957725524902e-01
1.272491931915283203e+00
9.773112535476684570e-01
3.043818771839141846e-01
2.600925229489803314e-02
1.275016665458679199e-01
2.698306925594806671e-02
1.766569018363952637e+00
5.297849178314208984e-01
9.071847796440124512e-02
3.537994623184204102e-01
5.236509442329406738e-01
2.246983498334884644e-01
4.383111894130706787e-01
1.039881557226181030e-01
1.515024065971374512e+00
5.931744098663330078e+00
2.750048637390136719e-01
6.400428712368011475e-02
6.903284788131713867e-01
4.396092146635055542e-02
4.759134352207183838e-02
2.232598811388015747e-01
0.000000000000000000e+00
0.000000000000000000e+00
0.000000000000000000e+00
5.805553197860717773e-01
1.051775097846984863e+00
0.000000000000000000e+00
2.501482889056205750e-02
1.035897493362426758e+00
2.925807610154151917e-02
4.110725522041320801e-01
0.000000000000000000e+00
3.250921070575714111e-01
6.714167594909667969e-01
3.603421747684478760e-01
2.263748168945312500e+00
3.406928107142448425e-02
5.885903239250183105e-01
2.235105782747268677e-01
4.427071288228034973e-02
1.579861938953399658e-01
3.193030133843421936e-03
0.000000000000000000e+00
8.176985383033752441e-01
4.753015339374542236e-01
0.000000000000000000e+00
0.000000000000000000e+00
1.359083652496337891e+00
8.540836721658706665e-02
9.033416956663131714e-02
9.512858092784881592e-02
1.391022324562072754e+00
1.988987028598785400e-01
6.677393913269042969e-01
1.688327193260192871e+00
4.622006118297576904e-01
1.297760987654328346e-03
9.925960749387741089e-02
1.827534586191177368e-01
5.673871636390686035e-01
7.276151776313781738e-01
7.540576159954071045e-02
5.464257299900054932e-02
8.927457332611083984e-01
7.132940292358398438e-01
1.630806736648082733e-02
4.872210621833801270e-01
4.054215550422668457e-01
4.352402687072753906e-02
0.000000000000000000e+00
7.511732578277587891e-01
0.000000000000000000e+00
3.390255570411682129e-01
8.266128599643707275e-03
6.595220565795898438e-01
5.831135064363479614e-02
1.055815536528825760e-02
7.989022135734558105e-01
6.272132992744445801e-01
1.845103144645690918e+00
1.370391845703125000e+00
5.494229197502136230e-01
1.842765331268310547e+00
1.918723583221435547e+00
2.789651334751397371e-04
5.456946492195129395e-01
6.608342528343200684e-01
9.044088125228881836e-01
2.373772561550140381e-01
1.732287764549255371e+00
1.348808780312538147e-02
1.008378528058528900e-02
0.000000000000000000e+00
0.000000000000000000e+00
1.233140230178833008e+00
2.205794006586074829e-01
3.973358154296875000e+00
1.787973165512084961e+00
2.128260433673858643e-01
0.000000000000000000e+00
7.273058891296386719e-01
4.596539947669953108e-04
7.844853098504245281e-04
0.000000000000000000e+00
1.124647855758666992e-01
6.167733296751976013e-02
3.710947036743164062e-01
0.000000000000000000e+00
2.117034345865249634e-01
2.973926663398742676e-01
5.886033177375793457e-01
2.343718528747558594e+00
8.794435113668441772e-02
4.056111350655555725e-02
7.438530325889587402e-01
2.373271435499191284e-01
8.481574654579162598e-01
5.537254735827445984e-03
3.921782970428466797e-02
1.240200638771057129e+00
4.183680713176727295e-01
1.045934081077575684e+00
1.334988027811050415e-01
1.167692661285400391e+00
1.293946862220764160e+00
1.395078301429748535e-01
0.000000000000000000e+00
4.801876544952392578e-01
1.636022686958312988e+00
1.068276166915893555e-02
1.186266355216503143e-02
4.809003353118896484e+00
2.275380641222000122e-01
9.899656176567077637e-01
7.777035832405090332e-01
2.813296020030975342e-01
1.385096669197082520e+00
0.000000000000000000e+00
2.366802692413330078e+00
4.562953114509582520e-01
5.549685955047607422e-01
1.685210943222045898e+00
1.536125302314758301e+00
0.000000000000000000e+00
1.422605156898498535e+00
1.591867059469223022e-01
0.000000000000000000e+00
2.104966193437576294e-01
9.660162031650543213e-02
3.168522417545318604e-01
1.247105896472930908e-01
6.202262639999389648e-01
0.000000000000000000e+00
6.190069317817687988e-01
6.105148196220397949e-01
1.365483164787292480e+00
0.000000000000000000e+00
2.899410426616668701e-01
4.662882387638092041e-01
3.362874686717987061e-01
6.323478370904922485e-02
0.000000000000000000e+00
0.000000000000000000e+00
2.656084597110748291e-01
9.437942504882812500e-01
7.522330880165100098e-01
2.389023452997207642e-01
2.032684326171875000e+00
0.000000000000000000e+00
1.409472703933715820e+00
8.754365444183349609e-01
6.108953803777694702e-02
4.112995266914367676e-01
0.000000000000000000e+00
1.740256428718566895e+00
2.453202247619628906e+00
4.219910502433776855e-02
4.526917457580566406e+00
5.758559703826904297e-01
5.220934152603149414e-01
2.163943201303482056e-01
1.967069320380687714e-02
3.617503345012664795e-01
1.319865345954895020e+00
8.227429389953613281e-01
0.000000000000000000e+00
4.234361350536346436e-01
3.049482703208923340e-01
9.501162171363830566e-01
3.175859451293945312e+00
7.421532869338989258e-01
2.429219428449869156e-03
1.625191420316696167e-01
1.747159659862518311e-01
1.275448799133300781e+00
2.753313481807708740e-01
5.381783470511436462e-02
1.457542330026626587e-01
5.857607722282409668e-01
4.849036633968353271e-01
6.740481406450271606e-02
3.587473630905151367e-01
4.465047642588615417e-02
1.858548521995544434e+00
8.973827958106994629e-02
2.348999083042144775e-01
1.052459478378295898e-01
5.979614704847335815e-02
2.500982284545898438e-01
1.268555521965026855e+00
7.971364259719848633e-02
7.317680716514587402e-01
3.393784999847412109e+00
2.183474898338317871e-01
0.000000000000000000e+00
5.800563693046569824e-01
1.040922284126281738e+00
1.194230794906616211e+00
7.455312013626098633e-01
1.210368514060974121e+00
2.282503604888916016e+00
1.855202317237854004e+00
6.281884312629699707e-01
3.248366415500640869e-01
1.087776303291320801e+00
0.000000000000000000e+00
2.163826860487461090e-02
