2.407385557889938354e-01
0.000000000000000000e+00
8.578704297542572021e-02
2.921983242034912109e+00
1.489554524421691895e+00
2.800515294075012207e-01
7.521176934242248535e-01
2.425282716751098633e+00
5.945502281188964844e+00
8.779587745666503906e-01
2.881781756877899170e-01
1.107744693756103516e+00
2.687920033931732178e-01
1.674932003021240234e+00
2.213110208511352539e+00
8.434149026870727539e-01
8.419299721717834473e-01
3.233633756637573242e+00
1.458652377128601074e+00
3.520784080028533936e-01
2.886061668395996094e+00
2.694612834602594376e-03
5.324820876121520996e-01
2.543110609054565430e+00
9.142687916755676270e-02
2.683042781427502632e-03
1.924074739217758179e-01
2.656558275222778320e+00
3.374741077423095703e-01
0.000000000000000000e+00
1.446111947298049927e-01
2.709370851516723633e-02
8.068017363548278809e-01
6.810002326965332031e-01
7.109600901603698730e-01
3.619096040725708008e+00
4.655097126960754395e-01
9.800443798303604126e-02
6.186160445213317871e-01
8.848422169685363770e-01
1.300090104341506958e-01
2.944887876510620117e-01
4.291909635066986084e-01
5.086775302886962891e+00
7.795347571372985840e-01
1.135689258575439453e+00
2.490535676479339600e-01
1.146221637725830078e+00
5.148132890462875366e-02
1.159890651702880859e+00
2.795685768127441406e+00
0.000000000000000000e+00
2.323453187942504883e+00
1.451223492622375488e-01
7.944940924644470215e-01
2.842065095901489258e-01
4.366125762462615967e-01
3.548636138439178467e-01
1.071492552757263184e+00
5.791119113564491272e-02
9.680224582552909851e-03
1.807559877634048462e-01
1.456049736589193344e-02
7.889499068260192871e-01
1.570806145668029785e+00
4.018852710723876953e-01
5.551203340291976929e-02
3.604937791824340820e-01
1.330609321594238281e+00
1.048600152134895325e-01
0.000000000000000000e+00
9.095364809036254883e-02
1.964658200740814209e-01
1.243403196334838867e+00
4.427782595157623291e-01
1.357456684112548828e+00
1.071100775152444839e-02
1.230720996856689453e+00
5.837136507034301758e-01
1.343062996864318848e+00
0.000000000000000000e+00
5.786674618721008301e-01
2.946477174758911133e+00
4.344748333096504211e-02
1.825119972229003906e+00
1.670725410804152489e-03
5.439797043800354004e-01
2.512001199647784233e-03
5.455361008644104004e-01
6.621900945901870728e-02
1.390001177787780762e-01
4.729720763862133026e-03
2.828248776495456696e-03
0.000000000000000000e+00
3.810046017169952393e-01
1.095289364457130432e-01
9.964398741722106934e-01
5.456772074103355408e-02
1.843343824148178101e-01
7.825884968042373657e-03
0.000000000000000000e+00
1.364508867263793945e-01
9.598907828330993652e-02
1.339261889457702637e+00
1.843654632568359375e+00
1.591120846569538116e-02
6.234494447708129883e-01
5.433268547058105469e-01
4.117709398269653320e-01
4.394806623458862305e-01
1.332940816879272461e+00
1.434133201837539673e-02
8.763926625251770020e-01
1.055473759770393372e-01
9.577879905700683594e-01
1.096082665026187897e-02
3.951418399810791016e-01
7.407882064580917358e-02
5.742906928062438965e-01
2.420037746429443359e+00
1.314104199409484863e+00
6.396766901016235352e-01
0.000000000000000000e+00
1.584242463111877441e+00
9.045011401176452637e-01
4.936729371547698975e-01
0.000000000000000000e+00
7.725251317024230957e-01
1.702137827873229980e+00
1.315154135227203369e-01
0.000000000000000000e+00
8.708444237709045410e-01
2.239648103713989258e-01
6.222894880920648575e-03
1.066653132438659668e+00
1.330066919326782227e-01
2.237180713564157486e-03
5.601404190063476562e+00
0.000000000000000000e+00
2.287272065877914429e-01
1.276481747627258301e-01
3.296553790569305420e-01
1.639091968536376953e+00
0.000000000000000000e+00
1.247724965214729309e-01
2.331352829933166504e-01
9.076229333877563477e-01
3.344071805477142334e-01
1.146767377853393555e+00
2.020269930362701416e-01
6.218243598937988281e+00
1.893316954374313354e-01
1.257794350385665894e-01
4.882751405239105225e-01
1.984883069992065430e+00
1.764331102371215820e+00
2.415307760238647461e-01
1.742222607135772705e-01
1.884270429611206055e+00
3.118681013584136963e-01
1.855359673500061035e-01
1.464292645454406738e+00
3.207974731922149658e-01
5.090347677469253540e-02
1.341115534305572510e-01
3.896980881690979004e-01
1.376867387443780899e-02
0.000000000000000000e+00
1.132699251174926758e+00
3.977195262908935547e+00
2.414845824241638184e-01
8.172127604484558105e-01
1.675516664981842041e-01
8.513112664222717285e-01
2.092069983482360840e-01
6.658600807189941406e+00
0.000000000000000000e+00
2.155056297779083252e-01
4.736842513084411621e-01
1.627522408962249756e-01
0.000000000000000000e+00
3.635351359844207764e-02
8.979841470718383789e-01
3.340961694717407227e+00
6.316199153661727905e-02
5.735788494348526001e-02
4.236333370208740234e-01
3.568755984306335449e-01
0.000000000000000000e+00
0.000000000000000000e+00
0.000000000000000000e+00
9.776442497968673706e-02
6.927620768547058105e-01
7.654091715812683105e-01
1.640938997268676758e+00
9.055079817771911621e-01
5.304612517356872559e-01
1.582573354244232178e-01
5.633403062820434570e-01
5.404121279716491699e-01
1.279009222984313965e+00
2.175942063331604004e-01
9.230863451957702637e-01
1.426908969879150391e+00
4.296142458915710449e-01
3.239468671381473541e-03
9.587629437446594238e-01
0.000000000000000000e+00
8.657927392050623894e-04
1.095320582389831543e+00
2.244523912668228149e-01
2.262019217014312744e-01
1.354090094566345215e+00
1.033884167671203613e+00
1.310824632644653320e+00
7.814880609512329102e-01
2.486936897039413452e-01
9.881668537855148315e-02
1.856093049049377441e+00
8.523447513580322266e-01
0.000000000000000000e+00
7.462190985679626465e-01
2.147547602653503418e-01
3.425287082791328430e-02
2.229301445186138153e-02
3.484632074832916260e-02
0.000000000000000000e+00
6.801183223724365234e-01
1.044771596789360046e-01
4.572114348411560059e-01
1.682751812040805817e-02
3.922237455844879150e-01
1.670988440513610840e+00
2.370567798614501953e+00
4.314418733119964600e-01
9.297377467155456543e-01
2.327188014984130859e+00
2.886910140514373779e-01
9.995552711188793182e-03
9.531736373901367188e-01
4.892887920141220093e-02
2.834991924464702606e-02
1.131982803344726562e-01
4.029877185821533203e+00
1.287929177284240723e+00
8.464422225952148438e-01
6.026369929313659668e-01
0.000000000000000000e+00
1.080230712890625000e+00
8.969963192939758301e-01
1.531102880835533142e-02
6.265798211097717285e-01
1.262360364198684692e-01
2.437659025192260742e+00
1.262988567352294922e+00
2.184520103037357330e-02
1.812672019004821777e-01
0.000000000000000000e+00
3.956570327281951904e-01
3.635891675949096680e-01
1.493003368377685547e+00
1.592812538146972656e-01
9.297470748424530029e-02
9.518145583570003510e-03
0.000000000000000000e+00
1.088504865765571594e-02
2.123224258422851562e+00
7.223565876483917236e-02
8.129383623600006104e-02
2.357153687626123428e-03
1.376447796821594238e+00
0.000000000000000000e+00
5.103384852409362793e-01
3.183810412883758545e-01
9.108042344450950623e-03
3.883469998836517334e-01
3.180653601884841919e-02
1.218967556953430176e+00
1.238220930099487305e+00
2.142392843961715698e-02
2.619892060756683350e-01
2.244734168052673340e-01
7.581917941570281982e-02
1.855080276727676392e-01
9.318230748176574707e-01
7.122311592102050781e-01
6.890474557876586914e-01
1.759596401825547218e-03
1.866713464260101318e-01
1.051315222866833210e-03
2.126219511032104492e+00
7.703832387924194336e-01
9.238791465759277344e-02
1.154383197426795959e-01
1.202493757009506226e-01
3.681464493274688721e-01
5.303179025650024414e-01
1.571856737136840820e-01
1.174023628234863281e+00
6.053145885467529297e+00
5.254673957824707031e-01
3.110157698392868042e-02
1.792858242988586426e-01
1.049859523773193359e-01
3.049035370349884033e-02
5.026567727327346802e-02
0.000000000000000000e+00
1.015501394867897034e-01
0.000000000000000000e+00
4.946337342262268066e-01
8.445838689804077148e-01
0.000000000000000000e+00
1.052264403551816940e-02
8.843829631805419922e-01
2.917775698006153107e-02
4.120234251022338867e-01
1.082475413568317890e-03
3.869915306568145752e-01
7.302678227424621582e-01
3.212702870368957520e-01
1.514419555664062500e+00
0.000000000000000000e+00
5.098099708557128906e-01
1.742008477449417114e-01
2.405702508985996246e-02
3.377777040004730225e-01
1.988499425351619720e-02
0.000000000000000000e+00
1.249845623970031738e+00
5.238855481147766113e-01
0.000000000000000000e+00
0.000000000000000000e+00
8.719775080680847168e-01
8.108182810246944427e-03
2.114552771672606468e-03
1.282826513051986694e-01
1.549868822097778320e+00
2.474223673343658447e-01
1.119033217430114746e+00
1.836805343627929688e+00
5.523363947868347168e-01
5.731583386659622192e-02
5.846851971000432968e-03
7.102154195308685303e-02
5.909801125526428223e-01
5.777699351310729980e-01
3.075953125953674316e-01
6.448376923799514771e-02
7.093945741653442383e-01
6.542741060256958008e-01
1.138644963502883911e-01
9.843069314956665039e-01
3.173855245113372803e-01
9.256287664175033569e-02
1.787741668522357941e-02
5.638881325721740723e-01
0.000000000000000000e+00
1.819032579660415649e-01
8.120276033878326416e-03
2.921462357044219971e-01
9.554279036819934845e-03
8.477096445858478546e-03
1.046468615531921387e+00
6.479704380035400391e-01
2.558809757232666016e+00
8.210397958755493164e-01
5.630048513412475586e-01
1.534891366958618164e+00
1.744659066200256348e+00
0.000000000000000000e+00
5.507006645202636719e-01
9.987401962280273438e-01
1.228875756263732910e+00
1.232745572924613953e-01
1.352731466293334961e+00
0.000000000000000000e+00
1.745070219039916992e-01
6.600790191441774368e-03
6.301307585090398788e-03
7.990223765373229980e-01
3.716981112957000732e-01
3.566357851028442383e+00
1.420053839683532715e+00
3.327712118625640869e-01
0.000000000000000000e+00
3.648399412631988525e-01
1.180378347635269165e-02
0.000000000000000000e+00
0.000000000000000000e+00
1.321830451488494873e-01
3.938778340816497803e-01
9.284575469791889191e-03
0.000000000000000000e+00
3.391192555427551270e-01
3.902634978294372559e-01
3.585302233695983887e-01
1.946390390396118164e+00
0.000000000000000000e+00
6.085338443517684937e-02
7.687315344810485840e-01
1.969857215881347656e-01
1.334690928459167480e+00
0.000000000000000000e+00
8.808862417936325073e-02
1.371996045112609863e+00
8.138645291328430176e-01
1.110363245010375977e+00
5.296849012374877930e-01
1.440667867660522461e+00
6.845539212226867676e-01
4.973998963832855225e-01
5.458858609199523926e-02
1.821081191301345825e-01
1.473519086837768555e+00
0.000000000000000000e+00
0.000000000000000000e+00
4.463355541229248047e+00
1.337326914072036743e-01
8.529198169708251953e-01
7.030093073844909668e-01
2.677087187767028809e-01
1.033526182174682617e+00
0.000000000000000000e+00
2.440726995468139648e+00
2.357243299484252930e-01
4.855968654155731201e-01
1.320575952529907227e+00
2.579868555068969727e+00
0.000000000000000000e+00
1.050250649452209473e+00
1.138846874237060547e-01
3.374206647276878357e-02
1.623042076826095581e-01
0.000000000000000000e+00
5.958729982376098633e-01
1.620482057332992554e-01
2.268152385950088501e-01
0.000000000000000000e+00
5.638365149497985840e-01
6.044991612434387207e-01
1.528544068336486816e+00
0.000000000000000000e+00
1.790177226066589355e-01
3.774664998054504395e-01
5.049383640289306641e-01
2.095275092869997025e-03
1.510409917682409286e-02
0.000000000000000000e+00
5.559548139572143555e-01
1.328948497772216797e+00
7.913771271705627441e-01
2.467039823532104492e-01
1.709731101989746094e+00
0.000000000000000000e+00
1.365034103393554688e+00
9.113761782646179199e-01
2.070463895797729492e-01
3.486136794090270996e-01
0.000000000000000000e+00
1.205257058143615723e+00
2.404499053955078125e+00
6.179905682802200317e-02
4.312383651733398438e+00
5.064286589622497559e-01
5.153573155403137207e-01
1.208630055189132690e-01
5.460840091109275818e-02
1.191078275442123413e-01
1.203036785125732422e+00
1.017343044281005859e+00
0.000000000000000000e+00
2.765899896621704102e-01
2.761883437633514404e-01
4.497926533222198486e-01
3.031681537628173828e+00
6.473864316940307617e-01
6.094648968428373337e-03
2.151409834623336792e-01
1.232850998640060425e-01
8.671662807464599609e-01
2.072859108448028564e-01
1.032393425703048706e-01
3.630353882908821106e-02
6.028895974159240723e-01
5.652842521667480469e-01
4.139755293726921082e-02
1.829200685024261475e-01
1.307242363691329956e-02
2.860727787017822266e+00
1.839275471866130829e-02
1.016277149319648743e-01
1.195424352772533894e-03
5.606735590845346451e-03
1.563430279493331909e-01
7.262416481971740723e-01
6.150465458631515503e-02
4.082594811916351318e-01
3.098392248153686523e+00
1.195695325732231140e-01
0.000000000000000000e+00
4.133971035480499268e-01
1.827116608619689941e+00
9.023465514183044434e-01
1.256105780601501465e+00
1.144907355308532715e+00
2.204226255416870117e+00
2.442676067352294922e+00
7.494081854820251465e-01
2.429859787225723267e-01
9.640188217163085938e-01
0.000000000000000000e+00
5.991167388856410980e-03
