2.181658446788787842e-01
0.000000000000000000e+00
1.702453941106796265e-01
2.358854770660400391e+00
7.958014011383056641e-01
5.246264934539794922e-01
8.111273050308227539e-01
2.717797994613647461e+00
6.289061069488525391e+00
1.861164927482604980e+00
6.323057413101196289e-02
1.945197820663452148e+00
5.561071634292602539e-01
1.117558836936950684e+00
1.995556831359863281e+00
1.001170516014099121e+00
8.795961737632751465e-01
1.654386997222900391e+00
9.539325833320617676e-01
1.178258135914802551e-01
1.502434968948364258e+00
2.316984347999095917e-02
2.459311187267303467e-01
2.607110023498535156e+00
6.449989974498748779e-02
1.781059801578521729e-01
0.000000000000000000e+00
1.962492942810058594e+00
5.345150828361511230e-01
1.169548556208610535e-02
5.691000260412693024e-03
5.285143107175827026e-02
7.907087802886962891e-01
1.351473689079284668e+00
1.341386914253234863e+00
3.291430950164794922e+00
3.043465018272399902e-01
4.855857416987419128e-02
7.304972410202026367e-01
8.895161747932434082e-01
3.551648259162902832e-01
5.282381176948547363e-01
5.607333183288574219e-01
5.331187725067138672e+00
2.446180731058120728e-01
8.272609710693359375e-01
3.700046837329864502e-01
8.034175634384155273e-01
2.452327907085418701e-01
7.676775455474853516e-01
4.013106822967529297e+00
0.000000000000000000e+00
1.915632367134094238e+00
3.394836783409118652e-01
9.279219508171081543e-01
2.371031641960144043e-01
3.085151314735412598e-01
4.718456566333770752e-01
2.200525283813476562e+00
1.013707648962736130e-02
2.900041826069355011e-02
2.133157663047313690e-02
1.741224341094493866e-02
1.595223397016525269e-01
1.034070730209350586e+00
4.188331067562103271e-01
3.058259189128875732e-01
2.746919868513941765e-03
1.213551759719848633e+00
2.733376994729042053e-02
0.000000000000000000e+00
6.036535277962684631e-02
4.704768210649490356e-02
1.358054637908935547e+00
4.889593124389648438e-01
9.135056734085083008e-01
1.628574915230274200e-02
1.559247493743896484e+00
4.531850218772888184e-01
1.452129721641540527e+00
0.000000000000000000e+00
1.030034780502319336e+00
3.122454166412353516e+00
5.192579329013824463e-02
2.483504772186279297e+00
9.975408762693405151e-02
5.950375795364379883e-01
0.000000000000000000e+00
4.152072966098785400e-01
1.486202776432037354e-01
1.230172514915466309e-01
0.000000000000000000e+00
2.508092729840427637e-04
0.000000000000000000e+00
1.049022555351257324e+00
3.364190757274627686e-01
8.277960419654846191e-01
4.884057343006134033e-01
2.322928756475448608e-01
5.766881257295608521e-02
7.354230154305696487e-03
7.439165562391281128e-02
0.000000000000000000e+00
2.263363361358642578e+00
1.771213769912719727e+00
4.573808610439300537e-02
1.011578083038330078e+00
6.709854602813720703e-01
5.138905644416809082e-01
7.392888069152832031e-01
1.469492197036743164e+00
5.829292163252830505e-02
3.235017359256744385e-01
8.276844769716262817e-02
5.960626006126403809e-01
1.925998032093048096e-01
7.202585935592651367e-01
1.794271618127822876e-01
1.659225583076477051e+00
2.592110633850097656e+00
1.260905623435974121e+00
3.894809782505035400e-01
1.161503139883279800e-03
1.845519304275512695e+00
1.168022394180297852e+00
5.369045138359069824e-01
0.000000000000000000e+00
7.410714030265808105e-01
1.625956177711486816e+00
1.860387250781059265e-02
1.530438009649515152e-02
9.438636898994445801e-01
3.043447136878967285e-01
1.541068851947784424e-01
9.278791546821594238e-01
2.415955439209938049e-02
2.351033687591552734e-01
5.099080562591552734e+00
0.000000000000000000e+00
7.516273856163024902e-02
3.058678805828094482e-01
3.125613629817962646e-01
1.687960267066955566e+00
2.597839199006557465e-02
3.439991176128387451e-02
1.473136898130178452e-02
4.005641341209411621e-01
2.450769394636154175e-01
1.582881331443786621e+00
2.154811918735504150e-01
5.728202819824218750e+00
2.743468880653381348e-01
8.577387779951095581e-02
5.078863501548767090e-01
1.791650056838989258e+00
2.349837064743041992e+00
2.078494578599929810e-01
8.907020837068557739e-02
1.608831882476806641e+00
4.535885453224182129e-01
2.555063068866729736e-01
1.238360524177551270e+00
6.750189512968063354e-02
0.000000000000000000e+00
6.402672529220581055e-01
5.381609201431274414e-01
1.204238086938858032e-02
0.000000000000000000e+00
1.333732366561889648e+00
3.110379934310913086e+00
2.954728901386260986e-01
7.220225334167480469e-01
5.047232508659362793e-01
1.099513411521911621e+00
8.339007496833801270e-01
6.568614006042480469e+00
0.000000000000000000e+00
7.013575732707977295e-02
3.873654603958129883e-01
2.817927002906799316e-01
0.000000000000000000e+00
6.693496834486722946e-03
1.011416196823120117e+00
3.796669483184814453e+00
6.931823492050170898e-02
3.096247650682926178e-02
2.035731375217437744e-01
7.399435043334960938e-01
0.000000000000000000e+00
0.000000000000000000e+00
0.000000000000000000e+00
0.000000000000000000e+00
1.416039586067199707e+00
7.145203948020935059e-01
1.998364210128784180e+00
3.604455888271331787e-01
9.680324792861938477e-01
3.332050144672393799e-01
5.683085918426513672e-01
6.732943654060363770e-01
6.157107949256896973e-01
2.578535079956054688e-01
6.363149881362915039e-01
1.223771333694458008e+00
6.260008811950683594e-01
0.000000000000000000e+00
1.056293725967407227e+00
0.000000000000000000e+00
3.870271146297454834e-01
1.092363119125366211e+00
1.186153143644332886e-01
4.050491452217102051e-01
9.152690172195434570e-01
1.201970577239990234e+00
9.042808413505554199e-01
7.039737701416015625e-01
3.773109242320060730e-02
2.759394645690917969e-01
1.800626158714294434e+00
6.966671943664550781e-01
6.485653575509786606e-03
1.286951184272766113e+00
2.054307013750076294e-01
3.060633838176727295e-01
5.002932623028755188e-03
0.000000000000000000e+00
1.981009840965270996e-01
4.120982289314270020e-01
2.817953005433082581e-02
1.556073129177093506e-01
1.820230484008789062e-01
3.407472074031829834e-01
2.167047023773193359e+00
1.499461889266967773e+00
1.209555149078369141e+00
8.364505171775817871e-01
3.121476173400878906e+00
4.511697590351104736e-01
2.449206076562404633e-02
1.058020710945129395e+00
1.958509981632232666e-01
1.019743010401725769e-01
1.281922906637191772e-01
3.899651288986206055e+00
6.502395868301391602e-01
4.698796570301055908e-01
9.852232336997985840e-01
3.106066491454839706e-03
1.961524128913879395e+00
7.440611720085144043e-01
4.696810245513916016e-02
8.459098935127258301e-01
3.412356832996010780e-03
1.815635204315185547e+00
1.046864986419677734e+00
1.453286502510309219e-02
2.264465391635894775e-01
0.000000000000000000e+00
5.027671456336975098e-01
3.081726431846618652e-01
1.197962045669555664e+00
3.956048786640167236e-01
5.137584358453750610e-02
2.404479533433914185e-01
0.000000000000000000e+00
1.173968543298542500e-03
1.702199935913085938e+00
0.000000000000000000e+00
9.364784508943557739e-02
0.000000000000000000e+00
1.620642781257629395e+00
0.000000000000000000e+00
5.014804601669311523e-01
3.257129490375518799e-01
5.590050294995307922e-02
4.616529345512390137e-01
1.189517676830291748e-01
1.117465257644653320e+00
1.168861746788024902e+00
1.073005348443984985e-01
5.592967867851257324e-01
8.455689251422882080e-02
7.174460217356681824e-03
2.820902466773986816e-01
5.042150616645812988e-01
9.390928745269775391e-01
1.558965802192687988e+00
9.608355909585952759e-02
1.065602377057075500e-01
5.168839823454618454e-03
2.582558870315551758e+00
8.077125549316406250e-01
9.446804970502853394e-02
4.163236618041992188e-01
1.910297572612762451e-01
4.708312451839447021e-01
6.978605985641479492e-01
3.466616868972778320e-01
9.683963656425476074e-01
5.850431919097900391e+00
1.472096145153045654e-01
1.699892878532409668e-01
1.270580053329467773e+00
1.019386202096939087e-02
9.274134784936904907e-02
1.784374117851257324e-01
1.742499619722366333e-01
0.000000000000000000e+00
5.414656829088926315e-03
6.958522796630859375e-01
4.318376481533050537e-01
4.019770771265029907e-03
1.604508310556411743e-01
1.315310835838317871e+00
1.227021738886833191e-01
1.061526894569396973e+00
0.000000000000000000e+00
4.741384387016296387e-01
6.401748657226562500e-01
3.272632136940956116e-02
1.856612443923950195e+00
7.420600391924381256e-03
3.967970311641693115e-01
6.945926230400800705e-03
0.000000000000000000e+00
6.631813645362854004e-01
1.388852298259735107e-01
0.000000000000000000e+00
8.788192868232727051e-01
4.121771454811096191e-01
0.000000000000000000e+00
0.000000000000000000e+00
1.354722023010253906e+00
0.000000000000000000e+00
6.418423261493444443e-03
3.563238680362701416e-01
1.686326861381530762e+00
7.406627535820007324e-01
4.075585901737213135e-01
1.620408415794372559e+00
1.938686072826385498e-01
5.615291744470596313e-02
4.511352479457855225e-01
1.623889654874801636e-01
8.286084532737731934e-01
8.803957700729370117e-01
2.465917617082595825e-01
6.862793862819671631e-02
4.456554353237152100e-01
8.634092211723327637e-01
7.562658935785293579e-02
9.035658240318298340e-01
2.813397943973541260e-01
1.393079608678817749e-01
0.000000000000000000e+00
5.280281901359558105e-01
1.796456240117549896e-02
3.600920438766479492e-01
1.184405162930488586e-01
3.944603204727172852e-01
1.561222672462463379e-01
3.580979630351066589e-02
1.761076927185058594e+00
7.348618507385253906e-01
2.865098953247070312e+00
1.084599971771240234e+00
7.017004489898681641e-01
2.070742607116699219e+00
2.034135103225708008e+00
9.166206419467926025e-02
4.297668337821960449e-01
1.717969179153442383e+00
9.546073675155639648e-01
1.015840992331504822e-01
1.331634998321533203e+00
8.572474122047424316e-02
7.109443098306655884e-02
0.000000000000000000e+00
8.475152775645256042e-03
6.131117343902587891e-01
3.491966128349304199e-01
4.573718547821044922e+00
1.512928247451782227e+00
5.166221857070922852e-01
0.000000000000000000e+00
4.560396969318389893e-01
2.467006817460060120e-02
0.000000000000000000e+00
0.000000000000000000e+00
1.951354891061782837e-01
7.339186221361160278e-02
3.088707290589809418e-02
0.000000000000000000e+00
4.986773133277893066e-01
2.942075133323669434e-01
5.576598644256591797e-01
2.165674209594726562e+00
4.524116404354572296e-03
1.502619236707687378e-01
5.940181016921997070e-01
3.309419453144073486e-01
5.130518078804016113e-01
0.000000000000000000e+00
1.270842552185058594e-01
1.384555220603942871e+00
5.454025268554687500e-01
1.713122248649597168e+00
3.138203620910644531e-01
7.479144930839538574e-01
5.725929141044616699e-01
3.468386828899383545e-01
1.436967402696609497e-01
2.981158494949340820e-01
2.078346729278564453e+00
0.000000000000000000e+00
2.700350433588027954e-02
3.161140918731689453e+00
3.601899445056915283e-01
6.292279958724975586e-01
4.550418257713317871e-01
4.414533674716949463e-01
4.759407341480255127e-01
3.763753175735473633e-02
2.403046607971191406e+00
1.486212164163589478e-01
5.140007734298706055e-01
8.734296560287475586e-01
2.478150129318237305e+00
8.349782228469848633e-02
1.388605237007141113e+00
0.000000000000000000e+00
2.779912576079368591e-02
2.214782834053039551e-01
1.530632972717285156e-01
5.841655731201171875e-01
1.999579221010208130e-01
2.659960985183715820e-01
7.564914878457784653e-03
8.970294594764709473e-01
5.968024730682373047e-01
8.777286410331726074e-01
0.000000000000000000e+00
5.205851197242736816e-01
8.130791187286376953e-01
8.450644016265869141e-01
0.000000000000000000e+00
2.616569958627223969e-02
3.816950833424925804e-03
9.056485444307327271e-02
7.329962253570556641e-01
1.138964295387268066e+00
2.652353644371032715e-01
1.601610064506530762e+00
0.000000000000000000e+00
1.154202342033386230e+00
6.689149141311645508e-01
6.191582605242729187e-02
1.288175731897354126e-01
6.476384121924638748e-03
1.884779334068298340e+00
1.850866913795471191e+00
7.748636603355407715e-02
3.813036203384399414e+00
4.993455708026885986e-01
7.013086676597595215e-01
9.005793929100036621e-02
3.112717270851135254e-01
1.268700789660215378e-02
1.475891113281250000e+00
8.668816089630126953e-01
6.451467517763376236e-03
5.797596573829650879e-01
5.493955016136169434e-01
2.414310574531555176e-01
2.663094520568847656e+00
3.381515741348266602e-01
0.000000000000000000e+00
5.452761650085449219e-01
8.376084268093109131e-02
6.477549076080322266e-01
2.947555780410766602e-01
1.404134035110473633e-01
4.272094666957855225e-01
1.186663731932640076e-01
5.841082930564880371e-01
1.044310107827186584e-01
2.126872688531875610e-01
1.759929955005645752e-02
1.586619138717651367e+00
2.626641839742660522e-02
1.601784974336624146e-01
1.032798141241073608e-01
4.189125448465347290e-02
2.026717364788055420e-02
8.107030987739562988e-01
3.266023471951484680e-02
4.486083090305328369e-01
2.654695987701416016e+00
2.475602626800537109e-01
0.000000000000000000e+00
3.504393696784973145e-01
1.646451950073242188e+00
9.817518591880798340e-01
1.235465168952941895e+00
1.207082033157348633e+00
2.701924800872802734e+00
2.190140724182128906e+00
6.093772053718566895e-01
2.996575534343719482e-01
9.966281056404113770e-01
0.000000000000000000e+00
9.599530696868896484e-02
