4.390476644039154053e-01
0.000000000000000000e+00
4.963718354701995850e-03
2.269743442535400391e+00
9.616225957870483398e-01
2.092362195253372192e-01
5.177174806594848633e-01
2.248103857040405273e+00
7.323931694030761719e+00
1.079689621925354004e+00
2.358310371637344360e-01
1.147773504257202148e+00
4.291855096817016602e-01
1.226434588432312012e+00
2.175684928894042969e+00
7.039617896080017090e-01
5.890616178512573242e-01
2.917591333389282227e+00
1.002355694770812988e+00
1.720059961080551147e-01
2.181331157684326172e+00
1.570304110646247864e-02
3.164277970790863037e-01
2.154438257217407227e+00
9.205590188503265381e-02
3.980712033808231354e-03
6.181688047945499420e-03
2.502659797668457031e+00
4.325633347034454346e-01
5.926612392067909241e-02
3.426495194435119629e-02
1.670617982745170593e-02
1.059590578079223633e+00
8.854511380195617676e-01
3.181257247924804688e-01
2.081716060638427734e+00
2.395751923322677612e-01
3.206741437315940857e-02
6.673482656478881836e-01
6.083265542984008789e-01
2.240768671035766602e-01
2.423062026500701904e-01
4.779108166694641113e-01
5.366810798645019531e+00
5.277575254440307617e-01
9.839099049568176270e-01
2.711596786975860596e-01
1.444576740264892578e+00
3.801786154508590698e-02
1.915140986442565918e+00
3.395901918411254883e+00
0.000000000000000000e+00
1.677091240882873535e+00
2.475635148584842682e-02
7.266320586204528809e-01
4.204248636960983276e-02
1.703293621540069580e-01
2.599491477012634277e-01
1.975445270538330078e+00
1.833045929670333862e-01
2.142652682960033417e-02
1.323492527008056641e-01
2.225392498075962067e-03
5.433016419410705566e-01
1.324269533157348633e+00
3.567365705966949463e-01
9.807324409484863281e-02
4.797290861606597900e-01
9.578921198844909668e-01
1.906526088714599609e-01
0.000000000000000000e+00
8.608931093476712704e-04
3.471003472805023193e-01
1.235487222671508789e+00
5.148112177848815918e-01
1.043575167655944824e+00
1.352621521800756454e-02
9.254593849182128906e-01
6.554082632064819336e-01
9.432849287986755371e-01
0.000000000000000000e+00
5.016365647315979004e-01
2.990374326705932617e+00
3.937395662069320679e-02
2.045622348785400391e+00
5.068125948309898376e-02
6.150358915328979492e-01
1.647843606770038605e-02
4.464253783226013184e-01
4.757670685648918152e-03
9.567590802907943726e-02
1.047797314822673798e-02
0.000000000000000000e+00
0.000000000000000000e+00
6.136988997459411621e-01
2.473472207784652710e-01
6.969667673110961914e-01
3.319036364555358887e-01
4.997000992298126221e-01
1.995081111090257764e-04
0.000000000000000000e+00
8.709977567195892334e-02
1.200645267963409424e-01
1.352860569953918457e+00
1.201289772987365723e+00
5.951359122991561890e-02
7.057562470436096191e-01
8.629258275032043457e-01
2.297165095806121826e-01
6.380254030227661133e-01
1.336979866027832031e+00
3.935853391885757446e-02
5.681806802749633789e-01
3.286405280232429504e-02
6.459646821022033691e-01
4.667269438505172729e-02
1.600567847490310669e-01
2.790603600442409515e-02
6.597086191177368164e-01
2.385864734649658203e+00
1.224560737609863281e+00
2.419170439243316650e-01
5.369296413846313953e-04
1.213639378547668457e+00
8.284538388252258301e-01
6.980169415473937988e-01
0.000000000000000000e+00
6.578686833381652832e-01
1.462373375892639160e+00
1.211609691381454468e-01
1.109047443605959415e-03
7.982811927795410156e-01
1.421581953763961792e-01
4.513284936547279358e-02
5.782467126846313477e-01
8.328443393111228943e-03
2.088081091642379761e-02
5.159251213073730469e+00
0.000000000000000000e+00
1.973237395286560059e-01
2.256133779883384705e-02
2.527981996536254883e-01
1.799228668212890625e+00
0.000000000000000000e+00
3.031562373507767916e-04
5.347348451614379883e-01
5.710327029228210449e-01
6.831710338592529297e-01
6.171510219573974609e-01
1.099796444177627563e-01
6.325759887695312500e+00
4.199807941913604736e-01
2.186063677072525024e-01
8.087906837463378906e-01
1.542829155921936035e+00
1.830051779747009277e+00
2.201291322708129883e-01
1.690524667501449585e-01
1.860404014587402344e+00
2.332780808210372925e-01
1.065021846443414688e-02
1.206396341323852539e+00
3.463333547115325928e-01
1.168440580368041992e-01
2.882432341575622559e-01
3.930347263813018799e-01
0.000000000000000000e+00
0.000000000000000000e+00
6.753616333007812500e-01
2.815496921539306641e+00
2.772965729236602783e-01
5.572676062583923340e-01
4.031293466687202454e-02
7.269330024719238281e-01
4.267644286155700684e-01
6.223643302917480469e+00
2.793932217173278332e-04
1.077867597341537476e-01
3.150525391101837158e-01
4.817996919155120850e-02
0.000000000000000000e+00
3.144500777125358582e-02
5.826424956321716309e-01
3.211578845977783203e+00
2.290681237354874611e-03
1.948501914739608765e-02
1.823939830064773560e-01
5.475490093231201172e-01
0.000000000000000000e+00
0.000000000000000000e+00
2.687330415938049555e-04
6.076206266880035400e-02
1.205343365669250488e+00
7.893460392951965332e-01
1.146919846534729004e+00
6.820628643035888672e-01
7.106294035911560059e-01
1.705527156591415405e-01
3.500502109527587891e-01
3.627945184707641602e-01
1.222741603851318359e+00
8.696947246789932251e-02
3.930353224277496338e-01
1.176578521728515625e+00
9.668229520320892334e-02
0.000000000000000000e+00
1.273561596870422363e+00
2.599417418241500854e-02
4.154637828469276428e-02
1.205794215202331543e+00
2.853222191333770752e-01
3.691809475421905518e-01
7.149687409400939941e-01
9.884579777717590332e-01
1.010823488235473633e+00
5.960490107536315918e-01
2.255520224571228027e-01
3.135884702205657959e-01
1.782927513122558594e+00
6.027247905731201172e-01
0.000000000000000000e+00
4.893472790718078613e-01
3.780796527862548828e-01
1.370473802089691162e-01
1.237492412328720093e-01
3.802726976573467255e-03
4.586230963468551636e-02
6.760361194610595703e-01
1.667134277522563934e-02
1.415961533784866333e-01
1.557587925344705582e-02
3.355550169944763184e-01
2.121630191802978516e+00
2.026602029800415039e+00
5.042322278022766113e-01
1.161407589912414551e+00
2.501853704452514648e+00
3.808659911155700684e-01
6.749439053237438202e-03
9.520592093467712402e-01
1.290812045335769653e-01
4.890205338597297668e-02
2.118124812841415405e-01
3.328428268432617188e+00
1.120379209518432617e+00
6.795441508293151855e-01
1.002941370010375977e+00
9.321788325905799866e-03
1.553051948547363281e+00
1.202450513839721680e+00
2.601910009980201721e-02
7.435593008995056152e-01
3.172568231821060181e-02
1.843644261360168457e+00
8.044612407684326172e-01
1.739789545536041260e-01
7.556619495153427124e-02
0.000000000000000000e+00
4.809858649969100952e-02
2.292349040508270264e-01
9.272289276123046875e-01
2.023318707942962646e-01
1.743695698678493500e-02
3.679987974464893341e-03
0.000000000000000000e+00
1.696268618106842041e-01
1.791831493377685547e+00
2.885662764310836792e-02
9.671176970005035400e-02
1.104038581252098083e-02
1.190932750701904297e+00
0.000000000000000000e+00
4.389300346374511719e-01
3.074888885021209717e-01
4.903523996472358704e-02
5.483443737030029297e-01
3.134476765990257263e-02
1.000167012214660645e+00
9.822436571121215820e-01
1.300434023141860962e-01
1.205788701772689819e-01
6.582586169242858887e-01
9.349663555622100830e-02
4.019233584403991699e-01
6.738855838775634766e-01
5.049656629562377930e-01
4.794020950794219971e-01
2.250217599794268608e-03
1.286397576332092285e-01
5.340268369764089584e-03
1.938440680503845215e+00
7.338910698890686035e-01
1.773379892110824585e-01
1.704589128494262695e-01
7.863944023847579956e-02
2.318810075521469116e-01
2.966132462024688721e-01
3.002352416515350342e-01
8.714033961296081543e-01
5.762302398681640625e+00
8.391520380973815918e-01
1.264023035764694214e-02
1.804986596107482910e-01
8.099391125142574310e-03
1.610472798347473145e-02
1.420243680477142334e-01
0.000000000000000000e+00
1.065484806895256042e-02
6.455327570438385010e-02
3.204030096530914307e-01
9.490047693252563477e-01
3.206907073035836220e-03
0.000000000000000000e+00
9.116961359977722168e-01
1.020338460803031921e-01
4.209438860416412354e-01
0.000000000000000000e+00
2.949084341526031494e-01
1.194006204605102539e+00
1.817357540130615234e-01
1.775809526443481445e+00
0.000000000000000000e+00
2.332276701927185059e-01
2.476055175065994263e-01
5.219181766733527184e-04
1.212055087089538574e-01
1.164023205637931824e-01
0.000000000000000000e+00
9.990047216415405273e-01
4.240879714488983154e-01
0.000000000000000000e+00
0.000000000000000000e+00
7.378792762756347656e-01
5.039952695369720459e-02
0.000000000000000000e+00
1.195798367261886597e-01
1.344432592391967773e+00
3.187684714794158936e-01
8.490706086158752441e-01
1.271557688713073730e+00
3.117492496967315674e-01
4.293426405638456345e-03
1.301853060722351074e-01
4.479470849037170410e-02
5.007821321487426758e-01
7.526056766510009766e-01
5.129759013652801514e-02
2.515770867466926575e-02
5.141862034797668457e-01
6.035434007644653320e-01
5.682427063584327698e-02
1.234395861625671387e+00
2.297948300838470459e-01
3.621180728077888489e-02
5.610635504126548767e-03
8.897692561149597168e-01
0.000000000000000000e+00
1.648443788290023804e-01
8.797944337129592896e-02
5.019622445106506348e-01
7.877670228481292725e-02
2.002397552132606506e-03
9.795261025428771973e-01
1.804369539022445679e-01
2.114508152008056641e+00
1.843828439712524414e+00
4.359303712844848633e-01
1.473139524459838867e+00
1.695030689239501953e+00
0.000000000000000000e+00
6.649404764175415039e-01
6.175023913383483887e-01
8.693218231201171875e-01
3.352997452020645142e-02
9.478943943977355957e-01
8.963161148130893707e-03
1.500660739839076996e-02
5.051095411181449890e-02
9.379126131534576416e-02
7.487778067588806152e-01
2.166690230369567871e-01
3.727496623992919922e+00
1.482959270477294922e+00
4.862193167209625244e-01
0.000000000000000000e+00
3.806160092353820801e-01
1.492855139076709747e-02
0.000000000000000000e+00
0.000000000000000000e+00
6.869051605463027954e-02
2.552299797534942627e-01
1.840787706896662712e-03
0.000000000000000000e+00
3.947070240974426270e-01
2.232774943113327026e-01
5.484654903411865234e-01
1.770586848258972168e+00
6.243385840207338333e-03
1.770813763141632080e-02
8.494950532913208008e-01
4.771574959158897400e-02
1.067671179771423340e+00
0.000000000000000000e+00
8.784303814172744751e-02
1.280265092849731445e+00
6.015450358390808105e-01
1.024922251701354980e+00
1.549476832151412964e-01
1.256682038307189941e+00
2.132309973239898682e-01
5.664039254188537598e-01
7.931099273264408112e-03
1.817772090435028076e-01
1.899383306503295898e+00
9.715272486209869385e-02
9.725204855203628540e-02
4.470488548278808594e+00
2.238231897354125977e-01
8.849361538887023926e-01
6.760387420654296875e-01
4.342573881149291992e-01
3.458559513092041016e-01
0.000000000000000000e+00
3.033836364746093750e+00
4.156547784805297852e-01
3.597891628742218018e-01
1.215605854988098145e+00
1.199452877044677734e+00
0.000000000000000000e+00
1.245223641395568848e+00
2.663386799395084381e-02
3.446185437496751547e-04
1.090645566582679749e-01
0.000000000000000000e+00
4.405248165130615234e-01
1.294568032026290894e-01
6.178508326411247253e-02
3.819531295448541641e-03
4.110746383666992188e-01
5.564392805099487305e-01
1.227771997451782227e+00
0.000000000000000000e+00
2.134127020835876465e-01
6.147096753120422363e-01
5.724620819091796875e-01
5.182413011789321899e-02
1.086020274669863284e-04
6.383494939655065536e-03
4.120447635650634766e-01
8.532899022102355957e-01
1.367129087448120117e+00
6.676207412965595722e-04
1.728975534439086914e+00
0.000000000000000000e+00
9.795782566070556641e-01
7.018648386001586914e-01
6.609190255403518677e-02
9.910785406827926636e-02
0.000000000000000000e+00
1.718180775642395020e+00
2.419747352600097656e+00
1.279887109994888306e-01
4.102208614349365234e+00
1.852305978536605835e-02
7.591300606727600098e-01
1.396061503328382969e-03
4.125712439417839050e-02
3.147279843688011169e-02
1.303500294685363770e+00
1.213050246238708496e+00
0.000000000000000000e+00
1.773584634065628052e-01
2.809969782829284668e-01
3.338488936424255371e-01
2.592285871505737305e+00
5.882772207260131836e-01
0.000000000000000000e+00
3.071419894695281982e-01
1.398453265428543091e-01
8.769646286964416504e-01
2.922504544258117676e-01
1.179075706750154495e-02
3.172641620039939880e-02
3.101548254489898682e-01
1.083990454673767090e+00
0.000000000000000000e+00
1.257384866476058960e-01
4.715877398848533630e-02
1.990764021873474121e+00
3.910161554813385010e-03
1.510500758886337280e-01
1.487271976657211781e-03
0.000000000000000000e+00
3.033806085586547852e-01
1.047076582908630371e+00
3.358328342437744141e-02
1.518697589635848999e-01
2.698128700256347656e+00
3.242313861846923828e-02
0.000000000000000000e+00
1.923458129167556763e-01
2.181294918060302734e+00
8.444565534591674805e-01
8.581246733665466309e-01
1.099946260452270508e+00
2.508203268051147461e+00
2.615492105484008789e+00
4.320022463798522949e-01
1.867453604936599731e-01
7.560287714004516602e-01
0.000000000000000000e+00
7.267017662525177002e-02
