4.447447955608367920e-01
0.000000000000000000e+00
1.074768826365470886e-01
2.243372678756713867e+00
7.350044250488281250e-01
3.237957656383514404e-01
7.507774829864501953e-01
2.384727954864501953e+00
6.875151634216308594e+00
1.402914524078369141e+00
1.204488277435302734e-01
1.835499644279479980e+00
3.638750910758972168e-01
1.054655432701110840e+00
2.386807441711425781e+00
8.740630745887756348e-01
9.935588836669921875e-01
1.966499090194702148e+00
1.161905050277709961e+00
3.815779685974121094e-01
2.757242202758789062e+00
0.000000000000000000e+00
4.137914776802062988e-01
2.482091903686523438e+00
3.474939987063407898e-02
0.000000000000000000e+00
5.126042664051055908e-02
2.070262670516967773e+00
6.564380526542663574e-01
7.348048966377973557e-03
2.989789843559265137e-01
5.658940412104129791e-03
9.030504822731018066e-01
8.740429878234863281e-01
8.089676499366760254e-01
3.806022644042968750e+00
3.298220932483673096e-01
2.610777691006660461e-02
8.311087489128112793e-01
8.036555647850036621e-01
6.174857616424560547e-01
3.275428116321563721e-01
5.797451734542846680e-01
5.080254077911376953e+00
9.492462277412414551e-01
1.159202575683593750e+00
1.935786455869674683e-01
1.047578692436218262e+00
1.705132275819778442e-01
1.182570219039916992e+00
3.676013469696044922e+00
0.000000000000000000e+00
2.351744413375854492e+00
3.152898550033569336e-01
7.233037948608398438e-01
3.292949795722961426e-01
2.049397230148315430e-01
4.846277832984924316e-01
1.557171225547790527e+00
1.789804100990295410e-01
1.664296165108680725e-02
2.038153707981109619e-01
0.000000000000000000e+00
1.073559641838073730e+00
2.027075767517089844e+00
3.157183825969696045e-01
1.457033306360244751e-01
2.946364581584930420e-01
1.604949951171875000e+00
4.593009129166603088e-02
0.000000000000000000e+00
1.087846755981445312e-01
4.118666350841522217e-01
1.098296165466308594e+00
2.456343472003936768e-01
1.068909764289855957e+00
5.383818969130516052e-02
1.092657089233398438e+00
6.519179940223693848e-01
1.274158358573913574e+00
0.000000000000000000e+00
9.447699189186096191e-01
2.870332002639770508e+00
2.508630976080894470e-02
2.567424297332763672e+00
8.292876183986663818e-02
7.277359962463378906e-01
2.585841575637459755e-03
4.501759707927703857e-01
3.569535678252577782e-03
5.149357318878173828e-01
4.533594846725463867e-02
0.000000000000000000e+00
0.000000000000000000e+00
1.102027535438537598e+00
1.877404749393463135e-01
1.106692433357238770e+00
2.599962949752807617e-01
2.843730449676513672e-01
0.000000000000000000e+00
0.000000000000000000e+00
1.493054181337356567e-01
1.955893076956272125e-02
1.514423370361328125e+00
1.571712732315063477e+00
5.806727707386016846e-02
9.252868890762329102e-01
9.459452629089355469e-01
6.189085245132446289e-01
3.863549530506134033e-01
1.433525204658508301e+00
4.188407957553863525e-02
6.131437420845031738e-01
5.997633934020996094e-01
1.250352740287780762e+00
9.152840077877044678e-02
7.676799297332763672e-01
5.434583500027656555e-02
1.028902292251586914e+00
2.990137100219726562e+00
1.721690535545349121e+00
9.140793085098266602e-01
3.742792829871177673e-02
1.696110010147094727e+00
7.476689219474792480e-01
5.827784538269042969e-01
0.000000000000000000e+00
9.804145693778991699e-01
2.202333688735961914e+00
2.260648459196090698e-02
0.000000000000000000e+00
9.281128048896789551e-01
1.069805547595024109e-01
2.125960402190685272e-02
7.096697688102722168e-01
3.370582312345504761e-02
0.000000000000000000e+00
5.460628032684326172e+00
0.000000000000000000e+00
2.582557797431945801e-01
3.211800158023834229e-01
3.396691381931304932e-01
1.798055291175842285e+00
2.351349964737892151e-02
2.444610930979251862e-02
1.965100169181823730e-01
7.083817124366760254e-01
4.182227253913879395e-01
1.218614697456359863e+00
5.952049791812896729e-02
6.549861907958984375e+00
3.265469074249267578e-01
1.516497321426868439e-02
6.708479523658752441e-01
1.878646850585937500e+00
1.773439526557922363e+00
2.154510021209716797e-01
1.701480299234390259e-01
1.707412242889404297e+00
3.677177727222442627e-01
9.179687500000000000e-02
1.262999415397644043e+00
5.292781591415405273e-01
0.000000000000000000e+00
5.895478725433349609e-01
4.373278617858886719e-01
3.146812692284584045e-02
0.000000000000000000e+00
1.090351581573486328e+00
3.712026119232177734e+00
2.166788280010223389e-01
9.855433702468872070e-01
1.532770395278930664e-01
7.218908667564392090e-01
3.814509510993957520e-01
7.257401466369628906e+00
0.000000000000000000e+00
5.120952799916267395e-02
5.082324743270874023e-01
4.316742420196533203e-01
0.000000000000000000e+00
4.305543005466461182e-02
6.895375251770019531e-01
3.700325012207031250e+00
9.154038131237030029e-02
1.095042377710342407e-01
3.829506039619445801e-01
9.701246023178100586e-01
0.000000000000000000e+00
2.989897876977920532e-02
0.000000000000000000e+00
2.190354838967323303e-02
1.028430342674255371e+00
4.549403488636016846e-01
1.857253789901733398e+00
8.671247363090515137e-01
6.915546059608459473e-01
3.996114730834960938e-01
6.004766821861267090e-01
4.466660320758819580e-01
1.186005473136901855e+00
9.089189767837524414e-02
9.498670697212219238e-01
1.591369867324829102e+00
3.654006719589233398e-01
0.000000000000000000e+00
8.516853451728820801e-01
5.563645623624324799e-03
1.427068263292312622e-01
6.440489292144775391e-01
2.756237089633941650e-01
2.369935065507888794e-01
7.021419405937194824e-01
1.107117772102355957e+00
9.116458296775817871e-01
9.176092147827148438e-01
2.219008654356002808e-02
1.461652070283889771e-01
2.301656723022460938e+00
1.221869349479675293e+00
4.453600570559501648e-02
9.778711795806884766e-01
3.105076216161251068e-02
1.378671377897262573e-01
1.122148614376783371e-02
0.000000000000000000e+00
1.738669872283935547e-01
1.280406564474105835e-01
1.329028457403182983e-01
3.418339192867279053e-01
9.539084136486053467e-02
5.734684467315673828e-01
2.070810317993164062e+00
2.542631387710571289e+00
5.128076672554016113e-01
9.915486574172973633e-01
2.522315502166748047e+00
1.787201166152954102e-01
1.841711695306003094e-03
1.216572046279907227e+00
6.352856755256652832e-02
6.759175448678433895e-04
2.499778866767883301e-01
4.695316314697265625e+00
1.131664276123046875e+00
5.987246632575988770e-01
1.289943218231201172e+00
3.062020114157348871e-04
1.271792769432067871e+00
8.300983309745788574e-01
8.109168149530887604e-03
8.598709702491760254e-01
6.838271766901016235e-02
2.344465732574462891e+00
1.277313470840454102e+00
9.933662414550781250e-02
1.470364928245544434e-01
0.000000000000000000e+00
1.388559937477111816e-01
2.427054345607757568e-01
9.162000417709350586e-01
2.379554808139801025e-01
1.010476499795913696e-01
2.607282251119613647e-02
0.000000000000000000e+00
0.000000000000000000e+00
2.065531969070434570e+00
1.490093320608139038e-01
0.000000000000000000e+00
1.746254786849021912e-02
1.256609201431274414e+00
0.000000000000000000e+00
4.842581450939178467e-01
3.305027484893798828e-01
7.076136767864227295e-02
2.210931330919265747e-01
0.000000000000000000e+00
1.267429351806640625e+00
8.656548857688903809e-01
4.699232429265975952e-02
4.101428091526031494e-01
2.742312550544738770e-01
9.190168231725692749e-02
2.903870940208435059e-01
5.460864901542663574e-01
1.354974269866943359e+00
7.391197085380554199e-01
2.891372330486774445e-02
3.337544798851013184e-01
2.450475236400961876e-03
2.601594209671020508e+00
1.099013209342956543e+00
2.353350445628166199e-02
5.487886443734169006e-02
4.283872991800308228e-02
4.411843717098236084e-01
5.163705348968505859e-01
3.510629236698150635e-01
1.905049204826354980e+00
6.168084621429443359e+00
3.408887386322021484e-01
2.057797973975539207e-03
6.503108739852905273e-01
7.077551633119583130e-02
1.494028326123952866e-02
3.958020806312561035e-01
0.000000000000000000e+00
7.906412705779075623e-03
0.000000000000000000e+00
3.267568349838256836e-01
7.788916230201721191e-01
0.000000000000000000e+00
1.091025099158287048e-01
1.334665060043334961e+00
6.662506610155105591e-02
3.412470817565917969e-01
0.000000000000000000e+00
4.815720915794372559e-01
6.865980625152587891e-01
3.062063753604888916e-01
2.262404203414916992e+00
0.000000000000000000e+00
5.904623270034790039e-01
5.760072171688079834e-02
9.362897835671901703e-04
6.368419528007507324e-01
6.007719784975051880e-02
0.000000000000000000e+00
9.350942373275756836e-01
5.310796499252319336e-01
0.000000000000000000e+00
0.000000000000000000e+00
1.422619581222534180e+00
0.000000000000000000e+00
1.108678951859474182e-01
3.085581660270690918e-01
1.478670239448547363e+00
1.630072891712188721e-01
7.908056974411010742e-01
1.444595575332641602e+00
1.778174638748168945e-01
3.307015448808670044e-02
2.501633763313293457e-01
1.292966306209564209e-01
8.252426385879516602e-01
8.566552400588989258e-01
2.097622007131576538e-01
4.996702447533607483e-02
6.939682960510253906e-01
9.498803615570068359e-01
1.766892150044441223e-02
8.449302911758422852e-01
2.302757501602172852e-01
8.782041817903518677e-02
3.406435996294021606e-02
6.365607976913452148e-01
0.000000000000000000e+00
4.244447052478790283e-01
4.450409114360809326e-02
1.155055880546569824e+00
3.448138386011123657e-02
2.439106348901987076e-03
1.132999658584594727e+00
4.346395134925842285e-01
2.499876737594604492e+00
1.115677714347839355e+00
4.274880588054656982e-01
1.322369933128356934e+00
2.079397678375244141e+00
0.000000000000000000e+00
2.878140807151794434e-01
1.648551106452941895e+00
1.461465120315551758e+00
1.062736064195632935e-01
1.259443998336791992e+00
1.772975362837314606e-02
1.107394322752952576e-01
2.394157461822032928e-02
1.605841331183910370e-02
1.161358118057250977e+00
2.097824662923812866e-01
4.720277786254882812e+00
1.623120665550231934e+00
6.473882794380187988e-01
0.000000000000000000e+00
2.212723344564437866e-01
6.896839290857315063e-02
0.000000000000000000e+00
1.459788531064987183e-02
1.164262443780899048e-01
4.320192039012908936e-01
4.310964345932006836e-01
2.425515092909336090e-02
4.289552271366119385e-01
5.746073126792907715e-01
7.877101898193359375e-01
1.862000584602355957e+00
2.942431159317493439e-02
1.589582562446594238e-01
9.023234844207763672e-01
3.903608024120330811e-02
5.954663157463073730e-01
0.000000000000000000e+00
5.936201661825180054e-02
1.310908555984497070e+00
1.214796423912048340e+00
1.331924080848693848e+00
2.023410797119140625e-01
1.171722888946533203e+00
9.727615118026733398e-01
4.029791355133056641e-01
3.803093358874320984e-02
3.081735372543334961e-01
2.063834428787231445e+00
2.011558227241039276e-02
4.381918814033269882e-03
4.400031566619873047e+00
7.487506419420242310e-02
8.408491015434265137e-01
9.272780418395996094e-01
3.311383724212646484e-01
9.049336910247802734e-01
0.000000000000000000e+00
2.439797401428222656e+00
3.613301515579223633e-01
5.097076892852783203e-01
1.286639571189880371e+00
2.954806566238403320e+00
0.000000000000000000e+00
1.652905225753784180e+00
1.991399796679615974e-03
1.649874146096408367e-03
1.018581986427307129e-01
0.000000000000000000e+00
4.122808575630187988e-01
1.251951009035110474e-01
1.880999952554702759e-01
0.000000000000000000e+00
8.941938281059265137e-01
5.595349669456481934e-01
1.230862975120544434e+00
0.000000000000000000e+00
1.158524006605148315e-01
8.384002447128295898e-01
1.044615149497985840e+00
0.000000000000000000e+00
0.000000000000000000e+00
0.000000000000000000e+00
6.026153564453125000e-01
1.136212348937988281e+00
1.205112695693969727e+00
4.262672662734985352e-01
1.710148692131042480e+00
2.310320734977722168e-03
1.620700120925903320e+00
6.918641328811645508e-01
2.000726908445358276e-01
4.966037869453430176e-01
5.662143230438232422e-04
1.617924094200134277e+00
2.056298732757568359e+00
2.006801515817642212e-01
4.291337490081787109e+00
3.989658951759338379e-01
9.649581909179687500e-01
1.647518873214721680e-01
1.058129072189331055e-01
1.067009270191192627e-01
1.030697941780090332e+00
1.065877676010131836e+00
0.000000000000000000e+00
3.300638198852539062e-01
7.097672224044799805e-01
7.212473750114440918e-01
2.903786420822143555e+00
3.319363892078399658e-01
0.000000000000000000e+00
1.925193965435028076e-01
2.360817342996597290e-01
1.112967371940612793e+00
1.615759283304214478e-01
9.606936946511268616e-03
0.000000000000000000e+00
3.954875767230987549e-01
9.490569829940795898e-01
0.000000000000000000e+00
3.097752630710601807e-01
9.807274676859378815e-03
1.956505298614501953e+00
2.701925672590732574e-02
1.673533320426940918e-01
1.739737987518310547e-01
0.000000000000000000e+00
1.431580930948257446e-01
8.485659956932067871e-01
0.000000000000000000e+00
6.730772256851196289e-01
3.796085596084594727e+00
2.891705930233001709e-02
0.000000000000000000e+00
3.795921206474304199e-01
1.317015171051025391e+00
9.672995209693908691e-01
7.987422943115234375e-01
1.619145750999450684e+00
2.586467981338500977e+00
2.281461954116821289e+00
6.402230262756347656e-01
1.710607111454010010e-01
1.058266401290893555e+00
0.000000000000000000e+00
9.890497475862503052e-02
