2.358857691287994385e-01
0.000000000000000000e+00
3.942701965570449829e-03
2.299391031265258789e+00
6.597880125045776367e-01
3.617088198661804199e-01
6.172453165054321289e-01
3.077735662460327148e+00
7.444270610809326172e+00
1.404081463813781738e+00
1.015951335430145264e-01
1.456368207931518555e+00
6.369041800498962402e-01
1.129047751426696777e+00
2.438273906707763672e+00
8.778432607650756836e-01
7.419729828834533691e-01
2.622233152389526367e+00
6.597363352775573730e-01
2.811119556427001953e-01
1.741903662681579590e+00
4.429706186056137085e-02
2.738012969493865967e-01
2.163508415222167969e+00
1.194945361930876970e-04
0.000000000000000000e+00
2.977421283721923828e-01
2.026707172393798828e+00
4.792148768901824951e-01
9.313160926103591919e-02
6.894326303154230118e-03
1.384144369512796402e-02
1.072446227073669434e+00
7.486783862113952637e-01
9.142584204673767090e-01
3.111412048339843750e+00
2.704045474529266357e-01
9.677280485630035400e-02
3.262986838817596436e-01
4.855513274669647217e-01
4.699622094631195068e-01
6.603554636240005493e-02
1.063329130411148071e-01
4.380367279052734375e+00
5.492749810218811035e-01
7.837606668472290039e-01
9.114120900630950928e-02
1.309661507606506348e+00
8.800020813941955566e-02
2.169231653213500977e+00
3.210179567337036133e+00
0.000000000000000000e+00
1.890308618545532227e+00
1.793758273124694824e-01
2.377300858497619629e-01
4.518659040331840515e-02
4.597576800733804703e-03
3.575636744499206543e-01
2.255000114440917969e+00
3.337441980838775635e-01
5.642616748809814453e-02
1.162104010581970215e-01
0.000000000000000000e+00
9.546018242835998535e-01
2.289510488510131836e+00
5.904495120048522949e-01
1.944174766540527344e-01
3.400703668594360352e-01
1.281599044799804688e+00
8.282750844955444336e-02
0.000000000000000000e+00
2.790073864161968231e-02
1.606840789318084717e-01
5.985825657844543457e-01
1.040840387344360352e+00
1.453210592269897461e+00
0.000000000000000000e+00
1.026079773902893066e+00
5.943953990936279297e-01
8.431829214096069336e-01
1.000851392745971680e-03
8.856500983238220215e-01
2.521217107772827148e+00
3.920476883649826050e-03
2.243946790695190430e+00
8.292636275291442871e-02
1.268665194511413574e+00
1.043102424591779709e-02
1.136567443609237671e-01
4.855221137404441833e-03
1.570974290370941162e-01
0.000000000000000000e+00
4.105475731194019318e-03
0.000000000000000000e+00
7.425279021263122559e-01
1.643165051937103271e-01
7.703300714492797852e-01
2.270563244819641113e-01
4.526346921920776367e-01
2.656851150095462799e-02
1.342671457678079605e-02
8.355091512203216553e-02
8.843749761581420898e-03
1.633167147636413574e+00
1.537083387374877930e+00
1.054798215627670288e-01
1.096721529960632324e+00
7.143555879592895508e-01
1.769931763410568237e-01
2.739512622356414795e-01
1.895063757896423340e+00
4.788316786289215088e-03
7.675237655639648438e-01
3.105849325656890869e-01
6.253633499145507812e-01
1.078710630536079407e-01
8.119336962699890137e-01
4.872634261846542358e-02
9.173408150672912598e-01
1.802861332893371582e+00
9.678469300270080566e-01
4.554060101509094238e-01
1.045088469982147217e-02
1.305093407630920410e+00
4.627451896667480469e-01
4.275864958763122559e-01
0.000000000000000000e+00
9.381763339042663574e-01
2.055530071258544922e+00
2.026699185371398926e-01
0.000000000000000000e+00
1.083886981010437012e+00
4.353497922420501709e-01
3.966160863637924194e-02
4.275287687778472900e-01
8.328495174646377563e-02
6.644012033939361572e-02
5.054700374603271484e+00
0.000000000000000000e+00
3.957537189126014709e-02
1.754120439291000366e-01
3.327548801898956299e-01
1.820554852485656738e+00
0.000000000000000000e+00
1.222945004701614380e-01
3.104804754257202148e-01
9.695364236831665039e-01
2.790205478668212891e-01
1.867964386940002441e+00
1.082464531064033508e-01
6.690289020538330078e+00
2.515464723110198975e-01
1.061488017439842224e-01
4.605453014373779297e-01
1.314932942390441895e+00
1.444963216781616211e+00
2.810559868812561035e-01
5.087408050894737244e-02
2.560967922210693359e+00
1.329121589660644531e-01
6.690273433923721313e-02
8.605858683586120605e-01
3.673647940158843994e-01
2.636312320828437805e-02
1.679652482271194458e-01
6.713827848434448242e-01
2.381184510886669159e-02
0.000000000000000000e+00
9.992338418960571289e-01
3.223064422607421875e+00
3.664874434471130371e-01
7.450397610664367676e-01
1.435891389846801758e-01
9.232460856437683105e-01
6.768552660942077637e-01
6.609556198120117188e+00
0.000000000000000000e+00
6.443680077791213989e-02
2.527891099452972412e-01
1.382947564125061035e-01
0.000000000000000000e+00
1.536218449473381042e-03
2.658695578575134277e-01
3.462108373641967773e+00
6.543175131082534790e-02
3.397791087627410889e-02
3.386386036872863770e-01
2.373206615447998047e-01
0.000000000000000000e+00
4.730565939098596573e-03
0.000000000000000000e+00
2.784808725118637085e-02
6.993347406387329102e-01
5.305696725845336914e-01
1.169942021369934082e+00
9.198636412620544434e-01
1.032229185104370117e+00
3.494940996170043945e-01
3.997995257377624512e-01
3.931967318058013916e-01
1.090817570686340332e+00
1.780182868242263794e-01
7.770376205444335938e-01
1.012176156044006348e+00
6.312362551689147949e-01
7.645161449909210205e-02
1.152637362480163574e+00
7.037913054227828979e-02
3.739799559116363525e-02
1.445670723915100098e+00
1.136234626173973083e-01
1.195527091622352600e-01
6.311967968940734863e-01
6.960376501083374023e-01
6.505847573280334473e-01
5.274738073348999023e-01
8.352980017662048340e-02
9.369548410177230835e-02
1.240292072296142578e+00
9.575207829475402832e-01
0.000000000000000000e+00
6.484587788581848145e-01
6.808489561080932617e-01
1.724413409829139709e-02
3.051696121692657471e-01
0.000000000000000000e+00
2.045660316944122314e-01
3.059064149856567383e-01
5.602602288126945496e-02
1.784049421548843384e-01
1.579521298408508301e-01
4.136685729026794434e-01
2.168361663818359375e+00
2.534162998199462891e+00
4.648385345935821533e-01
5.807430148124694824e-01
2.378377676010131836e+00
4.025328755378723145e-01
0.000000000000000000e+00
8.125005364418029785e-01
1.590115427970886230e-01
3.759594261646270752e-02
2.445931732654571533e-02
3.546354293823242188e+00
8.937715888023376465e-01
9.742826819419860840e-01
1.060738205909729004e+00
8.867608383297920227e-03
1.701590180397033691e+00
1.123932600021362305e+00
1.358265290036797523e-04
6.763148307800292969e-01
4.956990107893943787e-02
1.388509035110473633e+00
1.195963025093078613e+00
1.007916927337646484e-01
4.532186314463615417e-02
0.000000000000000000e+00
4.246430471539497375e-02
1.710748225450515747e-01
1.753700375556945801e+00
3.423468768596649170e-02
2.690830640494823456e-02
5.362921208143234253e-02
0.000000000000000000e+00
0.000000000000000000e+00
2.195427417755126953e+00
1.460981369018554688e-01
3.102963091805577278e-04
5.256421491503715515e-02
1.424418926239013672e+00
0.000000000000000000e+00
2.521264851093292236e-01
2.969452440738677979e-01
9.100980125367641449e-03
7.186673283576965332e-01
2.104694694280624390e-01
8.389232158660888672e-01
1.192299127578735352e+00
1.727669499814510345e-02
5.131050944328308105e-01
5.733353495597839355e-01
2.469276189804077148e-01
2.949052751064300537e-01
5.706627368927001953e-01
1.008589267730712891e+00
7.839742898941040039e-01
4.213967546820640564e-02
6.213015317916870117e-01
1.226068511605262756e-01
1.439187169075012207e+00
6.560860276222229004e-01
8.801959455013275146e-02
1.857182532548904419e-01
1.453448086977005005e-01
4.549629092216491699e-01
4.119150638580322266e-01
4.253140687942504883e-01
1.155793905258178711e+00
5.589180469512939453e+00
8.368992805480957031e-02
2.690472826361656189e-02
5.685176849365234375e-01
2.608213759958744049e-02
1.623523235321044922e-02
2.391309440135955811e-01
0.000000000000000000e+00
0.000000000000000000e+00
6.776939146220684052e-03
3.574487268924713135e-01
1.079026222229003906e+00
0.000000000000000000e+00
2.013612911105155945e-02
1.138745307922363281e+00
4.667256434913724661e-04
2.607972323894500732e-01
0.000000000000000000e+00
4.048132598400115967e-01
1.044980883598327637e+00
2.642150819301605225e-01
1.918454527854919434e+00
0.000000000000000000e+00
2.148745805025100708e-01
1.470434665679931641e-02
4.969528410583734512e-03
1.736114621162414551e-01
5.032712128013372421e-03
0.000000000000000000e+00
6.580142974853515625e-01
9.308642745018005371e-01
0.000000000000000000e+00
0.000000000000000000e+00
1.292563319206237793e+00
1.450945995748043060e-02
5.127933993935585022e-02
1.573497056961059570e-01
1.277341365814208984e+00
1.376380473375320435e-01
5.135728120803833008e-01
1.707914829254150391e+00
9.390622377395629883e-02
0.000000000000000000e+00
1.226359754800796509e-01
1.762685179710388184e-01
8.774256110191345215e-01
1.041892647743225098e+00
3.960803151130676270e-02
6.182283535599708557e-02
8.278942108154296875e-01
5.952550768852233887e-01
1.187173202633857727e-01
9.064614176750183105e-01
4.539789259433746338e-01
7.009243965148925781e-02
7.389306090772151947e-03
9.488018155097961426e-01
0.000000000000000000e+00
2.368455007672309875e-02
0.000000000000000000e+00
6.007361412048339844e-01
1.354493498802185059e-01
0.000000000000000000e+00
7.051366567611694336e-01
2.781067490577697754e-01
1.759076237678527832e+00
1.341875791549682617e+00
5.261083841323852539e-01
1.552586793899536133e+00
1.827293992042541504e+00
0.000000000000000000e+00
4.452436268329620361e-01
1.337173104286193848e+00
9.808800816535949707e-01
1.865401715040206909e-01
1.426350831985473633e+00
0.000000000000000000e+00
1.504362970590591431e-01
0.000000000000000000e+00
7.589155342429876328e-03
1.073238968849182129e+00
3.471060395240783691e-01
4.759735584259033203e+00
2.019007682800292969e+00
2.458586692810058594e-01
0.000000000000000000e+00
9.229853153228759766e-01
0.000000000000000000e+00
0.000000000000000000e+00
0.000000000000000000e+00
3.186630904674530029e-01
2.418185472488403320e-01
1.451734006404876709e-01
5.738682579249143600e-03
2.823720127344131470e-02
3.329510390758514404e-01
7.061648368835449219e-01
1.890286326408386230e+00
6.337583810091018677e-02
9.952311217784881592e-02
4.639589786529541016e-01
3.159348070621490479e-01
6.606376171112060547e-01
0.000000000000000000e+00
1.092730015516281128e-01
1.422559738159179688e+00
4.929268360137939453e-01
1.546826720237731934e+00
7.629548013210296631e-02
1.557873964309692383e+00
6.001462340354919434e-01
4.038614928722381592e-01
2.037106268107891083e-02
3.260840475559234619e-01
1.656327605247497559e+00
3.336106613278388977e-02
1.659563742578029633e-02
4.808610439300537109e+00
7.183971256017684937e-02
3.895974755287170410e-01
1.049140453338623047e+00
4.814161956310272217e-01
8.741559386253356934e-01
1.307839294895529747e-03
2.556525468826293945e+00
4.367870390415191650e-01
7.434026598930358887e-01
1.217262983322143555e+00
2.151280164718627930e+00
0.000000000000000000e+00
1.611081719398498535e+00
3.218114003539085388e-02
0.000000000000000000e+00
6.958002597093582153e-02
0.000000000000000000e+00
4.296651482582092285e-01
3.465465083718299866e-02
5.948473811149597168e-01
0.000000000000000000e+00
4.488112032413482666e-01
5.615664124488830566e-01
1.035599350929260254e+00
0.000000000000000000e+00
1.853702217340469360e-01
3.961931169033050537e-01
6.886487603187561035e-01
1.357417926192283630e-02
9.182842448353767395e-03
0.000000000000000000e+00
3.524056971073150635e-01
8.015117645263671875e-01
5.042722225189208984e-01
1.983645558357238770e-02
2.238867759704589844e+00
0.000000000000000000e+00
1.066157460212707520e+00
6.066001057624816895e-01
2.094566971063613892e-01
3.715211451053619385e-01
0.000000000000000000e+00
1.262208223342895508e+00
2.336278438568115234e+00
1.296820938587188721e-01
4.105455398559570312e+00
2.966957092285156250e-01
7.406162023544311523e-01
1.301887538284063339e-02
4.500763316173106432e-04
5.073449760675430298e-02
1.091898083686828613e+00
9.539427161216735840e-01
7.447048090398311615e-03
3.826214373111724854e-01
3.383700251579284668e-01
5.040606260299682617e-01
3.152055263519287109e+00
6.497929692268371582e-01
0.000000000000000000e+00
1.672107279300689697e-01
1.973437517881393433e-01
1.354741334915161133e+00
8.260641247034072876e-02
1.109585724771022797e-02
4.858497530221939087e-03
7.585981488227844238e-01
6.989276409149169922e-01
9.428636170923709869e-03
3.894605338573455811e-01
8.785860985517501831e-02
2.719445228576660156e+00
9.844459593296051025e-02
6.580065935850143433e-02
1.631072312593460083e-01
1.422029733657836914e-02
3.710172176361083984e-01
8.852689862251281738e-01
8.113771677017211914e-02
5.618793368339538574e-01
3.113383293151855469e+00
2.020455896854400635e-01
0.000000000000000000e+00
2.289067804813385010e-01
1.094309091567993164e+00
9.145960807800292969e-01
8.684211373329162598e-01
1.162385344505310059e+00
2.437295436859130859e+00
2.466642141342163086e+00
1.927150189876556396e-01
1.205187886953353882e-01
6.971830725669860840e-01
0.000000000000000000e+00
2.283362150192260742e-01
