2.410141229629516602e-01
0.000000000000000000e+00
8.379808813333511353e-02
2.089159488677978516e+00
6.710662841796875000e-01
5.295823514461517334e-02
4.380496144294738770e-01
2.708958387374877930e+00
6.746117115020751953e+00
1.209070801734924316e+00
3.148560225963592529e-01
1.403730988502502441e+00
7.278683781623840332e-01
1.116754651069641113e+00
2.779764652252197266e+00
9.141390323638916016e-01
8.389956355094909668e-01
2.901485443115234375e+00
8.327440619468688965e-01
2.153117060661315918e-01
1.779464244842529297e+00
0.000000000000000000e+00
1.464707218110561371e-02
2.378000736236572266e+00
1.617939025163650513e-01
9.665509685873985291e-03
1.986159533262252808e-01
2.562384128570556641e+00
5.180445313453674316e-01
0.000000000000000000e+00
3.130794465541839600e-01
3.391141071915626526e-02
7.216560244560241699e-01
4.360953271389007568e-01
9.088802337646484375e-01
3.934724330902099609e+00
9.330584108829498291e-02
2.625051513314247131e-02
9.530220627784729004e-01
4.497023522853851318e-01
4.867606461048126221e-01
5.832948684692382812e-01
1.163376793265342712e-01
4.087428569793701172e+00
1.112835168838500977e+00
7.904691100120544434e-01
3.693040311336517334e-01
8.680941462516784668e-01
1.824109554290771484e-01
1.757056474685668945e+00
2.570170164108276367e+00
0.000000000000000000e+00
1.652216553688049316e+00
4.334683120250701904e-01
9.665454030036926270e-01
1.123322620987892151e-01
4.868927001953125000e-01
1.458091381937265396e-02
1.247996926307678223e+00
3.212737441062927246e-01
1.022866070270538330e-01
2.237611822783946991e-02
3.536763833835721016e-03
9.675575494766235352e-01
2.382387161254882812e+00
4.471700787544250488e-01
1.128622703254222870e-02
2.955180108547210693e-01
1.112457394599914551e+00
2.798508703708648682e-01
0.000000000000000000e+00
3.155472874641418457e-01
3.367209434509277344e-01
2.839386165142059326e-01
6.612404584884643555e-01
1.929366111755371094e+00
1.504282583482563496e-03
7.055202126502990723e-01
5.752513408660888672e-01
1.073831439018249512e+00
0.000000000000000000e+00
7.430975437164306641e-01
2.380972146987915039e+00
2.632397972047328949e-02
2.158457279205322266e+00
8.900169283151626587e-02
1.503826618194580078e+00
3.503864258527755737e-02
6.797924041748046875e-01
3.859914373606443405e-03
1.486250460147857666e-01
2.854040078818798065e-02
3.921847417950630188e-02
0.000000000000000000e+00
1.076125264167785645e+00
2.860519103705883026e-02
1.160796046257019043e+00
3.840509951114654541e-01
1.969432383775711060e-01
0.000000000000000000e+00
2.804299583658576012e-03
3.010469973087310791e-01
0.000000000000000000e+00
5.616044998168945312e-01
1.120386481285095215e+00
4.078250750899314880e-02
1.411787986755371094e+00
5.486761331558227539e-01
1.091487854719161987e-01
3.539713621139526367e-01
2.334266185760498047e+00
5.607470870018005371e-03
9.624057412147521973e-01
7.022158503532409668e-01
7.403751015663146973e-01
9.535649418830871582e-02
2.836133837699890137e-01
1.321272831410169601e-02
5.983872413635253906e-01
1.978194236755371094e+00
1.297584414482116699e+00
8.083380460739135742e-01
8.175375987775623798e-04
1.452833056449890137e+00
5.019184350967407227e-01
6.353374123573303223e-01
0.000000000000000000e+00
2.542914748191833496e-01
2.090236425399780273e+00
1.459625810384750366e-01
0.000000000000000000e+00
1.112644195556640625e+00
6.528887748718261719e-01
9.014105051755905151e-02
1.983425766229629517e-01
0.000000000000000000e+00
4.621951282024383545e-02
4.927362918853759766e+00
0.000000000000000000e+00
9.585728496313095093e-02
6.361448168754577637e-01
4.154025316238403320e-01
2.219308853149414062e+00
0.000000000000000000e+00
7.423024624586105347e-02
3.587277531623840332e-01
6.751594543457031250e-01
8.984527587890625000e-01
1.118497610092163086e+00
2.240352928638458252e-01
7.043585777282714844e+00
2.134166657924652100e-01
5.409367848187685013e-03
4.182671308517456055e-01
1.935952544212341309e+00
1.178548932075500488e+00
1.499004215002059937e-01
4.294927418231964111e-01
2.626889228820800781e+00
3.708217740058898926e-01
1.561809331178665161e-01
1.169526219367980957e+00
1.119775056838989258e+00
1.112216338515281677e-01
1.568457335233688354e-01
4.648634493350982666e-01
7.340144366025924683e-04
0.000000000000000000e+00
1.470442414283752441e+00
4.181357383728027344e+00
4.020885527133941650e-01
2.369722127914428711e-01
1.213988289237022400e-01
1.171155333518981934e+00
2.567409873008728027e-01
7.682284355163574219e+00
0.000000000000000000e+00
1.026035621762275696e-01
3.865801393985748291e-01
4.594880715012550354e-02
0.000000000000000000e+00
0.000000000000000000e+00
3.105801045894622803e-01
3.080778121948242188e+00
2.553780078887939453e-01
3.456753864884376526e-02
3.239048123359680176e-01
4.170584678649902344e-01
0.000000000000000000e+00
3.383020171895623207e-03
0.000000000000000000e+00
1.471101790666580200e-01
5.108549594879150391e-01
4.378175735473632812e-01
5.486781597137451172e-01
5.554684400558471680e-01
7.667720913887023926e-01
3.184316456317901611e-01
4.808750450611114502e-01
5.448513627052307129e-01
1.160800814628601074e+00
2.567117810249328613e-01
6.769788265228271484e-01
8.644793629646301270e-01
2.478289604187011719e-01
1.275894194841384888e-01
2.221175432205200195e-01
8.803098648786544800e-02
3.817616030573844910e-02
1.132509589195251465e+00
2.869829535484313965e-02
4.178468883037567139e-02
5.414614677429199219e-01
8.531985878944396973e-01
7.615234255790710449e-01
6.510896086692810059e-01
1.025583371520042419e-01
4.219332337379455566e-02
1.261023044586181641e+00
1.592248201370239258e+00
0.000000000000000000e+00
2.189762294292449951e-01
3.353633284568786621e-01
8.562498539686203003e-02
1.323972344398498535e-01
0.000000000000000000e+00
3.914129361510276794e-02
6.963589042425155640e-02
2.381518669426441193e-02
5.155623704195022583e-02
8.314791321754455566e-02
3.071455061435699463e-01
1.835461497306823730e+00
3.268865823745727539e+00
5.537294149398803711e-01
9.083412289619445801e-01
2.006243944168090820e+00
1.011654958128929138e-01
7.630289765074849129e-04
9.418579936027526855e-01
1.113602742552757263e-01
1.483702659606933594e-02
7.483114954084157944e-03
3.843502998352050781e+00
5.081003308296203613e-01
1.026757478713989258e+00
9.889605641365051270e-01
0.000000000000000000e+00
1.115236163139343262e+00
1.260188817977905273e+00
0.000000000000000000e+00
1.486050337553024292e-01
4.972580447793006897e-02
1.464265704154968262e+00
7.985054850578308105e-01
2.348126843571662903e-03
1.783907860517501831e-01
0.000000000000000000e+00
4.527400434017181396e-02
2.209015190601348877e-03
1.197794437408447266e+00
1.948579102754592896e-01
1.443479023873806000e-02
2.047189511358737946e-02
0.000000000000000000e+00
3.086843714118003845e-02
2.524422407150268555e+00
1.092816144227981567e-02
0.000000000000000000e+00
0.000000000000000000e+00
1.411870479583740234e+00
2.384698018431663513e-02
7.537907958030700684e-01
7.479370385408401489e-02
1.506981849670410156e-01
5.450276732444763184e-01
1.484321081079542637e-03
6.151264309883117676e-01
1.177595257759094238e+00
6.032316386699676514e-02
6.670916080474853516e-02
2.185092419385910034e-01
2.791998386383056641e-01
4.328963458538055420e-01
5.326568484306335449e-01
9.787986874580383301e-01
8.372646570205688477e-01
1.057448387145996094e-01
6.879527568817138672e-01
1.956605352461338043e-03
1.665943861007690430e+00
1.724312305450439453e+00
7.504875957965850830e-02
4.540259018540382385e-02
3.548816218972206116e-02
3.120228350162506104e-01
2.208033204078674316e-01
1.854415386915206909e-01
1.804689764976501465e+00
6.048105716705322266e+00
2.090213149785995483e-01
7.515439391136169434e-02
1.052115708589553833e-01
2.416513673961162567e-02
1.132895331829786301e-02
4.502710402011871338e-01
0.000000000000000000e+00
5.360409151762723923e-03
9.495691629126667976e-04
2.635861933231353760e-01
6.303098797798156738e-01
0.000000000000000000e+00
0.000000000000000000e+00
1.333705186843872070e+00
3.175132274627685547e-01
2.716553807258605957e-01
0.000000000000000000e+00
3.293969333171844482e-01
8.858238458633422852e-01
6.397827863693237305e-01
1.532246112823486328e+00
0.000000000000000000e+00
1.002804264426231384e-01
3.260881826281547546e-02
5.040095746517181396e-02
6.640317440032958984e-01
2.268017269670963287e-02
0.000000000000000000e+00
6.300398111343383789e-01
4.724468290805816650e-01
0.000000000000000000e+00
0.000000000000000000e+00
1.102809548377990723e+00
0.000000000000000000e+00
5.977588519454002380e-02
1.559801995754241943e-01
1.519104599952697754e+00
3.627957403659820557e-02
8.332584500312805176e-01
1.850593566894531250e+00
4.613694548606872559e-01
0.000000000000000000e+00
1.855773478746414185e-01
4.585310444235801697e-02
9.859850406646728516e-01
9.957516789436340332e-01
2.544729411602020264e-01
0.000000000000000000e+00
3.625550568103790283e-01
3.007318377494812012e-01
1.114429235458374023e-01
1.389484763145446777e+00
4.640116691589355469e-01
6.348204333335161209e-03
4.292111694812774658e-01
7.804405093193054199e-01
0.000000000000000000e+00
1.347070932388305664e-01
0.000000000000000000e+00
5.589908361434936523e-01
1.819882690906524658e-01
0.000000000000000000e+00
8.489458560943603516e-01
7.921110987663269043e-01
1.510583639144897461e+00
7.068113684654235840e-01
2.748849689960479736e-01
1.711517453193664551e+00
2.289587259292602539e+00
0.000000000000000000e+00
8.656528592109680176e-01
1.303152203559875488e+00
1.037816762924194336e+00
1.347361207008361816e-01
1.175972223281860352e+00
0.000000000000000000e+00
1.017740927636623383e-02
1.642743498086929321e-02
0.000000000000000000e+00
6.445613503456115723e-01
0.000000000000000000e+00
3.318320989608764648e+00
2.137313604354858398e+00
2.911882400512695312e-01
0.000000000000000000e+00
5.013716220855712891e-01
8.797198534011840820e-03
0.000000000000000000e+00
0.000000000000000000e+00
2.907335292547941208e-03
7.464971542358398438e-01
3.573462599888443947e-03
0.000000000000000000e+00
1.845871806144714355e-01
1.228204276412725449e-02
8.718022704124450684e-01
1.275770545005798340e+00
4.857001826167106628e-02
4.499643109738826752e-03
1.532368063926696777e+00
2.778880596160888672e-01
1.313321352005004883e+00
0.000000000000000000e+00
2.636843621730804443e-01
1.586575508117675781e+00
1.100676178932189941e+00
1.040705084800720215e+00
5.254772901535034180e-01
1.847629427909851074e+00
7.088981866836547852e-01
1.626744270324707031e-01
2.203067019581794739e-02
4.800265431404113770e-01
1.763767004013061523e+00
1.446289010345935822e-02
0.000000000000000000e+00
4.903292655944824219e+00
1.100916881114244461e-02
6.144670844078063965e-01
8.824543952941894531e-01
2.506109476089477539e-01
5.035083293914794922e-01
0.000000000000000000e+00
2.376869678497314453e+00
1.013730525970458984e+00
6.453207731246948242e-01
1.202567100524902344e+00
2.500872135162353516e+00
0.000000000000000000e+00
7.724655866622924805e-01
4.062850028276443481e-03
3.417645115405321121e-03
2.002250170335173607e-03
0.000000000000000000e+00
2.330952882766723633e-01
8.028069883584976196e-02
1.991617381572723389e-01
5.667467485181987286e-04
9.483381509780883789e-01
2.065796256065368652e-01
1.121604561805725098e+00
0.000000000000000000e+00
2.096114754676818848e-01
1.401769816875457764e-01
3.172588944435119629e-01
1.160994824022054672e-02
0.000000000000000000e+00
9.559910977259278297e-04
7.609730958938598633e-01
1.479703545570373535e+00
3.044039309024810791e-01
8.295932784676551819e-03
2.162941455841064453e+00
0.000000000000000000e+00
1.076158285140991211e+00
3.250658512115478516e-01
4.760092794895172119e-01
6.815792918205261230e-01
0.000000000000000000e+00
1.488738656044006348e+00
2.347941398620605469e+00
1.768378466367721558e-01
3.286828517913818359e+00
1.632850021123886108e-01
8.809413909912109375e-01
2.406915277242660522e-01
0.000000000000000000e+00
1.895648241043090820e-01
1.057678699493408203e+00
9.559701085090637207e-01
0.000000000000000000e+00
1.590955406427383423e-01
3.327043950557708740e-01
4.748899936676025391e-01
3.009538173675537109e+00
3.277170062065124512e-01
6.445295643061399460e-03
5.327302590012550354e-02
2.722767293453216553e-01
1.025739669799804688e+00
5.787769332528114319e-02
2.672672271728515625e-04
0.000000000000000000e+00
1.316635370254516602e+00
7.681155800819396973e-01
6.804737262427806854e-03
5.610559582710266113e-01
9.290521964430809021e-03
1.643312335014343262e+00
1.774450298398733139e-03
3.187827169895172119e-01
3.227651119232177734e-01
0.000000000000000000e+00
8.021649718284606934e-02
5.407788753509521484e-01
1.311659365892410278e-01
9.136307239532470703e-01
3.409256935119628906e+00
1.726219356060028076e-01
0.000000000000000000e+00
1.857948452234268188e-01
1.275704145431518555e+00
2.642521262168884277e-01
9.761014580726623535e-01
5.001236796379089355e-01
2.254593372344970703e+00
1.883845210075378418e+00
5.202543139457702637e-01
2.580932378768920898e-01
1.087693333625793457e+00
0.000000000000000000e+00
5.572526156902313232e-02
