1.510416269302368164e-01
0.000000000000000000e+00
1.552802622318267822e-01
2.564137697219848633e+00
4.073856174945831299e-01
4.688439965248107910e-01
7.583915591239929199e-01
3.373461008071899414e+00
7.385612487792968750e+00
1.354495167732238770e+00
8.022043853998184204e-02
1.890269041061401367e+00
6.179135441780090332e-01
9.637644290924072266e-01
2.327997446060180664e+00
1.165194392204284668e+00
8.276206851005554199e-01
2.456757068634033203e+00
8.546190857887268066e-01
2.376674413681030273e-01
2.028616189956665039e+00
0.000000000000000000e+00
1.613661348819732666e-01
2.441178321838378906e+00
5.983828008174896240e-02
0.000000000000000000e+00
5.484382621943950653e-03
2.512853860855102539e+00
2.981787621974945068e-01
8.199700713157653809e-02
4.703067243099212646e-02
1.046506315469741821e-01
8.394389152526855469e-01
1.193556666374206543e+00
7.468082308769226074e-01
3.519023180007934570e+00
2.943660318851470947e-01
0.000000000000000000e+00
6.385211944580078125e-01
8.190111517906188965e-01
3.750802874565124512e-01
2.746136188507080078e-01
2.782687544822692871e-01
4.250953674316406250e+00
5.641141533851623535e-01
1.203482985496520996e+00
4.268501400947570801e-01
1.217688560485839844e+00
3.325589895248413086e-01
1.535907745361328125e+00
2.814499378204345703e+00
0.000000000000000000e+00
1.741775631904602051e+00
1.466405540704727173e-01
9.890720248222351074e-01
2.205666713416576385e-02
2.137338817119598389e-01
1.985525041818618774e-01
2.021101951599121094e+00
1.252088099718093872e-01
3.453567996621131897e-02
5.697480216622352600e-02
1.341884053545072675e-04
7.976298332214355469e-01
2.124466419219970703e+00
5.726630091667175293e-01
2.074588276445865631e-02
4.492481052875518799e-01
1.180223226547241211e+00
2.916168868541717529e-01
0.000000000000000000e+00
0.000000000000000000e+00
1.253802143037319183e-02
1.100860595703125000e+00
4.150339066982269287e-01
1.409617185592651367e+00
1.505525968968868256e-02
8.982697725296020508e-01
2.950350344181060791e-01
1.434020996093750000e+00
6.524477619677782059e-03
8.417196273803710938e-01
3.093415498733520508e+00
0.000000000000000000e+00
2.386842250823974609e+00
2.481214553117752075e-01
1.357808470726013184e+00
0.000000000000000000e+00
6.644928455352783203e-01
2.047382481396198273e-02
6.150261685252189636e-02
0.000000000000000000e+00
2.707853447645902634e-03
0.000000000000000000e+00
6.814356446266174316e-01
3.893705904483795166e-01
1.115620136260986328e+00
6.380018591880798340e-01
1.391568779945373535e-01
7.696294784545898438e-02
2.781672636047005653e-03
1.069605350494384766e-01
4.286978021264076233e-02
1.790546894073486328e+00
1.361222267150878906e+00
4.963880032300949097e-02
1.485947608947753906e+00
3.467346131801605225e-01
3.912457227706909180e-01
7.887225747108459473e-01
1.808143377304077148e+00
6.000260636210441589e-02
7.703702449798583984e-01
3.085104823112487793e-01
8.707947134971618652e-01
1.768890619277954102e-01
5.619593262672424316e-01
2.012688666582107544e-01
9.282283186912536621e-01
2.185047388076782227e+00
1.154456138610839844e+00
5.950532555580139160e-01
6.235140934586524963e-02
1.470472216606140137e+00
5.147014856338500977e-01
7.158249020576477051e-01
0.000000000000000000e+00
5.830174684524536133e-01
1.908905267715454102e+00
1.381780058145523071e-01
2.483247406780719757e-02
1.191870689392089844e+00
3.802537620067596436e-01
1.674873530864715576e-01
4.404538869857788086e-01
2.815190143883228302e-02
1.591344624757766724e-01
4.789160728454589844e+00
0.000000000000000000e+00
2.905911207199096680e-02
3.520162999629974365e-01
2.560507655143737793e-01
1.566655755043029785e+00
3.229558095335960388e-02
6.657976657152175903e-02
2.103882133960723877e-01
7.761238217353820801e-01
6.224495768547058105e-01
1.675878643989562988e+00
1.286679506301879883e-01
6.408754825592041016e+00
2.871534824371337891e-01
5.771107673645019531e-01
4.483832418918609619e-01
1.995786309242248535e+00
1.922116279602050781e+00
1.246382370591163635e-01
1.896193176507949829e-01
2.308764696121215820e+00
2.283207178115844727e-01
8.349461108446121216e-02
1.146787405014038086e+00
7.196471691131591797e-01
7.580884546041488647e-02
2.138091772794723511e-01
6.128512024879455566e-01
3.146164864301681519e-02
0.000000000000000000e+00
1.270227909088134766e+00
3.353271484375000000e+00
6.681259274482727051e-01
6.709898710250854492e-01
2.237643301486968994e-01
1.038686752319335938e+00
4.823301136493682861e-01
7.588286399841308594e+00
0.000000000000000000e+00
1.577479988336563110e-01
2.918505072593688965e-01
1.110306829214096069e-01
0.000000000000000000e+00
6.171894818544387817e-02
6.013860702514648438e-01
3.159852504730224609e+00
4.401606693863868713e-02
6.274039391428232193e-03
5.745279788970947266e-01
5.310258269309997559e-01
0.000000000000000000e+00
1.249683052301406860e-01
0.000000000000000000e+00
1.256512254476547241e-01
9.235578179359436035e-01
7.284114360809326172e-01
1.766147136688232422e+00
8.270564675331115723e-01
8.329059481620788574e-01
3.629837632179260254e-01
3.415164351463317871e-01
5.500921607017517090e-01
1.125953912734985352e+00
1.955134421586990356e-01
1.014397859573364258e+00
8.599739670753479004e-01
8.024283051490783691e-01
8.465529978275299072e-02
1.045477271080017090e+00
8.961012586951255798e-03
0.000000000000000000e+00
1.264579415321350098e+00
2.941536307334899902e-01
3.727698326110839844e-01
4.631026685237884521e-01
8.760553002357482910e-01
8.429594635963439941e-01
7.858320474624633789e-01
2.963003516197204590e-01
1.912428438663482666e-01
1.697671055793762207e+00
1.212025165557861328e+00
4.704786930233240128e-03
4.055861830711364746e-01
3.468324542045593262e-01
1.700782589614391327e-02
9.373753517866134644e-02
0.000000000000000000e+00
3.024490773677825928e-01
5.233523845672607422e-01
2.632102183997631073e-02
1.605377644300460815e-01
6.942299008369445801e-02
3.484380543231964111e-01
1.899423718452453613e+00
2.519494295120239258e+00
4.939406812191009521e-01
1.043410420417785645e+00
2.597517251968383789e+00
4.884674847126007080e-01
2.410708367824554443e-02
1.416434168815612793e+00
5.556761287152767181e-03
6.069551687687635422e-03
1.398738175630569458e-01
3.468212127685546875e+00
9.510739445686340332e-01
8.202116489410400391e-01
1.183954000473022461e+00
5.934352055191993713e-03
1.407876610755920410e+00
1.187990665435791016e+00
1.625305856578052044e-03
4.476927816867828369e-01
2.782962657511234283e-02
1.311793208122253418e+00
1.009230613708496094e+00
2.590593993663787842e-01
3.203009963035583496e-01
0.000000000000000000e+00
1.894314736127853394e-01
8.511063456535339355e-02
1.373059630393981934e+00
3.810199797153472900e-01
1.148521248251199722e-02
8.154307492077350616e-03
0.000000000000000000e+00
9.395736269652843475e-03
2.303566932678222656e+00
1.432722620666027069e-02
7.825039210729300976e-04
3.915961831808090210e-02
1.908455967903137207e+00
1.247450523078441620e-02
6.974502801895141602e-01
3.491058349609375000e-01
6.703480333089828491e-02
4.604789018630981445e-01
1.596313416957855225e-01
1.254804134368896484e+00
1.211782455444335938e+00
9.751828014850616455e-02
2.936143577098846436e-01
5.969655513763427734e-01
1.326501965522766113e-01
3.776606321334838867e-01
6.230982542037963867e-01
8.470960259437561035e-01
1.487191319465637207e+00
2.558772824704647064e-02
4.758147001266479492e-01
9.226020425558090210e-02
2.049920082092285156e+00
1.576765656471252441e+00
7.324385223910212517e-04
1.378203183412551880e-01
2.414056062698364258e-01
2.713045775890350342e-01
3.815206587314605713e-01
1.380183100700378418e-01
1.758094549179077148e+00
5.922806739807128906e+00
3.453380763530731201e-01
8.797691017389297485e-02
6.903404593467712402e-01
4.208681359887123108e-02
5.764271598309278488e-03
2.605394721031188965e-01
0.000000000000000000e+00
0.000000000000000000e+00
4.617949016392230988e-03
6.327000260353088379e-01
6.552853584289550781e-01
1.371089275926351547e-02
5.018993094563484192e-02
1.413704633712768555e+00
9.091747552156448364e-02
7.485641241073608398e-01
0.000000000000000000e+00
1.909669339656829834e-01
1.024680614471435547e+00
2.347287535667419434e-01
1.853940844535827637e+00
0.000000000000000000e+00
2.774249911308288574e-01
2.661180868744850159e-02
0.000000000000000000e+00
7.718399763107299805e-01
5.677238223142921925e-04
0.000000000000000000e+00
6.677966117858886719e-01
4.648855030536651611e-01
0.000000000000000000e+00
0.000000000000000000e+00
1.225778222084045410e+00
0.000000000000000000e+00
4.513528943061828613e-02
1.116146519780158997e-01
9.939286112785339355e-01
2.501497268676757812e-01
6.645591855049133301e-01
1.605925202369689941e+00
1.512738466262817383e-01
6.041353940963745117e-02
2.582283616065979004e-01
4.130198806524276733e-02
5.274622440338134766e-01
1.279539465904235840e+00
1.538997888565063477e-01
1.070074620656669140e-03
5.000590682029724121e-01
3.995885848999023438e-01
1.236954703927040100e-01
8.495817780494689941e-01
3.208897411823272705e-01
4.280189517885446548e-03
4.368451982736587524e-02
6.138188838958740234e-01
0.000000000000000000e+00
9.877450764179229736e-02
3.419581055641174316e-02
5.011414885520935059e-01
3.563077747821807861e-01
5.293693859130144119e-03
1.265899419784545898e+00
5.619034171104431152e-01
1.872542619705200195e+00
1.569170355796813965e+00
6.640062928199768066e-01
2.253681898117065430e+00
1.752150654792785645e+00
0.000000000000000000e+00
5.477817058563232422e-01
1.183114767074584961e+00
1.196314096450805664e+00
4.525960683822631836e-01
1.491940259933471680e+00
0.000000000000000000e+00
5.484747886657714844e-02
7.212363649159669876e-03
7.491973042488098145e-02
7.204601168632507324e-01
8.335983008146286011e-02
4.083877563476562500e+00
1.586762785911560059e+00
7.145093083381652832e-01
0.000000000000000000e+00
2.453431636095046997e-01
2.755982242524623871e-02
0.000000000000000000e+00
0.000000000000000000e+00
1.550415810197591782e-02
2.135383188724517822e-01
1.168722659349441528e-01
0.000000000000000000e+00
4.596885293722152710e-02
2.288454025983810425e-01
6.837639808654785156e-01
1.384844899177551270e+00
1.532294880598783493e-02
1.891352236270904541e-03
1.457605957984924316e+00
6.619761139154434204e-02
1.028729915618896484e+00
0.000000000000000000e+00
1.597723662853240967e-01
1.337111830711364746e+00
1.025127172470092773e+00
1.897779107093811035e+00
6.493788957595825195e-02
1.596996545791625977e+00
5.841227173805236816e-01
1.968308240175247192e-01
1.330909132957458496e-01
2.166109681129455566e-01
2.082824707031250000e+00
7.321806997060775757e-02
1.006236895918846130e-01
4.596088409423828125e+00
9.419085830450057983e-02
5.140842199325561523e-01
1.077288746833801270e+00
1.710708737373352051e-01
4.238660037517547607e-01
0.000000000000000000e+00
2.875241041183471680e+00
5.218622684478759766e-01
7.622239589691162109e-01
8.449710011482238770e-01
2.223822832107543945e+00
0.000000000000000000e+00
1.339091420173645020e+00
2.366429381072521210e-02
3.333176299929618835e-02
1.193208768963813782e-01
1.008173264563083649e-02
2.991958856582641602e-01
1.602222621440887451e-01
2.633569538593292236e-01
4.907303676009178162e-02
4.224952757358551025e-01
8.700627684593200684e-01
1.405723571777343750e+00
0.000000000000000000e+00
4.740957021713256836e-01
5.893406867980957031e-01
6.228892207145690918e-01
2.975908340886235237e-03
0.000000000000000000e+00
5.136519670486450195e-03
6.328447461128234863e-01
1.402700424194335938e+00
3.879075646400451660e-01
1.706075966358184814e-01
1.943034052848815918e+00
7.293702103197574615e-03
1.155772805213928223e+00
4.737203717231750488e-01
4.725962877273559570e-01
3.119925856590270996e-01
0.000000000000000000e+00
1.317714333534240723e+00
2.738076210021972656e+00
3.244547545909881592e-01
3.871076345443725586e+00
3.808794617652893066e-01
6.050127744674682617e-01
6.304690986871719360e-02
1.941779069602489471e-02
1.563993096351623535e-01
1.819938421249389648e+00
5.209075808525085449e-01
3.224403038620948792e-02
2.345991730690002441e-01
2.143057137727737427e-01
6.962049007415771484e-01
2.743314504623413086e+00
6.477270722389221191e-01
4.541459493339061737e-03
3.718463182449340820e-01
3.278914093971252441e-01
7.167035937309265137e-01
1.236724257469177246e-01
5.036064982414245605e-02
2.145981043577194214e-02
1.055081009864807129e+00
8.108336329460144043e-01
2.181021496653556824e-02
2.339734137058258057e-01
1.465069055557250977e-01
1.996475815773010254e+00
2.769074141979217529e-01
5.827846750617027283e-02
2.221297323703765869e-01
2.249571681022644043e-02
3.187457323074340820e-01
9.920172095298767090e-01
5.332012102007865906e-02
1.927870362997055054e-01
2.981381416320800781e+00
3.622486293315887451e-01
0.000000000000000000e+00
2.940506935119628906e-01
8.932519555091857910e-01
7.760282158851623535e-01
1.289982080459594727e+00
1.268310189247131348e+00
2.270765542984008789e+00
2.186289548873901367e+00
4.220697283744812012e-01
4.284366592764854431e-02
8.201499581336975098e-01
0.000000000000000000e+00
1.686096489429473877e-01
