2.174534052610397339e-01
0.000000000000000000e+00
5.112653598189353943e-02
2.147883892059326172e+00
6.280847787857055664e-01
4.911057949066162109e-01
8.899093866348266602e-01
2.724202871322631836e+00
7.756783485412597656e+00
1.546592235565185547e+00
1.353751718997955322e-01
1.864688873291015625e+00
4.919221699237823486e-01
1.131937742233276367e+00
2.103616476058959961e+00
1.377402782440185547e+00
6.198019385337829590e-01
2.286907911300659180e+00
8.585246205329895020e-01
9.158194810152053833e-02
2.764239311218261719e+00
3.381245536729693413e-03
2.511520087718963623e-01
2.382158994674682617e+00
2.220784425735473633e-01
0.000000000000000000e+00
4.398928582668304443e-02
1.999852657318115234e+00
2.091099023818969727e-01
2.990311384201049805e-02
1.551145128905773163e-02
1.520040258765220642e-02
6.967715024948120117e-01
1.147774696350097656e+00
6.671001315116882324e-01
3.446997165679931641e+00
3.648881912231445312e-01
4.014230519533157349e-02
9.122055768966674805e-01
9.437216520309448242e-01
4.045037031173706055e-01
1.270999312400817871e-01
5.850132703781127930e-01
5.708599567413330078e+00
6.939502358436584473e-01
1.252624154090881348e+00
2.514159381389617920e-01
1.145906209945678711e+00
8.672702312469482422e-02
1.955109596252441406e+00
3.598744153976440430e+00
0.000000000000000000e+00
2.230499267578125000e+00
1.400418728590011597e-01
8.039912581443786621e-01
6.596380472183227539e-02
1.121625378727912903e-01
3.688457310199737549e-01
1.831356048583984375e+00
1.630211770534515381e-01
0.000000000000000000e+00
1.599786058068275452e-02
4.349212348461151123e-02
1.220740795135498047e+00
1.864251255989074707e+00
6.781340241432189941e-01
2.029002010822296143e-01
4.269009232521057129e-01
1.261714816093444824e+00
6.940729916095733643e-02
0.000000000000000000e+00
5.015113949775695801e-02
1.490494143217802048e-02
1.771255016326904297e+00
7.744314074516296387e-01
1.590289831161499023e+00
0.000000000000000000e+00
8.955033421516418457e-01
4.988159835338592529e-01
1.628543257713317871e+00
2.551905345171689987e-03
6.855606436729431152e-01
2.683350086212158203e+00
0.000000000000000000e+00
2.677276611328125000e+00
3.431835770606994629e-02
1.060874104499816895e+00
1.827360130846500397e-03
5.561934113502502441e-01
4.167458973824977875e-03
1.508655697107315063e-01
0.000000000000000000e+00
0.000000000000000000e+00
0.000000000000000000e+00
7.241485118865966797e-01
2.172197252511978149e-01
1.192041277885437012e+00
6.369835734367370605e-01
1.233696714043617249e-01
1.655811443924903870e-02
0.000000000000000000e+00
2.810562551021575928e-01
5.791290663182735443e-03
9.770236015319824219e-01
1.161195874214172363e+00
1.425108611583709717e-01
1.214992165565490723e+00
4.183969497680664062e-01
2.521238327026367188e-01
6.286231875419616699e-01
1.367935299873352051e+00
1.016362980008125305e-01
8.064122200012207031e-01
1.125073060393333435e-02
9.033082127571105957e-01
2.253214567899703979e-01
3.368699848651885986e-01
1.148112937808036804e-01
1.506151437759399414e+00
2.457938671112060547e+00
9.733324646949768066e-01
6.988599896430969238e-01
3.498993581160902977e-03
1.955852866172790527e+00
9.300220608711242676e-01
1.103570222854614258e+00
0.000000000000000000e+00
7.741262316703796387e-01
2.195340633392333984e+00
5.042444914579391479e-02
3.322971612215042114e-02
1.563104391098022461e+00
3.819947838783264160e-01
7.177765667438507080e-02
4.023911654949188232e-01
6.885965913534164429e-02
1.827548593282699585e-01
5.155138969421386719e+00
0.000000000000000000e+00
4.108054190874099731e-02
2.677994966506958008e-01
1.859689801931381226e-01
1.827921628952026367e+00
0.000000000000000000e+00
0.000000000000000000e+00
3.166441619396209717e-01
1.303246498107910156e+00
7.125835418701171875e-01
9.678208827972412109e-01
3.022965230047702789e-02
6.343822002410888672e+00
3.349225521087646484e-01
2.809507846832275391e-01
4.771729707717895508e-01
2.362382173538208008e+00
1.779960751533508301e+00
5.567489191889762878e-02
1.380850970745086670e-01
2.066797733306884766e+00
7.225993871688842773e-01
9.846104308962821960e-03
1.216494679450988770e+00
4.625610709190368652e-01
2.348504029214382172e-02
2.045274376869201660e-01
5.804377198219299316e-01
1.068309843540191650e-01
0.000000000000000000e+00
1.080104231834411621e+00
3.599589347839355469e+00
6.454142928123474121e-01
7.822436094284057617e-01
1.568708866834640503e-01
7.292100191116333008e-01
5.117421746253967285e-01
7.709265708923339844e+00
0.000000000000000000e+00
2.653408981859683990e-02
5.204340219497680664e-01
2.904166281223297119e-01
0.000000000000000000e+00
5.636209249496459961e-02
9.202584028244018555e-01
3.849457263946533203e+00
3.790267184376716614e-02
0.000000000000000000e+00
6.432007551193237305e-01
1.227165818214416504e+00
0.000000000000000000e+00
1.242322754114866257e-02
0.000000000000000000e+00
1.460905373096466064e-01
9.721538424491882324e-01
8.465633392333984375e-01
1.661395549774169922e+00
1.084303855895996094e+00
1.000783681869506836e+00
2.603095769882202148e-01
6.525563597679138184e-01
2.402724027633666992e-01
9.742940664291381836e-01
1.627636253833770752e-01
8.672773241996765137e-01
1.033573031425476074e+00
5.869964361190795898e-01
3.064436279237270355e-02
1.264939785003662109e+00
1.005905792117118835e-01
2.848804183304309845e-02
1.010484337806701660e+00
2.413510680198669434e-01
1.912742555141448975e-01
8.019483685493469238e-01
1.002648115158081055e+00
7.156364321708679199e-01
9.207720160484313965e-01
6.628351658582687378e-02
6.748842447996139526e-02
2.033156156539916992e+00
1.122147083282470703e+00
0.000000000000000000e+00
2.985971271991729736e-01
2.461766898632049561e-01
5.911401659250259399e-02
2.464478760957717896e-01
0.000000000000000000e+00
1.342470645904541016e-01
5.804087519645690918e-01
3.776641562581062317e-02
1.986796408891677856e-01
8.496001362800598145e-02
5.306163430213928223e-01
2.045978784561157227e+00
2.418509721755981445e+00
2.622436881065368652e-01
8.510048389434814453e-01
2.673072814941406250e+00
2.786049842834472656e-01
7.708522491157054901e-03
1.054399728775024414e+00
4.702286794781684875e-02
6.442900281399488449e-03
4.912040755152702332e-02
4.155112266540527344e+00
1.144680261611938477e+00
1.287406682968139648e+00
9.853470325469970703e-01
1.512692123651504517e-02
1.546835303306579590e+00
1.325043678283691406e+00
0.000000000000000000e+00
6.203677058219909668e-01
3.111165761947631836e-02
1.711544752120971680e+00
1.512706756591796875e+00
1.333683729171752930e-01
6.915593892335891724e-02
0.000000000000000000e+00
1.644638925790786743e-01
4.248583912849426270e-01
1.478185296058654785e+00
1.954506784677505493e-01
0.000000000000000000e+00
2.926277369260787964e-02
0.000000000000000000e+00
4.002830944955348969e-03
2.229454994201660156e+00
8.121948689222335815e-02
7.781853526830673218e-02
3.207639791071414948e-03
2.139861822128295898e+00
0.000000000000000000e+00
9.721289277076721191e-01
3.251788914203643799e-01
8.793456107378005981e-02
4.069398939609527588e-01
1.461919397115707397e-01
7.208460569381713867e-01
1.038718104362487793e+00
5.133419111371040344e-02
1.754417717456817627e-01
7.089701890945434570e-01
6.365977227687835693e-03
5.238289237022399902e-01
8.685349822044372559e-01
1.114798903465270996e+00
7.461083531379699707e-01
4.104638844728469849e-02
2.306690812110900879e-01
4.507313424255698919e-04
2.322502136230468750e+00
1.269862413406372070e+00
2.134727388620376587e-01
6.648926436901092529e-02
1.607644408941268921e-01
1.466917693614959717e-01
4.228896200656890869e-01
1.161754354834556580e-01
1.760924935340881348e+00
6.167132854461669922e+00
4.804906845092773438e-01
1.674738712608814240e-02
5.080592036247253418e-01
0.000000000000000000e+00
1.192793175578117371e-01
2.191145718097686768e-01
4.715563729405403137e-03
0.000000000000000000e+00
1.923119649291038513e-02
7.333282232284545898e-01
6.674665808677673340e-01
7.550002075731754303e-03
1.507904231548309326e-01
1.424986839294433594e+00
2.820352092385292053e-02
5.898004770278930664e-01
0.000000000000000000e+00
3.834377825260162354e-01
1.394986391067504883e+00
2.910856008529663086e-01
2.214992284774780273e+00
0.000000000000000000e+00
3.165680766105651855e-01
6.650684028863906860e-02
7.985135540366172791e-03
3.336946964263916016e-01
0.000000000000000000e+00
0.000000000000000000e+00
7.828004360198974609e-01
3.391092121601104736e-01
0.000000000000000000e+00
0.000000000000000000e+00
9.928974509239196777e-01
1.622233353555202484e-02
1.253013312816619873e-01
2.458158731460571289e-01
1.403682231903076172e+00
3.917999863624572754e-01
5.328086614608764648e-01
1.796475172042846680e+00
2.442905753850936890e-01
2.366012340644374490e-04
1.187256351113319397e-01
9.209614992141723633e-02
5.194247961044311523e-01
9.881768226623535156e-01
2.904905006289482117e-02
6.942609790712594986e-03
3.071060180664062500e-01
4.340196549892425537e-01
1.078203320503234863e-02
1.187355041503906250e+00
5.941245555877685547e-01
1.192700117826461792e-02
3.747092792764306068e-03
8.148980140686035156e-01
0.000000000000000000e+00
2.306648343801498413e-01
4.343093931674957275e-02
8.668270111083984375e-01
9.836681187152862549e-02
0.000000000000000000e+00
1.075964808464050293e+00
4.895160198211669922e-01
2.178801774978637695e+00
1.325974464416503906e+00
5.447913408279418945e-01
2.295511245727539062e+00
1.488227963447570801e+00
0.000000000000000000e+00
6.718186140060424805e-01
1.455179810523986816e+00
1.415295362472534180e+00
2.651295363903045654e-01
1.343613624572753906e+00
0.000000000000000000e+00
1.240321472287178040e-01
0.000000000000000000e+00
2.742806635797023773e-02
9.703938961029052734e-01
3.430474996566772461e-01
4.544989585876464844e+00
1.552721381187438965e+00
6.802098751068115234e-01
0.000000000000000000e+00
8.404777646064758301e-01
4.247711226344108582e-02
0.000000000000000000e+00
0.000000000000000000e+00
4.981535673141479492e-02
1.277173906564712524e-01
1.182550266385078430e-01
0.000000000000000000e+00
6.080801412463188171e-02
2.620298266410827637e-01
4.282740652561187744e-01
1.772186398506164551e+00
9.560140315443277359e-04
1.187904700636863708e-01
6.442649364471435547e-01
1.251488085836172104e-02
9.029181003570556641e-01
0.000000000000000000e+00
8.914025127887725830e-02
1.315083384513854980e+00
8.490494489669799805e-01
1.607425928115844727e+00
1.404413133859634399e-01
1.678852319717407227e+00
7.584689855575561523e-01
6.150384545326232910e-01
6.877917051315307617e-02
3.774127066135406494e-01
1.964034676551818848e+00
6.224146578460931778e-03
2.077568322420120239e-02
4.688209056854248047e+00
1.087576970458030701e-01
4.410876035690307617e-01
6.251998543739318848e-01
8.253826946020126343e-02
1.002183556556701660e+00
0.000000000000000000e+00
2.203257083892822266e+00
1.495776139199733734e-02
7.411301136016845703e-01
1.042089700698852539e+00
2.410660266876220703e+00
0.000000000000000000e+00
1.458066463470458984e+00
7.532000890932977200e-04
5.917948856949806213e-02
3.852109313011169434e-01
1.916133565828204155e-03
3.874619901180267334e-01
7.083979994058609009e-02
5.932226032018661499e-02
0.000000000000000000e+00
2.765495777130126953e-01
7.230808138847351074e-01
1.606192469596862793e+00
0.000000000000000000e+00
2.848854660987854004e-01
3.096159398555755615e-01
4.597609639167785645e-01
3.076099790632724762e-03
8.901472203433513641e-03
0.000000000000000000e+00
7.251445055007934570e-01
1.337931513786315918e+00
9.153456091880798340e-01
1.140003204345703125e-01
1.607987046241760254e+00
4.901615437120199203e-03
1.170389771461486816e+00
4.515397846698760986e-01
2.723103761672973633e-01
3.608629107475280762e-01
0.000000000000000000e+00
1.107684373855590820e+00
2.771971940994262695e+00
1.791779547929763794e-01
4.606605052947998047e+00
7.560816407203674316e-02
6.755003333091735840e-01
2.242658585309982300e-01
5.790758877992630005e-02
3.390464466065168381e-03
1.895972967147827148e+00
8.676995635032653809e-01
0.000000000000000000e+00
1.856914013624191284e-01
1.853127479553222656e-01
5.884981751441955566e-01
2.975370407104492188e+00
7.774630188941955566e-01
2.214771881699562073e-02
8.018547296524047852e-02
1.144170537590980530e-01
9.461601376533508301e-01
5.738581344485282898e-02
6.108840461820363998e-03
1.910090073943138123e-02
4.155479669570922852e-01
9.749322533607482910e-01
0.000000000000000000e+00
4.879769086837768555e-01
2.576637640595436096e-02
1.964879155158996582e+00
6.835902482271194458e-02
2.036595195531845093e-01
1.349295862019062042e-02
4.043797403573989868e-02
5.030759572982788086e-01
7.159823775291442871e-01
7.972235232591629028e-02
2.750615477561950684e-01
3.474699020385742188e+00
2.916381955146789551e-01
0.000000000000000000e+00
3.174523413181304932e-01
2.108438014984130859e+00
9.958075284957885742e-01
1.155210137367248535e+00
1.663286089897155762e+00
2.731637001037597656e+00
2.369397163391113281e+00
5.088683962821960449e-01
2.338753342628479004e-01
1.028935194015502930e+00
0.000000000000000000e+00
1.285392045974731445e-01
