2.933117151260375977e-01
0.000000000000000000e+00
1.295430511236190796e-01
2.285568714141845703e+00
8.377596735954284668e-01
5.810392498970031738e-01
4.401575028896331787e-01
3.291659593582153320e+00
7.361382961273193359e+00
5.786066651344299316e-01
1.259937584400177002e-01
1.396798372268676758e+00
2.615873217582702637e-01
1.123921871185302734e+00
2.438107490539550781e+00
7.528452277183532715e-01
1.058012008666992188e+00
2.864658594131469727e+00
6.523040533065795898e-01
2.378960996866226196e-01
1.211210846900939941e+00
0.000000000000000000e+00
3.159702718257904053e-01
3.320299625396728516e+00
2.687130868434906006e-02
0.000000000000000000e+00
2.030021101236343384e-01
2.547723770141601562e+00
6.038857698440551758e-01
1.894792616367340088e-01
9.637308865785598755e-02
1.147573464550077915e-03
1.377561092376708984e+00
1.915203332901000977e-01
4.193526208400726318e-01
2.633117675781250000e+00
3.347813785076141357e-01
2.024811655282974243e-01
5.072745680809020996e-01
3.119054436683654785e-01
3.428519517183303833e-02
2.230059355497360229e-02
5.676512122154235840e-01
3.733267545700073242e+00
7.171394228935241699e-01
9.609642624855041504e-01
4.886260628700256348e-02
6.292294263839721680e-01
7.603276520967483521e-02
1.381865978240966797e+00
2.887063026428222656e+00
0.000000000000000000e+00
1.439591884613037109e+00
3.245752677321434021e-02
1.449497222900390625e+00
1.801287531852722168e-01
7.435409426689147949e-01
1.522223353385925293e-01
2.964167356491088867e+00
7.380338907241821289e-01
3.464801982045173645e-02
1.565818041563034058e-01
1.636657267808914185e-01
1.278691887855529785e+00
1.603295564651489258e+00
1.115236878395080566e+00
2.734335958957672119e-01
2.973991930484771729e-01
8.678404688835144043e-01
7.143486142158508301e-01
0.000000000000000000e+00
4.316587150096893311e-01
1.410228163003921509e-01
6.980984807014465332e-01
1.227739334106445312e+00
1.822306513786315918e+00
0.000000000000000000e+00
6.745448112487792969e-01
5.478364229202270508e-01
1.090189337730407715e+00
3.437793813645839691e-03
2.662301361560821533e-01
2.016961097717285156e+00
2.320310473442077637e-02
2.218564033508300781e+00
3.459510579705238342e-02
1.828627824783325195e+00
1.487575769424438477e-01
4.705480039119720459e-01
3.149553388357162476e-02
3.027684092521667480e-01
5.213692202232778072e-04
9.227466583251953125e-02
0.000000000000000000e+00
5.560785531997680664e-01
1.541392654180526733e-01
8.467937111854553223e-01
8.581684231758117676e-01
1.043829396367073059e-01
5.661146715283393860e-03
0.000000000000000000e+00
6.277281045913696289e-01
3.488048911094665527e-01
1.742481112480163574e+00
1.330219745635986328e+00
1.700189313851296902e-03
1.037225842475891113e+00
1.508847028017044067e-01
9.000262618064880371e-02
1.517392992973327637e-01
1.857941985130310059e+00
3.528568148612976074e-02
1.030766844749450684e+00
1.889526546001434326e-01
5.563976764678955078e-01
7.097062468528747559e-02
4.549854695796966553e-01
0.000000000000000000e+00
6.583956480026245117e-01
2.083746910095214844e+00
1.689832329750061035e+00
8.961690664291381836e-01
6.978968530893325806e-02
1.687978148460388184e+00
4.607237577438354492e-01
1.159989476203918457e+00
1.078450679779052734e-02
4.974178671836853027e-01
2.441002130508422852e+00
3.778347671031951904e-01
0.000000000000000000e+00
7.269131541252136230e-01
5.184627175331115723e-01
3.178128227591514587e-02
4.179251939058303833e-02
4.331812961027026176e-04
2.185677886009216309e-01
5.132906913757324219e+00
0.000000000000000000e+00
6.920014321804046631e-02
7.715525031089782715e-01
3.361352384090423584e-01
1.460400462150573730e+00
0.000000000000000000e+00
5.944256186485290527e-01
9.771212935447692871e-01
1.205575227737426758e+00
2.012644112110137939e-01
8.705426454544067383e-01
6.292192935943603516e-01
6.159066200256347656e+00
8.456532955169677734e-01
1.510109156370162964e-01
3.655903935432434082e-01
1.830282688140869141e+00
7.544857859611511230e-01
6.614428013563156128e-02
0.000000000000000000e+00
2.019883155822753906e+00
4.947420954704284668e-01
3.242131471633911133e-01
7.234726548194885254e-01
8.752938508987426758e-01
6.157838925719261169e-02
5.129272863268852234e-02
4.134297966957092285e-01
0.000000000000000000e+00
0.000000000000000000e+00
7.587746381759643555e-01
2.873965740203857422e+00
2.122584283351898193e-01
2.435873299837112427e-01
4.800715297460556030e-02
7.231272459030151367e-01
8.396559208631515503e-02
6.548366069793701172e+00
0.000000000000000000e+00
0.000000000000000000e+00
9.020352363586425781e-01
4.155435413122177124e-02
0.000000000000000000e+00
9.602309018373489380e-02
4.450070858001708984e-01
2.936163663864135742e+00
4.833342134952545166e-01
0.000000000000000000e+00
2.929929196834564209e-01
6.492152214050292969e-01
0.000000000000000000e+00
2.750925254076719284e-03
0.000000000000000000e+00
0.000000000000000000e+00
7.229312062263488770e-01
6.400515437126159668e-01
3.302004933357238770e-01
1.211952686309814453e+00
1.106702566146850586e+00
1.045364215970039368e-01
8.135314583778381348e-01
6.009569168090820312e-01
1.376506090164184570e+00
4.238386154174804688e-01
2.353686839342117310e-01
1.275753855705261230e+00
1.269366145133972168e-01
6.007168442010879517e-02
2.907494604587554932e-01
3.303364291787147522e-02
3.185993526130914688e-03
1.486911296844482422e+00
2.698999941349029541e-01
4.890443384647369385e-01
4.104382991790771484e-01
4.456827044486999512e-01
6.304057836532592773e-01
7.624891400337219238e-01
4.049652516841888428e-01
4.882633984088897705e-01
2.046352386474609375e+00
7.877697944641113281e-01
0.000000000000000000e+00
8.332853913307189941e-01
8.965831398963928223e-01
1.374243348836898804e-01
1.341926157474517822e-01
0.000000000000000000e+00
3.949083089828491211e-01
3.479483127593994141e-01
2.584468573331832886e-03
3.624036163091659546e-02
7.707706838846206665e-02
5.645132064819335938e-01
1.805139422416687012e+00
2.296847343444824219e+00
3.723228871822357178e-01
2.051398605108261108e-01
1.790708184242248535e+00
8.642820715904235840e-01
0.000000000000000000e+00
6.749241948127746582e-01
3.243013517931103706e-03
4.975448828190565109e-03
1.441257596015930176e-01
3.610524892807006836e+00
1.024011969566345215e+00
8.406906127929687500e-01
8.154937624931335449e-01
0.000000000000000000e+00
2.237925529479980469e+00
2.130360454320907593e-01
1.863306611776351929e-01
3.934818506240844727e-01
2.924868166446685791e-01
1.975942254066467285e-01
4.301244616508483887e-01
2.357763946056365967e-01
0.000000000000000000e+00
0.000000000000000000e+00
6.865364033728837967e-03
0.000000000000000000e+00
1.646309971809387207e+00
2.947074547410011292e-02
8.802633732557296753e-03
1.068017408251762390e-01
0.000000000000000000e+00
7.243710756301879883e-02
1.441091060638427734e+00
1.273334473371505737e-01
1.066374480724334717e-01
0.000000000000000000e+00
1.013467550277709961e+00
5.692538246512413025e-02
5.391901731491088867e-01
2.355063706636428833e-01
5.185945704579353333e-02
8.917872905731201172e-01
6.738721132278442383e-01
6.948503851890563965e-01
1.053707957267761230e+00
8.656935393810272217e-02
3.945280611515045166e-02
8.412911891937255859e-01
5.545908585190773010e-03
2.288956046104431152e-01
7.440921068191528320e-01
7.129040956497192383e-01
3.121041655540466309e-01
3.594686090946197510e-02
1.019779086112976074e+00
0.000000000000000000e+00
1.169428706169128418e+00
5.889579653739929199e-01
2.339623719453811646e-01
1.135000661015510559e-01
5.009625107049942017e-03
5.789864063262939453e-01
8.637263774871826172e-01
6.735659837722778320e-01
1.581284165382385254e+00
4.856374263763427734e+00
7.032720446586608887e-01
4.261646792292594910e-02
1.364414095878601074e-01
4.543490285868756473e-05
6.778232753276824951e-03
2.329975515604019165e-01
9.739510715007781982e-03
0.000000000000000000e+00
0.000000000000000000e+00
6.606763005256652832e-01
6.074547767639160156e-01
2.507258614059537649e-04
6.397750228643417358e-02
5.921933650970458984e-01
4.515318665653467178e-03
7.104111909866333008e-01
0.000000000000000000e+00
5.648147463798522949e-01
1.312755495309829712e-01
4.256395995616912842e-02
1.646601080894470215e+00
0.000000000000000000e+00
5.583728477358818054e-02
3.856843411922454834e-01
2.710965871810913086e-01
2.346218377351760864e-01
4.704315587878227234e-02
0.000000000000000000e+00
1.413713335990905762e+00
3.358593583106994629e-01
0.000000000000000000e+00
0.000000000000000000e+00
4.178766161203384399e-02
3.721165005117654800e-03
3.211415559053421021e-02
2.536920309066772461e-01
1.072328448295593262e+00
1.534578204154968262e-01
8.927338123321533203e-01
1.003468632698059082e+00
1.541526317596435547e-01
8.020118810236454010e-03
1.318879332393407822e-02
0.000000000000000000e+00
7.576681375503540039e-01
1.171616673469543457e+00
3.851263523101806641e-01
0.000000000000000000e+00
3.450638949871063232e-01
2.336283475160598755e-01
1.339154690504074097e-01
4.176043272018432617e-01
8.978722989559173584e-02
5.401498451828956604e-02
5.495396628975868225e-02
1.236602902412414551e+00
0.000000000000000000e+00
3.685394525527954102e-01
1.914091110229492188e-01
1.320844888687133789e-01
3.339546173810958862e-02
0.000000000000000000e+00
8.637019246816635132e-02
3.008821904659271240e-01
1.194718360900878906e+00
5.614950060844421387e-01
4.572108089923858643e-01
2.125045537948608398e+00
2.491629362106323242e+00
2.027978916885331273e-05
6.116560101509094238e-01
9.355068206787109375e-01
1.013265013694763184e+00
6.996590495109558105e-01
1.486612200736999512e+00
4.722495749592781067e-02
4.356378316879272461e-02
0.000000000000000000e+00
1.638734489679336548e-01
6.850985288619995117e-01
2.129274234175682068e-02
3.420757532119750977e+00
1.854021430015563965e+00
2.084845155477523804e-01
0.000000000000000000e+00
1.244872212409973145e+00
4.674166068434715271e-02
0.000000000000000000e+00
0.000000000000000000e+00
1.580503955483436584e-02
3.101634979248046875e-01
4.207069054245948792e-02
1.096395216882228851e-02
4.380103573203086853e-02
7.034059762954711914e-01
4.704965054988861084e-01
1.997789978981018066e+00
1.331140100955963135e-01
3.858727635815739632e-03
1.012972235679626465e+00
5.286477208137512207e-01
1.173977971076965332e+00
0.000000000000000000e+00
2.760997414588928223e-01
1.015021443367004395e+00
1.666975915431976318e-01
7.133392095565795898e-01
4.063671827316284180e-01
7.787506580352783203e-01
7.553625702857971191e-01
2.678102850914001465e-01
0.000000000000000000e+00
1.808602213859558105e-01
1.382909178733825684e+00
8.152875304222106934e-02
4.740192741155624390e-02
3.379371166229248047e+00
9.498971700668334961e-02
4.134832918643951416e-01
2.092887312173843384e-01
2.070924341678619385e-01
3.933540582656860352e-01
0.000000000000000000e+00
2.527688026428222656e+00
5.418390631675720215e-01
9.530620574951171875e-01
1.782245874404907227e+00
2.272778272628784180e+00
0.000000000000000000e+00
1.065971612930297852e+00
3.171112015843391418e-02
3.484492003917694092e-02
5.878222733736038208e-02
0.000000000000000000e+00
4.055924341082572937e-02
3.175389468669891357e-01
2.866016328334808350e-01
0.000000000000000000e+00
8.988526649773120880e-03
4.518501162528991699e-01
1.752297997474670410e+00
1.260522170923650265e-03
1.134696416556835175e-02
4.061165452003479004e-01
1.179724335670471191e+00
6.008660793304443359e-02
1.012671738862991333e-02
8.311963081359863281e-02
5.414695739746093750e-01
1.334070324897766113e+00
2.323369532823562622e-01
3.633556663990020752e-01
2.270677566528320312e+00
1.169365867972373962e-01
1.489460825920104980e+00
6.121314764022827148e-01
2.678271532058715820e-01
3.769831359386444092e-01
0.000000000000000000e+00
1.465885162353515625e+00
2.638256072998046875e+00
1.917766348924487829e-05
3.594271183013916016e+00
1.597632467746734619e-01
5.487984418869018555e-01
6.077539175748825073e-02
0.000000000000000000e+00
3.021034598350524902e-01
4.416637718677520752e-01
5.945631265640258789e-01
2.525461092591285706e-02
7.310118079185485840e-01
8.374439924955368042e-02
7.395176887512207031e-01
3.504295349121093750e+00
8.959429860115051270e-01
0.000000000000000000e+00
2.140300422906875610e-01
1.580604761838912964e-01
2.416499853134155273e-01
5.334925651550292969e-01
2.358503639698028564e-03
0.000000000000000000e+00
1.542183995246887207e+00
9.190503954887390137e-01
0.000000000000000000e+00
4.374354481697082520e-01
1.258780714124441147e-02
2.363050699234008789e+00
1.986140906810760498e-01
1.198548376560211182e-01
8.782248198986053467e-02
3.035306185483932495e-02
6.734371185302734375e-01
7.745018601417541504e-01
1.366596668958663940e-01
4.280505701899528503e-02
2.794450283050537109e+00
2.595753967761993408e-02
0.000000000000000000e+00
2.588218450546264648e-01
1.329475879669189453e+00
1.872998028993606567e-01
5.625314116477966309e-01
9.460035562515258789e-01
2.027131080627441406e+00
1.832208395004272461e+00
4.567495882511138916e-01
3.830146193504333496e-01
6.636959910392761230e-01
0.000000000000000000e+00
1.550123095512390137e-02
