3.242450058460235596e-01
0.000000000000000000e+00
9.388638287782669067e-02
2.690119743347167969e+00
1.093021154403686523e+00
2.816359102725982666e-01
1.201974153518676758e+00
3.252223968505859375e+00
6.562932491302490234e+00
1.236349940299987793e+00
8.226614445447921753e-02
1.502143979072570801e+00
5.278318524360656738e-01
1.474549531936645508e+00
1.764059543609619141e+00
1.104770779609680176e+00
8.364234566688537598e-01
1.838882923126220703e+00
9.537835717201232910e-01
3.839780688285827637e-01
2.608705520629882812e+00
0.000000000000000000e+00
1.740306913852691650e-01
2.443015336990356445e+00
3.554523587226867676e-01
0.000000000000000000e+00
2.418806590139865875e-02
1.720278143882751465e+00
3.360776603221893311e-01
1.277125179767608643e-01
1.302729845046997070e-01
5.435539036989212036e-02
5.168679952621459961e-01
1.335956215858459473e+00
3.953997194766998291e-01
2.507823944091796875e+00
3.411040008068084717e-01
2.472077906131744385e-01
1.377034664154052734e+00
1.075348615646362305e+00
1.710217893123626709e-01
1.887101531028747559e-01
7.168346047401428223e-01
4.939436912536621094e+00
9.632474184036254883e-01
9.081803560256958008e-01
3.982006013393402100e-01
1.106586456298828125e+00
2.371354028582572937e-02
1.042262554168701172e+00
3.534160852432250977e+00
1.722769113257527351e-03
1.820151567459106445e+00
3.006620407104492188e-01
8.239136338233947754e-01
1.272952854633331299e-01
3.865772485733032227e-02
6.651766896247863770e-01
1.415108323097229004e+00
3.664072602987289429e-03
1.853218884207308292e-03
2.120853960514068604e-01
4.366043955087661743e-03
8.207151293754577637e-01
1.128054261207580566e+00
4.405126571655273438e-01
2.554729282855987549e-01
8.080189824104309082e-01
1.452696800231933594e+00
1.564699411392211914e-01
5.967763718217611313e-03
7.585100084543228149e-02
5.710573866963386536e-02
1.125836849212646484e+00
3.733120560646057129e-01
3.467897474765777588e-01
4.837902262806892395e-02
1.040311694145202637e+00
3.689386844635009766e-01
1.316850900650024414e+00
0.000000000000000000e+00
1.114516615867614746e+00
2.995696306228637695e+00
1.343492418527603149e-02
2.367064714431762695e+00
1.098964810371398926e-01
6.092454791069030762e-01
3.615209832787513733e-02
4.988540112972259521e-01
5.960743501782417297e-02
2.023897916078567505e-01
4.848727211356163025e-02
4.753885790705680847e-02
0.000000000000000000e+00
9.945793747901916504e-01
2.292677611112594604e-01
1.506141304969787598e+00
1.621074080467224121e-01
4.305967092514038086e-01
2.921744249761104584e-02
5.168118979781866074e-03
6.986539065837860107e-02
6.258507072925567627e-02
1.372246742248535156e+00
1.868016839027404785e+00
8.043538779020309448e-02
5.762532949447631836e-01
8.644407391548156738e-01
5.663405656814575195e-01
5.735800266265869141e-01
1.135079145431518555e+00
1.038471907377243042e-01
7.031314373016357422e-01
5.664837956428527832e-01
1.044517517089843750e+00
1.477446556091308594e-01
4.273836016654968262e-01
2.080606669187545776e-01
9.244633913040161133e-01
2.286789417266845703e+00
1.647470831871032715e+00
4.981817007064819336e-01
3.791946545243263245e-02
1.441542148590087891e+00
1.099026918411254883e+00
3.795047700405120850e-01
0.000000000000000000e+00
1.054568648338317871e+00
1.938764572143554688e+00
3.392193699255585670e-03
2.339693717658519745e-03
9.192363619804382324e-01
5.308830738067626953e-01
6.337930262088775635e-02
9.534567594528198242e-01
2.690502405166625977e-01
1.577411293983459473e-01
4.762139797210693359e+00
0.000000000000000000e+00
1.941828578710556030e-01
3.499155640602111816e-01
3.913855850696563721e-01
1.053590893745422363e+00
2.117820456624031067e-02
9.146938100457191467e-03
3.910431563854217529e-01
9.947397708892822266e-01
7.193863391876220703e-01
1.117621779441833496e+00
9.474852681159973145e-02
6.089237213134765625e+00
1.053928852081298828e+00
3.746121749281883240e-02
8.187960982322692871e-01
1.458675622940063477e+00
1.742487072944641113e+00
7.454552501440048218e-02
3.633197546005249023e-01
1.895518541336059570e+00
4.707381427288055420e-01
8.178556710481643677e-02
1.210943579673767090e+00
4.821426272392272949e-01
0.000000000000000000e+00
6.264942288398742676e-01
3.627053797245025635e-01
1.453277319669723511e-01
0.000000000000000000e+00
4.931909739971160889e-01
3.753819227218627930e+00
5.158071517944335938e-01
1.076391935348510742e+00
1.469362825155258179e-01
7.829419374465942383e-01
2.361854910850524902e-01
5.914863109588623047e+00
0.000000000000000000e+00
3.989180624485015869e-01
3.825442492961883545e-01
1.180573627352714539e-01
0.000000000000000000e+00
4.959234967827796936e-02
9.704228639602661133e-01
3.806613445281982422e+00
1.039588451385498047e-02
6.747779250144958496e-02
5.757821202278137207e-01
8.761912584304809570e-01
0.000000000000000000e+00
7.918713241815567017e-02
2.973180264234542847e-03
1.600358448922634125e-02
1.080171227455139160e+00
6.688770055770874023e-01
2.155029058456420898e+00
7.798348069190979004e-01
8.933209776878356934e-01
1.468049734830856323e-01
6.306068301200866699e-01
4.336924552917480469e-01
1.311612367630004883e+00
3.534461930394172668e-02
7.821968197822570801e-01
1.160668492317199707e+00
2.249496579170227051e-01
6.328936666250228882e-02
1.714509844779968262e+00
0.000000000000000000e+00
5.040460228919982910e-01
1.173410773277282715e+00
9.644745290279388428e-02
6.517180800437927246e-01
1.107371926307678223e+00
1.012012839317321777e+00
8.315567970275878906e-01
6.652048826217651367e-01
2.760439813137054443e-01
2.462313920259475708e-01
1.888977646827697754e+00
6.175062656402587891e-01
0.000000000000000000e+00
1.388365745544433594e+00
3.408898413181304932e-01
3.481380641460418701e-01
9.123896062374114990e-02
1.053379029035568237e-01
1.468713283538818359e-01
5.568103194236755371e-01
2.061686106026172638e-02
2.373804748058319092e-01
2.388882935047149658e-01
3.251000046730041504e-01
1.822910189628601074e+00
1.865212798118591309e+00
2.047710567712783813e-01
9.265225529670715332e-01
2.911465883255004883e+00
2.079121321439743042e-01
7.075101137161254883e-02
1.136711955070495605e+00
6.280820071697235107e-02
7.150112092494964600e-02
5.653826594352722168e-01
4.575331211090087891e+00
1.441008210182189941e+00
3.858446180820465088e-01
7.827199697494506836e-01
4.153873398900032043e-02
9.430667161941528320e-01
1.061521410942077637e+00
0.000000000000000000e+00
4.301699399948120117e-01
1.322155818343162537e-03
2.160476446151733398e+00
1.142001867294311523e+00
1.388733088970184326e-01
1.217968985438346863e-01
0.000000000000000000e+00
2.356588691473007202e-01
4.390082359313964844e-01
1.252954125404357910e+00
4.585997462272644043e-01
1.430823802947998047e-01
1.146539393812417984e-02
0.000000000000000000e+00
5.982486996799707413e-03
2.053335905075073242e+00
1.378010660409927368e-01
2.208523601293563843e-01
0.000000000000000000e+00
1.368471026420593262e+00
0.000000000000000000e+00
4.811365008354187012e-01
3.458382785320281982e-01
1.120884437114000320e-02
9.956197738647460938e-01
3.388419374823570251e-02
1.516116380691528320e+00
9.127988219261169434e-01
2.616570591926574707e-01
5.233964920043945312e-01
3.111775815486907959e-01
6.879054009914398193e-02
4.155046939849853516e-01
1.332160711288452148e+00
5.580637454986572266e-01
6.831352710723876953e-01
2.070426940917968750e-02
4.315505549311637878e-02
1.378453969955444336e-01
1.867054939270019531e+00
5.452972054481506348e-01
1.642966866493225098e-01
2.484616935253143311e-01
1.762264594435691833e-02
2.680854499340057373e-01
5.388913154602050781e-01
1.084100902080535889e-01
1.315829634666442871e+00
5.828639507293701172e+00
9.959869980812072754e-01
1.217423453927040100e-01
2.999761104583740234e-01
4.573682323098182678e-03
8.376882411539554596e-03
7.064456492662429810e-02
0.000000000000000000e+00
0.000000000000000000e+00
1.752920262515544891e-02
4.558362960815429688e-01
5.997676253318786621e-01
1.097547709941864014e-01
5.092002823948860168e-02
1.082514524459838867e+00
3.442518711090087891e-01
6.491891145706176758e-01
0.000000000000000000e+00
2.607874572277069092e-01
9.187394380569458008e-01
2.317291647195816040e-01
1.566620588302612305e+00
0.000000000000000000e+00
5.976471900939941406e-01
1.589459925889968872e-01
1.267109764739871025e-03
4.129955768585205078e-01
6.365153938531875610e-02
0.000000000000000000e+00
1.380536913871765137e+00
1.911366134881973267e-01
0.000000000000000000e+00
2.894389908760786057e-03
1.182635188102722168e+00
1.430125534534454346e-01
6.025501526892185211e-03
1.638454347848892212e-01
1.821764230728149414e+00
3.410594761371612549e-01
6.852416992187500000e-01
1.051170349121093750e+00
3.885185122489929199e-01
4.536478593945503235e-02
3.399324119091033936e-01
1.953633725643157959e-01
5.705012083053588867e-01
1.063771605491638184e+00
5.139287710189819336e-01
1.300484538078308105e-01
7.094218730926513672e-01
8.349352478981018066e-01
8.401139639317989349e-03
9.113288521766662598e-01
1.833472251892089844e-01
1.970539391040802002e-01
8.814109489321708679e-03
6.180127263069152832e-01
2.790459431707859039e-02
6.919504404067993164e-01
7.111319899559020996e-02
7.971830964088439941e-01
1.492498070001602173e-01
1.718612015247344971e-01
1.587139129638671875e+00
4.366477429866790771e-01
2.575858354568481445e+00
9.557316899299621582e-01
6.376653909683227539e-01
1.313224315643310547e+00
1.962976694107055664e+00
8.660933375358581543e-02
5.940059423446655273e-01
8.335487842559814453e-01
1.238741397857666016e+00
1.489545591175556183e-02
1.075809121131896973e+00
1.554161310195922852e-01
1.001872792840003967e-01
9.757697582244873047e-02
3.217784464359283447e-01
8.830071091651916504e-01
6.212092638015747070e-01
3.769450187683105469e+00
1.618919849395751953e+00
8.558052182197570801e-01
0.000000000000000000e+00
4.123446643352508545e-01
1.062637791037559509e-01
0.000000000000000000e+00
4.359385930001735687e-03
5.332211405038833618e-02
2.894663810729980469e-01
2.231311239302158356e-02
4.997684620320796967e-03
6.325052380561828613e-01
4.958304166793823242e-01
5.928273797035217285e-01
1.627157688140869141e+00
1.031300984323024750e-03
5.774944648146629333e-02
5.943580269813537598e-01
9.333795309066772461e-02
5.904111266136169434e-01
2.654138393700122833e-02
4.886991158127784729e-02
1.800674915313720703e+00
1.205506920814514160e+00
1.392687201499938965e+00
1.348701715469360352e-01
9.973442554473876953e-01
4.011684954166412354e-01
4.745041131973266602e-01
3.718027845025062561e-02
2.569019198417663574e-01
1.690778255462646484e+00
1.466330438852310181e-01
1.924197822809219360e-01
3.413566589355468750e+00
2.616336643695831299e-01
7.879185676574707031e-01
5.808658599853515625e-01
1.414725184440612793e-01
8.144678473472595215e-01
0.000000000000000000e+00
2.386075973510742188e+00
1.775947809219360352e-01
7.777636647224426270e-01
1.061286807060241699e+00
1.856790304183959961e+00
0.000000000000000000e+00
1.821664571762084961e+00
1.826463267207145691e-02
0.000000000000000000e+00
3.823663294315338135e-01
5.656663328409194946e-03
5.443879961967468262e-01
1.995754241943359375e-02
2.200758606195449829e-01
5.991579033434391022e-03
3.039410114288330078e-01
9.582611918449401855e-01
1.343105554580688477e+00
8.864450268447399139e-03
1.589580476284027100e-01
7.708407044410705566e-01
5.355372428894042969e-01
1.936187408864498138e-02
9.821252524852752686e-02
2.805833332240581512e-02
4.444917738437652588e-01
7.712280154228210449e-01
1.266147851943969727e+00
3.999889194965362549e-01
1.496500372886657715e+00
0.000000000000000000e+00
1.279237270355224609e+00
8.808503150939941406e-01
2.366906404495239258e-01
2.140282988548278809e-01
4.077355191111564636e-02
1.406299114227294922e+00
2.004583597183227539e+00
2.944200485944747925e-02
4.012352466583251953e+00
2.331483215093612671e-01
5.991171002388000488e-01
4.513451159000396729e-01
1.146367862820625305e-01
0.000000000000000000e+00
1.601206421852111816e+00
1.258437514305114746e+00
0.000000000000000000e+00
3.206826746463775635e-01
3.747646510601043701e-01
8.325873017311096191e-01
2.803457736968994141e+00
5.161783695220947266e-01
2.397195063531398773e-02
2.709365487098693848e-01
5.441599339246749878e-02
7.748169302940368652e-01
2.689346671104431152e-01
6.305895000696182251e-02
6.625305861234664917e-02
3.232462406158447266e-01
1.027031421661376953e+00
1.028377376496791840e-02
2.029143124818801880e-01
0.000000000000000000e+00
1.657825708389282227e+00
9.873948246240615845e-02
4.029044508934020996e-01
8.956188708543777466e-02
0.000000000000000000e+00
2.273283153772354126e-01
1.070439577102661133e+00
0.000000000000000000e+00
3.448421657085418701e-01
3.129244327545166016e+00
2.567186355590820312e-01
0.000000000000000000e+00
6.159343719482421875e-01
1.630449056625366211e+00
1.535434722900390625e+00
8.691895008087158203e-01
1.450101494789123535e+00
2.165743827819824219e+00
1.958282232284545898e+00
8.251534104347229004e-01
2.056267410516738892e-01
1.146554112434387207e+00
0.000000000000000000e+00
2.897737431339919567e-04
