7.375284433364868164e-01
0.000000000000000000e+00
2.173237055540084839e-01
2.576349020004272461e+00
1.107019066810607910e+00
1.313684433698654175e-01
7.414783239364624023e-01
2.809300661087036133e+00
6.763163566589355469e+00
1.042039752006530762e+00
3.229313194751739502e-01
1.191119313240051270e+00
3.678298294544219971e-01
1.431267499923706055e+00
2.699818849563598633e+00
7.242520451545715332e-01
1.039764404296875000e+00
2.232760429382324219e+00
1.167987585067749023e+00
4.036391675472259521e-01
2.346377611160278320e+00
0.000000000000000000e+00
1.277998834848403931e-01
2.798753976821899414e+00
6.013726070523262024e-02
0.000000000000000000e+00
1.991993188858032227e-01
2.741501092910766602e+00
5.440092086791992188e-01
5.989359691739082336e-02
1.158291473984718323e-01
4.012111574411392212e-02
4.708948731422424316e-01
9.571332335472106934e-01
9.938470125198364258e-01
3.258121728897094727e+00
1.904716193675994873e-01
4.934676364064216614e-02
7.924435734748840332e-01
6.984581351280212402e-01
3.222360014915466309e-01
1.396081894636154175e-01
3.508101403713226318e-01
4.571007251739501953e+00
8.299387693405151367e-01
8.872913122177124023e-01
1.392367929220199585e-01
9.989306330680847168e-01
1.696350872516632080e-01
1.336324691772460938e+00
2.857452869415283203e+00
0.000000000000000000e+00
1.713157176971435547e+00
2.783240377902984619e-01
1.247684121131896973e+00
8.938584476709365845e-02
4.861020743846893311e-01
8.834499120712280273e-02
1.623123168945312500e+00
4.094448387622833252e-01
1.892694830894470215e-02
6.532435864210128784e-02
4.559641331434249878e-02
1.011770486831665039e+00
1.284224748611450195e+00
4.724740684032440186e-01
9.983543306589126587e-02
8.016905188560485840e-02
1.116151332855224609e+00
5.864827707409858704e-02
3.140574553981423378e-03
1.309676617383956909e-01
1.604493111371994019e-01
7.633581161499023438e-01
8.512482643127441406e-01
1.846168041229248047e+00
0.000000000000000000e+00
7.526411414146423340e-01
6.082524657249450684e-01
1.548299431800842285e+00
7.144193165004253387e-03
5.786212682723999023e-01
2.863815546035766602e+00
5.943065509200096130e-02
1.715157628059387207e+00
3.220247030258178711e-01
1.150231599807739258e+00
1.649406179785728455e-02
4.738750755786895752e-01
3.574437275528907776e-02
9.512844681739807129e-02
0.000000000000000000e+00
5.078109353780746460e-02
0.000000000000000000e+00
8.343964815139770508e-01
4.049373567104339600e-01
8.277968168258666992e-01
9.174062609672546387e-01
2.812805473804473877e-01
3.954055160284042358e-02
1.386605482548475266e-02
1.655812561511993408e-01
2.156882286071777344e-01
1.209526538848876953e+00
1.664485454559326172e+00
1.124798282980918884e-01
7.687802314758300781e-01
2.598778009414672852e-01
8.019453287124633789e-02
4.004918634891510010e-01
1.886969447135925293e+00
3.038093633949756622e-02
7.520807981491088867e-01
4.964513480663299561e-01
9.288178086280822754e-01
5.596944317221641541e-02
3.580878973007202148e-01
1.832573302090167999e-02
1.048105597496032715e+00
2.089286565780639648e+00
1.566164374351501465e+00
5.783607363700866699e-01
6.859658285975456238e-03
1.154337286949157715e+00
8.268961906433105469e-01
6.234382987022399902e-01
0.000000000000000000e+00
7.225929498672485352e-01
1.780992388725280762e+00
1.543570160865783691e-01
0.000000000000000000e+00
8.015658259391784668e-01
2.602031230926513672e-01
8.034574240446090698e-02
7.902923822402954102e-01
3.014580532908439636e-02
1.842031627893447876e-02
4.469284534454345703e+00
0.000000000000000000e+00
1.249489486217498779e-01
2.419905364513397217e-01
5.021530985832214355e-01
1.922421455383300781e+00
2.895293384790420532e-02
1.810248196125030518e-02
5.655514597892761230e-01
1.112950563430786133e+00
3.892269432544708252e-01
1.273771524429321289e+00
2.679078876972198486e-01
6.782747268676757812e+00
4.114372730255126953e-01
1.039822623133659363e-01
6.221644282341003418e-01
1.891219735145568848e+00
1.128490686416625977e+00
5.022897385060787201e-03
1.243458315730094910e-01
2.087047815322875977e+00
2.207564860582351685e-01
3.847566545009613037e-01
9.541982412338256836e-01
5.947350263595581055e-01
5.898301675915718079e-02
2.152002602815628052e-01
8.469379544258117676e-01
2.453593304380774498e-03
0.000000000000000000e+00
1.413756728172302246e+00
3.749384880065917969e+00
1.403109729290008545e-01
5.220535397529602051e-01
2.244857996702194214e-01
9.419086575508117676e-01
3.058636784553527832e-01
6.897750854492187500e+00
0.000000000000000000e+00
8.446557819843292236e-02
2.880711853504180908e-01
7.949957251548767090e-02
0.000000000000000000e+00
0.000000000000000000e+00
5.997690558433532715e-01
3.789117574691772461e+00
3.005428612232208252e-01
1.605425775051116943e-02
3.690494894981384277e-01
3.634933233261108398e-01
1.169057330116629601e-03
0.000000000000000000e+00
7.203099876642227173e-02
1.242259051650762558e-02
9.121778607368469238e-01
4.142938554286956787e-01
1.123065590858459473e+00
9.156957268714904785e-01
9.568955898284912109e-01
2.404964417219161987e-01
5.043241977691650391e-01
7.859096527099609375e-01
1.111065268516540527e+00
2.975940108299255371e-01
2.304125428199768066e-01
1.085803627967834473e+00
4.937817156314849854e-01
3.780718520283699036e-02
5.787270665168762207e-01
1.845003664493560791e-02
8.455039560794830322e-02
1.454643845558166504e+00
2.745777666568756104e-01
2.836660146713256836e-01
6.280795931816101074e-01
7.413885593414306641e-01
5.402775406837463379e-01
9.459958672523498535e-01
2.474733293056488037e-01
9.998165816068649292e-02
1.619519472122192383e+00
9.350773096084594727e-01
0.000000000000000000e+00
5.973082780838012695e-01
3.367479145526885986e-01
1.990756690502166748e-01
1.418939046561717987e-02
0.000000000000000000e+00
1.999585181474685669e-01
2.402562648057937622e-01
8.094768226146697998e-02
1.169361099600791931e-01
1.931124031543731689e-01
4.211690425872802734e-01
2.069221019744873047e+00
2.327436208724975586e+00
3.124983608722686768e-01
9.706304669380187988e-01
2.515730381011962891e+00
2.124792039394378662e-01
3.793806210160255432e-02
1.128020048141479492e+00
1.477920711040496826e-01
1.235655173659324646e-01
4.192106053233146667e-02
3.806501388549804688e+00
1.011108398437500000e+00
7.679136991500854492e-01
9.876801967620849609e-01
3.592901676893234253e-02
2.048055648803710938e+00
9.236526489257812500e-01
3.392862528562545776e-02
1.047747492790222168e+00
7.273763418197631836e-02
1.368027448654174805e+00
7.419653534889221191e-01
3.992881253361701965e-02
8.358783274888992310e-02
0.000000000000000000e+00
1.520548164844512939e-01
1.199865937232971191e-01
1.575374364852905273e+00
1.530399918556213379e-01
9.182565659284591675e-02
1.025086045265197754e-01
0.000000000000000000e+00
0.000000000000000000e+00
2.198789358139038086e+00
7.022720575332641602e-02
2.994316630065441132e-02
4.340250045061111450e-02
1.473019599914550781e+00
0.000000000000000000e+00
6.270132660865783691e-01
4.452925920486450195e-01
1.494368314743041992e-01
7.685137987136840820e-01
7.655291259288787842e-02
1.059122443199157715e+00
1.170233845710754395e+00
6.875300407409667969e-02
1.403922885656356812e-01
3.016260564327239990e-01
6.704040765762329102e-01
3.207258284091949463e-01
1.025935292243957520e+00
1.069790601730346680e+00
5.073431134223937988e-01
1.441275030374526978e-01
3.508131802082061768e-01
1.390372216701507568e-01
1.922692537307739258e+00
8.704178333282470703e-01
2.212953865528106689e-01
1.153725460171699524e-01
2.113664150238037109e-01
2.500307261943817139e-01
2.857932150363922119e-01
1.321770250797271729e-01
9.101929068565368652e-01
5.499369621276855469e+00
3.980694115161895752e-01
3.212806582450866699e-02
3.913432359695434570e-01
1.492089126259088516e-03
1.177765149623155594e-02
2.797085344791412354e-01
0.000000000000000000e+00
0.000000000000000000e+00
1.367500331252813339e-02
3.963310718536376953e-01
6.172286868095397949e-01
0.000000000000000000e+00
1.979229897260665894e-01
9.979366064071655273e-01
7.970235496759414673e-02
4.287942051887512207e-01
0.000000000000000000e+00
2.433391064405441284e-01
6.758086681365966797e-01
9.873370826244354248e-02
1.834606170654296875e+00
0.000000000000000000e+00
2.519003450870513916e-01
1.179210692644119263e-01
8.284910023212432861e-02
5.218748450279235840e-01
2.917008660733699799e-02
0.000000000000000000e+00
7.338958978652954102e-01
8.209000229835510254e-01
0.000000000000000000e+00
3.382956376299262047e-03
6.401097178459167480e-01
0.000000000000000000e+00
3.434671554714441299e-03
1.690295636653900146e-01
1.314403533935546875e+00
3.813191652297973633e-01
1.127408981323242188e+00
1.922197103500366211e+00
3.618766963481903076e-01
1.052164137363433838e-01
1.517030000686645508e-01
1.566987931728363037e-01
1.115363478660583496e+00
9.401116371154785156e-01
1.715406775474548340e-01
5.992051586508750916e-02
5.168516635894775391e-01
2.052914649248123169e-01
3.038232624530792236e-01
9.369385838508605957e-01
3.221654295921325684e-01
1.637745499610900879e-01
1.227673664689064026e-01
7.282613515853881836e-01
0.000000000000000000e+00
1.438411772251129150e-01
0.000000000000000000e+00
6.240305900573730469e-01
1.499171704053878784e-01
0.000000000000000000e+00
1.095350027084350586e+00
5.502053499221801758e-01
2.064477682113647461e+00
1.243569970130920410e+00
2.709645926952362061e-01
1.597093820571899414e+00
2.038018703460693359e+00
0.000000000000000000e+00
6.690483689308166504e-01
7.408499121665954590e-01
6.936459541320800781e-01
4.002885818481445312e-01
9.018623232841491699e-01
2.555465139448642731e-02
3.448452800512313843e-02
4.840257018804550171e-02
1.565444399602711201e-03
6.568919420242309570e-01
1.029820144176483154e-01
3.449690341949462891e+00
1.803197741508483887e+00
5.235916972160339355e-01
2.812832407653331757e-02
8.895208835601806641e-01
3.302531689405441284e-02
0.000000000000000000e+00
0.000000000000000000e+00
2.293146774172782898e-02
1.443428397178649902e-01
1.699152737855911255e-01
0.000000000000000000e+00
1.393389999866485596e-01
2.791329920291900635e-01
5.007280707359313965e-01
1.979016065597534180e+00
1.719922758638858795e-02
0.000000000000000000e+00
9.392150640487670898e-01
3.332196474075317383e-01
1.139067530632019043e+00
0.000000000000000000e+00
2.113204896450042725e-01
1.096718549728393555e+00
5.960592627525329590e-01
1.570518732070922852e+00
7.295902073383331299e-02
1.206182956695556641e+00
8.685581088066101074e-01
1.644588708877563477e-01
1.377882715314626694e-02
3.785303831100463867e-01
2.123826026916503906e+00
0.000000000000000000e+00
0.000000000000000000e+00
4.044148445129394531e+00
7.654677145183086395e-03
7.678670287132263184e-01
7.289528846740722656e-01
2.053657770156860352e-01
7.122595310211181641e-01
2.582103770691901445e-04
2.827776193618774414e+00
3.915563225746154785e-01
2.493299841880798340e-01
1.302242279052734375e+00
2.303325414657592773e+00
8.160860836505889893e-02
1.327196478843688965e+00
1.677912473678588867e-01
9.714285843074321747e-04
1.108079031109809875e-01
0.000000000000000000e+00
2.843060493469238281e-01
1.787160784006118774e-01
2.016827464103698730e-01
1.923384703695774078e-02
4.102129042148590088e-01
2.785454392433166504e-01
1.537995100021362305e+00
0.000000000000000000e+00
1.923669129610061646e-01
5.287625193595886230e-01
4.892263412475585938e-01
0.000000000000000000e+00
1.673438958823680878e-02
9.471059893257915974e-04
5.558162331581115723e-01
1.473757028579711914e+00
9.766536951065063477e-01
3.657459914684295654e-01
2.235716819763183594e+00
5.118835251778364182e-03
1.389083266258239746e+00
4.443942308425903320e-01
2.540735602378845215e-01
4.107735753059387207e-01
3.939533606171607971e-02
1.781132698059082031e+00
2.466169357299804688e+00
1.904426515102386475e-01
3.690978527069091797e+00
1.624859869480133057e-01
6.606465578079223633e-01
8.809007704257965088e-02
4.688690230250358582e-02
3.131039738655090332e-01
9.942765831947326660e-01
9.055027961730957031e-01
4.938691481947898865e-02
3.722868859767913818e-01
1.147293448448181152e-01
7.192167639732360840e-01
3.191442966461181641e+00
1.007657170295715332e+00
4.670665785670280457e-02
2.446820586919784546e-01
1.064326614141464233e-01
1.086040735244750977e+00
2.166230082511901855e-01
4.065949842333793640e-02
2.681532874703407288e-03
8.101018667221069336e-01
4.499946832656860352e-01
3.431899240240454674e-03
2.588464617729187012e-01
2.899094820022583008e-01
2.179494142532348633e+00
3.290830925107002258e-02
7.057917863130569458e-02
9.184393286705017090e-02
5.936488136649131775e-02
4.797973856329917908e-02
6.668159961700439453e-01
2.876324951648712158e-01
2.689112722873687744e-01
3.034870862960815430e+00
1.417712122201919556e-01
0.000000000000000000e+00
6.061260104179382324e-01
1.117015600204467773e+00
3.230849504470825195e-01
9.501282572746276855e-01
7.847043871879577637e-01
2.281337499618530273e+00
1.928452253341674805e+00
2.697159945964813232e-01
2.806772291660308838e-01
1.181211471557617188e+00
0.000000000000000000e+00
4.898211359977722168e-02
