1.947039514780044556e-01
0.000000000000000000e+00
1.018234416842460632e-01
3.440359354019165039e+00
3.283796012401580811e-01
1.456409245729446411e-01
4.871196150779724121e-01
3.459938764572143555e+00
7.213072776794433594e+00
1.232581853866577148e+00
1.793542504310607910e-01
1.441394329071044922e+00
2.285026013851165771e-01
1.464051961898803711e+00
2.497590303421020508e+00
1.113200068473815918e+00
6.800734996795654297e-01
2.804111719131469727e+00
1.473355293273925781e+00
1.012581959366798401e-01
1.750061750411987305e+00
0.000000000000000000e+00
1.049630641937255859e-01
2.373938798904418945e+00
1.583722680807113647e-01
6.533978134393692017e-02
8.704430609941482544e-02
2.167827367782592773e+00
1.961810141801834106e-01
1.083445847034454346e-01
1.872271671891212463e-02
2.046972326934337616e-02
8.462560176849365234e-01
8.310524225234985352e-01
5.474569797515869141e-01
2.663171291351318359e+00
2.020128369331359863e-01
5.473084282130002975e-03
5.879812240600585938e-01
4.352034628391265869e-01
4.068774580955505371e-01
1.144353300333023071e-01
4.020934998989105225e-01
4.501964092254638672e+00
8.090805411338806152e-01
9.625954627990722656e-01
9.171285480260848999e-02
1.192869424819946289e+00
1.526233851909637451e-01
1.476043462753295898e+00
2.670085668563842773e+00
0.000000000000000000e+00
1.631287813186645508e+00
1.294708102941513062e-01
7.308413386344909668e-01
1.601214408874511719e-01
3.468291088938713074e-02
6.450834870338439941e-02
1.775066733360290527e+00
7.976832985877990723e-02
8.433371782302856445e-02
1.090967208147048950e-01
2.265589544549584389e-03
9.040418267250061035e-01
1.848891258239746094e+00
5.539079308509826660e-01
1.100743282586336136e-02
5.540207028388977051e-01
1.072010278701782227e+00
2.646313011646270752e-01
0.000000000000000000e+00
6.862866133451461792e-02
1.501800417900085449e-01
1.185970544815063477e+00
6.264086365699768066e-01
8.826729059219360352e-01
1.492596976459026337e-02
6.901496648788452148e-01
7.128736376762390137e-01
1.314591407775878906e+00
1.129631325602531433e-02
1.014943838119506836e+00
3.236504077911376953e+00
6.639663595706224442e-03
2.007295131683349609e+00
2.804678492248058319e-02
1.303014636039733887e+00
1.203922322019934654e-03
6.598864793777465820e-01
8.928871899843215942e-02
1.471071243286132812e-01
2.220079040853306651e-04
1.186212971806526184e-01
0.000000000000000000e+00
8.169440031051635742e-01
1.601381748914718628e-01
1.046009302139282227e+00
3.902661502361297607e-01
1.890708953142166138e-01
1.534276083111763000e-02
0.000000000000000000e+00
2.339639365673065186e-01
7.348007708787918091e-02
1.147147417068481445e+00
1.482980608940124512e+00
1.053018718957901001e-01
1.369227766990661621e+00
8.454707860946655273e-01
4.229765832424163818e-01
6.284445524215698242e-01
1.448363661766052246e+00
9.507693350315093994e-03
6.898583769798278809e-01
2.478257119655609131e-01
9.298934936523437500e-01
1.562288850545883179e-01
8.886662870645523071e-02
1.508397161960601807e-01
7.987266778945922852e-01
1.970922946929931641e+00
1.263427972793579102e+00
3.179988265037536621e-01
2.960904687643051147e-02
9.215168952941894531e-01
7.748053073883056641e-01
1.839733719825744629e-01
0.000000000000000000e+00
7.629929780960083008e-01
1.803695797920227051e+00
3.723412379622459412e-02
0.000000000000000000e+00
6.910253763198852539e-01
1.008765101432800293e+00
1.121938228607177734e-01
2.346539199352264404e-01
1.200177893042564392e-01
1.806973665952682495e-02
4.970883846282958984e+00
0.000000000000000000e+00
3.625710261985659599e-03
3.329009562730789185e-02
2.401544004678726196e-01
1.530349254608154297e+00
9.631193429231643677e-02
8.462216705083847046e-02
2.322919368743896484e-01
5.470078587532043457e-01
3.784302175045013428e-01
1.908105611801147461e+00
2.704807929694652557e-02
6.396061897277832031e+00
7.140817493200302124e-02
2.111105620861053467e-01
2.877061069011688232e-01
1.598110198974609375e+00
1.493960022926330566e+00
8.421654254198074341e-02
3.069395720958709717e-01
1.847843050956726074e+00
1.401631534099578857e-01
7.585331797599792480e-02
1.296781063079833984e+00
3.642350435256958008e-01
4.197772964835166931e-02
1.150638237595558167e-01
4.455726444721221924e-01
4.209965094923973083e-02
0.000000000000000000e+00
7.173579931259155273e-01
3.122503519058227539e+00
6.590383052825927734e-01
9.189694523811340332e-01
1.253774017095565796e-01
7.103781104087829590e-01
3.510151505470275879e-01
7.405094146728515625e+00
0.000000000000000000e+00
3.975523635745048523e-02
1.779497861862182617e-01
1.056957393884658813e-01
0.000000000000000000e+00
2.069172263145446777e-02
4.616185426712036133e-01
3.354492187500000000e+00
7.199595868587493896e-02
5.844804272055625916e-02
4.194276332855224609e-01
4.753163158893585205e-01
0.000000000000000000e+00
0.000000000000000000e+00
0.000000000000000000e+00
1.864437200129032135e-02
8.010699152946472168e-01
2.899981737136840820e-01
1.478035449981689453e+00
8.828483223915100098e-01
6.972763538360595703e-01
1.882026791572570801e-01
2.609839737415313721e-01
3.818230926990509033e-01
1.057964801788330078e+00
1.753527298569679260e-02
6.133782267570495605e-01
1.041831970214843750e+00
1.164425835013389587e-01
3.817395865917205811e-02
1.128949165344238281e+00
6.102909147739410400e-02
1.367938704788684845e-02
7.000043988227844238e-01
2.559320032596588135e-01
1.041955277323722839e-01
2.114210277795791626e-01
1.124443650245666504e+00
7.469895482063293457e-01
5.671074390411376953e-01
9.651122381910681725e-04
1.308437883853912354e-01
1.669962763786315918e+00
1.856487154960632324e+00
0.000000000000000000e+00
7.637173533439636230e-01
3.768009543418884277e-01
2.290826886892318726e-01
4.719902947545051575e-02
7.431646808981895447e-03
2.883533202111721039e-02
6.120761632919311523e-01
6.789036560803651810e-03
2.365598827600479126e-01
2.002113014459609985e-01
4.755004048347473145e-01
2.034881591796875000e+00
1.828892469406127930e+00
7.275667786598205566e-01
7.611282467842102051e-01
2.652449846267700195e+00
3.283354938030242920e-01
4.884605482220649719e-02
1.433604955673217773e+00
6.841257214546203613e-02
5.342272296547889709e-02
4.524092972278594971e-01
3.307359933853149414e+00
1.180503606796264648e+00
4.530618488788604736e-01
6.292615532875061035e-01
5.100777745246887207e-02
1.555833697319030762e+00
1.055921316146850586e+00
0.000000000000000000e+00
2.560669481754302979e-01
6.987566594034433365e-03
2.098126173019409180e+00
7.688090205192565918e-01
8.539260178804397583e-02
1.967013813555240631e-02
0.000000000000000000e+00
3.417005240917205811e-01
2.347200661897659302e-01
9.605739116668701172e-01
1.708378195762634277e-01
0.000000000000000000e+00
7.396000437438488007e-03
0.000000000000000000e+00
5.417906865477561951e-02
2.038363456726074219e+00
7.706124335527420044e-03
4.421477206051349640e-03
1.183969229459762573e-01
1.686054468154907227e+00
0.000000000000000000e+00
5.975075364112854004e-01
3.488507866859436035e-01
7.322674244642257690e-02
3.133864104747772217e-01
2.611806392669677734e-01
1.158239841461181641e+00
4.647445678710937500e-01
3.616485046222805977e-03
1.018636450171470642e-01
4.032255709171295166e-01
3.046547174453735352e-01
5.078123807907104492e-01
7.279436588287353516e-01
9.817983508110046387e-01
1.030509471893310547e+00
4.539850726723670959e-02
4.869330674409866333e-02
1.270268857479095459e-01
1.810257077217102051e+00
8.601037263870239258e-01
8.584781736135482788e-02
2.190693914890289307e-01
9.131008386611938477e-02
3.354633152484893799e-01
2.456981390714645386e-01
1.710028946399688721e-01
1.336051702499389648e+00
6.134364604949951172e+00
6.273211240768432617e-01
1.232587248086929321e-01
4.269467592239379883e-01
1.242391415871679783e-03
1.708713732659816742e-02
2.945614159107208252e-01
1.869287341833114624e-02
0.000000000000000000e+00
6.550965481437742710e-04
2.837665379047393799e-01
8.044461607933044434e-01
4.304552078247070312e-02
0.000000000000000000e+00
9.036355614662170410e-01
1.766604185104370117e-02
4.346499443054199219e-01
0.000000000000000000e+00
2.080229371786117554e-01
1.537170886993408203e+00
6.720936894416809082e-01
2.069288969039916992e+00
9.177715401165187359e-05
3.778260648250579834e-01
0.000000000000000000e+00
1.499911397695541382e-02
2.810272574424743652e-01
1.112550683319568634e-02
0.000000000000000000e+00
4.614999294281005859e-01
5.205151438713073730e-01
0.000000000000000000e+00
0.000000000000000000e+00
1.467635154724121094e+00
4.623727500438690186e-02
7.935246825218200684e-02
8.636587113142013550e-02
1.238318204879760742e+00
5.453815460205078125e-01
7.302978038787841797e-01
1.163412690162658691e+00
8.579499274492263794e-02
4.807616770267486572e-02
5.258623510599136353e-02
3.394442424178123474e-02
5.461158156394958496e-01
1.028783679008483887e+00
1.182338595390319824e-01
1.758561097085475922e-02
5.466763973236083984e-01
8.160581588745117188e-01
1.462741494178771973e-01
6.761577129364013672e-01
1.830026656389236450e-01
1.906749233603477478e-02
2.646552398800849915e-02
6.587849855422973633e-01
0.000000000000000000e+00
1.814358681440353394e-01
1.509423647075891495e-02
9.636113643646240234e-01
4.043146669864654541e-01
3.489124774932861328e-02
1.120686531066894531e+00
6.250558495521545410e-01
1.887782454490661621e+00
1.139980792999267578e+00
6.094456911087036133e-01
1.589739918708801270e+00
1.508187055587768555e+00
0.000000000000000000e+00
5.064385533332824707e-01
9.432319998741149902e-01
7.492467164993286133e-01
2.101402878761291504e-01
6.651080250740051270e-01
0.000000000000000000e+00
6.598143372684717178e-04
1.414309442043304443e-02
1.175023149698972702e-02
8.025375604629516602e-01
4.839250445365905762e-01
3.792869567871093750e+00
1.501305103302001953e+00
5.097030997276306152e-01
0.000000000000000000e+00
5.630223155021667480e-01
5.402513220906257629e-02
7.495201192796230316e-03
0.000000000000000000e+00
2.364300750195980072e-02
2.805388867855072021e-01
1.783491969108581543e-01
0.000000000000000000e+00
2.544134156778454781e-03
9.306807070970535278e-02
4.661790430545806885e-01
1.899145245552062988e+00
2.742382930591702461e-03
1.594654284417629242e-02
1.008289217948913574e+00
4.450634866952896118e-02
1.280535578727722168e+00
0.000000000000000000e+00
1.503351181745529175e-01
1.794246196746826172e+00
4.546040892601013184e-01
1.123782634735107422e+00
1.072459295392036438e-01
1.731516242027282715e+00
2.924169600009918213e-01
2.788675129413604736e-01
9.139690548181533813e-02
3.501670956611633301e-01
1.712280392646789551e+00
8.072713389992713928e-03
1.908718259073793888e-03
4.256604194641113281e+00
1.975785791873931885e-01
7.020546197891235352e-01
8.605235219001770020e-01
1.861043572425842285e-01
4.182578325271606445e-01
0.000000000000000000e+00
2.699183464050292969e+00
3.781655728816986084e-01
5.675363540649414062e-01
8.530919551849365234e-01
1.958887457847595215e+00
0.000000000000000000e+00
1.642162322998046875e+00
0.000000000000000000e+00
5.938400980085134506e-03
2.113829851150512695e-01
0.000000000000000000e+00
6.520414948463439941e-01
8.276651054620742798e-02
1.960413008928298950e-01
0.000000000000000000e+00
6.913008093833923340e-01
9.961220026016235352e-01
8.771355748176574707e-01
0.000000000000000000e+00
1.300659030675888062e-01
2.309246063232421875e-01
2.389053553342819214e-01
0.000000000000000000e+00
0.000000000000000000e+00
0.000000000000000000e+00
5.955945253372192383e-01
1.258393883705139160e+00
7.139233946800231934e-01
2.039873972535133362e-02
1.945456027984619141e+00
2.057409472763538361e-02
1.216119527816772461e+00
7.446904182434082031e-01
3.370278775691986084e-01
8.060572296380996704e-02
0.000000000000000000e+00
1.189953207969665527e+00
2.730355262756347656e+00
1.699058711528778076e-01
4.060686588287353516e+00
8.112381398677825928e-02
3.556579649448394775e-01
1.677087396383285522e-01
7.080937176942825317e-02
9.098453819751739502e-02
1.347369790077209473e+00
7.236963510513305664e-01
0.000000000000000000e+00
1.898276805877685547e-01
2.479401230812072754e-01
1.172009229660034180e+00
3.578447818756103516e+00
3.909562528133392334e-01
8.943952620029449463e-03
1.673415154218673706e-01
8.311415463685989380e-02
1.132874608039855957e+00
1.978259906172752380e-02
2.027456276118755341e-02
8.290550671517848969e-03
3.994182944297790527e-01
1.171197056770324707e+00
0.000000000000000000e+00
2.947287857532501221e-01
7.301266491413116455e-02
2.100488901138305664e+00
5.222649499773979187e-02
1.423580497503280640e-01
1.442886292934417725e-01
2.203098498284816742e-02
2.658537030220031738e-01
8.669646978378295898e-01
1.634175772778689861e-03
2.828722596168518066e-01
3.230646133422851562e+00
2.770132198929786682e-02
0.000000000000000000e+00
5.354074835777282715e-01
1.120520591735839844e+00
7.547805905342102051e-01
9.602992534637451172e-01
1.046877741813659668e+00
2.178066492080688477e+00
2.174680948257446289e+00
3.356392383575439453e-01
1.082935035228729248e-01
5.277348756790161133e-01
0.000000000000000000e+00
1.656687445938587189e-02
