6.680478453636169434e-01
1.879064366221427917e-03
2.133666276931762695e-01
3.269360542297363281e+00
7.543801665306091309e-01
2.007192671298980713e-01
5.887533426284790039e-01
4.128425121307373047e+00
6.878336906433105469e+00
1.095856666564941406e+00
1.776331216096878052e-01
1.230602264404296875e+00
2.792175114154815674e-01
1.268317937850952148e+00
1.995745301246643066e+00
1.179206848144531250e+00
7.106804251670837402e-01
2.793087005615234375e+00
7.206504344940185547e-01
2.293344736099243164e-01
1.605443358421325684e+00
0.000000000000000000e+00
3.334093689918518066e-01
2.383559465408325195e+00
4.670667927712202072e-03
3.671357408165931702e-03
2.593769133090972900e-02
2.259765625000000000e+00
1.962873786687850952e-01
2.540899440646171570e-03
1.907266676425933838e-02
0.000000000000000000e+00
1.166147708892822266e+00
8.307373523712158203e-01
5.304237604141235352e-01
2.507818698883056641e+00
2.969883568584918976e-02
1.312758475542068481e-01
5.045712590217590332e-01
9.874051213264465332e-01
1.546761840581893921e-01
1.072743535041809082e-01
3.153390586376190186e-01
3.891016006469726562e+00
9.200068712234497070e-01
5.037822723388671875e-01
8.785193413496017456e-02
1.094742774963378906e+00
4.195318371057510376e-02
2.179908514022827148e+00
2.612771749496459961e+00
0.000000000000000000e+00
2.184089660644531250e+00
1.139070689678192139e-01
1.037025451660156250e+00
1.026999801397323608e-01
4.465096071362495422e-02
1.422289460897445679e-01
2.187272548675537109e+00
1.572646945714950562e-01
1.440760563127696514e-03
1.988556422293186188e-02
0.000000000000000000e+00
1.150645017623901367e+00
1.772804975509643555e+00
6.449814438819885254e-01
6.904208660125732422e-02
6.954333186149597168e-01
7.567312717437744141e-01
4.605334103107452393e-01
0.000000000000000000e+00
1.048848628997802734e-01
1.439181268215179443e-01
3.780001699924468994e-01
5.577368140220642090e-01
1.042045831680297852e+00
2.405125461518764496e-02
7.132474184036254883e-01
6.475054025650024414e-01
8.241983652114868164e-01
8.754092268645763397e-03
7.833751440048217773e-01
3.636873722076416016e+00
7.991068065166473389e-03
1.934001922607421875e+00
6.784092634916305542e-02
1.146331906318664551e+00
2.721323259174823761e-02
6.170117259025573730e-01
4.213147759437561035e-01
4.287651181221008301e-02
3.932692110538482666e-03
3.764274762943387032e-03
0.000000000000000000e+00
9.565359950065612793e-01
2.661547362804412842e-01
1.185238361358642578e+00
2.140850126743316650e-01
1.427709907293319702e-01
3.772794501855969429e-03
5.866602063179016113e-03
1.991095542907714844e-01
2.236226499080657959e-01
1.762422204017639160e+00
1.657676935195922852e+00
3.371562808752059937e-02
1.122537851333618164e+00
7.653297781944274902e-01
1.856206171214580536e-02
9.882164001464843750e-01
1.594113111495971680e+00
0.000000000000000000e+00
9.571137428283691406e-01
3.383873999118804932e-01
6.033676862716674805e-01
3.530564904212951660e-02
3.216328918933868408e-01
5.585419386625289917e-02
4.955074191093444824e-01
2.353394985198974609e+00
1.726523637771606445e+00
4.381832778453826904e-01
0.000000000000000000e+00
1.477976202964782715e+00
5.996224284172058105e-01
4.784383773803710938e-01
0.000000000000000000e+00
7.317966222763061523e-01
1.452198028564453125e+00
0.000000000000000000e+00
4.597986117005348206e-03
1.013272643089294434e+00
3.883583545684814453e-01
7.363836746662855148e-03
5.052448511123657227e-01
1.791191399097442627e-01
1.736160218715667725e-01
4.868144035339355469e+00
0.000000000000000000e+00
9.124679863452911377e-02
3.179355859756469727e-01
2.064959853887557983e-01
1.580738306045532227e+00
2.438513003289699554e-02
5.892631784081459045e-02
7.567536830902099609e-01
6.238086223602294922e-01
9.019030332565307617e-01
1.150209784507751465e+00
2.586562335491180420e-01
6.251084804534912109e+00
2.107016146183013916e-01
2.912587523460388184e-01
3.150561451911926270e-01
1.259172201156616211e+00
9.582967162132263184e-01
2.682192921638488770e-01
2.483652830123901367e-01
2.569595575332641602e+00
3.651789203286170959e-02
2.829756736755371094e-01
9.328235387802124023e-01
5.961121916770935059e-01
0.000000000000000000e+00
9.350538253784179688e-02
5.280109047889709473e-01
0.000000000000000000e+00
0.000000000000000000e+00
8.454794287681579590e-01
3.701569795608520508e+00
4.689918756484985352e-01
5.610873699188232422e-01
7.642409950494766235e-02
3.179283142089843750e-01
4.351855516433715820e-01
7.071446418762207031e+00
1.682712114416062832e-03
1.421763747930526733e-01
4.209400117397308350e-01
0.000000000000000000e+00
1.480952138081192970e-03
8.156390860676765442e-03
8.230733871459960938e-01
3.980671167373657227e+00
1.255404651165008545e-01
2.863472700119018555e-02
3.626058399677276611e-01
6.395072937011718750e-01
0.000000000000000000e+00
9.886841289699077606e-03
1.109202974475920200e-03
3.859496861696243286e-02
1.168673157691955566e+00
7.643258571624755859e-01
1.518714904785156250e+00
5.782750248908996582e-01
1.208374023437500000e+00
2.229962050914764404e-01
6.187541484832763672e-01
5.335379242897033691e-01
1.274700164794921875e+00
2.270209789276123047e-01
6.054142117500305176e-01
1.275598287582397461e+00
1.133362948894500732e-01
8.413531817495822906e-03
1.889197468757629395e+00
1.944940164685249329e-02
1.986338570713996887e-02
1.398002147674560547e+00
7.629742473363876343e-02
2.144940346479415894e-01
6.205815672874450684e-01
4.278787076473236084e-01
6.696596741676330566e-01
1.058835029602050781e+00
2.310086041688919067e-01
2.406980097293853760e-01
1.681517601013183594e+00
1.072021126747131348e+00
0.000000000000000000e+00
1.260184168815612793e+00
2.253519743680953979e-01
2.316464483737945557e-01
1.459811180830001831e-01
0.000000000000000000e+00
3.124620206654071808e-02
4.493230581283569336e-01
4.551104456186294556e-02
1.640406548976898193e-01
1.295767873525619507e-01
2.087655365467071533e-01
1.509010434150695801e+00
2.285808324813842773e+00
4.800780415534973145e-01
5.902537703514099121e-01
2.878676176071166992e+00
7.381529211997985840e-01
1.416492462158203125e-02
1.280902743339538574e+00
5.006703941035084426e-05
3.248091414570808411e-02
2.101287394762039185e-01
3.619130849838256836e+00
1.166733503341674805e+00
4.680333733558654785e-01
7.851415276527404785e-01
5.853652022778987885e-03
1.725762605667114258e+00
8.472484350204467773e-01
1.401339005678892136e-02
5.454028844833374023e-01
1.017694454640150070e-02
8.516184091567993164e-01
9.227171540260314941e-01
4.336298629641532898e-02
2.808004319667816162e-01
0.000000000000000000e+00
4.497151449322700500e-02
3.077960312366485596e-01
1.256566643714904785e+00
6.027815341949462891e-01
5.739057809114456177e-02
0.000000000000000000e+00
0.000000000000000000e+00
7.598353922367095947e-02
1.644999742507934570e+00
4.276396706700325012e-03
4.123463854193687439e-02
1.147191822528839111e-01
8.711650371551513672e-01
4.205520730465650558e-03
1.610553264617919922e-01
4.556343555450439453e-01
1.346393674612045288e-01
6.750860214233398438e-01
1.615918874740600586e-01
4.408596158027648926e-01
1.037042737007141113e+00
8.431067317724227905e-02
1.164160892367362976e-01
1.062139153480529785e+00
3.277535550296306610e-03
3.197515606880187988e-01
8.664847016334533691e-01
2.504270076751708984e-01
7.558040618896484375e-01
0.000000000000000000e+00
4.334160387516021729e-01
7.893232628703117371e-03
1.408979892730712891e+00
6.109797954559326172e-01
1.871339827775955200e-01
1.434465050697326660e-01
3.986985981464385986e-02
4.183039367198944092e-01
3.291474580764770508e-01
1.057773455977439880e-01
1.299295306205749512e+00
5.572253227233886719e+00
8.655263185501098633e-01
7.948867231607437134e-02
2.417515665292739868e-01
0.000000000000000000e+00
1.208517886698246002e-02
2.774236537516117096e-02
0.000000000000000000e+00
0.000000000000000000e+00
0.000000000000000000e+00
2.669744491577148438e-01
6.055450439453125000e-01
9.328225255012512207e-02
0.000000000000000000e+00
1.150059461593627930e+00
4.415027052164077759e-02
2.340765595436096191e-01
4.767009522765874863e-03
1.408027559518814087e-01
8.824760317802429199e-01
1.040995866060256958e-01
2.156334400177001953e+00
0.000000000000000000e+00
1.421144008636474609e-01
3.997820317745208740e-01
2.057911828160285950e-02
2.264569699764251709e-01
7.911540567874908447e-03
0.000000000000000000e+00
6.541447639465332031e-01
2.336090952157974243e-01
0.000000000000000000e+00
0.000000000000000000e+00
9.825711846351623535e-01
1.726311258971691132e-02
0.000000000000000000e+00
3.439128026366233826e-02
1.780802845954895020e+00
3.885208368301391602e-01
6.015280485153198242e-01
1.052390456199645996e+00
5.005037412047386169e-02
2.795264124870300293e-03
1.104102581739425659e-01
2.242368459701538086e-02
2.938430905342102051e-01
1.132593393325805664e+00
4.043661952018737793e-01
5.585834383964538574e-02
3.834055662155151367e-01
2.532153129577636719e-01
1.339222788810729980e-01
8.456345200538635254e-01
1.417970806360244751e-01
0.000000000000000000e+00
4.546276479959487915e-02
1.005484700202941895e+00
0.000000000000000000e+00
1.893326044082641602e-01
1.963886916637420654e-01
8.461200594902038574e-01
2.203249633312225342e-01
1.700314730405807495e-01
1.025956273078918457e+00
1.340758055448532104e-01
1.902566075325012207e+00
1.079033613204956055e+00
6.028379797935485840e-01
1.606936931610107422e+00
2.080163717269897461e+00
0.000000000000000000e+00
5.718783736228942871e-01
1.220066547393798828e+00
9.594495892524719238e-01
1.902006268501281738e-01
9.487692713737487793e-01
7.076208479702472687e-03
1.858355849981307983e-02
9.104330837726593018e-02
4.935217648744583130e-02
8.021308779716491699e-01
6.246376037597656250e-01
4.178787231445312500e+00
1.797613620758056641e+00
5.432783365249633789e-01
0.000000000000000000e+00
3.308831453323364258e-01
0.000000000000000000e+00
1.331263629253953695e-04
0.000000000000000000e+00
8.527589961886405945e-03
2.018972486257553101e-01
1.122314576059579849e-02
0.000000000000000000e+00
9.275593608617782593e-02
2.728240489959716797e-01
3.521849215030670166e-01
1.918525457382202148e+00
8.542980998754501343e-02
1.844168454408645630e-01
1.025904059410095215e+00
4.660164564847946167e-02
7.097356319427490234e-01
1.291930302977561951e-02
1.116248145699501038e-01
1.543824791908264160e+00
3.372869193553924561e-01
1.347656250000000000e+00
2.901281714439392090e-01
1.202735662460327148e+00
6.019836664199829102e-01
3.471383750438690186e-01
2.876459248363971710e-02
4.899672567844390869e-01
1.846303939819335938e+00
6.351138651371002197e-02
1.322617026744410396e-04
3.668901920318603516e+00
1.467625647783279419e-01
6.442406177520751953e-01
7.357496023178100586e-01
3.586511313915252686e-01
7.965998649597167969e-01
5.528381559997797012e-03
2.243961095809936523e+00
2.640294134616851807e-01
4.592303037643432617e-01
1.062370419502258301e+00
2.261301040649414062e+00
1.017355453222990036e-02
1.421587228775024414e+00
4.062677174806594849e-02
3.628405556082725525e-02
1.837941110134124756e-01
0.000000000000000000e+00
3.476441502571105957e-01
7.465220242738723755e-02
3.930880129337310791e-01
6.240247935056686401e-02
2.143298834562301636e-01
9.482254385948181152e-01
1.567156672477722168e+00
3.612011903896927834e-03
6.612531840801239014e-02
8.422120213508605957e-01
6.477881073951721191e-01
1.994476318359375000e-01
2.252449048683047295e-03
2.892648801207542419e-02
4.727592468261718750e-01
1.034232378005981445e+00
1.135423541069030762e+00
2.788767963647842407e-02
2.111586332321166992e+00
9.210505522787570953e-03
1.611863255500793457e+00
9.803178310394287109e-01
5.090501904487609863e-01
2.642715275287628174e-01
0.000000000000000000e+00
1.088356852531433105e+00
2.891681909561157227e+00
3.121047317981719971e-01
3.547356367111206055e+00
1.339947283267974854e-01
5.494301915168762207e-01
7.851236313581466675e-02
1.543794944882392883e-02
3.080858588218688965e-01
9.546514153480529785e-01
7.219222784042358398e-01
0.000000000000000000e+00
7.892138361930847168e-01
1.878007799386978149e-01
8.528788685798645020e-01
3.042680263519287109e+00
3.401025235652923584e-01
1.983847701922059059e-03
3.028568625450134277e-01
7.852066308259963989e-02
7.287188768386840820e-01
2.472687978297472000e-03
2.292038407176733017e-03
4.795134812593460083e-02
7.592919468879699707e-01
1.085560083389282227e+00
0.000000000000000000e+00
1.334631592035293579e-01
4.083181265741586685e-03
2.475263833999633789e+00
4.755218047648668289e-03
2.168088257312774658e-01
1.939705759286880493e-01
0.000000000000000000e+00
6.521167159080505371e-01
8.449535369873046875e-01
1.135135680669918656e-04
2.370135933160781860e-01
2.883369207382202148e+00
6.980781257152557373e-02
0.000000000000000000e+00
4.852203726768493652e-01
1.341880202293395996e+00
2.978300750255584717e-01
8.658300638198852539e-01
9.764396548271179199e-01
2.146341323852539062e+00
2.856141090393066406e+00
5.074576735496520996e-01
2.693651616573333740e-01
1.152766585350036621e+00
0.000000000000000000e+00
6.949786841869354248e-02
