1.597028821706771851e-01
0.000000000000000000e+00
5.520043373107910156e-01
2.222930669784545898e+00
6.756765246391296387e-01
2.447147667407989502e-01
1.389133691787719727e+00
3.397840261459350586e+00
5.648663043975830078e+00
5.441693663597106934e-01
1.206878125667572021e-01
1.307121396064758301e+00
3.464080691337585449e-01
1.430187582969665527e+00
2.162707805633544922e+00
1.253208160400390625e+00
6.831766366958618164e-01
2.310179471969604492e+00
4.813978970050811768e-01
9.026703834533691406e-01
8.023997545242309570e-01
0.000000000000000000e+00
2.357631921768188477e-01
2.589687347412109375e+00
2.185406535863876343e-01
7.429009675979614258e-02
2.442106045782566071e-02
2.771000385284423828e+00
7.206813097000122070e-01
3.074541315436363220e-02
2.789476513862609863e-01
1.646321266889572144e-01
6.107356548309326172e-01
6.448342204093933105e-01
2.009629160165786743e-01
2.590647935867309570e+00
4.386020079255104065e-02
2.685637474060058594e-01
1.060597300529479980e+00
3.809355795383453369e-01
1.950192898511886597e-01
7.374365627765655518e-02
5.446976423263549805e-01
3.302534580230712891e+00
1.659792661666870117e+00
1.217471718788146973e+00
5.907240137457847595e-02
1.846353858709335327e-01
2.339371293783187866e-01
1.513294696807861328e+00
2.248665809631347656e+00
0.000000000000000000e+00
7.668843865394592285e-01
8.238128423690795898e-01
1.260940074920654297e+00
3.662991225719451904e-01
1.195345044136047363e+00
3.031442500650882721e-02
3.023265600204467773e+00
4.203820824623107910e-01
5.337439011782407761e-03
4.867729172110557556e-02
4.595755636692047119e-01
1.333819627761840820e+00
8.644379973411560059e-01
5.335718393325805664e-01
1.469832211732864380e-01
2.653428614139556885e-01
5.858612060546875000e-01
1.685052037239074707e+00
0.000000000000000000e+00
6.401382088661193848e-01
6.437873095273971558e-02
2.733168900012969971e-01
8.994149565696716309e-01
1.589982032775878906e+00
2.252415195107460022e-02
6.513680219650268555e-01
1.105006814002990723e+00
8.482457399368286133e-01
1.211499795317649841e-02
3.877811729907989502e-01
2.225561618804931641e+00
2.342177927494049072e-02
7.199991941452026367e-01
3.090578615665435791e-01
5.967773199081420898e-01
2.096779644489288330e-01
6.559367179870605469e-01
1.447585970163345337e-01
7.656399905681610107e-02
7.419187109917402267e-03
1.171140074729919434e-01
0.000000000000000000e+00
1.476248621940612793e+00
2.388755828142166138e-01
5.259572863578796387e-01
1.779054880142211914e+00
4.548130929470062256e-02
2.396000176668167114e-01
8.817334659397602081e-03
3.489300012588500977e-01
2.983134686946868896e-01
1.589392781257629395e+00
1.836244821548461914e+00
5.560716241598129272e-02
7.222812175750732422e-01
1.585373431444168091e-01
5.619609355926513672e-02
2.097925841808319092e-01
2.298308134078979492e+00
0.000000000000000000e+00
8.090134859085083008e-01
3.525430262088775635e-01
1.022233128547668457e+00
3.397115692496299744e-02
2.339055389165878296e-01
1.280219256877899170e-01
6.279124021530151367e-01
1.568238615989685059e+00
2.960175991058349609e+00
8.483609557151794434e-01
1.582636535167694092e-01
1.358665466308593750e+00
6.910950541496276855e-01
1.042207002639770508e+00
7.789292372763156891e-03
1.286983489990234375e-01
1.423091888427734375e+00
4.019231796264648438e-01
4.867351800203323364e-02
1.348113059997558594e+00
4.078863263130187988e-01
1.517601311206817627e-01
1.101381331682205200e-01
6.003367155790328979e-02
5.385019779205322266e-01
3.484161376953125000e+00
1.103136688470840454e-01
0.000000000000000000e+00
6.412814855575561523e-01
5.486708879470825195e-01
2.178150653839111328e+00
3.244031593203544617e-02
4.387598633766174316e-01
7.640798091888427734e-01
1.257337570190429688e+00
1.228806972503662109e+00
6.712630987167358398e-01
4.690065979957580566e-01
5.082207202911376953e+00
8.002442121505737305e-01
5.089244619011878967e-02
1.236873343586921692e-01
2.607647657394409180e+00
6.604148745536804199e-01
6.561795473098754883e-01
2.363021373748779297e-01
2.508841276168823242e+00
2.039335966110229492e-01
1.852847486734390259e-01
6.622117161750793457e-01
1.236767649650573730e+00
2.384991943836212158e-01
4.161678254604339600e-01
4.672444760799407959e-01
7.961104065179824829e-02
0.000000000000000000e+00
9.680918455123901367e-01
2.244656801223754883e+00
4.436860680580139160e-01
3.208348453044891357e-01
3.351219370961189270e-02
6.596247553825378418e-01
6.174643039703369141e-01
6.695331096649169922e+00
0.000000000000000000e+00
1.154272705316543579e-01
3.863039612770080566e-01
3.349618613719940186e-01
0.000000000000000000e+00
8.671326190233230591e-02
3.782052695751190186e-01
3.203894615173339844e+00
4.025201871991157532e-02
0.000000000000000000e+00
2.244862467050552368e-01
1.203274726867675781e+00
0.000000000000000000e+00
5.397234577685594559e-03
1.634957641363143921e-01
1.849971264600753784e-01
4.622927308082580566e-01
3.639437556266784668e-01
5.108535289764404297e-01
6.564591526985168457e-01
7.789887785911560059e-01
3.540309667587280273e-01
3.654483854770660400e-01
9.955230951309204102e-01
8.721510767936706543e-01
5.221976637840270996e-01
2.425694167613983154e-01
6.792049407958984375e-01
5.990955606102943420e-02
3.478559255599975586e-01
5.768235325813293457e-01
2.797133475542068481e-02
4.531281292438507080e-01
1.628372192382812500e+00
3.059186600148677826e-02
4.635819792747497559e-01
6.564802527427673340e-01
5.757632255554199219e-01
4.378855228424072266e-01
4.202279448509216309e-01
5.612791180610656738e-01
3.153409957885742188e-01
2.231995105743408203e+00
1.231278181076049805e+00
1.648070663213729858e-01
1.007073879241943359e+00
6.669077873229980469e-01
1.493910700082778931e-01
2.866374254226684570e-01
0.000000000000000000e+00
6.985294222831726074e-01
2.209793478250503540e-01
8.039960265159606934e-02
5.935432389378547668e-03
1.427961289882659912e-01
4.059796929359436035e-01
2.320833683013916016e+00
1.420557141304016113e+00
5.914037823677062988e-01
1.205049529671669006e-01
2.061806678771972656e+00
6.537845134735107422e-01
1.326843444257974625e-02
1.108240485191345215e+00
5.730532407760620117e-01
3.121990244835615158e-03
8.441124856472015381e-02
4.263223171234130859e+00
2.961396574974060059e-01
2.986668944358825684e-01
5.728077888488769531e-01
1.801317557692527771e-02
2.294001340866088867e+00
2.071809172630310059e-01
4.284963309764862061e-01
3.933095633983612061e-01
3.838616907596588135e-01
3.033808767795562744e-01
6.559047102928161621e-01
2.458229064941406250e-01
2.972001731395721436e-01
0.000000000000000000e+00
1.195980831980705261e-01
2.094305157661437988e-01
1.184186458587646484e+00
3.711779117584228516e-01
1.180552542209625244e-01
1.696063429117202759e-01
0.000000000000000000e+00
7.132320106029510498e-02
1.393575191497802734e+00
2.373323589563369751e-01
1.744809597730636597e-01
7.975693047046661377e-02
7.005094289779663086e-01
6.371825188398361206e-02
8.213824629783630371e-01
2.138790488243103027e-01
2.943419516086578369e-01
1.091226339340209961e+00
6.313993930816650391e-01
6.042709350585937500e-01
1.061039805412292480e+00
5.486561357975006104e-02
2.037630230188369751e-02
9.083552360534667969e-01
1.872138231992721558e-01
1.866831630468368530e-01
6.633440852165222168e-01
6.624870300292968750e-01
4.370871782302856445e-01
4.951206594705581665e-02
1.086794257164001465e+00
8.709067851305007935e-02
1.153998970985412598e+00
1.322308540344238281e+00
1.714378446340560913e-01
2.133538722991943359e-01
7.748568058013916016e-02
3.913817405700683594e-01
8.625120520591735840e-01
3.011362850666046143e-01
1.064611554145812988e+00
3.995996713638305664e+00
6.896002292633056641e-01
3.571068942546844482e-01
2.681148946285247803e-01
1.263171248137950897e-02
1.049334555864334106e-01
2.738218307495117188e-01
0.000000000000000000e+00
0.000000000000000000e+00
6.704699713736772537e-03
2.693050205707550049e-01
3.121706843376159668e-01
1.375855803489685059e-01
5.964114516973495483e-02
1.218301057815551758e+00
9.923061728477478027e-02
6.862430572509765625e-01
0.000000000000000000e+00
4.674275219440460205e-01
2.346746772527694702e-01
8.854709565639495850e-03
2.228776454925537109e+00
0.000000000000000000e+00
4.243970289826393127e-02
5.285198688507080078e-01
1.242137625813484192e-01
3.106402158737182617e-01
8.029926568269729614e-02
0.000000000000000000e+00
9.973343610763549805e-01
4.833532273769378662e-01
0.000000000000000000e+00
0.000000000000000000e+00
5.875566601753234863e-01
1.558424085378646851e-01
9.587797522544860840e-02
2.771903276443481445e-01
1.181102633476257324e+00
4.424866437911987305e-01
7.819107770919799805e-01
1.316073775291442871e+00
2.568758279085159302e-02
7.537538558244705200e-02
1.830945611000061035e-01
2.250752598047256470e-02
9.867580533027648926e-01
7.655152082443237305e-01
5.272617936134338379e-01
4.098099470138549805e-02
9.825496375560760498e-02
1.020745784044265747e-01
1.341115981340408325e-01
5.580758452415466309e-01
4.702418446540832520e-01
2.424811013042926788e-02
5.103434920310974121e-01
1.683124542236328125e+00
2.413875656202435493e-03
2.627529799938201904e-01
3.020431473851203918e-02
2.068223357200622559e-01
4.692008197307586670e-01
6.977880746126174927e-02
1.018543839454650879e-01
5.813040137290954590e-01
1.463154673576354980e+00
2.650909125804901123e-01
8.245494365692138672e-01
1.991029143333435059e+00
2.458257913589477539e+00
0.000000000000000000e+00
3.892379701137542725e-01
1.397116541862487793e+00
1.482957720756530762e+00
5.974764227867126465e-01
1.610785365104675293e+00
1.743061989545822144e-01
5.238543450832366943e-02
1.655762083828449249e-03
1.103436946868896484e-01
4.447091519832611084e-01
0.000000000000000000e+00
2.080448865890502930e+00
1.338597536087036133e+00
6.357173919677734375e-01
4.768884927034378052e-02
3.817246556282043457e-01
3.131694719195365906e-02
0.000000000000000000e+00
0.000000000000000000e+00
4.606544971466064453e-04
1.971145868301391602e-01
1.314026713371276855e-01
9.160301089286804199e-02
2.373717278242111206e-01
2.780528962612152100e-01
4.397150576114654541e-01
2.030239582061767578e+00
1.108237579464912415e-01
4.449910297989845276e-02
1.624849557876586914e+00
5.506257414817810059e-01
1.560866236686706543e+00
0.000000000000000000e+00
2.768570482730865479e-01
9.214091300964355469e-01
3.906261324882507324e-01
9.566862583160400391e-01
2.983616292476654053e-01
6.993513703346252441e-01
9.489769339561462402e-01
2.449503839015960693e-01
2.729645185172557831e-02
3.406053036451339722e-02
1.414654731750488281e+00
3.433280885219573975e-01
7.023257762193679810e-02
2.840059757232666016e+00
2.432239502668380737e-01
6.846344470977783203e-01
4.125324785709381104e-01
2.622142620384693146e-02
6.405590176582336426e-01
0.000000000000000000e+00
2.845260620117187500e+00
1.846231818199157715e+00
8.272961974143981934e-01
1.740539789199829102e+00
1.752259850502014160e+00
6.934416294097900391e-02
5.418320298194885254e-01
5.448649525642395020e-01
2.595629356801509857e-02
3.570600599050521851e-02
2.611777931451797485e-02
5.399704352021217346e-02
4.243552088737487793e-01
5.017875432968139648e-01
1.663112193346023560e-01
2.983397841453552246e-01
8.195323944091796875e-01
1.217432618141174316e+00
0.000000000000000000e+00
5.978161841630935669e-02
2.377341240644454956e-01
6.059897541999816895e-01
2.210494726896286011e-01
1.056136637926101685e-01
2.165439724922180176e-01
6.039540171623229980e-01
1.007213592529296875e+00
3.307110965251922607e-01
2.318484336137771606e-01
2.559033155441284180e+00
2.182007208466529846e-02
1.175734400749206543e+00
1.877979636192321777e-01
2.813077569007873535e-01
5.975751876831054688e-01
0.000000000000000000e+00
2.106252193450927734e+00
2.627508401870727539e+00
5.589135363698005676e-02
2.680673360824584961e+00
2.298233807086944580e-01
5.374789834022521973e-01
4.823394119739532471e-01
0.000000000000000000e+00
5.896968245506286621e-01
5.131083130836486816e-01
6.918106675148010254e-01
2.519202232360839844e-01
1.055700182914733887e+00
5.111936926841735840e-01
9.057176113128662109e-01
3.109410762786865234e+00
8.735346794128417969e-01
6.561653222888708115e-03
1.977784186601638794e-01
4.046314060688018799e-01
1.222377181053161621e+00
6.990056037902832031e-01
0.000000000000000000e+00
2.427214384078979492e-01
2.399753093719482422e+00
3.415944874286651611e-01
1.714273588731884956e-03
3.177357017993927002e-01
1.228655800223350525e-01
1.876475334167480469e+00
4.947133958339691162e-01
1.580674573779106140e-02
9.637951105833053589e-02
2.513041496276855469e-01
4.670096337795257568e-01
6.188706755638122559e-01
1.051770970225334167e-01
5.086271464824676514e-02
2.524803876876831055e+00
2.957118153572082520e-01
0.000000000000000000e+00
4.544857740402221680e-01
5.666343569755554199e-01
3.162111341953277588e-01
2.855252623558044434e-01
3.051395416259765625e-01
1.764300465583801270e+00
1.481367588043212891e+00
9.059733152389526367e-01
3.335857391357421875e-01
1.141895174980163574e+00
9.324043989181518555e-03
6.808170676231384277e-02
