2.877336144447326660e-01
0.000000000000000000e+00
7.334893196821212769e-02
2.619412183761596680e+00
5.231928825378417969e-01
2.729123830795288086e-01
2.285571545362472534e-01
2.694057464599609375e+00
7.090297698974609375e+00
1.150359272956848145e+00
1.110356003046035767e-01
1.011393785476684570e+00
3.234332203865051270e-01
9.177742600440979004e-01
3.032474279403686523e+00
8.885893225669860840e-01
1.174461483955383301e+00
2.915411233901977539e+00
1.541676998138427734e+00
5.638766661286354065e-02
2.012157440185546875e+00
3.809682279825210571e-02
1.752413064241409302e-02
2.488928079605102539e+00
1.166660338640213013e-01
6.771517917513847351e-03
7.598022371530532837e-02
3.010421991348266602e+00
4.097703993320465088e-01
0.000000000000000000e+00
1.417523771524429321e-01
1.891780877485871315e-03
9.488508105278015137e-01
2.571319937705993652e-01
5.866467356681823730e-01
3.859436511993408203e+00
2.880883514881134033e-01
1.242159381508827209e-01
5.803266763687133789e-01
2.325182855129241943e-01
2.348787039518356323e-01
2.487746179103851318e-01
9.949357062578201294e-02
3.940852403640747070e+00
6.165799498558044434e-01
8.144277334213256836e-01
2.529971301555633545e-01
1.052050828933715820e+00
1.437664180994033813e-01
1.315683603286743164e+00
2.334459781646728516e+00
6.620642961934208870e-04
1.600502133369445801e+00
4.198060333728790283e-01
9.968227744102478027e-01
2.097087539732456207e-02
5.229587554931640625e-01
7.726164162158966064e-02
9.886777997016906738e-01
6.611313819885253906e-01
8.030905574560165405e-02
7.789520919322967529e-02
1.217354759573936462e-01
1.162117004394531250e+00
1.560973525047302246e+00
5.667208433151245117e-01
1.301098167896270752e-01
2.613105475902557373e-01
1.064487814903259277e+00
6.848897784948348999e-02
0.000000000000000000e+00
2.901081144809722900e-01
2.757776901125907898e-02
7.547056078910827637e-01
7.558755278587341309e-01
1.945685863494873047e+00
9.406428784132003784e-03
6.490691304206848145e-01
5.717421174049377441e-01
1.571590423583984375e+00
0.000000000000000000e+00
2.676943540573120117e-01
2.314706802368164062e+00
4.887804388999938965e-03
2.082711935043334961e+00
7.917918264865875244e-03
1.992287993431091309e+00
1.813142589526250958e-04
5.252128243446350098e-01
1.328386273235082626e-02
1.002666130661964417e-01
8.828914165496826172e-02
1.634773798286914825e-02
0.000000000000000000e+00
8.838648796081542969e-01
2.915425412356853485e-02
1.207978248596191406e+00
3.990434110164642334e-01
3.071765042841434479e-02
7.801138330250978470e-03
0.000000000000000000e+00
1.166557744145393372e-01
1.422316767275333405e-02
3.485085964202880859e-01
1.308186888694763184e+00
1.704033464193344116e-02
1.601379394531250000e+00
2.583484649658203125e-01
1.785757392644882202e-01
3.184087574481964111e-01
1.954952597618103027e+00
2.492453157901763916e-02
5.500959753990173340e-01
3.602116703987121582e-01
6.690309643745422363e-01
6.051326170563697815e-02
1.993567198514938354e-01
0.000000000000000000e+00
1.582009941339492798e-01
2.216158151626586914e+00
2.103276491165161133e+00
5.628883242607116699e-01
1.133556850254535675e-02
1.437166333198547363e+00
5.328972935676574707e-01
4.186631441116333008e-01
0.000000000000000000e+00
5.555934309959411621e-01
2.347512245178222656e+00
2.767901122570037842e-01
0.000000000000000000e+00
7.410016655921936035e-01
4.842467606067657471e-01
7.636801898479461670e-02
3.758787810802459717e-01
5.502017587423324585e-02
1.916627399623394012e-02
5.264490127563476562e+00
0.000000000000000000e+00
0.000000000000000000e+00
2.270797789096832275e-01
3.806901872158050537e-01
1.587687730789184570e+00
0.000000000000000000e+00
5.028130412101745605e-01
6.213867664337158203e-01
1.090886592864990234e+00
4.162941575050354004e-01
1.806194305419921875e+00
1.461453884840011597e-01
6.669128417968750000e+00
1.903799325227737427e-01
4.187468066811561584e-02
3.547359406948089600e-01
1.840519309043884277e+00
1.242330193519592285e+00
2.553165256977081299e-01
1.198236942291259766e-01
2.403289079666137695e+00
3.816023468971252441e-01
1.571795493364334106e-01
7.955071926116943359e-01
9.704452753067016602e-01
1.514144241809844971e-01
3.911120072007179260e-02
4.231963455677032471e-01
0.000000000000000000e+00
0.000000000000000000e+00
9.947865605354309082e-01
3.285400390625000000e+00
3.179440200328826904e-01
6.499385833740234375e-01
1.413670182228088379e-01
9.557098150253295898e-01
9.950848668813705444e-02
7.151396751403808594e+00
0.000000000000000000e+00
5.967809632420539856e-02
2.716384232044219971e-01
6.395988166332244873e-02
0.000000000000000000e+00
1.258802972733974457e-02
2.594169378280639648e-01
2.798087835311889648e+00
2.322114706039428711e-01
2.569429762661457062e-02
4.934749901294708252e-01
4.992164969444274902e-01
0.000000000000000000e+00
0.000000000000000000e+00
0.000000000000000000e+00
0.000000000000000000e+00
3.605888187885284424e-01
6.623311638832092285e-01
9.062123894691467285e-01
8.605591058731079102e-01
9.152517318725585938e-01
3.472584187984466553e-01
3.807205259799957275e-01
7.640620470046997070e-01
1.643970370292663574e+00
4.868698418140411377e-01
7.738804817199707031e-01
1.266826510429382324e+00
7.337156683206558228e-02
2.125666476786136627e-02
7.552292346954345703e-01
5.623075738549232483e-02
3.215924650430679321e-02
1.468619704246520996e+00
4.406861215829849243e-02
7.886455208063125610e-02
3.832955956459045410e-01
3.573245406150817871e-01
1.276450872421264648e+00
9.609170556068420410e-01
1.131978817284107208e-02
3.963601216673851013e-02
1.326894044876098633e+00
1.893522381782531738e+00
5.925870314240455627e-02
4.230088591575622559e-01
2.664300203323364258e-01
6.175637710839509964e-03
1.542193442583084106e-01
0.000000000000000000e+00
1.834868639707565308e-02
7.375562191009521484e-02
2.414119197055697441e-03
1.323686689138412476e-01
6.208274140954017639e-02
2.506256699562072754e-01
1.013810396194458008e+00
2.392559051513671875e+00
4.061147272586822510e-01
6.175123453140258789e-01
2.476552248001098633e+00
2.781995534896850586e-01
0.000000000000000000e+00
1.194982290267944336e+00
2.018207460641860962e-01
1.173339337110519409e-01
1.288670450448989868e-01
3.332014560699462891e+00
1.248383760452270508e+00
5.347925424575805664e-01
7.988014817237854004e-01
1.202534069307148457e-03
1.124814987182617188e+00
9.310959577560424805e-01
1.197932660579681396e-01
3.200657367706298828e-01
2.051024287939071655e-01
7.303957343101501465e-01
1.050876617431640625e+00
4.066890105605125427e-02
1.511999815702438354e-01
0.000000000000000000e+00
8.500491827726364136e-02
4.953064769506454468e-02
1.337353944778442383e+00
5.397202819585800171e-02
2.743064239621162415e-02
2.277112007141113281e-02
0.000000000000000000e+00
1.956655085086822510e-02
2.599336147308349609e+00
2.113769529387354851e-03
2.522990666329860687e-02
0.000000000000000000e+00
1.386646509170532227e+00
0.000000000000000000e+00
4.553520679473876953e-01
3.300198912620544434e-01
8.798796683549880981e-02
6.646357178688049316e-01
1.066636517643928528e-01
8.993375897407531738e-01
1.472109436988830566e+00
3.530902415513992310e-02
2.153725549578666687e-02
3.505092561244964600e-01
5.117702484130859375e-01
2.323417365550994873e-01
6.610612273216247559e-01
7.496393918991088867e-01
8.136394023895263672e-01
3.040829859673976898e-02
4.548296034336090088e-01
0.000000000000000000e+00
1.850748419761657715e+00
1.184829950332641602e+00
4.718672856688499451e-02
5.944427102804183960e-02
4.765264689922332764e-02
4.446828365325927734e-01
2.594456374645233154e-01
3.767765164375305176e-01
1.811713695526123047e+00
5.379013061523437500e+00
2.881672382354736328e-01
1.025011297315359116e-02
3.002586364746093750e-01
2.683154046535491943e-01
6.335380673408508301e-02
5.106565356254577637e-01
3.638577461242675781e-02
0.000000000000000000e+00
1.110503356903791428e-02
1.398380249738693237e-01
8.226510286331176758e-01
1.798384124413132668e-03
8.364170789718627930e-04
1.121704936027526855e+00
7.169827818870544434e-03
5.232946276664733887e-01
0.000000000000000000e+00
3.571563661098480225e-01
2.943443953990936279e-01
5.149703621864318848e-01
1.571412324905395508e+00
0.000000000000000000e+00
1.263073533773422241e-01
3.982585296034812927e-02
1.731280684471130371e-01
5.696529150009155273e-01
5.164422909729182720e-04
0.000000000000000000e+00
7.348757386207580566e-01
9.439275264739990234e-01
0.000000000000000000e+00
0.000000000000000000e+00
1.132690191268920898e+00
0.000000000000000000e+00
1.870954483747482300e-01
1.074932441115379333e-01
1.207475185394287109e+00
1.333536356687545776e-01
4.708111584186553955e-01
1.764435529708862305e+00
2.026564180850982666e-01
0.000000000000000000e+00
1.696823723614215851e-02
7.364663481712341309e-02
1.201480984687805176e+00
8.753052949905395508e-01
3.804228305816650391e-01
5.698747001588344574e-03
5.014792084693908691e-01
2.140150815248489380e-01
2.246906906366348267e-01
7.081151604652404785e-01
1.802013963460922241e-01
1.681857742369174957e-02
3.429092764854431152e-01
8.613746762275695801e-01
0.000000000000000000e+00
1.887505203485488892e-01
0.000000000000000000e+00
5.714909434318542480e-01
1.524298936128616333e-01
4.637745022773742676e-02
7.616234421730041504e-01
5.640900731086730957e-01
1.573526740074157715e+00
9.944493770599365234e-01
4.261219203472137451e-01
1.362767100334167480e+00
2.094171047210693359e+00
0.000000000000000000e+00
9.780958294868469238e-01
1.208654522895812988e+00
7.827028632164001465e-01
2.799458801746368408e-01
1.217983245849609375e+00
0.000000000000000000e+00
8.377312333323061466e-04
2.352528832852840424e-02
0.000000000000000000e+00
5.147869586944580078e-01
1.059769615530967712e-01
3.208437681198120117e+00
2.007167816162109375e+00
2.784240543842315674e-01
0.000000000000000000e+00
1.071496248245239258e+00
0.000000000000000000e+00
0.000000000000000000e+00
0.000000000000000000e+00
7.871683686971664429e-03
2.940128743648529053e-01
0.000000000000000000e+00
3.160082269459962845e-03
1.788523048162460327e-01
2.033859938383102417e-01
2.430967986583709717e-01
2.235421180725097656e+00
3.301296755671501160e-02
4.642252251505851746e-02
1.215747714042663574e+00
7.915730476379394531e-01
1.959149956703186035e+00
0.000000000000000000e+00
3.941695392131805420e-01
1.493835449218750000e+00
6.533877253532409668e-01
9.671460986137390137e-01
4.406338036060333252e-01
1.427110314369201660e+00
4.097736179828643799e-01
2.272921353578567505e-01
0.000000000000000000e+00
3.246786594390869141e-01
1.578602313995361328e+00
3.708743490278720856e-03
0.000000000000000000e+00
4.698759555816650391e+00
1.173963919281959534e-01
2.874814271926879883e-01
4.172592759132385254e-01
4.851036667823791504e-01
6.385645270347595215e-01
0.000000000000000000e+00
2.552374124526977539e+00
1.180568218231201172e+00
3.445724248886108398e-01
8.297145366668701172e-01
2.393062591552734375e+00
0.000000000000000000e+00
1.464846491813659668e+00
2.039884403347969055e-02
1.250572223216295242e-02
3.966168314218521118e-02
1.879287883639335632e-04
2.782498300075531006e-01
2.577029466629028320e-01
8.185539245605468750e-01
0.000000000000000000e+00
4.382832348346710205e-01
2.925046086311340332e-01
1.635298967361450195e+00
0.000000000000000000e+00
2.117775082588195801e-01
2.091803997755050659e-01
6.804525256156921387e-01
1.119698979891836643e-03
1.083690300583839417e-01
0.000000000000000000e+00
4.688377678394317627e-01
1.481300354003906250e+00
4.445946216583251953e-01
1.061838939785957336e-01
2.427113771438598633e+00
0.000000000000000000e+00
1.195221543312072754e+00
7.118253707885742188e-01
3.337400257587432861e-01
6.176996231079101562e-01
0.000000000000000000e+00
2.151413440704345703e+00
1.886557102203369141e+00
1.109726279973983765e-01
3.585769176483154297e+00
3.445225358009338379e-01
4.664394557476043701e-01
2.072767354547977448e-03
2.396899275481700897e-02
3.587229549884796143e-01
1.105385899543762207e+00
5.689684748649597168e-01
0.000000000000000000e+00
3.150578141212463379e-01
3.203476965427398682e-01
6.922547817230224609e-01
3.404660463333129883e+00
7.239919900894165039e-01
1.184313651174306870e-02
3.444324433803558350e-01
1.528236865997314453e-01
1.126273512840270996e+00
1.609269231557846069e-01
3.331040218472480774e-02
4.814463667571544647e-03
1.141290783882141113e+00
7.853475213050842285e-01
0.000000000000000000e+00
7.297391891479492188e-01
1.604033634066581726e-02
1.852037310600280762e+00
5.230034887790679932e-02
2.001710981130599976e-01
3.285161852836608887e-01
2.100577205419540405e-02
2.895046472549438477e-01
1.636700481176376343e-01
8.498713374137878418e-02
2.728209197521209717e-01
2.864190101623535156e+00
6.204074621200561523e-02
0.000000000000000000e+00
5.337346792221069336e-01
1.222401857376098633e+00
3.242585957050323486e-01
1.405065417289733887e+00
9.874117970466613770e-01
1.719712257385253906e+00
1.672896862030029297e+00
7.356923818588256836e-01
1.090705841779708862e-01
8.021669983863830566e-01
0.000000000000000000e+00
0.000000000000000000e+00
