1.230258718132972717e-01
0.000000000000000000e+00
1.180115863680839539e-01
3.113213539123535156e+00
1.151289582252502441e+00
2.565905153751373291e-01
7.436442375183105469e-01
2.504006624221801758e+00
5.876735210418701172e+00
9.884717464447021484e-01
9.904417395591735840e-02
1.521391272544860840e+00
3.586289584636688232e-01
8.669778108596801758e-01
2.216723918914794922e+00
1.452562570571899414e+00
1.034096956253051758e+00
2.571082353591918945e+00
1.641105413436889648e+00
1.952549666166305542e-01
2.453308820724487305e+00
0.000000000000000000e+00
2.537221610546112061e-01
2.893113136291503906e+00
3.717934787273406982e-01
0.000000000000000000e+00
2.880786955356597900e-01
2.928864717483520508e+00
4.919672012329101562e-01
6.143230013549327850e-03
1.419338285923004150e-01
1.694984734058380127e-01
5.181508064270019531e-01
9.347725510597229004e-01
6.881688237190246582e-01
3.541054725646972656e+00
1.734854429960250854e-01
3.127391263842582703e-02
9.676221013069152832e-01
3.591345846652984619e-01
1.347397714853286743e-01
2.310192286968231201e-01
2.927691042423248291e-01
4.604597568511962891e+00
9.196666479110717773e-01
1.087225794792175293e+00
2.639413177967071533e-01
6.229910254478454590e-01
9.047652035951614380e-02
1.478036046028137207e+00
2.671217918395996094e+00
1.181842293590307236e-02
1.921572923660278320e+00
3.463538289070129395e-01
1.588390111923217773e+00
4.962336122989654541e-01
9.068931937217712402e-01
1.304461359977722168e-01
1.263032555580139160e+00
1.236624568700790405e-01
4.388992965687066317e-04
1.793918758630752563e-01
1.156708449125289917e-01
7.704261541366577148e-01
1.971187949180603027e+00
4.896184504032135010e-01
5.113160610198974609e-02
5.641565844416618347e-02
1.379720807075500488e+00
3.640634417533874512e-01
0.000000000000000000e+00
7.281793653964996338e-02
1.313976347446441650e-01
1.022976636886596680e+00
4.931145906448364258e-01
1.042295813560485840e+00
1.019338332116603851e-02
6.498380899429321289e-01
1.005698204040527344e+00
1.278792262077331543e+00
0.000000000000000000e+00
4.292252957820892334e-01
2.938849449157714844e+00
1.047719642519950867e-02
2.012922525405883789e+00
4.895881563425064087e-02
7.541268467903137207e-01
2.315142937004566193e-02
7.290876507759094238e-01
0.000000000000000000e+00
4.920314848423004150e-01
7.748840376734733582e-03
1.866655424237251282e-02
0.000000000000000000e+00
1.073700666427612305e+00
1.506045013666152954e-01
1.350714683532714844e+00
8.396168947219848633e-01
4.077630862593650818e-02
1.931344158947467804e-03
2.038398291915655136e-03
3.596752583980560303e-01
7.071189582347869873e-03
1.694840431213378906e+00
1.670749068260192871e+00
6.213823333382606506e-02
8.598406910896301270e-01
2.656232416629791260e-01
2.308918237686157227e-01
4.561463892459869385e-01
1.921261787414550781e+00
3.222988173365592957e-02
7.927862405776977539e-01
6.558151841163635254e-01
6.335468888282775879e-01
1.717512011528015137e-01
3.546498715877532959e-01
1.583847701549530029e-01
7.140489816665649414e-01
1.488057971000671387e+00
1.757739901542663574e+00
9.824910759925842285e-01
1.359010674059391022e-02
1.833258032798767090e+00
6.652565598487854004e-01
8.365721106529235840e-01
0.000000000000000000e+00
4.669622182846069336e-01
1.906438350677490234e+00
8.860597014427185059e-02
0.000000000000000000e+00
1.138141870498657227e+00
5.208147168159484863e-01
2.579185925424098969e-02
1.606938093900680542e-01
8.966349065303802490e-02
1.443366855382919312e-01
4.715379714965820312e+00
0.000000000000000000e+00
2.320492640137672424e-02
4.808322191238403320e-01
5.977641940116882324e-01
1.936596155166625977e+00
0.000000000000000000e+00
3.317026793956756592e-02
1.111885979771614075e-01
9.587511420249938965e-01
9.795054197311401367e-01
5.930202007293701172e-01
4.865947961807250977e-01
5.658384799957275391e+00
2.141295224428176880e-01
4.059090837836265564e-02
9.318408370018005371e-01
2.886405467987060547e+00
1.844492316246032715e+00
2.767059504985809326e-01
3.074135482311248779e-01
2.402563571929931641e+00
8.904566168785095215e-01
4.694621562957763672e-01
1.396501898765563965e+00
5.620124340057373047e-01
1.057418528944253922e-02
9.744314104318618774e-02
4.888626337051391602e-01
7.914630696177482605e-03
0.000000000000000000e+00
1.248758912086486816e+00
3.655922889709472656e+00
3.066957294940948486e-01
5.474432110786437988e-01
9.197057038545608521e-02
9.381992220878601074e-01
2.254795283079147339e-01
7.233386993408203125e+00
0.000000000000000000e+00
2.647081613540649414e-01
5.229070186614990234e-01
3.473522067070007324e-01
2.155793644487857819e-02
4.625049978494644165e-02
7.866554856300354004e-01
3.155356168746948242e+00
4.515536874532699585e-02
4.397460445761680603e-02
1.435270607471466064e-01
7.391016483306884766e-01
1.874654204584658146e-03
1.798041164875030518e-01
0.000000000000000000e+00
1.003835648298263550e-01
1.137943983078002930e+00
9.624778628349304199e-01
1.194647073745727539e+00
6.399546861648559570e-01
3.319788575172424316e-01
5.565120577812194824e-01
3.787587285041809082e-01
9.352015256881713867e-01
1.482445478439331055e+00
1.872552335262298584e-01
7.913345098495483398e-01
1.274887204170227051e+00
3.113876879215240479e-01
1.930962800979614258e-01
6.208682060241699219e-01
1.638556015677750111e-03
4.338430613279342651e-02
1.406966090202331543e+00
4.692417681217193604e-01
2.251968383789062500e-01
5.901088118553161621e-01
7.350519895553588867e-01
6.299881339073181152e-01
6.684269905090332031e-01
6.248468160629272461e-01
1.636149883270263672e-01
1.682708382606506348e+00
1.572776556015014648e+00
0.000000000000000000e+00
1.056950092315673828e+00
7.357363700866699219e-01
3.012567460536956787e-01
9.543044865131378174e-02
0.000000000000000000e+00
1.922097504138946533e-01
2.103502601385116577e-01
1.382021699100732803e-02
1.679051481187343597e-02
1.076301410794258118e-01
6.918693184852600098e-01
1.842796087265014648e+00
2.359262228012084961e+00
1.141041636466979980e+00
5.542511940002441406e-01
2.215186357498168945e+00
4.095982313156127930e-01
1.346754282712936401e-02
1.318369269371032715e+00
1.189824864268302917e-01
1.609733551740646362e-01
4.281459003686904907e-02
4.215420246124267578e+00
8.039324879646301270e-01
1.045250892639160156e+00
1.412503480911254883e+00
7.294533401727676392e-02
1.505004644393920898e+00
5.792630314826965332e-01
2.077444344758987427e-01
4.890860319137573242e-01
1.483076903969049454e-02
1.485825777053833008e+00
9.425316452980041504e-01
5.892506614327430725e-02
5.157872661948204041e-02
0.000000000000000000e+00
1.369638293981552124e-01
3.353844955563545227e-02
1.424713730812072754e+00
2.307905554771423340e-01
1.768262386322021484e-01
1.718681654892861843e-03
0.000000000000000000e+00
4.440540075302124023e-02
2.104825973510742188e+00
6.303417682647705078e-02
3.794074431061744690e-02
0.000000000000000000e+00
1.322594881057739258e+00
0.000000000000000000e+00
7.339265346527099609e-01
3.056199550628662109e-01
2.882549306377768517e-03
6.310607790946960449e-01
2.457430660724639893e-01
6.521784663200378418e-01
7.643427848815917969e-01
1.988451369106769562e-02
3.319910913705825806e-02
7.686795592308044434e-01
1.423776000738143921e-01
3.024817705154418945e-01
5.493234992027282715e-01
1.465434312820434570e+00
4.353320002555847168e-01
8.649631589651107788e-02
4.961980581283569336e-01
4.075847938656806946e-02
2.409918069839477539e+00
1.421931385993957520e+00
8.414393290877342224e-03
5.616418719291687012e-01
1.316804736852645874e-01
3.742820024490356445e-01
6.136515140533447266e-01
7.778563350439071655e-02
1.934514880180358887e+00
6.123632907867431641e+00
2.081049233675003052e-01
7.691866159439086914e-02
4.861161410808563232e-01
6.869625300168991089e-02
0.000000000000000000e+00
1.570054590702056885e-01
0.000000000000000000e+00
0.000000000000000000e+00
0.000000000000000000e+00
3.974089920520782471e-01
8.071010112762451172e-01
0.000000000000000000e+00
8.528186590410768986e-04
1.207289338111877441e+00
2.018964737653732300e-01
5.349898934364318848e-01
0.000000000000000000e+00
1.789441406726837158e-01
1.054344177246093750e+00
7.604711502790451050e-02
2.021655082702636719e+00
0.000000000000000000e+00
2.980938255786895752e-01
3.286145627498626709e-01
6.143485754728317261e-02
7.019557356834411621e-01
1.988151110708713531e-03
0.000000000000000000e+00
8.705137372016906738e-01
3.554798066616058350e-01
0.000000000000000000e+00
0.000000000000000000e+00
1.136697649955749512e+00
0.000000000000000000e+00
1.345110386610031128e-01
2.215145379304885864e-01
1.352743268013000488e+00
7.579867243766784668e-01
1.259004831314086914e+00
2.000267505645751953e+00
5.779613554477691650e-02
1.706909537315368652e-01
1.655803769826889038e-01
4.400496929883956909e-02
7.426384091377258301e-01
8.836690187454223633e-01
1.939541548490524292e-01
1.687567122280597687e-02
3.843541741371154785e-01
4.106162488460540771e-01
4.550637304782867432e-02
1.539295673370361328e+00
2.083865553140640259e-01
6.646958738565444946e-02
1.003687381744384766e-01
1.038161635398864746e+00
1.255879644304513931e-03
7.326571643352508545e-02
3.446304798126220703e-02
6.485745906829833984e-01
1.835192441940307617e-01
5.588134750723838806e-02
1.225885152816772461e+00
9.208378791809082031e-01
2.539588212966918945e+00
5.398653149604797363e-01
5.206012725830078125e-01
2.166569471359252930e+00
2.507769823074340820e+00
0.000000000000000000e+00
7.934011816978454590e-01
1.543527722358703613e+00
1.778994202613830566e+00
8.528903871774673462e-02
1.241925120353698730e+00
5.149587988853454590e-03
1.461932659149169922e-01
2.375899069011211395e-02
1.927379891276359558e-02
3.175729513168334961e-01
0.000000000000000000e+00
2.914558172225952148e+00
1.826861619949340820e+00
7.601164579391479492e-01
0.000000000000000000e+00
1.722089946269989014e-01
1.975180581212043762e-03
0.000000000000000000e+00
0.000000000000000000e+00
1.183314993977546692e-01
2.255557626485824585e-01
7.790995389223098755e-02
0.000000000000000000e+00
3.891820907592773438e-01
2.633101306855678558e-02
4.891116321086883545e-01
1.806762218475341797e+00
3.382394090294837952e-03
2.040097862482070923e-02
9.274594783782958984e-01
1.290110498666763306e-01
1.539850115776062012e+00
0.000000000000000000e+00
7.573025673627853394e-02
1.299269556999206543e+00
9.400564432144165039e-01
1.181332230567932129e+00
8.216381818056106567e-02
1.716987609863281250e+00
5.649082064628601074e-01
5.726191401481628418e-02
2.125520724803209305e-03
1.699955612421035767e-01
1.593111872673034668e+00
2.712388336658477783e-02
2.073300778865814209e-01
4.684150695800781250e+00
2.351410835981369019e-01
8.505562543869018555e-01
6.073643565177917480e-01
1.062248870730400085e-01
5.769939422607421875e-01
0.000000000000000000e+00
2.990633010864257812e+00
6.131173372268676758e-01
6.546168327331542969e-01
2.109866380691528320e+00
1.123282432556152344e+00
4.017608985304832458e-02
1.083510279655456543e+00
7.714901119470596313e-02
2.297582179307937622e-01
3.581837564706802368e-02
0.000000000000000000e+00
2.075180113315582275e-01
1.474070101976394653e-01
1.334636211395263672e-01
0.000000000000000000e+00
9.320076107978820801e-01
4.426153302192687988e-01
1.675032258033752441e+00
0.000000000000000000e+00
3.565226793289184570e-01
3.158898055553436279e-01
3.316332697868347168e-01
7.395074702799320221e-03
0.000000000000000000e+00
2.257020585238933563e-02
8.812814354896545410e-01
1.728541135787963867e+00
5.468931794166564941e-01
2.618968784809112549e-01
1.876819610595703125e+00
0.000000000000000000e+00
1.204260468482971191e+00
3.361439108848571777e-01
4.912929832935333252e-01
3.936491906642913818e-01
0.000000000000000000e+00
2.128331422805786133e+00
2.647761583328247070e+00
2.163301408290863037e-01
3.371462583541870117e+00
3.455122932791709900e-02
7.951275706291198730e-01
4.762166440486907959e-01
5.743514746427536011e-02
3.161804378032684326e-01
1.093020558357238770e+00
7.358832955360412598e-01
5.640023574233055115e-02
7.001169919967651367e-01
8.745285123586654663e-02
5.983829498291015625e-01
3.520602703094482422e+00
6.951044797897338867e-01
0.000000000000000000e+00
2.887252569198608398e-01
4.615349173545837402e-01
9.099244475364685059e-01
6.755852699279785156e-01
2.013806812465190887e-02
3.639911534264683723e-03
1.206028461456298828e+00
5.806349515914916992e-01
1.615084474906325340e-03
3.240187764167785645e-01
7.870621234178543091e-02
2.527789592742919922e+00
1.257414072751998901e-01
2.834958732128143311e-01
5.369466543197631836e-02
1.147716422565281391e-03
9.137220680713653564e-02
8.608047366142272949e-01
4.371374379843473434e-03
6.193205118179321289e-01
3.169797182083129883e+00
1.832167357206344604e-01
0.000000000000000000e+00
3.770837783813476562e-01
1.304465770721435547e+00
1.001138925552368164e+00
8.564289212226867676e-01
7.829173803329467773e-01
2.195854187011718750e+00
1.927641391754150391e+00
6.001316905021667480e-01
2.898975312709808350e-01
1.387475728988647461e+00
0.000000000000000000e+00
4.576642531901597977e-03
