3.487842977046966553e-01
0.000000000000000000e+00
2.808779105544090271e-02
2.133987426757812500e+00
1.365388035774230957e+00
5.713377594947814941e-01
8.659571409225463867e-01
2.023838758468627930e+00
7.516239166259765625e+00
1.554833173751831055e+00
1.508982479572296143e-01
1.365873694419860840e+00
6.867660284042358398e-01
1.172433614730834961e+00
2.649234056472778320e+00
1.087184667587280273e+00
8.769381642341613770e-01
2.186212539672851562e+00
9.839813709259033203e-01
3.761768639087677002e-01
2.858623504638671875e+00
0.000000000000000000e+00
4.747698903083801270e-01
3.374415636062622070e+00
8.483365178108215332e-02
4.958586022257804871e-02
1.498001813888549805e-01
2.428894042968750000e+00
6.949278116226196289e-01
2.035340815782546997e-01
3.342742025852203369e-01
1.145501341670751572e-02
1.368084669113159180e+00
8.020778894424438477e-01
1.260822296142578125e+00
3.799622774124145508e+00
2.960489094257354736e-01
1.691400408744812012e-01
1.180431008338928223e+00
5.148475170135498047e-01
4.204285144805908203e-01
3.352095782756805420e-01
2.877739369869232178e-01
5.141278266906738281e+00
5.431687235832214355e-01
1.133667469024658203e+00
2.366606593132019043e-01
1.358594775199890137e+00
1.513728052377700806e-01
2.282492876052856445e+00
3.494431972503662109e+00
0.000000000000000000e+00
1.734747529029846191e+00
1.731919646263122559e-01
9.707912206649780273e-01
1.134119331836700439e-01
4.769150316715240479e-01
6.116777285933494568e-02
1.479681134223937988e+00
2.282729148864746094e-01
1.323376297950744629e-01
3.747977316379547119e-02
0.000000000000000000e+00
1.016387701034545898e+00
2.150811910629272461e+00
2.931698858737945557e-01
1.711793988943099976e-02
4.611548185348510742e-01
1.415145397186279297e+00
2.476134002208709717e-01
0.000000000000000000e+00
2.107402235269546509e-01
2.254341840744018555e-01
1.303090214729309082e+00
3.853468894958496094e-01
2.317199230194091797e+00
0.000000000000000000e+00
1.210068941116333008e+00
9.058245420455932617e-01
1.680190205574035645e+00
0.000000000000000000e+00
1.003914117813110352e+00
2.484385967254638672e+00
7.576442509889602661e-02
2.212311983108520508e+00
3.457666337490081787e-01
1.240570545196533203e+00
4.074473679065704346e-02
8.150052428245544434e-01
3.633586317300796509e-02
3.668537139892578125e-01
2.736963331699371338e-01
1.018118392676115036e-02
0.000000000000000000e+00
8.478159308433532715e-01
3.642762303352355957e-01
1.021447896957397461e+00
3.463589251041412354e-01
3.982881605625152588e-01
3.355150669813156128e-02
0.000000000000000000e+00
2.774570286273956299e-01
4.242210648953914642e-03
1.450979709625244141e+00
1.728450775146484375e+00
3.107559308409690857e-02
1.034884572029113770e+00
8.560067415237426758e-01
3.844945430755615234e-01
5.615156888961791992e-01
1.342899560928344727e+00
6.257646530866622925e-02
9.901255965232849121e-01
4.766141474246978760e-01
1.194803118705749512e+00
7.688814774155616760e-03
8.414668440818786621e-01
1.516481675207614899e-02
9.198039770126342773e-01
2.559966802597045898e+00
1.561212658882141113e+00
1.005694627761840820e+00
0.000000000000000000e+00
1.574693083763122559e+00
9.647459983825683594e-01
7.699645757675170898e-01
0.000000000000000000e+00
6.339237093925476074e-01
1.964238047599792480e+00
3.539571166038513184e-01
5.334234796464443207e-03
1.212327599525451660e+00
6.509512662887573242e-01
1.377070993185043335e-01
3.017124235630035400e-01
2.260125428438186646e-02
3.319354355335235596e-02
4.955560207366943359e+00
0.000000000000000000e+00
7.145147025585174561e-02
2.836152911186218262e-01
3.838033676147460938e-01
2.370268106460571289e+00
8.546446263790130615e-02
2.330658882856369019e-01
2.704753577709197998e-01
1.098198413848876953e+00
4.197781085968017578e-01
1.479835987091064453e+00
3.356564417481422424e-02
6.805328369140625000e+00
3.776727020740509033e-01
4.008047878742218018e-01
2.770396471023559570e-01
2.219472408294677734e+00
2.149413108825683594e+00
9.546165168285369873e-02
3.829780817031860352e-01
2.025801897048950195e+00
5.631778240203857422e-01
1.494200527667999268e-01
1.185635924339294434e+00
9.495344758033752441e-01
0.000000000000000000e+00
7.340866923332214355e-01
5.004175305366516113e-01
0.000000000000000000e+00
0.000000000000000000e+00
1.889561533927917480e+00
3.997853040695190430e+00
5.157463550567626953e-01
5.912486314773559570e-01
2.080135606229305267e-02
1.478332519531250000e+00
7.746518254280090332e-01
7.564318656921386719e+00
0.000000000000000000e+00
1.837157011032104492e-01
6.089923381805419922e-01
3.261987566947937012e-01
0.000000000000000000e+00
2.874528802931308746e-02
7.450541853904724121e-01
3.586565732955932617e+00
2.679322473704814911e-02
3.897303715348243713e-03
4.086121022701263428e-01
4.344409406185150146e-01
0.000000000000000000e+00
8.317296206951141357e-02
3.175325691699981689e-04
4.134355485439300537e-01
1.111354708671569824e+00
8.368248939514160156e-01
1.179029941558837891e+00
1.040736079216003418e+00
9.421225190162658691e-01
3.663462400436401367e-01
8.828845620155334473e-01
1.745240688323974609e-01
1.126442193984985352e+00
1.846312284469604492e-01
6.504777073860168457e-01
1.362390279769897461e+00
7.279941439628601074e-01
1.132435798645019531e-01
1.016072511672973633e+00
2.313729822635650635e-01
3.964231815189123154e-03
1.071812152862548828e+00
1.821273118257522583e-01
6.131496652960777283e-02
7.912905812263488770e-01
1.007059097290039062e+00
1.288439989089965820e+00
8.273059725761413574e-01
1.644126325845718384e-01
6.593447178602218628e-02
2.469336748123168945e+00
1.084964513778686523e+00
4.850971698760986328e-02
4.023375511169433594e-01
4.205019772052764893e-01
1.102756187319755554e-01
1.684254556894302368e-01
0.000000000000000000e+00
1.084129959344863892e-01
3.824713230133056641e-01
1.238477416336536407e-03
3.014490008354187012e-01
8.148577064275741577e-03
4.457386136054992676e-01
2.323521852493286133e+00
3.068031311035156250e+00
5.007027387619018555e-01
8.723598718643188477e-01
1.962530255317687988e+00
3.157033324241638184e-01
3.467777371406555176e-02
1.329298973083496094e+00
1.737718135118484497e-01
1.337992995977401733e-01
3.582382947206497192e-02
4.643107414245605469e+00
8.815231919288635254e-01
1.414215207099914551e+00
1.314050912857055664e+00
3.878962481394410133e-03
1.294209003448486328e+00
8.048170208930969238e-01
1.609293520450592041e-01
9.046072363853454590e-01
6.367032974958419800e-02
2.147285461425781250e+00
1.663229823112487793e+00
0.000000000000000000e+00
1.712358593940734863e-01
0.000000000000000000e+00
4.525729641318321228e-02
3.604604303836822510e-02
1.665627002716064453e+00
4.489526450634002686e-01
4.447641316801309586e-03
6.475324044004082680e-04
0.000000000000000000e+00
5.677951127290725708e-02
2.123884916305541992e+00
5.913944914937019348e-03
3.326452150940895081e-02
9.225660003721714020e-03
1.566935658454895020e+00
4.743178375065326691e-03
4.565290212631225586e-01
4.704087674617767334e-01
1.037180125713348389e-01
1.053515195846557617e+00
1.971566677093505859e-01
8.510693907737731934e-01
1.255980610847473145e+00
7.171700708568096161e-03
5.289358086884021759e-03
3.627026677131652832e-01
1.524700671434402466e-01
5.362954139709472656e-01
7.051236033439636230e-01
1.586267352104187012e+00
1.132947564125061035e+00
1.329288184642791748e-01
5.745903253555297852e-01
1.573303714394569397e-02
2.442618608474731445e+00
1.504998922348022461e+00
2.349258400499820709e-03
1.021871045231819153e-01
3.006357848644256592e-01
3.946084678173065186e-01
9.485232234001159668e-01
1.686383038759231567e-01
1.777706861495971680e+00
5.745739936828613281e+00
2.815001010894775391e-01
4.115170240402221680e-02
3.626149296760559082e-01
1.594052650034427643e-02
2.174178138375282288e-02
2.816330194473266602e-01
0.000000000000000000e+00
0.000000000000000000e+00
0.000000000000000000e+00
5.396265387535095215e-01
8.977665901184082031e-01
0.000000000000000000e+00
4.085965827107429504e-02
1.507888913154602051e+00
2.885665297508239746e-01
5.919090509414672852e-01
0.000000000000000000e+00
6.673599481582641602e-01
9.986165761947631836e-01
3.459950089454650879e-01
1.921705245971679688e+00
0.000000000000000000e+00
5.888597965240478516e-01
1.790116578340530396e-01
1.616772450506687164e-02
5.118142962455749512e-01
1.256392002105712891e-01
0.000000000000000000e+00
7.858628034591674805e-01
8.625712990760803223e-01
0.000000000000000000e+00
0.000000000000000000e+00
1.610091447830200195e+00
1.711991056799888611e-02
6.753294169902801514e-02
1.451698988676071167e-01
1.070746421813964844e+00
3.112975880503654480e-02
1.005407452583312988e+00
1.710707187652587891e+00
6.685725450515747070e-01
4.149249568581581116e-02
5.825136899948120117e-01
5.070654675364494324e-02
9.621135592460632324e-01
9.674897193908691406e-01
2.726133912801742554e-03
0.000000000000000000e+00
6.538472175598144531e-01
4.826430380344390869e-01
1.037956550717353821e-01
1.646969795227050781e+00
3.562305271625518799e-01
6.674842536449432373e-02
1.869534105062484741e-01
6.639878153800964355e-01
0.000000000000000000e+00
1.422342006117105484e-02
0.000000000000000000e+00
1.098866343498229980e+00
1.760992258787155151e-01
0.000000000000000000e+00
1.079566001892089844e+00
9.193741083145141602e-01
1.364216685295104980e+00
1.353065967559814453e+00
5.595920085906982422e-01
1.610755562782287598e+00
2.154415369033813477e+00
0.000000000000000000e+00
8.703267574310302734e-01
1.775134325027465820e+00
1.627983212471008301e+00
1.539671570062637329e-01
1.832491517066955566e+00
0.000000000000000000e+00
3.737805783748626709e-02
7.070872187614440918e-02
1.165565103292465210e-03
5.750945806503295898e-01
0.000000000000000000e+00
4.281818389892578125e+00
1.482872486114501953e+00
7.916972637176513672e-01
2.068916102871298790e-03
5.579092502593994141e-01
4.234687611460685730e-02
0.000000000000000000e+00
0.000000000000000000e+00
1.019470542669296265e-01
3.833907544612884521e-01
3.131168484687805176e-01
0.000000000000000000e+00
1.104363873600959778e-01
2.754684984683990479e-01
7.159535288810729980e-01
1.869083404541015625e+00
5.882365256547927856e-02
4.398503899574279785e-02
1.025104641914367676e+00
1.192852482199668884e-01
1.523779988288879395e+00
0.000000000000000000e+00
3.948122859001159668e-01
1.363568067550659180e+00
8.410863876342773438e-01
1.421105623245239258e+00
4.700216948986053467e-01
1.504197120666503906e+00
1.105228900909423828e+00
3.098722994327545166e-01
0.000000000000000000e+00
3.798841238021850586e-01
2.251201152801513672e+00
2.698967419564723969e-02
0.000000000000000000e+00
5.645048141479492188e+00
8.334163576364517212e-02
5.535488128662109375e-01
1.170084595680236816e+00
2.041486948728561401e-01
9.607023596763610840e-01
6.665003951638936996e-03
2.839547872543334961e+00
8.117365837097167969e-01
6.594843268394470215e-01
1.227725744247436523e+00
2.828540086746215820e+00
0.000000000000000000e+00
1.488756418228149414e+00
1.630303822457790375e-02
2.729320526123046875e-02
8.046253770589828491e-02
0.000000000000000000e+00
5.397977232933044434e-01
3.358579277992248535e-01
3.437213897705078125e-01
0.000000000000000000e+00
7.268387079238891602e-01
2.600688040256500244e-01
1.595936775207519531e+00
0.000000000000000000e+00
4.295526444911956787e-01
3.027631342411041260e-01
5.588638186454772949e-01
0.000000000000000000e+00
0.000000000000000000e+00
2.478544833138585091e-03
5.072003602981567383e-01
1.631043791770935059e+00
7.656455636024475098e-01
4.724557995796203613e-01
2.359817981719970703e+00
5.076545849442481995e-02
1.549615740776062012e+00
4.875248670578002930e-01
5.914744138717651367e-01
5.744235515594482422e-01
0.000000000000000000e+00
2.372101306915283203e+00
2.760049581527709961e+00
1.702827960252761841e-01
4.904652595520019531e+00
2.167742997407913208e-01
7.368566989898681641e-01
3.544774353504180908e-01
1.414963304996490479e-01
1.287562996149063110e-01
1.674439430236816406e+00
9.871140718460083008e-01
1.896971464157104492e-02
1.213433742523193359e-01
6.326879858970642090e-01
5.951648354530334473e-01
3.074624061584472656e+00
7.410817742347717285e-01
1.093163192272186279e-01
1.108289584517478943e-01
3.587843477725982666e-01
1.057258844375610352e+00
1.836280822753906250e-01
9.042286127805709839e-02
0.000000000000000000e+00
1.080967903137207031e+00
9.117186069488525391e-01
0.000000000000000000e+00
9.446333646774291992e-01
1.833432018756866455e-01
1.785834908485412598e+00
4.895459394901990891e-03
1.833133846521377563e-01
6.269395351409912109e-02
4.154316708445549011e-02
1.985265314579010010e-02
4.839599728584289551e-01
4.311538040637969971e-01
6.456401348114013672e-01
3.676827192306518555e+00
2.614017426967620850e-01
0.000000000000000000e+00
3.433502018451690674e-01
1.933709859848022461e+00
6.935644745826721191e-01
1.193950653076171875e+00
9.913651943206787109e-01
2.350244045257568359e+00
2.138928174972534180e+00
6.399654150009155273e-01
1.473014205694198608e-01
7.551322579383850098e-01
0.000000000000000000e+00
1.437398791313171387e-01
