5.382479429244995117e-01
0.000000000000000000e+00
3.231634199619293213e-02
2.894000530242919922e+00
1.124870419502258301e+00
2.194445282220840454e-01
5.371083021163940430e-01
2.506706237792968750e+00
5.713987827301025391e+00
1.398893833160400391e+00
2.752206623554229736e-01
1.248549580574035645e+00
6.418543457984924316e-01
1.409105181694030762e+00
2.518659114837646484e+00
8.432033061981201172e-01
9.943572878837585449e-01
2.754385709762573242e+00
1.236575722694396973e+00
3.281710445880889893e-01
1.615864992141723633e+00
2.066343324258923531e-03
2.950975000858306885e-01
2.977458715438842773e+00
2.921479940414428711e-01
5.451097618788480759e-03
4.723145961761474609e-01
1.952361702919006348e+00
5.177561640739440918e-01
2.287996932864189148e-02
2.344145476818084717e-01
1.559463515877723694e-02
8.310912847518920898e-01
3.786838948726654053e-01
1.109986305236816406e+00
3.222433805465698242e+00
4.885214865207672119e-01
1.023240089416503906e-01
1.003536224365234375e+00
4.640376269817352295e-01
2.164180129766464233e-01
5.275380015373229980e-01
3.173969686031341553e-01
4.341933727264404297e+00
1.057727217674255371e+00
1.244606971740722656e+00
6.941442489624023438e-01
8.975517153739929199e-01
1.456487625837326050e-01
1.838649272918701172e+00
2.698884963989257812e+00
0.000000000000000000e+00
1.879475951194763184e+00
9.439154714345932007e-02
1.000416517257690430e+00
3.602777421474456787e-01
8.018756508827209473e-01
1.879497468471527100e-01
1.357931017875671387e+00
2.152770310640335083e-01
1.369580924510955811e-01
5.949796363711357117e-02
8.082044869661331177e-02
7.044812440872192383e-01
2.107079505920410156e+00
5.060310363769531250e-01
1.444904208183288574e-01
8.692385628819465637e-03
1.388974070549011230e+00
3.225063383579254150e-01
0.000000000000000000e+00
2.431001812219619751e-01
4.454360008239746094e-01
4.022389948368072510e-01
4.630301296710968018e-01
1.656069397926330566e+00
9.340348653495311737e-03
8.194123506546020508e-01
3.497978746891021729e-01
9.924212098121643066e-01
0.000000000000000000e+00
9.298037886619567871e-01
2.918956995010375977e+00
1.035155281424522400e-01
1.888777136802673340e+00
2.841030061244964600e-01
8.412824869155883789e-01
4.099466837942600250e-03
7.973772883415222168e-01
0.000000000000000000e+00
5.507249832153320312e-01
9.123056381940841675e-02
5.902359727770090103e-03
0.000000000000000000e+00
3.452654480934143066e-01
4.376900941133499146e-02
1.068485498428344727e+00
4.621365368366241455e-01
1.930489838123321533e-01
0.000000000000000000e+00
3.151312172412872314e-01
3.123480379581451416e-01
1.724699325859546661e-02
1.314643502235412598e+00
1.597831726074218750e+00
1.903251372277736664e-02
9.381740093231201172e-01
7.748665809631347656e-01
3.135741651058197021e-01
4.444042742252349854e-01
2.041257619857788086e+00
0.000000000000000000e+00
6.542090177536010742e-01
8.602282404899597168e-01
8.640669584274291992e-01
4.241333529353141785e-02
6.169352531433105469e-01
2.026036754250526428e-02
8.051883578300476074e-01
1.785039901733398438e+00
1.639574885368347168e+00
1.386248469352722168e+00
2.970750443637371063e-03
1.471581101417541504e+00
6.830455064773559570e-01
9.193787574768066406e-01
0.000000000000000000e+00
7.406006455421447754e-01
2.074626922607421875e+00
1.487177908420562744e-01
0.000000000000000000e+00
8.773366212844848633e-01
5.810854434967041016e-01
1.096194311976432800e-01
3.379690051078796387e-01
6.242017820477485657e-02
2.158028259873390198e-02
5.139069080352783203e+00
0.000000000000000000e+00
5.857749842107295990e-03
6.640539765357971191e-01
5.624818205833435059e-01
1.757984519004821777e+00
5.285741761326789856e-02
2.049046754837036133e-01
1.566753089427947998e-01
8.338401913642883301e-01
4.569356143474578857e-01
9.507220387458801270e-01
4.084034264087677002e-01
5.825934410095214844e+00
8.637890964746475220e-02
1.292129755020141602e-01
6.280074715614318848e-01
2.029553651809692383e+00
1.461260676383972168e+00
4.788824021816253662e-01
4.332510828971862793e-01
2.462614059448242188e+00
6.975767016410827637e-01
3.788181543350219727e-01
1.354890465736389160e+00
7.885226011276245117e-01
3.276387602090835571e-02
2.386418581008911133e-01
4.072320163249969482e-01
1.093120425939559937e-01
0.000000000000000000e+00
1.616334795951843262e+00
3.666998147964477539e+00
2.865397334098815918e-01
4.093476533889770508e-01
1.255792230367660522e-01
1.442043185234069824e+00
3.424097895622253418e-01
7.202739238739013672e+00
0.000000000000000000e+00
1.775664687156677246e-01
4.456319808959960938e-01
5.648580566048622131e-02
0.000000000000000000e+00
6.315022706985473633e-03
5.430023670196533203e-01
3.509204387664794922e+00
3.251056075096130371e-01
2.270895093679428101e-01
2.657857239246368408e-01
6.206396222114562988e-01
0.000000000000000000e+00
4.849472269415855408e-02
0.000000000000000000e+00
4.297011792659759521e-01
9.141525030136108398e-01
1.247790813446044922e+00
7.765133976936340332e-01
7.428358793258666992e-01
2.676039934158325195e-01
5.038937926292419434e-01
4.236353635787963867e-01
5.863213539123535156e-01
1.753838658332824707e+00
3.740131556987762451e-01
9.353573918342590332e-01
1.191590666770935059e+00
5.227139592170715332e-01
3.000091612339019775e-01
4.235079884529113770e-01
5.608273297548294067e-02
2.291029989719390869e-01
1.548607587814331055e+00
2.243051528930664062e-01
1.534860581159591675e-01
3.501394987106323242e-01
1.130025148391723633e+00
1.314615607261657715e+00
7.070734500885009766e-01
4.642409086227416992e-01
1.379970014095306396e-01
1.140845417976379395e+00
1.420343041419982910e+00
0.000000000000000000e+00
9.568568468093872070e-01
5.831547975540161133e-01
9.741582721471786499e-02
2.360468059778213501e-01
0.000000000000000000e+00
8.561998605728149414e-02
1.965381056070327759e-01
2.893718518316745758e-02
6.911104172468185425e-02
9.211199730634689331e-02
4.776324331760406494e-01
1.757859230041503906e+00
3.081497430801391602e+00
9.685140848159790039e-01
5.549829602241516113e-01
2.114220380783081055e+00
9.715541452169418335e-02
1.245027631521224976e-01
9.658916592597961426e-01
1.720253229141235352e-01
5.008211359381675720e-02
6.236402690410614014e-02
3.947567939758300781e+00
6.265665292739868164e-01
7.535004615783691406e-01
9.752840399742126465e-01
1.104565896093845367e-02
1.576825141906738281e+00
1.011592745780944824e+00
0.000000000000000000e+00
3.556082248687744141e-01
1.280636042356491089e-01
2.156117916107177734e+00
1.099647283554077148e+00
5.896433070302009583e-02
1.985072642564773560e-01
0.000000000000000000e+00
1.409146189689636230e-02
4.781299456954002380e-02
1.632514119148254395e+00
9.388338774442672729e-02
1.413949113339185715e-02
1.474679354578256607e-02
0.000000000000000000e+00
0.000000000000000000e+00
2.474090576171875000e+00
4.780191555619239807e-02
6.956718862056732178e-03
0.000000000000000000e+00
1.252257347106933594e+00
0.000000000000000000e+00
7.341886162757873535e-01
3.090818524360656738e-01
8.178260922431945801e-02
6.304026246070861816e-01
9.047857671976089478e-02
8.404707312583923340e-01
1.585772156715393066e+00
2.012526150792837143e-03
2.507784068584442139e-01
3.021973073482513428e-01
5.801438093185424805e-01
4.120154678821563721e-01
3.380373418331146240e-01
1.481215000152587891e+00
8.605184555053710938e-01
1.254757791757583618e-01
5.700690746307373047e-01
6.034550070762634277e-02
2.201857328414916992e+00
1.512051939964294434e+00
1.139127761125564575e-01
1.041255295276641846e-01
1.719515174627304077e-01
5.167513489723205566e-01
5.554074048995971680e-01
1.949587613344192505e-01
1.593814611434936523e+00
6.452690124511718750e+00
1.032860428094863892e-01
4.658190300688147545e-04
2.399940788745880127e-01
1.908418238162994385e-01
7.624074071645736694e-02
1.732126772403717041e-01
0.000000000000000000e+00
2.148953964933753014e-03
0.000000000000000000e+00
3.100053071975708008e-01
7.981770634651184082e-01
0.000000000000000000e+00
4.465455934405326843e-02
1.276394605636596680e+00
4.880287647247314453e-01
3.691411912441253662e-01
0.000000000000000000e+00
4.333258867263793945e-01
9.273766875267028809e-01
4.028331935405731201e-01
1.195621132850646973e+00
1.552511384943500161e-04
4.838684797286987305e-01
3.127222508192062378e-02
2.813700400292873383e-02
6.867919564247131348e-01
8.501686155796051025e-02
0.000000000000000000e+00
8.706062436103820801e-01
7.934940457344055176e-01
1.225290726870298386e-02
0.000000000000000000e+00
1.608774304389953613e+00
2.582486951723694801e-03
1.555636432021856308e-02
2.228520363569259644e-01
1.329982757568359375e+00
5.972844734787940979e-02
1.531365513801574707e+00
1.553712487220764160e+00
3.466919362545013428e-01
8.990017324686050415e-02
2.825107574462890625e-01
7.423111237585544586e-03
1.036537766456604004e+00
7.813516855239868164e-01
1.424251198768615723e-01
7.273897528648376465e-03
7.166743278503417969e-01
6.259552836418151855e-01
1.511311382055282593e-01
9.992992281913757324e-01
6.456903815269470215e-01
2.402548445388674736e-03
3.171588182449340820e-01
6.201028227806091309e-01
0.000000000000000000e+00
1.626504212617874146e-02
2.083745552226901054e-03
3.902807235717773438e-01
1.793119460344314575e-01
1.029119826853275299e-02
1.417642474174499512e+00
7.309763431549072266e-01
1.526055693626403809e+00
7.063298225402832031e-01
5.405640602111816406e-01
1.697695374488830566e+00
2.843860387802124023e+00
0.000000000000000000e+00
1.007971644401550293e+00
1.441726803779602051e+00
1.411590814590454102e+00
3.096993565559387207e-01
1.284308791160583496e+00
0.000000000000000000e+00
2.070881873369216919e-01
5.902091041207313538e-02
9.775801748037338257e-02
7.294445037841796875e-01
2.804650925099849701e-03
3.269362688064575195e+00
2.075275182723999023e+00
9.079979062080383301e-01
0.000000000000000000e+00
5.609837770462036133e-01
2.859593555331230164e-02
0.000000000000000000e+00
0.000000000000000000e+00
1.459900736808776855e-01
6.301530599594116211e-01
3.834479749202728271e-01
0.000000000000000000e+00
2.942973375320434570e-01
1.326297372579574585e-01
6.948987841606140137e-01
1.602086067199707031e+00
4.712120280601084232e-04
9.416855126619338989e-02
1.584595203399658203e+00
3.784579336643218994e-01
1.200402975082397461e+00
0.000000000000000000e+00
4.213824272155761719e-01
1.405925750732421875e+00
8.519498705863952637e-01
1.523640036582946777e+00
1.096891388297080994e-01
1.655300855636596680e+00
7.269484996795654297e-01
2.107672095298767090e-01
1.771173253655433655e-02
3.221174478530883789e-01
1.360573053359985352e+00
2.046593576669692993e-01
1.620754227042198181e-02
5.130899906158447266e+00
9.669613838195800781e-02
9.924831390380859375e-01
4.419797360897064209e-01
1.866645961999893188e-01
8.284573554992675781e-01
0.000000000000000000e+00
3.149284362792968750e+00
1.261856555938720703e+00
7.578043937683105469e-01
1.806062459945678711e+00
2.011242628097534180e+00
0.000000000000000000e+00
8.280549049377441406e-01
5.546591058373451233e-02
3.603823482990264893e-03
7.648230530321598053e-03
0.000000000000000000e+00
4.747928678989410400e-01
3.602113574743270874e-02
3.714461028575897217e-01
0.000000000000000000e+00
9.480781555175781250e-01
3.181861937046051025e-01
1.239349842071533203e+00
0.000000000000000000e+00
3.241066336631774902e-01
3.578300476074218750e-01
5.731508135795593262e-01
0.000000000000000000e+00
2.150866948068141937e-02
0.000000000000000000e+00
7.284802794456481934e-01
1.765078306198120117e+00
7.118726372718811035e-01
2.649592161178588867e-01
2.220567226409912109e+00
1.309663895517587662e-02
9.809240698814392090e-01
2.999628484249114990e-01
5.308002233505249023e-01
5.372477173805236816e-01
0.000000000000000000e+00
2.128039360046386719e+00
2.689558982849121094e+00
1.294315606355667114e-01
3.009930610656738281e+00
4.612114429473876953e-01
9.746103882789611816e-01
3.272100090980529785e-01
7.919748872518539429e-02
5.394339561462402344e-01
1.470026254653930664e+00
4.891722202301025391e-01
1.163044711574912071e-03
4.694413840770721436e-01
1.649026572704315186e-01
7.215879559516906738e-01
3.104729413986206055e+00
4.476041793823242188e-01
8.757092058658599854e-02
5.922840908169746399e-02
2.526705265045166016e-01
1.068685293197631836e+00
4.001218676567077637e-01
4.137627780437469482e-02
2.210841514170169830e-02
1.378025531768798828e+00
5.985240936279296875e-01
2.305533736944198608e-02
4.902667105197906494e-01
8.593029528856277466e-02
2.087419986724853516e+00
2.068729698657989502e-01
3.262745141983032227e-01
2.242789715528488159e-01
1.177920587360858917e-02
3.592055663466453552e-02
7.279450893402099609e-01
8.649884164333343506e-02
1.061179876327514648e+00
3.361568212509155273e+00
3.016401529312133789e-01
0.000000000000000000e+00
6.521750986576080322e-02
1.504465699195861816e+00
6.577057242393493652e-01
9.538406133651733398e-01
3.768804073333740234e-01
1.996347188949584961e+00
2.041238784790039062e+00
3.802291750907897949e-01
3.762805759906768799e-01
9.582629799842834473e-01
0.000000000000000000e+00
1.354729384183883667e-01
