2.332954704761505127e-01
0.000000000000000000e+00
1.829074174165725708e-01
2.924675703048706055e+00
1.053409814834594727e+00
3.600062727928161621e-01
6.801851987838745117e-01
3.313208103179931641e+00
6.923239231109619141e+00
1.354557514190673828e+00
1.150693092495203018e-02
1.640582919120788574e+00
6.494809389114379883e-01
1.148575782775878906e+00
3.571205854415893555e+00
1.566814184188842773e+00
1.142036080360412598e+00
2.697841405868530273e+00
1.727508306503295898e+00
2.019057273864746094e-01
2.404876947402954102e+00
0.000000000000000000e+00
5.640867725014686584e-02
2.745397329330444336e+00
1.043605089187622070e+00
0.000000000000000000e+00
4.824715200811624527e-03
2.335862159729003906e+00
3.294506669044494629e-01
1.903733611106872559e-02
8.675657957792282104e-02
0.000000000000000000e+00
1.977984786033630371e+00
4.912616610527038574e-01
4.205615222454071045e-01
3.200330972671508789e+00
3.304293006658554077e-02
2.220866233110427856e-01
1.026420712471008301e+00
5.974584817886352539e-01
2.514790296554565430e-01
3.897406756877899170e-01
9.746249020099639893e-02
4.655595302581787109e+00
4.016517996788024902e-01
9.148607850074768066e-01
3.517546877264976501e-02
6.277459263801574707e-01
2.648680529091507196e-04
1.574170708656311035e+00
2.813459634780883789e+00
0.000000000000000000e+00
1.194379806518554688e+00
2.350931465625762939e-01
8.693064451217651367e-01
1.903268396854400635e-01
6.376704573631286621e-01
2.239780314266681671e-02
9.856392741203308105e-01
5.354377254843711853e-02
0.000000000000000000e+00
3.040210902690887451e-01
7.494864985346794128e-03
1.024457454681396484e+00
1.253011345863342285e+00
2.164962738752365112e-01
0.000000000000000000e+00
4.683957993984222412e-01
1.180636525154113770e+00
3.710151910781860352e-01
0.000000000000000000e+00
2.976411581039428711e-02
2.088189572095870972e-01
7.358577847480773926e-01
7.778952270746231079e-02
1.051532149314880371e+00
0.000000000000000000e+00
8.115445375442504883e-01
1.393231987953186035e+00
1.234627723693847656e+00
0.000000000000000000e+00
9.774938821792602539e-01
2.474828243255615234e+00
1.228889822959899902e-02
2.187072753906250000e+00
1.308244466781616211e-01
8.502787351608276367e-01
5.221964092925190926e-04
7.761068344116210938e-01
5.075898393988609314e-02
2.268245071172714233e-01
3.994870930910110474e-03
7.616452872753143311e-02
0.000000000000000000e+00
6.463457345962524414e-01
1.328600849956274033e-02
1.244891285896301270e+00
9.605013579130172729e-02
6.372530758380889893e-02
8.096502162516117096e-03
0.000000000000000000e+00
3.512178957462310791e-01
5.991220846772193909e-02
1.372970342636108398e+00
1.736333847045898438e+00
6.189876049757003784e-02
1.286003112792968750e+00
6.005820035934448242e-01
7.021723687648773193e-02
7.454544305801391602e-01
1.210954070091247559e+00
9.655136615037918091e-02
9.451900720596313477e-01
5.999123454093933105e-01
5.199694037437438965e-01
2.674805223941802979e-01
2.967641651630401611e-01
1.242807805538177490e-01
4.554878473281860352e-01
2.544192075729370117e+00
2.343088150024414062e+00
2.446843683719635010e-01
1.689979573711752892e-03
1.627139925956726074e+00
1.122993588447570801e+00
2.007180005311965942e-01
0.000000000000000000e+00
6.556513309478759766e-01
2.140970230102539062e+00
1.313680857419967651e-01
0.000000000000000000e+00
5.820441842079162598e-01
5.746543407440185547e-01
1.260387897491455078e-01
9.817261248826980591e-02
2.084685862064361572e-02
2.482059150934219360e-01
4.553318500518798828e+00
0.000000000000000000e+00
1.475585717707872391e-02
1.615674048662185669e-01
6.935648918151855469e-01
1.339556336402893066e+00
0.000000000000000000e+00
1.648735851049423218e-01
2.965616583824157715e-01
7.547541260719299316e-01
8.140554428100585938e-01
1.252765417098999023e+00
4.232756420969963074e-02
6.934268951416015625e+00
4.917526841163635254e-01
8.268272131681442261e-02
4.316948056221008301e-01
2.080836057662963867e+00
1.920626044273376465e+00
1.848244369029998779e-01
3.823877274990081787e-01
2.313630819320678711e+00
1.765421628952026367e-01
4.659795761108398438e-02
1.269338369369506836e+00
7.943824529647827148e-01
5.038163438439369202e-02
2.474695891141891479e-01
6.588231921195983887e-01
3.993107471615076065e-03
0.000000000000000000e+00
7.004534602165222168e-01
3.412356853485107422e+00
6.467901468276977539e-01
4.875886738300323486e-01
2.527384273707866669e-02
1.356871008872985840e+00
2.136200070381164551e-01
6.740797042846679688e+00
0.000000000000000000e+00
6.314418464899063110e-02
6.113624945282936096e-02
3.294676542282104492e-01
0.000000000000000000e+00
0.000000000000000000e+00
4.775959253311157227e-01
3.603468418121337891e+00
2.216140553355216980e-02
7.691839127801358700e-04
3.766448199748992920e-01
6.412044167518615723e-01
0.000000000000000000e+00
0.000000000000000000e+00
0.000000000000000000e+00
7.756410539150238037e-02
6.581754684448242188e-01
3.586692214012145996e-01
1.069080114364624023e+00
8.563487529754638672e-01
6.351062655448913574e-01
4.646529257297515869e-01
1.220701262354850769e-01
9.117358922958374023e-01
1.401647090911865234e+00
4.370996356010437012e-02
4.604453146457672119e-01
1.047988057136535645e+00
1.492092460393905640e-01
1.752721494995057583e-03
7.450391650199890137e-01
1.019976362586021423e-01
5.111192911863327026e-02
1.200060725212097168e+00
1.332450807094573975e-01
1.392104029655456543e-01
7.061167359352111816e-01
1.088512063026428223e+00
1.144570827484130859e+00
7.651638984680175781e-01
2.323603332042694092e-01
1.348002105951309204e-01
2.028183937072753906e+00
1.037284970283508301e+00
1.182103250175714493e-02
1.056068539619445801e+00
2.313975989818572998e-01
1.027119159698486328e-01
1.157460063695907593e-01
0.000000000000000000e+00
1.108020171523094177e-02
4.752997681498527527e-02
3.532536700367927551e-02
6.714383512735366821e-02
5.771756917238235474e-02
2.873352766036987305e-01
2.266575574874877930e+00
1.924204826354980469e+00
9.289910197257995605e-01
9.513368010520935059e-01
2.559851646423339844e+00
4.959126710891723633e-01
1.597301103174686432e-02
7.983543276786804199e-01
9.285373240709304810e-02
7.650070637464523315e-02
5.640422105789184570e-01
3.578741550445556641e+00
7.034332752227783203e-01
4.285905063152313232e-01
5.845224261283874512e-01
1.261079683899879456e-02
1.759388327598571777e+00
5.676770210266113281e-01
8.249604701995849609e-02
6.237332224845886230e-01
7.131034974008798599e-03
1.541836977005004883e+00
5.680381655693054199e-01
0.000000000000000000e+00
1.006356813013553619e-02
0.000000000000000000e+00
1.651411354541778564e-01
5.047094449400901794e-02
5.912893414497375488e-01
7.337957024574279785e-01
0.000000000000000000e+00
0.000000000000000000e+00
0.000000000000000000e+00
6.625315290875732899e-04
3.214801073074340820e+00
2.047058427706360817e-03
2.480023168027400970e-02
1.251835823059082031e-01
1.619342684745788574e+00
0.000000000000000000e+00
7.441252470016479492e-01
1.955916285514831543e-01
6.227976828813552856e-02
4.371043145656585693e-01
1.123802140355110168e-01
8.824599981307983398e-01
1.505936980247497559e+00
3.051844835281372070e-01
2.325514797121286392e-03
2.912463247776031494e-01
6.950178742408752441e-01
2.228988856077194214e-01
5.830403566360473633e-01
1.482079029083251953e+00
5.451490283012390137e-01
7.320901006460189819e-02
2.097949981689453125e-01
0.000000000000000000e+00
1.610094308853149414e+00
1.129400849342346191e+00
1.230129376053810120e-01
2.753037512302398682e-01
1.489299908280372620e-02
6.020287871360778809e-01
5.098084211349487305e-01
2.151305079460144043e-01
1.134836077690124512e+00
5.738175868988037109e+00
8.888112306594848633e-01
4.550287965685129166e-03
1.658612489700317383e-01
5.961232259869575500e-02
5.293053691275417805e-04
2.513200342655181885e-01
0.000000000000000000e+00
0.000000000000000000e+00
6.263797637075185776e-03
6.824769824743270874e-02
8.049947619438171387e-01
6.673362571746110916e-03
8.462740224786102772e-04
9.369253516197204590e-01
6.042124330997467041e-02
8.156992197036743164e-01
0.000000000000000000e+00
1.901513636112213135e-01
1.182412385940551758e+00
1.442393809556961060e-01
2.167572021484375000e+00
6.467111874371767044e-03
7.313294410705566406e-01
1.498565673828125000e-01
3.933378902729600668e-04
2.714021503925323486e-01
6.841618567705154419e-02
0.000000000000000000e+00
7.548223733901977539e-01
7.230582833290100098e-01
0.000000000000000000e+00
0.000000000000000000e+00
1.432669162750244141e+00
3.008053302764892578e-01
4.036914184689521790e-02
1.130135059356689453e-01
1.453719258308410645e+00
1.681614816188812256e-01
2.048265039920806885e-01
1.295483469963073730e+00
2.863033302128314972e-02
3.261896315962076187e-03
1.982591301202774048e-01
1.324588954448699951e-01
7.144294381141662598e-01
1.186077594757080078e+00
1.798235625028610229e-01
1.489940285682678223e-01
6.291901469230651855e-01
6.541074514389038086e-01
1.006196290254592896e-01
1.351603269577026367e+00
2.661762833595275879e-01
1.292044855654239655e-02
2.384274266660213470e-02
6.397385597229003906e-01
0.000000000000000000e+00
4.663798809051513672e-01
5.530719831585884094e-02
9.252904057502746582e-01
4.415728449821472168e-01
6.778816878795623779e-02
8.442760109901428223e-01
6.873006224632263184e-01
1.692480206489562988e+00
1.041169643402099609e+00
7.366320490837097168e-01
1.188549518585205078e+00
2.445510387420654297e+00
0.000000000000000000e+00
1.103320002555847168e+00
1.542752861976623535e+00
9.966835379600524902e-01
1.854350976645946503e-02
9.851301908493041992e-01
6.809946149587631226e-03
1.205822676420211792e-01
4.513539373874664307e-02
0.000000000000000000e+00
4.647246599197387695e-01
3.889702558517456055e-01
2.886657953262329102e+00
1.418677449226379395e+00
3.409204185009002686e-01
0.000000000000000000e+00
2.306904196739196777e-01
7.893735542893409729e-03
0.000000000000000000e+00
0.000000000000000000e+00
3.712593391537666321e-02
1.378689110279083252e-01
2.508356980979442596e-02
0.000000000000000000e+00
2.741453005000948906e-03
2.440563775599002838e-02
3.375768065452575684e-01
2.393439292907714844e+00
1.091683370759710670e-04
0.000000000000000000e+00
1.226683139801025391e+00
4.052118360996246338e-01
1.496753215789794922e+00
0.000000000000000000e+00
2.589486241340637207e-01
1.690114498138427734e+00
8.281579017639160156e-01
6.056110262870788574e-01
7.814225554466247559e-02
1.463597655296325684e+00
1.995297223329544067e-01
5.861243233084678650e-02
0.000000000000000000e+00
2.139252722263336182e-01
2.591303825378417969e+00
2.893652208149433136e-02
6.445972621440887451e-02
4.382004737854003906e+00
3.862226009368896484e-02
9.263669252395629883e-01
5.923768281936645508e-01
1.805897057056427002e-01
7.477900981903076172e-01
0.000000000000000000e+00
3.527081727981567383e+00
9.714559316635131836e-01
6.208255290985107422e-01
9.134108424186706543e-01
2.049896240234375000e+00
0.000000000000000000e+00
1.816311836242675781e+00
1.215644627809524536e-01
0.000000000000000000e+00
3.367215991020202637e-01
0.000000000000000000e+00
3.920282423496246338e-01
1.460596323013305664e-01
2.850800752639770508e-01
0.000000000000000000e+00
5.746808052062988281e-01
6.164641976356506348e-01
1.482645153999328613e+00
0.000000000000000000e+00
1.062886137515306473e-02
6.424761414527893066e-01
4.048646986484527588e-01
0.000000000000000000e+00
0.000000000000000000e+00
0.000000000000000000e+00
8.850424289703369141e-01
1.612850427627563477e+00
8.813132047653198242e-01
4.341025054454803467e-01
3.155863761901855469e+00
2.434435859322547913e-02
1.339721441268920898e+00
7.603841423988342285e-01
1.630291640758514404e-01
7.790628820657730103e-02
0.000000000000000000e+00
2.793690443038940430e+00
2.337121009826660156e+00
2.165807187557220459e-01
3.512251853942871094e+00
1.589954346418380737e-01
1.076226472854614258e+00
9.553179144859313965e-02
2.721201777458190918e-01
2.672983109951019287e-01
7.329891324043273926e-01
9.066445827484130859e-01
6.933768163435161114e-04
4.367447495460510254e-01
2.709605395793914795e-01
9.285779595375061035e-01
3.865754604339599609e+00
3.441814184188842773e-01
0.000000000000000000e+00
1.100521385669708252e-01
1.110033690929412842e-01
1.157741904258728027e+00
1.184528693556785583e-01
3.699082508683204651e-02
6.119317933917045593e-02
1.240447402000427246e+00
7.825132608413696289e-01
0.000000000000000000e+00
3.733434379100799561e-01
1.873439364135265350e-02
1.466698765754699707e+00
2.167943865060806274e-01
3.210190236568450928e-01
1.395885348320007324e-01
5.034651607275009155e-02
2.250747382640838623e-01
7.752330899238586426e-01
0.000000000000000000e+00
3.627935945987701416e-01
2.871091127395629883e+00
4.816899821162223816e-02
0.000000000000000000e+00
1.282320499420166016e+00
1.278238415718078613e+00
3.799200952053070068e-01
1.015499830245971680e+00
1.069095969200134277e+00
1.892384290695190430e+00
2.067322492599487305e+00
9.715521335601806641e-01
1.392892897129058838e-01
3.999468684196472168e-01
0.000000000000000000e+00
2.083900757133960724e-02
