2.843094468116760254e-01
0.000000000000000000e+00
6.422685831785202026e-02
2.450890302658081055e+00
9.354215860366821289e-01
7.011890411376953125e-02
6.180827617645263672e-01
2.248472452163696289e+00
7.333916187286376953e+00
1.601808786392211914e+00
7.653173059225082397e-02
1.543110132217407227e+00
3.204797506332397461e-01
1.424617767333984375e+00
2.466640710830688477e+00
1.020163416862487793e+00
1.263400435447692871e+00
2.608531713485717773e+00
1.364347815513610840e+00
2.680030763149261475e-01
1.927845716476440430e+00
6.541331531479954720e-04
1.864584684371948242e-01
2.896346569061279297e+00
1.688227653503417969e-01
0.000000000000000000e+00
9.232258051633834839e-02
2.157232522964477539e+00
4.463969171047210693e-01
4.902537539601325989e-02
1.292919218540191650e-01
8.850498707033693790e-04
7.840282320976257324e-01
8.083913326263427734e-01
4.974410235881805420e-01
3.340698242187500000e+00
4.233254790306091309e-01
2.247699946165084839e-01
8.911346793174743652e-01
3.928776979446411133e-01
4.395096302032470703e-01
7.863344252109527588e-02
5.315948128700256348e-01
5.242442607879638672e+00
7.220877408981323242e-01
1.125931739807128906e+00
1.269233375787734985e-01
9.929357171058654785e-01
1.404839158058166504e-01
1.546068429946899414e+00
3.683128833770751953e+00
0.000000000000000000e+00
1.943422675132751465e+00
3.233579695224761963e-01
1.153667092323303223e+00
2.170129120349884033e-01
2.863069176673889160e-01
9.699915349483489990e-02
2.140253543853759766e+00
3.157584369182586670e-01
4.316279198974370956e-03
2.542505860328674316e-01
1.663788780570030212e-02
1.100796461105346680e+00
1.364293456077575684e+00
3.122244477272033691e-01
2.432001084089279175e-01
3.113771080970764160e-01
1.146266818046569824e+00
2.696039676666259766e-01
0.000000000000000000e+00
1.072703152894973755e-01
1.906172633171081543e-01
1.306229591369628906e+00
1.051304936408996582e+00
1.413588523864746094e+00
0.000000000000000000e+00
1.110878825187683105e+00
9.038608074188232422e-01
1.657319307327270508e+00
3.842314181383699179e-04
5.485770702362060547e-01
3.205684661865234375e+00
3.812053054571151733e-02
2.692096233367919922e+00
0.000000000000000000e+00
1.162205696105957031e+00
3.660470992326736450e-02
6.892023682594299316e-01
7.783415913581848145e-02
8.445208519697189331e-02
3.100721165537834167e-02
2.975241281092166901e-02
4.346350033301860094e-04
1.065396189689636230e+00
3.382224440574645996e-01
1.141455650329589844e+00
8.641766905784606934e-01
3.855989873409271240e-01
0.000000000000000000e+00
0.000000000000000000e+00
1.319638192653656006e-01
1.769895106554031372e-02
9.582886695861816406e-01
1.455424070358276367e+00
5.057708173990249634e-02
1.285661935806274414e+00
6.898266673088073730e-01
3.446185886859893799e-01
1.595108360052108765e-01
1.717731237411499023e+00
8.796858787536621094e-02
7.021844387054443359e-01
1.982488781213760376e-01
9.557073116302490234e-01
2.131704986095428467e-01
1.487072557210922241e-01
1.690565645694732666e-01
1.504006743431091309e+00
2.320915699005126953e+00
1.497984766960144043e+00
7.455706596374511719e-01
3.889879956841468811e-02
1.323390245437622070e+00
1.264822006225585938e+00
8.300114870071411133e-01
0.000000000000000000e+00
4.978415966033935547e-01
1.769478917121887207e+00
9.725689888000488281e-02
3.476352430880069733e-03
9.787274599075317383e-01
4.230014979839324951e-01
8.174397796392440796e-02
3.967345654964447021e-01
9.484670124948024750e-03
6.622111797332763672e-02
5.776369571685791016e+00
0.000000000000000000e+00
2.715520188212394714e-02
2.691016495227813721e-01
5.370154976844787598e-01
1.512368440628051758e+00
0.000000000000000000e+00
7.178231328725814819e-02
2.694510519504547119e-01
9.862093329429626465e-01
4.367447495460510254e-01
1.626262903213500977e+00
1.955652385950088501e-01
6.531349658966064453e+00
5.226420164108276367e-01
4.809962213039398193e-02
7.283454537391662598e-01
1.927120685577392578e+00
1.455511212348937988e+00
2.178995162248611450e-01
1.897510886192321777e-01
2.413088083267211914e+00
5.649386048316955566e-01
1.114725694060325623e-02
1.088353157043457031e+00
6.068919301033020020e-01
2.893300913274288177e-02
3.945128619670867920e-01
8.248787522315979004e-01
1.905133202672004700e-02
0.000000000000000000e+00
8.161851167678833008e-01
3.116232156753540039e+00
7.004481554031372070e-01
9.722439050674438477e-01
3.086715005338191986e-03
6.432586312294006348e-01
3.075784444808959961e-01
7.272583961486816406e+00
0.000000000000000000e+00
1.792099624872207642e-01
4.113870561122894287e-01
1.708672940731048584e-01
4.513397812843322754e-03
7.406498491764068604e-02
4.463955461978912354e-01
3.690470695495605469e+00
7.700793445110321045e-02
0.000000000000000000e+00
3.576924800872802734e-01
5.943447947502136230e-01
0.000000000000000000e+00
5.788579117506742477e-03
0.000000000000000000e+00
4.799624159932136536e-02
6.549736857414245605e-01
7.061367034912109375e-01
9.640004634857177734e-01
1.020476341247558594e+00
6.998588442802429199e-01
2.691203653812408447e-01
4.696461260318756104e-01
6.825330853462219238e-01
1.263568043708801270e+00
1.311924606561660767e-01
5.098874568939208984e-01
1.522808074951171875e+00
5.819931626319885254e-01
5.233149044215679169e-03
7.860993146896362305e-01
1.196646764874458313e-01
2.174400724470615387e-02
1.095742225646972656e+00
1.886580884456634521e-01
1.474526375532150269e-01
7.810125350952148438e-01
1.051843762397766113e+00
7.555404901504516602e-01
3.380778431892395020e-01
4.897715523838996887e-02
1.760521531105041504e-01
1.847191929817199707e+00
1.244822859764099121e+00
8.537591435015201569e-03
6.184827089309692383e-01
3.070977330207824707e-01
1.813292950391769409e-01
1.745160073041915894e-01
0.000000000000000000e+00
7.318826764822006226e-02
2.038113474845886230e-01
2.159128524363040924e-02
4.697153344750404358e-02
7.941951602697372437e-02
4.603568315505981445e-01
2.725589990615844727e+00
2.070580482482910156e+00
4.666697978973388672e-01
7.942861914634704590e-01
2.922678709030151367e+00
1.522217392921447754e-01
1.700112782418727875e-02
1.095035195350646973e+00
1.429529637098312378e-01
8.080817759037017822e-02
2.319751828908920288e-01
4.059092998504638672e+00
1.070088982582092285e+00
5.771114230155944824e-01
9.143956303596496582e-01
1.006189063191413879e-01
1.394742965698242188e+00
4.628220200538635254e-01
2.024731934070587158e-01
4.689662158489227295e-01
1.115164905786514282e-02
1.786581397056579590e+00
1.222113847732543945e+00
1.992572797462344170e-03
2.847117744386196136e-02
0.000000000000000000e+00
1.803129911422729492e-01
8.817291259765625000e-02
1.519773125648498535e+00
2.158729732036590576e-01
8.584801852703094482e-02
8.803629875183105469e-02
0.000000000000000000e+00
2.005377318710088730e-03
2.468572616577148438e+00
3.509783744812011719e-02
0.000000000000000000e+00
1.561670377850532532e-02
1.937831401824951172e+00
0.000000000000000000e+00
7.830747365951538086e-01
2.177775055170059204e-01
1.401778124272823334e-02
9.044718742370605469e-01
3.620231747627258301e-01
1.159670829772949219e+00
7.902585864067077637e-01
1.492610275745391846e-01
2.064768671989440918e-01
5.450628995895385742e-01
3.566296696662902832e-01
3.886306881904602051e-01
7.318993210792541504e-01
1.429038763046264648e+00
8.458840250968933105e-01
1.059671584516763687e-02
1.698562949895858765e-01
0.000000000000000000e+00
2.282946825027465820e+00
9.432266950607299805e-01
2.056543976068496704e-01
2.159945368766784668e-01
2.412371635437011719e-01
1.178923249244689941e-01
2.398423850536346436e-01
2.404836118221282959e-01
1.344634532928466797e+00
6.190043926239013672e+00
5.041193962097167969e-01
1.542860921472311020e-02
3.233110308647155762e-01
8.866705745458602905e-02
8.854662626981735229e-02
4.135863482952117920e-01
0.000000000000000000e+00
0.000000000000000000e+00
1.147702522575855255e-02
5.376293063163757324e-01
5.615387558937072754e-01
5.377377197146415710e-02
2.599286288022994995e-02
1.238808870315551758e+00
7.927687466144561768e-02
6.216717958450317383e-01
0.000000000000000000e+00
4.652553796768188477e-01
1.086234927177429199e+00
2.876231968402862549e-01
2.101071596145629883e+00
0.000000000000000000e+00
4.293425083160400391e-01
9.208776056766510010e-02
1.698199659585952759e-02
4.280284941196441650e-01
1.239593997597694397e-01
0.000000000000000000e+00
8.783162832260131836e-01
3.360461294651031494e-01
9.092831984162330627e-03
0.000000000000000000e+00
1.128690838813781738e+00
1.411091834306716919e-01
1.746381223201751709e-01
5.567635893821716309e-01
1.048811912536621094e+00
1.846486702561378479e-02
6.864505410194396973e-01
1.686128497123718262e+00
2.000642120838165283e-01
8.290709927678108215e-03
1.043763980269432068e-01
7.027462124824523926e-02
5.982919335365295410e-01
8.630026578903198242e-01
0.000000000000000000e+00
4.521507769823074341e-03
4.144075512886047363e-01
6.739201545715332031e-01
4.351608827710151672e-02
1.010599374771118164e+00
4.304414093494415283e-01
4.192266613245010376e-02
2.693273313343524933e-02
5.716024637222290039e-01
1.514973700977861881e-03
3.136970996856689453e-01
2.856383286416530609e-02
7.351770997047424316e-01
2.246749587357044220e-02
2.441852353513240814e-02
1.077592611312866211e+00
6.901112794876098633e-01
1.880319952964782715e+00
1.143033385276794434e+00
5.839421749114990234e-01
1.686035275459289551e+00
1.561311364173889160e+00
0.000000000000000000e+00
7.903776764869689941e-01
1.277451753616333008e+00
1.143712401390075684e+00
1.787789165973663330e-01
1.254215598106384277e+00
2.218184759840369225e-03
2.716559730470180511e-02
2.266894094645977020e-03
7.010262459516525269e-02
1.086560606956481934e+00
1.164050549268722534e-01
3.955148696899414062e+00
2.015552759170532227e+00
4.706319570541381836e-01
0.000000000000000000e+00
6.701396107673645020e-01
7.135786861181259155e-02
0.000000000000000000e+00
1.869405806064605713e-02
1.960713043808937073e-02
1.260172575712203979e-01
0.000000000000000000e+00
3.180269268341362476e-04
2.463782876729965210e-01
2.099590301513671875e-01
5.923528075218200684e-01
2.389383792877197266e+00
5.760468542575836182e-02
7.730168756097555161e-03
1.449171900749206543e+00
2.146046310663223267e-01
8.442797064781188965e-01
0.000000000000000000e+00
5.032678842544555664e-01
1.091018438339233398e+00
4.333870410919189453e-01
1.054815888404846191e+00
2.817462980747222900e-01
1.896952390670776367e+00
7.983720302581787109e-01
2.948133945465087891e-01
0.000000000000000000e+00
4.754955470561981201e-01
1.930205941200256348e+00
1.348234154284000397e-02
5.131258070468902588e-02
4.586613655090332031e+00
5.505457893013954163e-02
8.177831172943115234e-01
5.851540565490722656e-01
9.039526432752609253e-02
7.147771716117858887e-01
0.000000000000000000e+00
2.404320240020751953e+00
3.561879992485046387e-01
1.079826831817626953e+00
1.550457715988159180e+00
1.917770028114318848e+00
0.000000000000000000e+00
1.781144261360168457e+00
3.523839637637138367e-02
4.594499710947275162e-03
1.226202324032783508e-01
0.000000000000000000e+00
2.148654609918594360e-01
6.492694467306137085e-02
2.690546810626983643e-01
0.000000000000000000e+00
6.413907408714294434e-01
7.295720577239990234e-01
1.709159612655639648e+00
0.000000000000000000e+00
3.125055432319641113e-01
6.584243774414062500e-01
6.827074289321899414e-01
4.588222072925418615e-04
0.000000000000000000e+00
0.000000000000000000e+00
5.447210669517517090e-01
1.360444068908691406e+00
8.975721001625061035e-01
3.948338925838470459e-01
1.998046875000000000e+00
0.000000000000000000e+00
1.335435032844543457e+00
5.886753797531127930e-01
1.075487136840820312e-01
2.843578457832336426e-01
0.000000000000000000e+00
2.209557294845581055e+00
2.313052892684936523e+00
9.512206166982650757e-02
4.122117042541503906e+00
1.417914684861898422e-02
9.529174566268920898e-01
5.815064907073974609e-02
6.476501375436782837e-02
5.270531773567199707e-02
1.443486571311950684e+00
9.883109927177429199e-01
0.000000000000000000e+00
6.875410676002502441e-01
4.464406669139862061e-01
9.656711220741271973e-01
3.659418344497680664e+00
7.791679501533508301e-01
0.000000000000000000e+00
2.570576965808868408e-01
4.607675597071647644e-02
1.105636358261108398e+00
8.093811571598052979e-02
5.611718632280826569e-03
0.000000000000000000e+00
6.546600461006164551e-01
6.477826237678527832e-01
0.000000000000000000e+00
3.303922414779663086e-01
5.395361408591270447e-02
1.745244979858398438e+00
4.201754555106163025e-02
4.292322099208831787e-01
8.579559624195098877e-02
0.000000000000000000e+00
1.347108278423547745e-02
1.224690794944763184e+00
1.853063469752669334e-03
3.046460449695587158e-01
3.460098743438720703e+00
2.148756831884384155e-01
0.000000000000000000e+00
3.766743838787078857e-01
1.658898591995239258e+00
9.544216394424438477e-01
6.672824025154113770e-01
1.209156036376953125e+00
2.551487207412719727e+00
2.150199651718139648e+00
8.502111434936523438e-01
4.750351607799530029e-01
8.477779626846313477e-01
0.000000000000000000e+00
2.302150800824165344e-02
