6.478679180145263672e-01
0.000000000000000000e+00
8.538205176591873169e-02
2.014469861984252930e+00
3.966137468814849854e-01
1.181040182709693909e-01
7.288523912429809570e-01
2.614287853240966797e+00
6.886841773986816406e+00
1.560159802436828613e+00
1.526287104934453964e-02
1.822730064392089844e+00
2.179553359746932983e-01
1.589427828788757324e+00
1.737621545791625977e+00
6.698175668716430664e-01
7.450274229049682617e-01
2.035319566726684570e+00
3.783806562423706055e-01
3.859445452690124512e-02
1.867171287536621094e+00
5.239876452833414078e-03
3.069387376308441162e-01
1.926516294479370117e+00
3.216876462101936340e-02
1.469850353896617889e-02
7.952231168746948242e-02
1.689975619316101074e+00
1.908396631479263306e-01
7.309924345463514328e-03
0.000000000000000000e+00
0.000000000000000000e+00
9.968139231204986572e-02
9.052318334579467773e-01
4.098776578903198242e-01
2.248648405075073242e+00
5.399675965309143066e-01
4.472310096025466919e-02
2.900590598583221436e-01
8.690027594566345215e-01
6.290530413389205933e-02
3.842149078845977783e-01
9.420821070671081543e-01
5.025464534759521484e+00
2.452689111232757568e-01
1.540205597877502441e+00
2.651462852954864502e-01
1.427343964576721191e+00
3.666898310184478760e-01
1.111397981643676758e+00
4.164436817169189453e+00
0.000000000000000000e+00
2.276459217071533203e+00
3.410863224416971207e-03
5.728877186775207520e-01
1.280289590358734131e-01
2.401136755943298340e-01
5.322265625000000000e-01
2.736968517303466797e+00
3.562285602092742920e-01
5.286215455271303654e-04
1.934025995433330536e-02
3.944311290979385376e-02
8.393207192420959473e-01
1.063065409660339355e+00
5.895807743072509766e-01
4.535808563232421875e-01
2.498937845230102539e-01
7.884593605995178223e-01
1.305243223905563354e-01
0.000000000000000000e+00
5.932615604251623154e-03
4.731111228466033936e-01
1.234867215156555176e+00
6.834040880203247070e-01
1.963682532310485840e+00
7.432230631820857525e-04
9.197820425033569336e-01
1.384776830673217773e-01
1.014395475387573242e+00
1.075474894605576992e-03
9.232077598571777344e-01
3.128840684890747070e+00
6.651397049427032471e-02
1.798264741897583008e+00
5.491535365581512451e-02
1.414736866950988770e+00
3.996263444423675537e-02
4.379726946353912354e-01
1.697109937667846680e-01
1.897270232439041138e-02
5.553313996642827988e-03
0.000000000000000000e+00
0.000000000000000000e+00
1.141223430633544922e+00
1.057269096374511719e+00
3.725565671920776367e-01
3.305033445358276367e-01
3.117066621780395508e-01
3.330926597118377686e-02
0.000000000000000000e+00
5.438383296132087708e-02
2.717449143528938293e-02
1.249940752983093262e+00
1.214348793029785156e+00
3.557906672358512878e-02
9.377759099006652832e-01
6.010205149650573730e-01
8.700130581855773926e-01
2.221624404191970825e-01
1.434256434440612793e+00
3.011518158018589020e-03
4.930977895855903625e-02
6.478433310985565186e-02
7.777407765388488770e-01
2.879635617136955261e-02
1.057436391711235046e-01
3.455583453178405762e-01
1.547776937484741211e+00
3.880051612854003906e+00
4.774681329727172852e-01
4.043450653553009033e-01
1.367816608399152756e-02
1.591599225997924805e+00
1.175517916679382324e+00
8.575679063796997070e-01
0.000000000000000000e+00
2.116016000509262085e-01
1.376595258712768555e+00
1.942598447203636169e-02
1.373063307255506516e-02
7.255489230155944824e-01
1.438510566949844360e-01
6.908331532031297684e-03
7.331966161727905273e-01
4.032224789261817932e-02
4.239837452769279480e-02
5.892918586730957031e+00
0.000000000000000000e+00
7.246125489473342896e-02
1.415114849805831909e-02
2.615670263767242432e-01
9.376664161682128906e-01
1.786590553820133209e-03
2.699306420981884003e-02
4.692057371139526367e-01
8.097071051597595215e-01
1.157658398151397705e-01
5.843740701675415039e-01
1.428351104259490967e-01
5.885476589202880859e+00
2.279108017683029175e-01
1.280567348003387451e-01
6.697071194648742676e-01
1.130131125450134277e+00
1.435331225395202637e+00
2.341289669275283813e-01
1.408114284276962280e-01
1.669405341148376465e+00
2.272948771715164185e-01
4.122985061258077621e-03
1.157490730285644531e+00
2.695345878601074219e-01
0.000000000000000000e+00
5.988876223564147949e-01
8.911215662956237793e-01
2.090173587203025818e-02
0.000000000000000000e+00
1.021463632583618164e+00
2.235729455947875977e+00
3.760073482990264893e-01
4.898208081722259521e-01
3.059785366058349609e-01
5.413116216659545898e-01
4.594052135944366455e-01
7.536173820495605469e+00
5.473932716995477676e-03
4.628479108214378357e-02
1.981133073568344116e-01
1.130660027265548706e-01
0.000000000000000000e+00
4.829652607440948486e-01
5.382258892059326172e-01
3.562569379806518555e+00
1.217777281999588013e-01
0.000000000000000000e+00
3.865596950054168701e-01
5.225408673286437988e-01
0.000000000000000000e+00
1.099475994706153870e-01
2.194989006966352463e-03
4.324223380535840988e-03
1.206058859825134277e+00
7.021338939666748047e-01
1.590645909309387207e+00
5.518470406532287598e-01
7.702944874763488770e-01
2.601693272590637207e-01
4.839976131916046143e-01
4.999481439590454102e-01
7.302979826927185059e-01
6.591285765171051025e-02
1.404188722372055054e-01
9.762063622474670410e-01
5.262174606323242188e-01
4.882353823632001877e-03
6.215596795082092285e-01
3.272001445293426514e-02
3.994014561176300049e-01
1.236865043640136719e+00
1.089968979358673096e-01
1.368401199579238892e-01
2.919329702854156494e-01
1.017068743705749512e+00
6.549352407455444336e-01
4.708021283149719238e-01
2.852924764156341553e-01
2.097712904214859009e-01
2.234865427017211914e+00
8.198206424713134766e-01
5.833812989294528961e-03
2.614920735359191895e-01
1.549226939678192139e-01
2.713591158390045166e-01
3.959212824702262878e-02
0.000000000000000000e+00
5.444993823766708374e-02
5.440502762794494629e-01
1.439157426357269287e-01
3.558259308338165283e-01
1.714131385087966919e-01
2.931242585182189941e-01
1.883002400398254395e+00
1.796574950218200684e+00
3.690456449985504150e-01
8.910787105560302734e-01
2.494563817977905273e+00
5.449196100234985352e-01
5.023393779993057251e-02
6.116054058074951172e-01
9.039609134197235107e-02
1.835946924984455109e-02
4.498732089996337891e-01
3.218774795532226562e+00
1.159927368164062500e+00
1.332067251205444336e-01
4.945981502532958984e-01
1.192218478536233306e-04
1.672759056091308594e+00
1.279428601264953613e+00
5.937152355909347534e-02
7.664897441864013672e-01
0.000000000000000000e+00
2.047403335571289062e+00
1.101818561553955078e+00
4.488638415932655334e-02
8.773553417995572090e-04
0.000000000000000000e+00
4.579250812530517578e-01
4.963236451148986816e-01
1.229816317558288574e+00
3.382868468761444092e-01
3.627511113882064819e-02
7.882831990718841553e-02
1.080320402979850769e-02
0.000000000000000000e+00
1.621117949485778809e+00
3.871737048029899597e-02
4.158771131187677383e-03
8.084675669670104980e-02
1.269950509071350098e+00
0.000000000000000000e+00
1.048573613166809082e+00
4.746971651911735535e-02
1.304592844098806381e-02
3.155110478401184082e-01
3.667880594730377197e-02
1.251348614692687988e+00
8.401494026184082031e-01
1.474122609943151474e-02
6.624028682708740234e-01
3.058449327945709229e-01
3.357025329023599625e-03
2.997532188892364502e-01
2.934045195579528809e-01
1.166227340698242188e+00
1.374821901321411133e+00
1.451391493901610374e-03
3.165273740887641907e-02
1.043265406042337418e-02
2.242334365844726562e+00
8.225060701370239258e-01
3.892026841640472412e-01
7.623974699527025223e-03
2.911684215068817139e-01
1.543274074792861938e-01
3.880719095468521118e-02
1.226155459880828857e-01
6.690594553947448730e-01
6.266169071197509766e+00
5.886701345443725586e-01
1.113534718751907349e-02
2.672600448131561279e-01
1.852529309689998627e-02
6.995034962892532349e-02
2.206068020313978195e-04
0.000000000000000000e+00
0.000000000000000000e+00
0.000000000000000000e+00
7.680670022964477539e-01
3.100752830505371094e-01
5.394025519490242004e-02
1.628834009170532227e-01
8.745865821838378906e-01
8.005902916193008423e-02
3.140721321105957031e-01
1.599280280061066151e-03
3.911696672439575195e-01
9.657606482505798340e-01
6.130662187933921814e-02
1.782548785209655762e+00
0.000000000000000000e+00
1.504532247781753540e-01
1.374768465757369995e-01
0.000000000000000000e+00
5.411015748977661133e-01
6.719817966222763062e-02
0.000000000000000000e+00
4.822335839271545410e-01
3.359931707382202148e-01
8.596137631684541702e-04
9.959666989743709564e-03
2.197547852993011475e-01
4.974967613816261292e-02
0.000000000000000000e+00
5.805425643920898438e-01
1.349158406257629395e+00
4.978540539741516113e-01
5.867426395416259766e-01
1.140401959419250488e+00
7.828397303819656372e-02
3.842334449291229248e-02
6.281129121780395508e-01
9.513586014509201050e-02
7.256556153297424316e-01
4.424141049385070801e-01
4.909591004252433777e-02
2.044138498604297638e-02
3.111881315708160400e-01
3.020906150341033936e-01
2.049610577523708344e-02
6.149890422821044922e-01
3.322879970073699951e-01
1.902377349324524403e-03
0.000000000000000000e+00
5.973881483078002930e-01
0.000000000000000000e+00
2.543182969093322754e-01
6.322902441024780273e-02
6.749764084815979004e-01
6.076037138700485229e-02
2.104827575385570526e-02
1.105350971221923828e+00
1.392894387245178223e-01
1.906219124794006348e+00
1.614393830299377441e+00
6.916511058807373047e-01
1.408459067344665527e+00
1.314969420433044434e+00
0.000000000000000000e+00
1.503028571605682373e-01
9.928395748138427734e-01
7.076832652091979980e-01
9.391944110393524170e-02
4.723874330520629883e-01
0.000000000000000000e+00
0.000000000000000000e+00
1.014552172273397446e-02
2.313606590032577515e-01
7.432492375373840332e-01
8.495829105377197266e-01
4.610850811004638672e+00
2.079163074493408203e+00
7.309404611587524414e-01
0.000000000000000000e+00
1.004812359809875488e+00
5.578378960490226746e-02
0.000000000000000000e+00
0.000000000000000000e+00
1.232269629836082458e-01
3.333803117275238037e-01
8.019002526998519897e-02
0.000000000000000000e+00
1.012465283274650574e-01
3.794506490230560303e-01
3.423644006252288818e-01
1.982390284538269043e+00
2.680417310330085456e-05
7.461190223693847656e-02
1.278338074684143066e+00
2.255236497148871422e-03
8.391690254211425781e-02
0.000000000000000000e+00
3.455857038497924805e-01
1.135145306587219238e+00
3.198634386062622070e-01
2.174343347549438477e+00
2.564553916454315186e-01
6.690373420715332031e-01
4.671502709388732910e-01
6.054805517196655273e-01
1.031163707375526428e-01
3.265313804149627686e-01
1.887165904045104980e+00
3.257893398404121399e-02
0.000000000000000000e+00
3.261839151382446289e+00
1.276783198118209839e-01
4.945386648178100586e-01
1.767865419387817383e-01
1.975465118885040283e-01
4.921476244926452637e-01
0.000000000000000000e+00
3.011859416961669922e+00
9.141767770051956177e-02
7.264857888221740723e-01
8.914673328399658203e-01
2.135106563568115234e+00
0.000000000000000000e+00
1.634864330291748047e+00
1.706176623702049255e-02
0.000000000000000000e+00
1.901067234575748444e-02
1.421133201802149415e-04
2.351010292768478394e-01
3.679322451353073120e-02
2.104893140494823456e-02
0.000000000000000000e+00
7.673336076550185680e-04
7.564386725425720215e-01
8.513115644454956055e-01
3.928986843675374985e-04
7.716445624828338623e-02
1.035267114639282227e+00
1.098542928695678711e+00
0.000000000000000000e+00
0.000000000000000000e+00
2.316596359014511108e-02
3.623933196067810059e-01
2.276185303926467896e-01
1.747253894805908203e+00
1.928540915250778198e-01
1.195749640464782715e+00
0.000000000000000000e+00
1.280847549438476562e+00
1.562983542680740356e-01
1.409084349870681763e-01
2.146570198237895966e-02
0.000000000000000000e+00
1.579181194305419922e+00
2.027173757553100586e+00
3.999029844999313354e-02
3.557174205780029297e+00
1.765434592962265015e-01
4.105843901634216309e-01
9.709928184747695923e-02
4.754636287689208984e-01
1.362906694412231445e-01
1.547313690185546875e+00
6.301588416099548340e-01
0.000000000000000000e+00
3.531628847122192383e-01
5.292686820030212402e-01
1.107965558767318726e-01
2.322719573974609375e+00
3.521844446659088135e-01
5.728588253259658813e-02
2.242259383201599121e-01
1.443869806826114655e-02
5.029926300048828125e-01
1.026198193430900574e-01
4.498658701777458191e-02
0.000000000000000000e+00
2.782867252826690674e-01
8.467140793800354004e-01
1.649684272706508636e-02
2.632023692131042480e-01
4.916759207844734192e-02
1.681602716445922852e+00
1.867075823247432709e-02
7.058644294738769531e-02
2.446082793176174164e-02
2.706039929762482643e-03
5.465030074119567871e-01
9.697324633598327637e-01
3.946932964026927948e-03
9.494694322347640991e-02
2.167534828186035156e+00
2.142389565706253052e-01
0.000000000000000000e+00
2.244936078786849976e-01
1.857692480087280273e+00
9.472019076347351074e-01
4.103535115718841553e-01
1.229788064956665039e+00
2.411540508270263672e+00
2.430810689926147461e+00
3.189509510993957520e-01
1.473341286182403564e-01
1.156757116317749023e+00
0.000000000000000000e+00
8.333126455545425415e-02
