3.042504489421844482e-01
0.000000000000000000e+00
3.814533585682511330e-03
2.771285057067871094e+00
6.025724411010742188e-01
1.463772654533386230e-01
2.638227343559265137e-01
2.529626369476318359e+00
7.838054656982421875e+00
1.276446938514709473e+00
2.749650180339813232e-01
1.082788228988647461e+00
5.589132905006408691e-01
1.116601586341857910e+00
2.891496896743774414e+00
8.675820827484130859e-01
8.074008226394653320e-01
2.878141641616821289e+00
1.301534533500671387e+00
1.044505536556243896e-01
1.671739220619201660e+00
0.000000000000000000e+00
3.294690325856208801e-02
2.468071937561035156e+00
9.321852028369903564e-02
0.000000000000000000e+00
1.309878677129745483e-01
2.522255897521972656e+00
2.697396576404571533e-01
0.000000000000000000e+00
8.887014538049697876e-02
1.868395949713885784e-03
7.619890570640563965e-01
7.782768607139587402e-01
7.041857838630676270e-01
2.834158420562744141e+00
2.161839455366134644e-01
2.125954953953623772e-03
9.619289636611938477e-01
5.562604665756225586e-01
3.397807180881500244e-01
2.894392609596252441e-01
1.274718046188354492e-01
4.948514461517333984e+00
5.594367980957031250e-01
8.625162839889526367e-01
1.978777199983596802e-01
7.652318477630615234e-01
2.604330703616142273e-02
1.751634955406188965e+00
3.009290456771850586e+00
0.000000000000000000e+00
1.689232945442199707e+00
2.425279319286346436e-01
8.197471499443054199e-01
5.057873949408531189e-02
1.609561592340469360e-01
1.261060684919357300e-01
1.713850140571594238e+00
2.683348059654235840e-01
2.610279060900211334e-02
1.243746802210807800e-01
0.000000000000000000e+00
1.237869024276733398e+00
1.351369261741638184e+00
2.415255308151245117e-01
6.229099631309509277e-02
2.697893679141998291e-01
9.098069667816162109e-01
3.131864964962005615e-01
0.000000000000000000e+00
7.977046817541122437e-02
8.485969156026840210e-02
9.686267971992492676e-01
6.404424905776977539e-01
1.129116535186767578e+00
1.634232234209775925e-03
6.726159453392028809e-01
9.790045022964477539e-01
1.507227063179016113e+00
6.779609713703393936e-03
3.294573426246643066e-01
2.768434524536132812e+00
1.457408536225557327e-03
2.672971010208129883e+00
2.573226206004619598e-02
1.730744361877441406e+00
3.626024350523948669e-03
2.411098182201385498e-01
1.504781004041433334e-02
2.816306650638580322e-01
0.000000000000000000e+00
9.337331354618072510e-02
0.000000000000000000e+00
6.660177111625671387e-01
1.232937052845954895e-01
1.161998152732849121e+00
3.504576981067657471e-01
4.765534996986389160e-01
0.000000000000000000e+00
0.000000000000000000e+00
1.193351522088050842e-01
2.678992971777915955e-02
7.615509629249572754e-01
1.075449943542480469e+00
4.863582178950309753e-02
1.352486252784729004e+00
6.855825781822204590e-01
3.206610679626464844e-01
3.968859910964965820e-01
1.759115695953369141e+00
0.000000000000000000e+00
7.708654999732971191e-01
1.480491608381271362e-01
3.985054194927215576e-01
1.268689781427383423e-01
4.386070370674133301e-02
1.033188328146934509e-01
5.229586958885192871e-01
1.748893976211547852e+00
1.560730695724487305e+00
6.417396664619445801e-01
1.016807556152343750e-02
9.226997494697570801e-01
7.377141714096069336e-01
2.011655718088150024e-01
0.000000000000000000e+00
5.513971447944641113e-01
1.809527635574340820e+00
9.369437396526336670e-02
0.000000000000000000e+00
9.898771643638610840e-01
6.914157271385192871e-01
9.181658923625946045e-02
1.612519472837448120e-01
4.638311639428138733e-02
3.723659738898277283e-02
5.127336025238037109e+00
0.000000000000000000e+00
2.292028628289699554e-03
3.808420896530151367e-01
4.179440736770629883e-01
1.103158354759216309e+00
0.000000000000000000e+00
2.925741076469421387e-01
3.405558168888092041e-01
9.496936202049255371e-01
2.583709657192230225e-01
1.252350091934204102e+00
2.818180993199348450e-02
6.808571338653564453e+00
3.248732089996337891e-01
6.248944997787475586e-02
3.959367275238037109e-01
1.696096897125244141e+00
1.839681625366210938e+00
4.655039310455322266e-02
1.758899986743927002e-01
2.731212615966796875e+00
5.982745885848999023e-01
1.017253939062356949e-02
1.443008065223693848e+00
8.043640255928039551e-01
5.264598503708839417e-02
2.459094673395156860e-01
5.131349563598632812e-01
4.422838240861892700e-02
0.000000000000000000e+00
1.061822772026062012e+00
3.404852867126464844e+00
1.010608911514282227e+00
6.920725703239440918e-01
1.940871402621269226e-02
4.424097537994384766e-01
3.283439874649047852e-01
7.004625320434570312e+00
0.000000000000000000e+00
4.563399776816368103e-02
5.191020369529724121e-01
7.685228437185287476e-02
0.000000000000000000e+00
3.775883466005325317e-02
3.291754424571990967e-01
3.165484666824340820e+00
8.244995772838592529e-02
2.861970663070678711e-02
5.288323760032653809e-01
6.001673340797424316e-01
0.000000000000000000e+00
0.000000000000000000e+00
0.000000000000000000e+00
0.000000000000000000e+00
6.162158846855163574e-01
2.215777039527893066e-01
1.557741880416870117e+00
5.553587079048156738e-01
7.905327677726745605e-01
7.523547857999801636e-02
1.168540045619010925e-01
5.986400246620178223e-01
1.035182476043701172e+00
1.851066946983337402e-01
9.992845058441162109e-01
1.104223132133483887e+00
3.457661271095275879e-01
9.171928279101848602e-03
1.432224273681640625e+00
2.526741102337837219e-02
5.270897597074508667e-02
1.071211099624633789e+00
3.597850725054740906e-02
1.328995674848556519e-01
1.015676259994506836e+00
9.508051276206970215e-01
1.319932818412780762e+00
7.033439278602600098e-01
3.064174763858318329e-02
8.246425539255142212e-02
1.555119752883911133e+00
1.512046933174133301e+00
0.000000000000000000e+00
1.173973560333251953e+00
4.027244448661804199e-01
7.771270349621772766e-03
1.106998696923255920e-02
0.000000000000000000e+00
1.646621897816658020e-02
1.847189068794250488e-01
1.914518140256404877e-02
9.634676575660705566e-02
1.087875440716743469e-01
2.337222546339035034e-01
1.689231634140014648e+00
2.151049137115478516e+00
4.819177091121673584e-01
5.964643359184265137e-01
3.166329383850097656e+00
1.549696922302246094e-01
9.432426653802394867e-03
8.332055211067199707e-01
3.092600032687187195e-02
1.591568626463413239e-02
2.338801175355911255e-01
3.071005821228027344e+00
1.254694819450378418e+00
8.120666742324829102e-01
7.936871647834777832e-01
6.512510590255260468e-03
1.202143311500549316e+00
1.177266359329223633e+00
1.051841583102941513e-02
4.801181852817535400e-01
1.526446733623743057e-02
2.215393066406250000e+00
9.375420808792114258e-01
2.950926870107650757e-02
4.716591909527778625e-02
0.000000000000000000e+00
1.005760505795478821e-01
4.213033244013786316e-02
1.226077198982238770e+00
3.557533323764801025e-01
0.000000000000000000e+00
4.499629512429237366e-02
0.000000000000000000e+00
0.000000000000000000e+00
2.346327781677246094e+00
6.132574379444122314e-02
4.911153228022158146e-04
4.673499614000320435e-03
1.774716734886169434e+00
0.000000000000000000e+00
4.707729816436767578e-01
1.435065716505050659e-01
2.105728350579738617e-02
5.459529757499694824e-01
1.916690468788146973e-01
1.165302038192749023e+00
8.363197445869445801e-01
5.097212642431259155e-02
2.519341409206390381e-01
2.391335964202880859e-01
2.071962058544158936e-01
6.505023837089538574e-01
7.782959938049316406e-01
1.213480710983276367e+00
7.336910367012023926e-01
0.000000000000000000e+00
4.889868944883346558e-02
0.000000000000000000e+00
2.341942310333251953e+00
8.590596318244934082e-01
6.154628470540046692e-02
8.414112776517868042e-02
1.748515293002128601e-02
2.121561914682388306e-01
4.503117799758911133e-01
4.471743106842041016e-01
1.483587145805358887e+00
5.867674350738525391e+00
7.183574438095092773e-01
0.000000000000000000e+00
1.199013069272041321e-01
6.689374335110187531e-03
8.154139667749404907e-02
2.999317646026611328e-01
0.000000000000000000e+00
4.433508496731519699e-03
1.004892960190773010e-02
1.693143099546432495e-01
7.421117424964904785e-01
7.676526001887395978e-05
1.778912730515003204e-02
1.237131953239440918e+00
5.874834954738616943e-02
3.762029409408569336e-01
0.000000000000000000e+00
2.267940640449523926e-01
1.273367285728454590e+00
2.996987998485565186e-01
1.531506538391113281e+00
0.000000000000000000e+00
2.843563258647918701e-01
2.143251746892929077e-01
0.000000000000000000e+00
5.889151096343994141e-01
3.347133100032806396e-02
0.000000000000000000e+00
1.126252174377441406e+00
4.143029749393463135e-01
0.000000000000000000e+00
0.000000000000000000e+00
1.030466794967651367e+00
1.083324775099754333e-01
8.624820411205291748e-02
4.688795655965805054e-02
1.464585542678833008e+00
2.768618762493133545e-01
8.236630558967590332e-01
1.863363862037658691e+00
1.147442013025283813e-01
2.661983249709010124e-03
6.134368851780891418e-02
2.451587840914726257e-02
5.574405789375305176e-01
1.071863532066345215e+00
1.603928953409194946e-01
1.328583247959613800e-02
5.715800523757934570e-01
1.023144125938415527e+00
3.463497385382652283e-02
8.533328771591186523e-01
3.191094696521759033e-01
2.052374631166458130e-01
1.535716839134693146e-02
6.214211583137512207e-01
0.000000000000000000e+00
1.894427537918090820e-01
1.217087730765342712e-01
1.157053232192993164e+00
1.071331724524497986e-01
1.498812586069107056e-01
1.086242675781250000e+00
2.859967350959777832e-01
1.943121790885925293e+00
1.541739940643310547e+00
5.683260560035705566e-01
1.375859737396240234e+00
1.783121824264526367e+00
0.000000000000000000e+00
1.011508345603942871e+00
1.003242015838623047e+00
3.620232939720153809e-01
9.416545182466506958e-02
9.056892991065979004e-01
1.441586948931217194e-02
3.782419115304946899e-02
0.000000000000000000e+00
3.320227190852165222e-02
3.079484701156616211e-01
2.515268921852111816e-01
3.688555002212524414e+00
1.550533652305603027e+00
3.036683201789855957e-01
0.000000000000000000e+00
3.911130130290985107e-01
1.522513758391141891e-02
0.000000000000000000e+00
0.000000000000000000e+00
1.031548343598842621e-02
3.481071591377258301e-01
5.797095131129026413e-03
0.000000000000000000e+00
3.686366379261016846e-01
5.077107623219490051e-02
4.203219115734100342e-01
2.077206611633300781e+00
3.706048242747783661e-03
3.157079219818115234e-02
1.099005341529846191e+00
2.710004448890686035e-01
1.158153414726257324e+00
0.000000000000000000e+00
1.355795115232467651e-01
1.003848791122436523e+00
6.511368155479431152e-01
1.125662207603454590e+00
9.640350192785263062e-02
1.283747911453247070e+00
4.433288872241973877e-01
2.900989949703216553e-01
3.075941698625683784e-03
1.687028259038925171e-01
1.733812212944030762e+00
3.935509547591209412e-02
2.950469963252544403e-03
4.715059757232666016e+00
3.106081485748291016e-01
8.576474785804748535e-01
4.929767549037933350e-01
2.614054083824157715e-01
4.090135395526885986e-01
0.000000000000000000e+00
1.956148386001586914e+00
6.454061865806579590e-01
4.082860946655273438e-01
1.030519604682922363e+00
1.952879309654235840e+00
0.000000000000000000e+00
1.663302063941955566e+00
1.087115705013275146e-02
2.291873097419738770e-03
1.295179575681686401e-01
4.612698685377836227e-03
3.581127524375915527e-01
3.904766961932182312e-02
5.742172598838806152e-01
6.258939858525991440e-03
6.969743967056274414e-01
1.024484992027282715e+00
1.175381183624267578e+00
0.000000000000000000e+00
1.212725043296813965e-01
6.583791375160217285e-01
5.785274505615234375e-01
1.886152476072311401e-02
0.000000000000000000e+00
0.000000000000000000e+00
6.852329373359680176e-01
1.463134169578552246e+00
8.926191329956054688e-01
1.742149442434310913e-01
2.056632757186889648e+00
0.000000000000000000e+00
1.232141852378845215e+00
1.064685225486755371e+00
1.973669379949569702e-01
8.495452255010604858e-02
0.000000000000000000e+00
1.727789282798767090e+00
2.314235210418701172e+00
3.923033922910690308e-02
4.082259178161621094e+00
1.079739108681678772e-01
9.712449312210083008e-01
2.192548708990216255e-03
8.272346109151840210e-02
1.977244615554809570e-01
1.646028757095336914e+00
1.297066330909729004e+00
0.000000000000000000e+00
4.322507679462432861e-01
1.788500100374221802e-01
5.889032483100891113e-01
3.754312515258789062e+00
4.328052699565887451e-01
0.000000000000000000e+00
3.145321309566497803e-01
1.593334227800369263e-01
1.082802772521972656e+00
1.830922663211822510e-01
5.589300021529197693e-02
1.327330101048573852e-04
6.025106906890869141e-01
7.651451230049133301e-01
0.000000000000000000e+00
1.507780402898788452e-01
3.997284919023513794e-02
2.282917976379394531e+00
1.161239445209503174e-01
4.805967211723327637e-01
1.844978034496307373e-01
0.000000000000000000e+00
1.456816643476486206e-01
7.850775122642517090e-01
2.240196242928504944e-02
1.954707354307174683e-01
3.443037271499633789e+00
8.177363127470016479e-02
0.000000000000000000e+00
9.442601203918457031e-01
1.144183397293090820e+00
1.022317886352539062e+00
9.756455421447753906e-01
1.506434679031372070e+00
2.451377391815185547e+00
1.747891187667846680e+00
2.621024847030639648e-01
1.007664129137992859e-01
4.086124598979949951e-01
0.000000000000000000e+00
0.000000000000000000e+00
