1.413164287805557251e-01
0.000000000000000000e+00
4.168622791767120361e-01
2.446645259857177734e+00
8.457373380661010742e-01
4.698006808757781982e-01
8.865690827369689941e-01
3.020730018615722656e+00
6.804148674011230469e+00
9.035798311233520508e-01
6.410601735115051270e-02
1.324542641639709473e+00
3.839832544326782227e-01
1.197230696678161621e+00
2.647205829620361328e+00
1.145045161247253418e+00
5.404514074325561523e-01
3.573524236679077148e+00
1.052056789398193359e+00
1.148522421717643738e-01
1.939875602722167969e+00
2.190918661653995514e-03
2.190586328506469727e-01
2.019194841384887695e+00
2.701907455921173096e-01
2.114162594079971313e-02
3.288005664944648743e-02
3.020277261734008789e+00
2.585122287273406982e-01
2.897532284259796143e-02
3.177858889102935791e-03
1.287887222133576870e-03
8.377841114997863770e-01
5.936353206634521484e-01
3.527888059616088867e-01
2.917488574981689453e+00
1.933243423700332642e-01
4.261301830410957336e-02
9.831547141075134277e-01
4.505079984664916992e-01
2.663828134536743164e-01
2.422012537717819214e-01
4.291758537292480469e-01
4.368377685546875000e+00
4.394989609718322754e-01
9.471035003662109375e-01
1.249432936310768127e-01
4.314362704753875732e-01
2.624880373477935791e-01
9.537065029144287109e-01
2.884710788726806641e+00
0.000000000000000000e+00
1.703734636306762695e+00
1.487336158752441406e-01
1.099290728569030762e+00
9.518089890480041504e-02
8.247360587120056152e-01
8.214728534221649170e-02
1.170187115669250488e+00
1.023143231868743896e-01
0.000000000000000000e+00
1.671255379915237427e-01
6.273370236158370972e-02
7.102086544036865234e-01
1.305591821670532227e+00
2.743554711341857910e-01
3.987435996532440186e-02
4.733267724514007568e-01
4.512895643711090088e-01
4.838399291038513184e-01
0.000000000000000000e+00
1.147457435727119446e-01
1.588560193777084351e-01
1.210387110710144043e+00
9.822828173637390137e-01
9.643629789352416992e-01
0.000000000000000000e+00
5.872530937194824219e-01
1.188373684883117676e+00
1.450781345367431641e+00
0.000000000000000000e+00
5.937327146530151367e-01
2.473391771316528320e+00
3.511848673224449158e-02
1.619395732879638672e+00
1.073080929927527905e-03
1.593827247619628906e+00
8.664308115839958191e-03
1.985729932785034180e-01
1.199142932891845703e-01
2.584573328495025635e-01
2.099573463201522827e-01
1.159337833523750305e-01
0.000000000000000000e+00
1.070863485336303711e+00
3.478328883647918701e-02
5.299267768859863281e-01
7.358943670988082886e-02
1.251978613436222076e-02
0.000000000000000000e+00
0.000000000000000000e+00
3.901520073413848877e-01
1.331563442945480347e-01
8.585404157638549805e-01
1.260213136672973633e+00
1.634499579668045044e-01
8.259982466697692871e-01
2.907981872558593750e-01
2.526812255382537842e-01
3.718146383762359619e-01
1.326710939407348633e+00
5.657911300659179688e-03
5.051940679550170898e-01
4.235878586769104004e-01
3.778011500835418701e-01
1.478618681430816650e-01
1.515752971172332764e-01
8.453585952520370483e-02
5.787516236305236816e-01
2.708804368972778320e+00
2.030242204666137695e+00
5.855557322502136230e-02
1.021200865507125854e-01
1.108917832374572754e+00
1.402415394783020020e+00
1.285022646188735962e-01
0.000000000000000000e+00
5.420792102813720703e-01
1.737331390380859375e+00
5.090384278446435928e-03
0.000000000000000000e+00
7.494227290153503418e-01
3.442911207675933838e-01
5.447657033801078796e-02
3.200265169143676758e-01
5.131879448890686035e-02
1.287610530853271484e-01
4.910957813262939453e+00
0.000000000000000000e+00
1.499419957399368286e-01
1.242860481142997742e-01
3.944805264472961426e-01
1.726944684982299805e+00
0.000000000000000000e+00
3.229264914989471436e-01
5.728071331977844238e-01
5.915067195892333984e-01
5.218462347984313965e-01
1.165315508842468262e+00
8.889856189489364624e-02
6.578705310821533203e+00
3.367859125137329102e-01
1.127838343381881714e-02
3.193774223327636719e-01
1.943638324737548828e+00
9.935280680656433105e-01
1.631311178207397461e-01
1.891118437051773071e-01
1.519795298576354980e+00
1.811797556001693010e-04
4.474525153636932373e-02
1.383305788040161133e+00
1.038531541824340820e+00
1.720274537801742554e-01
2.928120791912078857e-01
4.074373841285705566e-01
5.051233805716037750e-03
0.000000000000000000e+00
3.775580823421478271e-01
3.383276462554931641e+00
7.932172417640686035e-01
6.504843831062316895e-01
5.321412160992622375e-02
5.651012659072875977e-01
3.085120916366577148e-01
6.834658145904541016e+00
0.000000000000000000e+00
3.945256769657135010e-02
1.174600347876548767e-01
2.779851853847503662e-01
0.000000000000000000e+00
1.215931121259927750e-02
5.307736396789550781e-01
3.107249975204467773e+00
1.691860258579254150e-01
2.583241835236549377e-02
3.132052123546600342e-01
5.813617110252380371e-01
0.000000000000000000e+00
4.085440188646316528e-03
5.909860134124755859e-03
0.000000000000000000e+00
1.150333762168884277e+00
4.369223415851593018e-01
1.287173748016357422e+00
7.864686250686645508e-01
1.425686597824096680e+00
2.164574414491653442e-01
5.721595287322998047e-01
1.242772698402404785e+00
1.321806073188781738e+00
4.593972861766815186e-02
4.786954522132873535e-01
1.863099217414855957e+00
2.425102293491363525e-01
1.613556232769042253e-04
7.995049357414245605e-01
8.721183985471725464e-02
2.070249468088150024e-01
1.522588849067687988e+00
9.713803231716156006e-02
3.007479012012481689e-01
5.810625553131103516e-01
8.801293969154357910e-01
1.226706624031066895e+00
3.512195348739624023e-01
1.277753859758377075e-01
2.541228197515010834e-02
1.702049374580383301e+00
1.680356621742248535e+00
1.435373269487172365e-04
1.132621407508850098e+00
4.520999640226364136e-02
2.722225151956081390e-02
1.582624623551964760e-03
0.000000000000000000e+00
8.032976835966110229e-02
1.425603479146957397e-01
0.000000000000000000e+00
1.900228112936019897e-01
1.281508952379226685e-01
5.512254834175109863e-01
1.365336537361145020e+00
1.295850634574890137e+00
6.174462437629699707e-01
8.856071829795837402e-01
2.759923458099365234e+00
2.527569532394409180e-01
0.000000000000000000e+00
9.495835304260253906e-01
3.675279393792152405e-02
2.034391760826110840e-01
3.411236107349395752e-01
3.889063596725463867e+00
9.715449810028076172e-01
2.315850555896759033e-01
4.669502377510070801e-01
1.730436272919178009e-02
1.458459973335266113e+00
9.067879319190979004e-01
2.822096692398190498e-03
6.015033125877380371e-01
4.347344115376472473e-02
1.292153954505920410e+00
3.444043397903442383e-01
2.683882787823677063e-02
0.000000000000000000e+00
0.000000000000000000e+00
6.855019927024841309e-01
2.026012986898422241e-01
2.367610335350036621e-01
6.303312778472900391e-01
9.191124886274337769e-02
4.538357257843017578e-02
0.000000000000000000e+00
0.000000000000000000e+00
1.723888278007507324e+00
6.306247669272124767e-04
7.792270276695489883e-03
8.758684247732162476e-02
1.337955832481384277e+00
0.000000000000000000e+00
6.204859018325805664e-01
2.834722101688385010e-01
9.983469545841217041e-02
4.269216656684875488e-01
3.657660484313964844e-01
7.741923332214355469e-01
7.763385772705078125e-01
2.691373415291309357e-02
2.319828234612941742e-02
1.609085947275161743e-01
2.878550589084625244e-01
4.028675258159637451e-01
6.464126110076904297e-01
9.704122543334960938e-01
8.120059370994567871e-01
2.004303736612200737e-03
3.412216156721115112e-02
0.000000000000000000e+00
2.094790697097778320e+00
1.047614455223083496e+00
2.667092531919479370e-02
3.202643096446990967e-01
6.759809702634811401e-02
2.482080608606338501e-01
4.648453295230865479e-01
8.593019843101501465e-02
1.397897958755493164e+00
5.675786018371582031e+00
9.066038727760314941e-01
2.288169227540493011e-02
1.323400437831878662e-01
7.130789756774902344e-02
4.727197345346212387e-03
9.106214344501495361e-02
8.199014118872582912e-04
0.000000000000000000e+00
0.000000000000000000e+00
3.028785586357116699e-01
5.895605683326721191e-01
5.689651146531105042e-02
1.721646934747695923e-01
8.580529093742370605e-01
1.560137141495943069e-03
6.866906285285949707e-01
0.000000000000000000e+00
6.879491806030273438e-01
1.180374145507812500e+00
3.121627680957317352e-02
2.019664525985717773e+00
0.000000000000000000e+00
1.856293529272079468e-01
2.020223587751388550e-01
1.564985662698745728e-01
7.147549986839294434e-01
0.000000000000000000e+00
0.000000000000000000e+00
7.381504178047180176e-01
3.185425698757171631e-01
0.000000000000000000e+00
0.000000000000000000e+00
6.814937591552734375e-01
3.215633332729339600e-01
4.488409683108329773e-02
3.280774354934692383e-01
1.398810386657714844e+00
8.034625649452209473e-01
3.406539857387542725e-01
1.677604794502258301e+00
1.041509285569190979e-01
0.000000000000000000e+00
1.570831686258316040e-01
4.123906791210174561e-02
7.790197134017944336e-01
5.048104524612426758e-01
5.543694496154785156e-01
3.037001378834247589e-02
4.279560148715972900e-01
3.394514024257659912e-01
5.040802061557769775e-02
1.424063682556152344e+00
3.460533320903778076e-01
2.007826715707778931e-01
4.773022979497909546e-02
6.857358217239379883e-01
0.000000000000000000e+00
2.147868126630783081e-01
4.241514578461647034e-02
1.169573307037353516e+00
1.075279042124748230e-01
4.085867106914520264e-02
8.878194689750671387e-01
4.531475007534027100e-01
2.273888587951660156e+00
1.103639602661132812e+00
5.494352579116821289e-01
1.308981418609619141e+00
1.527022004127502441e+00
0.000000000000000000e+00
4.932390749454498291e-01
8.023872971534729004e-01
4.676703810691833496e-01
1.129493862390518188e-01
4.163110852241516113e-01
1.845133956521749496e-03
7.292522350326180458e-04
1.187153980135917664e-01
5.217407830059528351e-03
8.142802715301513672e-01
2.730817496776580811e-01
3.343644618988037109e+00
1.308517098426818848e+00
1.537038683891296387e-01
0.000000000000000000e+00
7.571972012519836426e-01
3.969473764300346375e-02
0.000000000000000000e+00
0.000000000000000000e+00
1.858914643526077271e-02
2.550125122070312500e-02
8.871925622224807739e-02
1.558561157435178757e-02
3.597257658839225769e-02
2.264762520790100098e-01
4.215480685234069824e-01
2.008383989334106445e+00
0.000000000000000000e+00
0.000000000000000000e+00
5.575062632560729980e-01
2.681242823600769043e-01
2.031205415725708008e+00
0.000000000000000000e+00
7.416524924337863922e-03
1.079149007797241211e+00
3.588576614856719971e-01
4.650809168815612793e-01
2.134584635496139526e-01
8.939070105552673340e-01
3.474693298339843750e-01
9.568300098180770874e-02
0.000000000000000000e+00
4.069504141807556152e-01
1.948821306228637695e+00
1.323046721518039703e-02
2.911812392994761467e-03
3.824235200881958008e+00
2.805654192343354225e-03
7.725722193717956543e-01
4.501108229160308838e-01
2.321603298187255859e-01
7.268704771995544434e-01
0.000000000000000000e+00
2.801461219787597656e+00
5.472986698150634766e-01
2.948476970195770264e-01
8.768990635871887207e-01
1.753222703933715820e+00
0.000000000000000000e+00
1.462543487548828125e+00
5.014435946941375732e-02
5.201087798923254013e-03
6.052934750914573669e-02
1.903623789548873901e-01
3.344863653182983398e-01
1.551593095064163208e-01
5.722756385803222656e-01
7.669171318411827087e-03
1.327635645866394043e-01
3.790902793407440186e-01
7.827040553092956543e-01
0.000000000000000000e+00
7.081617414951324463e-02
3.503217697143554688e-01
4.298977553844451904e-01
0.000000000000000000e+00
0.000000000000000000e+00
2.873418480157852173e-02
5.434229373931884766e-01
1.125382542610168457e+00
1.506429672241210938e+00
2.795323431491851807e-01
2.287793874740600586e+00
0.000000000000000000e+00
1.358547210693359375e+00
4.432652890682220459e-01
5.191507190465927124e-02
3.530059158802032471e-01
0.000000000000000000e+00
1.956087470054626465e+00
2.927638292312622070e+00
1.927082426846027374e-02
4.111216068267822266e+00
3.050607144832611084e-01
6.362955570220947266e-01
1.452643703669309616e-02
1.751547753810882568e-01
5.195228457450866699e-01
1.090697407722473145e+00
1.225500464439392090e+00
0.000000000000000000e+00
5.338951349258422852e-01
1.819725632667541504e-01
5.735827088356018066e-01
2.788823843002319336e+00
2.306469678878784180e-01
3.727190662175416946e-03
3.651366531848907471e-01
1.197737827897071838e-01
5.717080235481262207e-01
9.951030462980270386e-02
1.384091563522815704e-02
5.998451635241508484e-02
9.329882860183715820e-01
4.953045248985290527e-01
0.000000000000000000e+00
4.460458159446716309e-01
1.564304977655410767e-01
1.077444911003112793e+00
4.342567175626754761e-02
1.935800462961196899e-01
9.472548961639404297e-02
0.000000000000000000e+00
1.745854616165161133e-01
4.329926669597625732e-01
4.875072918366640806e-04
1.413808017969131470e-01
2.554791212081909180e+00
5.184792354702949524e-02
0.000000000000000000e+00
1.312633872032165527e+00
1.579708337783813477e+00
3.809620440006256104e-01
1.231208801269531250e+00
9.131746888160705566e-01
1.677956223487854004e+00
1.881667733192443848e+00
2.606917917728424072e-01
3.261815011501312256e-01
9.926447868347167969e-01
0.000000000000000000e+00
0.000000000000000000e+00
