1.549945771694183350e-01
0.000000000000000000e+00
1.714025139808654785e-01
2.700141668319702148e+00
9.089752435684204102e-01
2.264587581157684326e-01
8.745499849319458008e-01
2.581813097000122070e+00
7.166230201721191406e+00
1.815376043319702148e+00
1.252122819423675537e-01
1.406877279281616211e+00
5.269898772239685059e-01
1.537353634834289551e+00
2.412144422531127930e+00
1.095572829246520996e+00
6.651700735092163086e-01
2.626545429229736328e+00
7.705847620964050293e-01
8.472872525453567505e-02
1.871795296669006348e+00
0.000000000000000000e+00
6.971945166587829590e-01
2.239780664443969727e+00
8.245485275983810425e-02
1.557167433202266693e-02
9.043142199516296387e-03
2.623824596405029297e+00
5.228690505027770996e-01
2.667845971882343292e-02
1.610270589590072632e-01
1.008023414760828018e-02
9.735530614852905273e-01
9.082937240600585938e-01
1.157338619232177734e+00
3.546259641647338867e+00
2.211595773696899414e-01
6.008147075772285461e-02
2.633949816226959229e-01
2.991598546504974365e-01
4.859263300895690918e-01
2.579545080661773682e-01
1.978698819875717163e-01
4.447280883789062500e+00
4.259995222091674805e-01
9.009165167808532715e-01
1.818008720874786377e-01
9.515211582183837891e-01
1.847729086875915527e-01
1.795277714729309082e+00
3.110941886901855469e+00
0.000000000000000000e+00
2.053788661956787109e+00
2.346530407667160034e-01
1.188920736312866211e+00
1.589823961257934570e-01
4.071244597434997559e-01
1.927551478147506714e-01
2.263763427734375000e+00
2.765587568283081055e-01
1.680906265974044800e-01
1.049794815480709076e-02
1.578566245734691620e-02
1.171584129333496094e+00
2.222399234771728516e+00
7.360341548919677734e-01
1.749367825686931610e-02
4.264357984066009521e-01
1.095430731773376465e+00
3.632360100746154785e-01
0.000000000000000000e+00
1.867090165615081787e-01
1.584558635950088501e-01
1.019048810005187988e+00
8.537114858627319336e-01
1.955719113349914551e+00
1.968229189515113831e-03
1.072198867797851562e+00
7.826220393180847168e-01
1.299201130867004395e+00
1.935381069779396057e-02
9.894264340400695801e-01
2.579174995422363281e+00
8.018759079277515411e-03
1.865442991256713867e+00
1.699371486902236938e-01
1.351860165596008301e+00
1.771684153936803341e-03
4.094221591949462891e-01
2.792825102806091309e-01
6.033471599221229553e-02
0.000000000000000000e+00
1.803568564355373383e-02
1.169359870254993439e-02
8.678392767906188965e-01
4.759156405925750732e-01
8.910777568817138672e-01
6.260256767272949219e-01
3.252833485603332520e-01
2.117250580340623856e-03
1.950041577219963074e-02
1.765282601118087769e-01
4.307969659566879272e-02
1.389068365097045898e+00
1.048369526863098145e+00
1.730592846870422363e-01
1.310512542724609375e+00
7.079064249992370605e-01
7.146634906530380249e-02
6.053817868232727051e-01
1.728501439094543457e+00
8.857282251119613647e-02
7.042211294174194336e-01
6.259894967079162598e-01
7.172073125839233398e-01
2.198422700166702271e-02
3.678823411464691162e-01
3.821428492665290833e-02
9.861699342727661133e-01
2.445045948028564453e+00
1.433037281036376953e+00
6.584103703498840332e-01
0.000000000000000000e+00
1.660528063774108887e+00
8.634443879127502441e-01
6.579375863075256348e-01
0.000000000000000000e+00
3.326471149921417236e-01
1.732069969177246094e+00
1.458020210266113281e-01
2.794439904391765594e-02
1.198481678962707520e+00
2.264645546674728394e-01
0.000000000000000000e+00
3.625740408897399902e-01
0.000000000000000000e+00
1.154735335148870945e-03
4.961111545562744141e+00
0.000000000000000000e+00
1.216600537300109863e-01
2.178310453891754150e-01
2.651190459728240967e-01
1.693653106689453125e+00
1.407877542078495026e-03
1.215028166770935059e-01
2.535975575447082520e-01
1.328769683837890625e+00
6.486911177635192871e-01
1.440320968627929688e+00
1.382969617843627930e-01
6.401591300964355469e+00
4.637222588062286377e-01
1.218615248799324036e-01
2.857710421085357666e-01
2.154820203781127930e+00
1.566362261772155762e+00
3.623881340026855469e-01
3.144799470901489258e-01
2.564833402633666992e+00
4.561258256435394287e-01
1.021936237812042236e-01
1.392407417297363281e+00
7.797216176986694336e-01
9.696096181869506836e-02
5.378275513648986816e-01
7.073875069618225098e-01
0.000000000000000000e+00
0.000000000000000000e+00
1.258580327033996582e+00
3.759046316146850586e+00
2.713308334350585938e-01
6.596246957778930664e-01
2.528099529445171356e-02
8.107483983039855957e-01
5.754374265670776367e-01
7.473106861114501953e+00
3.843881713692098856e-04
6.487394124269485474e-02
3.924132287502288818e-01
6.543513387441635132e-02
0.000000000000000000e+00
1.729800552129745483e-01
7.326210737228393555e-01
3.414975881576538086e+00
4.999421536922454834e-02
4.025780037045478821e-02
1.608385145664215088e-01
4.583427906036376953e-01
0.000000000000000000e+00
0.000000000000000000e+00
0.000000000000000000e+00
0.000000000000000000e+00
8.858953714370727539e-01
4.565877318382263184e-01
1.178834199905395508e+00
1.308118820190429688e+00
1.114636063575744629e+00
1.398089677095413208e-01
4.086589217185974121e-01
4.858689904212951660e-01
1.435598850250244141e+00
2.509867548942565918e-01
4.207484126091003418e-01
1.211206436157226562e+00
5.935718417167663574e-01
5.954905413091182709e-03
8.575369119644165039e-01
4.142248257994651794e-02
1.144902631640434265e-01
1.279462456703186035e+00
6.996802985668182373e-02
3.714553713798522949e-01
8.150587677955627441e-01
6.420669555664062500e-01
6.025230288505554199e-01
6.434516906738281250e-01
1.479608118534088135e-01
2.984650135040283203e-01
1.960732221603393555e+00
1.396474838256835938e+00
0.000000000000000000e+00
4.764004945755004883e-01
4.630073010921478271e-01
9.816953539848327637e-02
2.027463912963867188e-01
0.000000000000000000e+00
1.234054565429687500e-01
2.780778706073760986e-01
7.112626731395721436e-02
3.628141880035400391e-01
7.219085097312927246e-02
2.722493708133697510e-01
2.164618968963623047e+00
2.365610599517822266e+00
5.632057189941406250e-01
1.004065871238708496e+00
2.197257518768310547e+00
4.298331439495086670e-01
2.463455498218536377e-02
8.766127228736877441e-01
1.808398067951202393e-01
9.806524962186813354e-02
4.276573285460472107e-02
3.571311473846435547e+00
6.071292161941528320e-01
1.560570478439331055e+00
5.746718049049377441e-01
1.351842284202575684e-02
1.396581172943115234e+00
6.704445481300354004e-01
1.723231375217437744e-02
3.815656602382659912e-01
1.615127734839916229e-02
1.508284211158752441e+00
1.027131676673889160e+00
5.416282266378402710e-02
7.518995553255081177e-02
0.000000000000000000e+00
1.893399804830551147e-01
2.268235012888908386e-02
1.453192234039306641e+00
6.319775581359863281e-01
4.360553622245788574e-02
5.840858444571495056e-02
0.000000000000000000e+00
8.829028159379959106e-02
1.449409127235412598e+00
0.000000000000000000e+00
4.164362698793411255e-02
1.119989249855279922e-02
1.513146758079528809e+00
5.125954747200012207e-03
5.905960798263549805e-01
4.418197870254516602e-01
1.957406550645828247e-01
4.883361756801605225e-01
2.458378076553344727e-01
1.153800368309020996e+00
1.159324645996093750e+00
1.071248129010200500e-01
6.119747459888458252e-02
6.212998628616333008e-01
2.076486945152282715e-01
5.916075706481933594e-01
4.971648156642913818e-01
1.082411527633666992e+00
1.064198970794677734e+00
1.491662561893463135e-01
5.473409295082092285e-01
7.418830413371324539e-03
1.553905010223388672e+00
1.312582850456237793e+00
4.629961680620908737e-03
1.803887039422988892e-01
1.125620231032371521e-01
3.921345174312591553e-01
4.689020812511444092e-01
1.505062431097030640e-01
1.521700739860534668e+00
5.736531257629394531e+00
3.932597935199737549e-01
2.395627945661544800e-01
3.633772730827331543e-01
8.841520547866821289e-02
1.520644058473408222e-03
1.272213310003280640e-01
2.078836085274815559e-03
1.630373671650886536e-02
0.000000000000000000e+00
5.023896694183349609e-01
7.692207694053649902e-01
0.000000000000000000e+00
5.409712437540292740e-03
1.482154607772827148e+00
9.840432554483413696e-02
1.991476267576217651e-01
0.000000000000000000e+00
3.250408470630645752e-01
1.180730104446411133e+00
8.856668323278427124e-02
2.353744268417358398e+00
0.000000000000000000e+00
2.587618231773376465e-01
3.991664946079254150e-01
9.638422168791294098e-03
1.868971139192581177e-01
3.450055420398712158e-02
0.000000000000000000e+00
7.219984531402587891e-01
7.817071080207824707e-01
0.000000000000000000e+00
0.000000000000000000e+00
8.243286609649658203e-01
5.428349971771240234e-02
2.763814851641654968e-02
2.400228232145309448e-01
1.273258328437805176e+00
7.999096065759658813e-02
9.571299552917480469e-01
1.784029603004455566e+00
2.109511196613311768e-01
0.000000000000000000e+00
2.972711026668548584e-01
6.064771115779876709e-02
5.135909914970397949e-01
9.952095150947570801e-01
8.669316023588180542e-02
5.189245566725730896e-04
7.928396463394165039e-01
5.147368833422660828e-02
1.682328134775161743e-01
1.342923641204833984e+00
5.288528203964233398e-01
3.756720945239067078e-02
3.356326743960380554e-02
3.979948461055755615e-01
0.000000000000000000e+00
8.424939960241317749e-02
0.000000000000000000e+00
7.891335487365722656e-01
5.449741706252098083e-02
0.000000000000000000e+00
8.987494111061096191e-01
7.984983921051025391e-01
1.608569264411926270e+00
7.658315896987915039e-01
3.515931367874145508e-01
2.176539897918701172e+00
2.013535976409912109e+00
0.000000000000000000e+00
3.295033574104309082e-01
1.625991582870483398e+00
1.092295408248901367e+00
1.933102011680603027e-01
1.415005683898925781e+00
2.647468645591288805e-04
4.119844734668731689e-02
3.479914739727973938e-02
2.095365524291992188e-02
8.333615660667419434e-01
7.700070738792419434e-02
3.899927854537963867e+00
1.265981197357177734e+00
3.315927088260650635e-01
0.000000000000000000e+00
4.324486255645751953e-01
8.777899295091629028e-02
0.000000000000000000e+00
7.524852640926837921e-03
7.503770291805267334e-02
1.038136035203933716e-01
6.501818448305130005e-02
0.000000000000000000e+00
9.297160804271697998e-02
2.322586625814437866e-01
7.574391961097717285e-01
1.630237579345703125e+00
1.774297058582305908e-01
1.045806217007339001e-03
1.515432476997375488e+00
1.349782794713973999e-01
1.362076520919799805e+00
0.000000000000000000e+00
3.394764363765716553e-01
8.985204696655273438e-01
4.898860454559326172e-01
1.222344160079956055e+00
4.707727134227752686e-01
1.570367217063903809e+00
8.721984624862670898e-01
2.087168395519256592e-01
1.336263865232467651e-02
8.189340829849243164e-01
2.144389867782592773e+00
1.990671455860137939e-02
0.000000000000000000e+00
4.380517482757568359e+00
1.076929047703742981e-01
5.492671728134155273e-01
8.470680117607116699e-01
3.107075095176696777e-01
7.136719226837158203e-01
0.000000000000000000e+00
2.810884475708007812e+00
7.903482913970947266e-01
9.688436985015869141e-01
1.527114868164062500e+00
2.293150901794433594e+00
6.699110846966505051e-03
1.767357349395751953e+00
6.887967884540557861e-02
1.904383301734924316e-03
1.387504041194915771e-01
3.476118901744484901e-03
3.496145009994506836e-01
1.985139995813369751e-01
8.824852108955383301e-01
0.000000000000000000e+00
4.212058186531066895e-01
2.492257654666900635e-01
1.515311360359191895e+00
0.000000000000000000e+00
2.893243134021759033e-01
7.216868400573730469e-01
6.202039718627929688e-01
3.977766260504722595e-03
0.000000000000000000e+00
0.000000000000000000e+00
2.657402455806732178e-01
1.375360131263732910e+00
3.027191758155822754e-01
8.514411747455596924e-02
1.765064477920532227e+00
0.000000000000000000e+00
1.155865430831909180e+00
4.147682487964630127e-01
2.366926372051239014e-01
2.761506140232086182e-01
0.000000000000000000e+00
1.673354387283325195e+00
2.595299243927001953e+00
1.841831356287002563e-01
3.975300550460815430e+00
9.658953547477722168e-02
7.198234200477600098e-01
1.619938574731349945e-02
5.513832345604896545e-02
2.467793077230453491e-01
1.310785651206970215e+00
1.083657264709472656e+00
0.000000000000000000e+00
4.401374161243438721e-01
6.990272402763366699e-01
3.533069491386413574e-01
2.747318744659423828e+00
4.228217303752899170e-01
5.985784344375133514e-03
4.528359174728393555e-01
6.764560937881469727e-02
8.686528205871582031e-01
5.043377727270126343e-02
3.420405834913253784e-02
5.510722985491156578e-05
1.132719635963439941e+00
7.427741885185241699e-01
2.493288554251194000e-02
1.194213330745697021e-01
3.774752467870712280e-02
2.490634441375732422e+00
3.463178500533103943e-02
2.699278295040130615e-01
1.286078095436096191e-01
4.905370622873306274e-02
3.636473417282104492e-01
7.654502987861633301e-01
1.192139387130737305e-01
3.631620407104492188e-01
2.683469772338867188e+00
6.039921641349792480e-01
0.000000000000000000e+00
3.181640803813934326e-01
9.909747242927551270e-01
4.709551930427551270e-01
5.416657924652099609e-01
1.013644456863403320e+00
2.795190334320068359e+00
2.204223871231079102e+00
7.446161508560180664e-01
2.304652482271194458e-01
1.031076550483703613e+00
0.000000000000000000e+00
5.016461014747619629e-03
