1.521951854228973389e-01
0.000000000000000000e+00
2.541891634464263916e-01
2.587268352508544922e+00
1.284833431243896484e+00
3.026202321052551270e-01
8.993443846702575684e-01
2.125488519668579102e+00
6.810152053833007812e+00
1.265404462814331055e+00
4.872157275676727295e-01
9.544271230697631836e-01
6.084195375442504883e-01
1.243857264518737793e+00
3.556707859039306641e+00
1.359584808349609375e+00
7.568790316581726074e-01
2.338980674743652344e+00
1.700091719627380371e+00
4.967981874942779541e-01
2.169061422348022461e+00
0.000000000000000000e+00
2.135412245988845825e-01
2.615008354187011719e+00
2.961201071739196777e-01
2.644543128553777933e-04
2.281678766012191772e-01
2.907022953033447266e+00
5.200747251510620117e-01
5.998520925641059875e-02
4.307063221931457520e-01
8.422216027975082397e-02
9.768611788749694824e-01
8.412247896194458008e-01
7.761159539222717285e-01
3.112346887588500977e+00
2.285878658294677734e-01
1.635745912790298462e-01
1.285847306251525879e+00
3.110904693603515625e-01
5.510315299034118652e-01
4.368725419044494629e-01
3.088294863700866699e-01
5.284924507141113281e+00
1.538743138313293457e+00
1.164107918739318848e+00
9.743290394544601440e-02
8.181377649307250977e-01
6.245485041290521622e-03
1.434921503067016602e+00
2.750722646713256836e+00
0.000000000000000000e+00
1.224228620529174805e+00
6.810427308082580566e-01
1.287248849868774414e+00
1.338812559843063354e-01
5.192106962203979492e-01
2.080363035202026367e-01
1.312386274337768555e+00
0.000000000000000000e+00
0.000000000000000000e+00
1.527083665132522583e-01
6.194625049829483032e-03
9.281771183013916016e-01
1.332284092903137207e+00
1.346905976533889771e-01
4.789287224411964417e-02
5.423337221145629883e-01
1.223460078239440918e+00
3.786629438400268555e-01
0.000000000000000000e+00
4.281211197376251221e-01
5.576811358332633972e-02
1.029276132583618164e+00
6.804761290550231934e-01
1.184674739837646484e+00
1.351468381471931934e-03
5.997253060340881348e-01
1.037122249603271484e+00
1.589374542236328125e+00
0.000000000000000000e+00
5.669184923171997070e-01
2.272395133972167969e+00
2.256839163601398468e-02
2.289656400680541992e+00
1.315671354532241821e-01
3.615610003471374512e-01
0.000000000000000000e+00
6.911268830299377441e-01
2.422058954834938049e-02
5.486513376235961914e-01
6.968896090984344482e-02
3.263702616095542908e-02
0.000000000000000000e+00
1.034957528114318848e+00
2.491254918277263641e-02
1.247001290321350098e+00
6.496741175651550293e-01
2.102480828762054443e-01
4.462166503071784973e-02
1.047052629292011261e-02
1.241175923496484756e-02
1.111604645848274231e-01
1.532676219940185547e+00
1.556965112686157227e+00
7.901482284069061279e-02
1.547964572906494141e+00
3.783126175403594971e-01
1.675072014331817627e-01
5.232604742050170898e-01
1.442023754119873047e+00
5.067387223243713379e-02
6.983762979507446289e-01
3.618331253528594971e-01
4.022680222988128662e-01
2.791432477533817291e-02
1.685872673988342285e-01
1.955317147076129913e-02
4.530840516090393066e-01
1.193762421607971191e+00
2.818070888519287109e+00
4.083428084850311279e-01
1.674181222915649414e-02
1.401676058769226074e+00
7.667586207389831543e-01
4.542233943939208984e-01
0.000000000000000000e+00
8.927428126335144043e-01
1.968083500862121582e+00
1.750631928443908691e-01
7.274167984724044800e-02
1.052538871765136719e+00
8.166862726211547852e-01
2.527674734592437744e-01
8.035290837287902832e-01
1.486664414405822754e-01
2.865082919597625732e-01
4.061151981353759766e+00
0.000000000000000000e+00
2.302878536283969879e-03
2.844222486019134521e-01
2.008524537086486816e-01
1.841353297233581543e+00
2.445250866003334522e-04
4.304690361022949219e-01
1.220245361328125000e-01
1.238735437393188477e+00
8.960893154144287109e-01
1.350189924240112305e+00
1.682769954204559326e-01
6.784096240997314453e+00
1.114358425140380859e+00
3.025919497013092041e-01
3.732019960880279541e-01
2.553713798522949219e+00
1.414960861206054688e+00
3.103622496128082275e-01
5.095281004905700684e-01
2.561747789382934570e+00
3.035098910331726074e-01
1.580187231302261353e-01
8.612211346626281738e-01
7.924820184707641602e-01
1.048392280936241150e-01
4.268664717674255371e-01
5.837620496749877930e-01
6.271135993301868439e-03
0.000000000000000000e+00
6.676971912384033203e-01
4.179402351379394531e+00
9.339162111282348633e-01
8.986499905586242676e-01
1.205348446965217590e-01
6.971552371978759766e-01
5.512205958366394043e-01
6.866938114166259766e+00
1.073043560609221458e-03
6.925774365663528442e-02
1.530636847019195557e-01
3.914806544780731201e-01
0.000000000000000000e+00
0.000000000000000000e+00
6.390608549118041992e-01
3.349494695663452148e+00
8.460477693006396294e-04
2.746864221990108490e-02
4.432448446750640869e-01
1.129366040229797363e+00
9.403548203408718109e-03
1.113672703504562378e-01
2.842574031092226505e-04
2.508470416069030762e-02
6.983866691589355469e-01
2.265894562005996704e-01
1.353628039360046387e+00
7.758464813232421875e-01
1.210806250572204590e+00
5.156021118164062500e-01
3.401906788349151611e-01
9.430909156799316406e-01
1.663090586662292480e+00
3.514167964458465576e-01
4.547295868396759033e-01
1.405136108398437500e+00
3.054533302783966064e-01
4.445313662290573120e-02
1.476124048233032227e+00
6.791360676288604736e-02
1.590168178081512451e-01
1.278178095817565918e+00
3.738544285297393799e-01
5.324920415878295898e-01
1.151473999023437500e+00
7.256454229354858398e-01
1.315900444984436035e+00
1.015188574790954590e+00
2.337441444396972656e-01
1.071702763438224792e-01
1.896021127700805664e+00
1.408924579620361328e+00
7.364276051521301270e-02
4.634916186332702637e-01
4.217152893543243408e-01
2.864691317081451416e-01
2.743588685989379883e-01
0.000000000000000000e+00
2.985840439796447754e-01
3.758783936500549316e-01
2.816813252866268158e-02
8.822051435708999634e-02
7.514535635709762573e-02
5.747331976890563965e-01
2.617062330245971680e+00
1.925631523132324219e+00
7.888123989105224609e-01
6.310719847679138184e-01
2.743624925613403320e+00
4.352933764457702637e-01
2.869193069636821747e-02
1.318535923957824707e+00
2.458456307649612427e-01
7.599226385354995728e-02
1.053705364465713501e-01
3.915141105651855469e+00
9.055954217910766602e-01
7.596677541732788086e-01
9.811273217201232910e-01
1.080504208803176880e-01
1.226061463356018066e+00
4.013267755508422852e-01
3.849132731556892395e-02
8.142923712730407715e-01
1.805348694324493408e-01
1.625513195991516113e+00
1.513667821884155273e+00
9.266473352909088135e-02
1.276484727859497070e-01
0.000000000000000000e+00
7.861398160457611084e-02
2.184887975454330444e-02
1.542420983314514160e+00
5.943136811256408691e-01
6.326552480459213257e-02
1.523668766021728516e-01
0.000000000000000000e+00
7.742183655500411987e-02
2.189706087112426758e+00
7.227271795272827148e-02
7.863759249448776245e-02
0.000000000000000000e+00
1.725003242492675781e+00
0.000000000000000000e+00
8.893468379974365234e-01
1.506557762622833252e-01
6.725563853979110718e-02
1.320680499076843262e+00
6.344600766897201538e-02
7.437216043472290039e-01
1.048726439476013184e+00
3.687435686588287354e-01
4.193048179149627686e-02
4.249057173728942871e-01
5.269282460212707520e-01
3.077365458011627197e-01
8.703099489212036133e-01
1.179975271224975586e+00
1.142580747604370117e+00
2.629120275378227234e-02
3.534146547317504883e-01
5.156185105443000793e-02
1.901017189025878906e+00
1.283392190933227539e+00
2.896396256983280182e-02
7.795298844575881958e-02
1.365941315889358521e-01
5.187180638313293457e-01
7.914905548095703125e-01
2.167579382658004761e-01
1.477287769317626953e+00
5.109306812286376953e+00
7.368662953376770020e-01
1.363570392131805420e-01
4.020878970623016357e-01
8.924955129623413086e-02
7.365196198225021362e-02
3.455345034599304199e-01
0.000000000000000000e+00
0.000000000000000000e+00
1.346371024847030640e-01
4.606100618839263916e-01
1.278801679611206055e+00
0.000000000000000000e+00
4.089724272489547729e-02
1.302383899688720703e+00
1.693742275238037109e-01
9.920819401741027832e-01
0.000000000000000000e+00
2.746000885963439941e-01
1.017873048782348633e+00
6.816012412309646606e-02
2.692836046218872070e+00
0.000000000000000000e+00
6.982899904251098633e-01
1.706498414278030396e-01
1.684057526290416718e-02
6.098473668098449707e-01
3.921109437942504883e-02
0.000000000000000000e+00
7.328450679779052734e-01
5.072427988052368164e-01
1.299720630049705505e-02
0.000000000000000000e+00
1.480984091758728027e+00
2.818722128868103027e-01
1.879956722259521484e-01
1.224017143249511719e-01
1.167176485061645508e+00
2.346375882625579834e-01
1.200699090957641602e+00
1.985250353813171387e+00
8.693154156208038330e-02
2.844691742211580276e-03
2.409647405147552490e-02
2.728625237941741943e-01
7.658925056457519531e-01
1.037535190582275391e+00
6.555337309837341309e-01
1.014714315533638000e-01
8.001350760459899902e-01
5.919694900512695312e-01
1.642751097679138184e-01
1.158019781112670898e+00
8.198741674423217773e-01
8.275945484638214111e-02
4.593960046768188477e-01
9.191361665725708008e-01
0.000000000000000000e+00
2.489270567893981934e-01
4.214609973132610321e-03
8.634987473487854004e-01
1.388669610023498535e-01
1.069157868623733521e-01
4.440506398677825928e-01
8.772092461585998535e-01
2.766099452972412109e+00
6.505554318428039551e-01
4.276163876056671143e-01
2.019609451293945312e+00
2.756016254425048828e+00
0.000000000000000000e+00
1.009916067123413086e+00
1.645241856575012207e+00
1.603618025779724121e+00
2.154603451490402222e-01
1.166066646575927734e+00
2.072164602577686310e-02
1.775603294372558594e-01
4.231746867299079895e-02
4.349962808191776276e-03
2.219601422548294067e-01
9.738589078187942505e-02
3.239217519760131836e+00
8.794072866439819336e-01
5.756582021713256836e-01
0.000000000000000000e+00
5.361991524696350098e-01
2.358774654567241669e-02
0.000000000000000000e+00
0.000000000000000000e+00
9.199012070894241333e-02
1.801444888114929199e-01
0.000000000000000000e+00
3.997184336185455322e-02
2.974285781383514404e-01
4.795370250940322876e-02
2.903861999511718750e-01
2.224329948425292969e+00
1.303014010190963745e-01
1.233598738908767700e-01
9.081155061721801758e-01
5.722813606262207031e-01
1.783967614173889160e+00
0.000000000000000000e+00
2.274003066122531891e-02
1.267204880714416504e+00
4.787066578865051270e-01
1.263559460639953613e+00
1.938301324844360352e-01
1.636378049850463867e+00
8.807086348533630371e-01
3.928089439868927002e-01
0.000000000000000000e+00
1.844216734170913696e-01
2.136400461196899414e+00
3.134963661432266235e-02
1.683171540498733521e-01
4.232175827026367188e+00
3.424629196524620056e-02
9.015186429023742676e-01
4.357186853885650635e-01
2.851366400718688965e-01
7.767579555511474609e-01
0.000000000000000000e+00
2.618065595626831055e+00
1.022940635681152344e+00
2.593100965023040771e-01
9.287099838256835938e-01
1.764050841331481934e+00
0.000000000000000000e+00
1.698531389236450195e+00
2.416091859340667725e-01
7.441200315952301025e-02
2.174549400806427002e-01
5.226854607462882996e-02
5.930562615394592285e-01
2.058556228876113892e-01
7.706553936004638672e-01
7.843930274248123169e-02
7.353074550628662109e-01
4.188809096813201904e-01
1.806317090988159180e+00
0.000000000000000000e+00
2.756376266479492188e-01
5.587303042411804199e-01
3.502742946147918701e-01
3.122832998633384705e-02
2.597143314778804779e-02
1.603566855192184448e-02
8.513674736022949219e-01
1.111458539962768555e+00
8.795865178108215332e-01
8.276937156915664673e-02
2.255083560943603516e+00
0.000000000000000000e+00
1.350746393203735352e+00
8.082779645919799805e-01
2.991354763507843018e-01
2.729558944702148438e-01
0.000000000000000000e+00
2.517210721969604492e+00
1.930264830589294434e+00
1.084784492850303650e-01
4.508834838867187500e+00
8.016785234212875366e-02
9.818215966224670410e-01
2.736442983150482178e-01
1.655749417841434479e-02
2.533066868782043457e-01
1.755445122718811035e+00
1.247269153594970703e+00
0.000000000000000000e+00
1.190635859966278076e-01
4.001080095767974854e-01
7.239060401916503906e-01
4.086003303527832031e+00
6.501585245132446289e-01
0.000000000000000000e+00
2.464128732681274414e-01
1.290216445922851562e-01
1.548183441162109375e+00
2.003518342971801758e-01
2.977133691310882568e-01
1.128111500293016434e-02
1.160680770874023438e+00
1.046120285987854004e+00
6.323634646832942963e-03
2.997761964797973633e-01
4.830529168248176575e-02
1.669451594352722168e+00
7.878884673118591309e-02
1.527324765920639038e-01
2.731361389160156250e-01
0.000000000000000000e+00
7.816418260335922241e-02
5.984668731689453125e-01
9.104289859533309937e-02
2.548699975013732910e-01
3.438015222549438477e+00
1.157092452049255371e-01
1.380248344503343105e-03
1.045214772224426270e+00
1.160472512245178223e+00
7.269572019577026367e-01
1.211026906967163086e+00
1.262456774711608887e+00
2.456696987152099609e+00
2.127679824829101562e+00
8.019925951957702637e-01
2.500329911708831787e-01
4.249018728733062744e-01
0.000000000000000000e+00
1.128663197159767151e-01
