6.139384508132934570e-01
0.000000000000000000e+00
2.861604653298854828e-02
2.808925628662109375e+00
8.881660103797912598e-01
1.761505752801895142e-01
9.844738245010375977e-01
3.920725107192993164e+00
7.238825321197509766e+00
1.818512558937072754e+00
6.979738175868988037e-02
1.109208226203918457e+00
4.098798334598541260e-01
1.106942057609558105e+00
2.564667224884033203e+00
9.582653045654296875e-01
1.057657599449157715e+00
2.173381328582763672e+00
1.761815905570983887e+00
0.000000000000000000e+00
1.982892036437988281e+00
0.000000000000000000e+00
3.852834105491638184e-01
2.771867990493774414e+00
1.853429339826107025e-02
3.191842930391430855e-03
9.091594815254211426e-02
2.734268188476562500e+00
1.535704284906387329e-01
1.199776772409677505e-02
3.113068640232086182e-01
5.440146476030349731e-02
8.714188337326049805e-01
7.739678025245666504e-01
6.204324960708618164e-01
3.414544582366943359e+00
1.419859230518341064e-01
5.911842361092567444e-02
6.618968248367309570e-01
7.801714539527893066e-01
3.788329064846038818e-01
9.570666588842868805e-03
7.257492840290069580e-02
4.540367603302001953e+00
7.771317958831787109e-01
7.740306258201599121e-01
1.270943433046340942e-01
1.170317173004150391e+00
1.555987894535064697e-01
1.384485960006713867e+00
2.821166992187500000e+00
1.690504886209964752e-02
2.434724807739257812e+00
5.510731935501098633e-01
4.431510269641876221e-01
0.000000000000000000e+00
8.260428905487060547e-03
5.620268732309341431e-02
1.797535419464111328e+00
2.121989130973815918e-01
2.893307711929082870e-03
8.898202329874038696e-02
7.161603868007659912e-02
1.408759236335754395e+00
1.559404015541076660e+00
3.983727991580963135e-01
5.555012822151184082e-02
4.292192161083221436e-01
1.167632460594177246e+00
3.348010778427124023e-01
0.000000000000000000e+00
2.430915534496307373e-01
8.081704378128051758e-02
8.741911053657531738e-01
3.527536988258361816e-01
1.467171669006347656e+00
0.000000000000000000e+00
8.112216591835021973e-01
3.984651565551757812e-01
1.533667087554931641e+00
6.995334476232528687e-02
4.686495363712310791e-01
2.204471111297607422e+00
8.363869972527027130e-03
2.635418891906738281e+00
1.325141042470932007e-01
8.738559484481811523e-01
0.000000000000000000e+00
5.375325083732604980e-01
1.455705962143838406e-03
5.053156241774559021e-02
1.628939248621463776e-02
1.736129820346832275e-02
0.000000000000000000e+00
1.190617322921752930e+00
2.892068624496459961e-01
9.777112007141113281e-01
5.119575262069702148e-01
8.141430094838142395e-03
0.000000000000000000e+00
0.000000000000000000e+00
1.249076053500175476e-01
8.977536857128143311e-02
9.244235157966613770e-01
1.598789930343627930e+00
1.258318573236465454e-01
1.553020477294921875e+00
6.489549875259399414e-01
6.444749422371387482e-03
5.719380974769592285e-01
1.974983334541320801e+00
9.429278224706649780e-02
8.184890747070312500e-01
2.319290786981582642e-01
8.351036310195922852e-01
1.007328778505325317e-01
1.913308352231979370e-01
2.630535960197448730e-01
3.793369829654693604e-01
1.724925994873046875e+00
1.782308936119079590e+00
7.994868755340576172e-01
1.243873685598373413e-01
9.477806091308593750e-01
4.865795373916625977e-01
3.042319416999816895e-01
0.000000000000000000e+00
1.436213612556457520e+00
2.280211448669433594e+00
3.830298483371734619e-01
0.000000000000000000e+00
9.623350501060485840e-01
6.359576582908630371e-01
1.075476466212421656e-04
3.818790316581726074e-01
1.603850275278091431e-01
5.858682096004486084e-02
4.678963661193847656e+00
0.000000000000000000e+00
5.720875691622495651e-03
2.480238229036331177e-01
7.271169424057006836e-01
1.098134517669677734e+00
9.981718845665454865e-03
1.920196712017059326e-01
1.001731872558593750e+00
8.443194031715393066e-01
3.046601116657257080e-01
2.031164407730102539e+00
7.552993297576904297e-02
6.711730957031250000e+00
4.894678592681884766e-01
1.251917034387588501e-01
4.192134141921997070e-01
1.563940882682800293e+00
2.075909852981567383e+00
1.975386291742324829e-01
2.923271059989929199e-01
2.985301733016967773e+00
1.804600507020950317e-01
4.342830479145050049e-01
7.837026119232177734e-01
3.354217410087585449e-01
2.755506336688995361e-02
1.664166897535324097e-01
5.715785026550292969e-01
0.000000000000000000e+00
0.000000000000000000e+00
5.466270446777343750e-01
3.190134763717651367e+00
3.893437981605529785e-01
9.893503785133361816e-01
1.217281520366668701e-01
6.854445934295654297e-01
6.106824874877929688e-01
7.095548629760742188e+00
1.136970613151788712e-02
2.100298702716827393e-01
1.587109863758087158e-01
2.299266457557678223e-01
0.000000000000000000e+00
3.839981975033879280e-03
1.032279431819915771e-01
3.582121133804321289e+00
2.739191651344299316e-01
5.619731917977333069e-02
4.502244889736175537e-01
5.530536174774169922e-01
0.000000000000000000e+00
0.000000000000000000e+00
0.000000000000000000e+00
2.076536789536476135e-02
6.009359359741210938e-01
6.957583129405975342e-02
1.674307346343994141e+00
1.040068745613098145e+00
1.077321648597717285e+00
1.835074424743652344e-01
1.975071281194686890e-01
9.534599184989929199e-01
1.478502511978149414e+00
2.065211087465286255e-01
7.039130926132202148e-01
9.011116027832031250e-01
6.438409537076950073e-02
5.528192967176437378e-02
1.910877108573913574e+00
1.527855098247528076e-01
8.671952784061431885e-02
1.599325060844421387e+00
4.315891489386558533e-02
8.347447961568832397e-02
2.227526605129241943e-01
8.907538056373596191e-01
5.454724431037902832e-01
9.421285390853881836e-01
1.546481102705001831e-01
6.753895431756973267e-02
2.115742444992065430e+00
1.254904031753540039e+00
9.269634261727333069e-03
3.427799940109252930e-01
2.973029911518096924e-01
1.911581866443157196e-02
1.262212246656417847e-01
0.000000000000000000e+00
1.182072516530752182e-02
4.222803711891174316e-01
2.237732708454132080e-02
6.365768313407897949e-01
2.659037522971630096e-02
6.850015372037887573e-02
2.349858045578002930e+00
2.200469255447387695e+00
2.769236564636230469e-01
1.242797255516052246e+00
2.972137928009033203e+00
7.426826357841491699e-01
3.525518253445625305e-02
1.147167563438415527e+00
1.343649774789810181e-01
8.067901432514190674e-02
4.427293837070465088e-01
2.879590272903442383e+00
1.172565817832946777e+00
6.371620297431945801e-01
1.313316464424133301e+00
0.000000000000000000e+00
1.900984406471252441e+00
1.197379469871520996e+00
3.840513899922370911e-02
8.133797049522399902e-01
2.394014447927474976e-01
9.922819137573242188e-01
1.547121644020080566e+00
4.469204694032669067e-02
5.088327080011367798e-02
0.000000000000000000e+00
9.969273954629898071e-02
5.441757440567016602e-01
1.530418515205383301e+00
5.609068274497985840e-01
3.825337067246437073e-02
1.005705595016479492e-01
0.000000000000000000e+00
1.434646695852279663e-01
2.622174501419067383e+00
6.550691556185483932e-03
6.951777637004852295e-02
1.809394806623458862e-01
1.812696456909179688e+00
0.000000000000000000e+00
5.872997045516967773e-01
4.448386132717132568e-01
4.623011127114295959e-02
5.092955231666564941e-01
2.263973802328109741e-01
1.875563502311706543e+00
1.276088476181030273e+00
1.795687675476074219e-01
4.086316749453544617e-02
4.476980865001678467e-01
5.303940773010253906e-01
2.717577815055847168e-01
8.469446897506713867e-01
1.144897103309631348e+00
1.210238337516784668e+00
1.977554559707641602e-01
2.003836482763290405e-01
1.886444981209933758e-03
1.865326166152954102e+00
9.723196029663085938e-01
1.394159346818923950e-01
1.504947692155838013e-01
4.307747632265090942e-02
5.028188228607177734e-01
2.811175584793090820e-01
3.143459260463714600e-01
1.348513484001159668e+00
5.411379337310791016e+00
8.150054812431335449e-01
6.330625712871551514e-02
9.387827515602111816e-01
2.076354920864105225e-01
9.367004036903381348e-03
4.616390466690063477e-01
1.276793540455400944e-03
0.000000000000000000e+00
1.159754954278469086e-02
1.627793014049530029e-01
9.331414699554443359e-01
6.273284088820219040e-03
5.484109371900558472e-02
9.397909641265869141e-01
2.390826120972633362e-02
4.476253390312194824e-01
0.000000000000000000e+00
2.440835684537887573e-01
8.806396126747131348e-01
1.668812483549118042e-01
2.219834804534912109e+00
2.232360467314720154e-02
3.603563010692596436e-01
2.005221247673034668e-01
1.323630474507808685e-02
9.777423739433288574e-02
1.225029584020376205e-02
0.000000000000000000e+00
6.645155549049377441e-01
1.150244355201721191e+00
0.000000000000000000e+00
0.000000000000000000e+00
1.087290048599243164e+00
5.359526351094245911e-02
1.331502795219421387e-01
1.543048471212387085e-01
9.373354315757751465e-01
3.104884922504425049e-01
5.525056123733520508e-01
1.509057402610778809e+00
5.378885567188262939e-02
6.467773765325546265e-02
4.214033856987953186e-02
3.160241991281509399e-02
7.342230081558227539e-01
1.243148565292358398e+00
3.000623583793640137e-01
1.480208337306976318e-01
6.590915322303771973e-01
3.688694536685943604e-01
1.598002463579177856e-01
9.914727807044982910e-01
4.866395592689514160e-01
1.383560243993997574e-02
1.444888412952423096e-01
5.566113591194152832e-01
0.000000000000000000e+00
2.498366236686706543e-01
2.360617741942405701e-03
8.935717344284057617e-01
6.343594193458557129e-02
1.366958394646644592e-02
5.313390493392944336e-01
4.823319613933563232e-01
1.608890295028686523e+00
1.364852070808410645e+00
6.765007376670837402e-01
1.796533226966857910e+00
2.376609802246093750e+00
0.000000000000000000e+00
3.876532912254333496e-01
1.625176072120666504e+00
6.692454814910888672e-01
3.772010207176208496e-01
9.466406106948852539e-01
1.518253888934850693e-02
1.596455462276935577e-02
1.201141551136970520e-01
6.768763996660709381e-03
7.732176184654235840e-01
5.177965760231018066e-01
3.657291173934936523e+00
1.653746485710144043e+00
2.422306686639785767e-01
0.000000000000000000e+00
1.166086316108703613e+00
1.618142053484916687e-02
0.000000000000000000e+00
3.794564167037606239e-03
4.382421262562274933e-03
7.534161955118179321e-02
2.628873884677886963e-01
3.934643790125846863e-02
1.777014732360839844e-01
1.820614486932754517e-01
7.537226676940917969e-01
2.517130851745605469e+00
1.084854751825332642e-01
1.054579243063926697e-01
1.050530552864074707e+00
2.895775437355041504e-01
1.335506200790405273e+00
0.000000000000000000e+00
1.543915718793869019e-01
1.317574977874755859e+00
4.451722800731658936e-01
1.595608949661254883e+00
4.689825698733329773e-02
9.404752254486083984e-01
4.878279268741607666e-01
2.080387473106384277e-01
0.000000000000000000e+00
5.838392376899719238e-01
2.094855070114135742e+00
0.000000000000000000e+00
1.378266215324401855e-01
4.257516384124755859e+00
5.414891988039016724e-03
8.332287073135375977e-01
4.530984461307525635e-01
2.074698060750961304e-01
8.877841830253601074e-01
0.000000000000000000e+00
2.515267372131347656e+00
4.882714450359344482e-01
2.494028359651565552e-01
1.354766488075256348e+00
2.827957630157470703e+00
0.000000000000000000e+00
2.059267997741699219e+00
0.000000000000000000e+00
8.453720062971115112e-02
1.982330381870269775e-01
2.078379690647125244e-02
5.331243872642517090e-01
8.910129219293594360e-02
3.005256056785583496e-01
3.114243270829319954e-03
4.692653715610504150e-01
6.445825695991516113e-01
1.632796525955200195e+00
1.954346196725964546e-03
5.578161031007766724e-02
4.587717950344085693e-01
7.509393095970153809e-01
7.661007344722747803e-02
0.000000000000000000e+00
8.539807051420211792e-03
4.640431106090545654e-01
1.067806482315063477e+00
7.279536724090576172e-01
2.140117585659027100e-01
2.709545850753784180e+00
0.000000000000000000e+00
1.006025910377502441e+00
6.560736298561096191e-01
4.452128410339355469e-01
1.221267357468605042e-01
0.000000000000000000e+00
1.476186633110046387e+00
2.563671112060546875e+00
7.604309916496276855e-02
3.980544567108154297e+00
4.089908208698034286e-03
3.948889970779418945e-01
1.350527107715606689e-01
1.326275765895843506e-01
4.365228414535522461e-01
1.194804787635803223e+00
5.440973639488220215e-01
2.258723042905330658e-02
3.794970512390136719e-01
7.378786802291870117e-01
9.172146916389465332e-01
3.767717361450195312e+00
7.711067795753479004e-01
0.000000000000000000e+00
2.615739107131958008e-01
5.591907352209091187e-02
1.454539537429809570e+00
1.029692739248275757e-01
2.205017767846584320e-02
3.720536082983016968e-02
1.124913930892944336e+00
1.011372804641723633e+00
0.000000000000000000e+00
3.490164577960968018e-01
3.117903172969818115e-01
2.120948791503906250e+00
9.561461955308914185e-02
7.782951742410659790e-02
1.257031410932540894e-01
6.977778673171997070e-02
5.913165211677551270e-01
5.884670019149780273e-01
1.036011725664138794e-01
9.449211508035659790e-02
3.125157594680786133e+00
2.388265579938888550e-01
0.000000000000000000e+00
8.015108704566955566e-01
1.108366012573242188e+00
7.525318264961242676e-01
1.244104981422424316e+00
1.962153196334838867e+00
2.641511917114257812e+00
1.812362909317016602e+00
6.002379059791564941e-01
8.516961336135864258e-02
9.201607108116149902e-01
1.487342175096273422e-03
9.379459545016288757e-03
