6.291037052869796753e-02
0.000000000000000000e+00
1.523976176977157593e-01
2.363101482391357422e+00
7.789974212646484375e-01
2.413688898086547852e-01
7.316116094589233398e-01
2.393819332122802734e+00
6.941656589508056641e+00
1.502198576927185059e+00
3.011960089206695557e-01
1.415624141693115234e+00
5.840318202972412109e-01
1.699025630950927734e+00
3.347530126571655273e+00
1.619688391685485840e+00
8.069552183151245117e-01
2.042030334472656250e+00
1.172113895416259766e+00
2.167490124702453613e-01
2.394305467605590820e+00
1.060133334249258041e-02
5.619018077850341797e-01
3.051360607147216797e+00
3.094874918460845947e-01
8.068740367889404297e-03
6.728018075227737427e-02
2.362029552459716797e+00
4.988314509391784668e-01
2.203097753226757050e-02
3.299499750137329102e-01
9.211608022451400757e-02
1.187491059303283691e+00
4.890808463096618652e-01
1.429338693618774414e+00
3.769456863403320312e+00
2.803361713886260986e-01
3.797749802470207214e-02
8.322207331657409668e-01
7.846962809562683105e-01
1.961700171232223511e-01
4.443106949329376221e-01
2.563138902187347412e-01
4.810701847076416016e+00
7.213939428329467773e-01
1.230984449386596680e+00
1.244790554046630859e-01
1.070845484733581543e+00
6.192055717110633850e-02
1.477795004844665527e+00
3.127014398574829102e+00
0.000000000000000000e+00
1.608901977539062500e+00
1.440967470407485962e-01
8.795972466468811035e-01
9.321120381355285645e-02
5.832305550575256348e-01
7.331608235836029053e-02
1.766273975372314453e+00
1.729071885347366333e-01
5.207095667719841003e-02
8.674958348274230957e-02
0.000000000000000000e+00
1.254480481147766113e+00
2.042989969253540039e+00
6.211717724800109863e-01
4.645420983433723450e-02
8.243718147277832031e-01
1.359095335006713867e+00
8.770148158073425293e-01
0.000000000000000000e+00
6.007639169692993164e-01
8.198852837085723877e-02
1.037086844444274902e+00
2.279642969369888306e-01
1.661025285720825195e+00
0.000000000000000000e+00
7.431059479713439941e-01
6.732755303382873535e-01
1.069709658622741699e+00
0.000000000000000000e+00
8.029831647872924805e-01
2.234462261199951172e+00
4.613316804170608521e-02
1.866617321968078613e+00
1.367170512676239014e-01
1.126726031303405762e+00
4.006760194897651672e-02
9.874964952468872070e-01
4.193723946809768677e-02
1.262988448143005371e-01
2.413285821676254272e-01
3.461923822760581970e-02
0.000000000000000000e+00
9.496611356735229492e-01
2.037410885095596313e-01
1.093621015548706055e+00
4.413682520389556885e-01
2.028537392616271973e-01
3.340314375236630440e-03
2.130858629243448377e-04
1.877553462982177734e-01
5.674756318330764771e-02
1.661198377609252930e+00
1.584892988204956055e+00
3.080580197274684906e-02
9.866197109222412109e-01
5.791071653366088867e-01
1.683727949857711792e-01
5.966413021087646484e-01
1.707520723342895508e+00
1.151561886072158813e-01
1.123843312263488770e+00
3.738313019275665283e-01
7.338091135025024414e-01
4.201337322592735291e-02
2.510329484939575195e-01
4.297104105353355408e-02
4.559062123298645020e-01
2.226387023925781250e+00
1.725411772727966309e+00
6.317164897918701172e-01
8.119048178195953369e-02
1.256057977676391602e+00
6.227827072143554688e-01
2.075535506010055542e-01
0.000000000000000000e+00
3.991183638572692871e-01
1.609861969947814941e+00
1.613832116127014160e-01
0.000000000000000000e+00
8.794558644294738770e-01
9.376561641693115234e-01
6.421327590942382812e-02
5.570698380470275879e-01
0.000000000000000000e+00
1.288660336285829544e-02
4.692707061767578125e+00
0.000000000000000000e+00
1.457028556615114212e-02
1.298775374889373779e-01
3.126945793628692627e-01
2.149978876113891602e+00
1.024784706532955170e-02
2.408306747674942017e-01
3.910074234008789062e-01
1.036032438278198242e+00
3.504768610000610352e-01
1.891678094863891602e+00
2.280292101204395294e-02
6.677838802337646484e+00
6.286119818687438965e-01
2.519975006580352783e-01
2.119598537683486938e-01
2.189280509948730469e+00
1.394353985786437988e+00
2.134490609169006348e-01
3.576475679874420166e-01
2.654283761978149414e+00
2.411495596170425415e-01
1.126804053783416748e-01
9.780653119087219238e-01
1.297048091888427734e+00
5.301531404256820679e-02
4.735805690288543701e-01
6.469319462776184082e-01
0.000000000000000000e+00
0.000000000000000000e+00
1.124349594116210938e+00
3.715010643005371094e+00
7.130727767944335938e-01
5.512685179710388184e-01
2.955279648303985596e-01
8.979355096817016602e-01
7.333735227584838867e-01
7.569368839263916016e+00
0.000000000000000000e+00
4.587328061461448669e-02
1.614207923412322998e-01
2.112508118152618408e-01
0.000000000000000000e+00
0.000000000000000000e+00
2.224024683237075806e-01
3.625862121582031250e+00
1.194960903376340866e-02
0.000000000000000000e+00
3.652776777744293213e-01
5.316618084907531738e-01
0.000000000000000000e+00
2.077680639922618866e-02
0.000000000000000000e+00
2.867756187915802002e-01
8.944867253303527832e-01
5.655753612518310547e-01
1.171622276306152344e+00
8.610649108886718750e-01
1.266015052795410156e+00
4.043968021869659424e-01
9.466286301612854004e-01
6.507700085639953613e-01
1.686146974563598633e+00
4.006670713424682617e-01
4.965665936470031738e-01
8.603010773658752441e-01
4.695967733860015869e-01
1.301345508545637131e-02
1.230974912643432617e+00
4.601035267114639282e-02
2.100942283868789673e-01
1.015556335449218750e+00
1.337286531925201416e-01
1.669237166643142700e-01
1.035619378089904785e+00
8.739542961120605469e-01
8.440324068069458008e-01
9.676240086555480957e-01
2.792825102806091309e-01
2.046849727630615234e-01
1.958806037902832031e+00
9.523882865905761719e-01
1.755522489547729492e-01
6.872735023498535156e-01
6.182318925857543945e-01
9.049477428197860718e-02
2.183294445276260376e-01
0.000000000000000000e+00
1.110992133617401123e-01
5.234725475311279297e-01
6.578856706619262695e-02
3.819212615489959717e-01
6.133072078227996826e-02
5.498260259628295898e-01
2.239067077636718750e+00
2.729543924331665039e+00
3.629226684570312500e-01
8.069643378257751465e-01
2.403542995452880859e+00
4.832995533943176270e-01
1.043496560305356979e-02
1.077205061912536621e+00
2.212022244930267334e-01
6.484149396419525146e-02
1.665915250778198242e-01
4.180705547332763672e+00
9.287422299385070801e-01
9.906204938888549805e-01
9.169261455535888672e-01
6.488110520876944065e-04
1.356375217437744141e+00
7.844500541687011719e-01
2.910165116190910339e-03
7.311739325523376465e-01
2.073457986116409302e-01
1.520699262619018555e+00
9.431452751159667969e-01
3.760961443185806274e-02
1.110354997217655182e-02
0.000000000000000000e+00
1.665420681238174438e-01
1.008212193846702576e-02
1.256660580635070801e+00
3.823000788688659668e-01
4.655455239117145538e-03
1.431083120405673981e-02
0.000000000000000000e+00
5.703752860426902771e-02
2.135017156600952148e+00
2.471832484006881714e-01
7.623661309480667114e-03
1.178896874189376831e-01
1.567129254341125488e+00
5.202744621783494949e-03
7.743287086486816406e-01
9.150382131338119507e-02
2.671165168285369873e-01
4.465904831886291504e-01
1.278334110975265503e-01
1.134044408798217773e+00
1.531368494033813477e+00
7.565739750862121582e-02
1.886271983385086060e-01
3.741048872470855713e-01
3.492046892642974854e-01
5.714678764343261719e-01
6.799898743629455566e-01
1.096419692039489746e+00
8.047077059745788574e-01
2.958129942417144775e-01
2.605804800987243652e-01
0.000000000000000000e+00
1.619862079620361328e+00
1.465964674949645996e+00
2.454719692468643188e-02
6.806278973817825317e-02
1.286627650260925293e-01
4.799128770828247070e-01
6.002697944641113281e-01
1.556866616010665894e-01
1.179101824760437012e+00
5.774940013885498047e+00
5.971345305442810059e-01
8.344325423240661621e-02
9.313382953405380249e-02
1.108859758824110031e-02
1.243055704981088638e-02
1.611772477626800537e-01
1.129493303596973419e-02
0.000000000000000000e+00
5.426329094916582108e-03
2.003095597028732300e-01
7.946823835372924805e-01
0.000000000000000000e+00
7.812505587935447693e-03
1.106158614158630371e+00
2.279103249311447144e-01
2.620856165885925293e-01
0.000000000000000000e+00
7.578693032264709473e-01
9.971064329147338867e-01
2.899449467658996582e-01
2.355857849121093750e+00
0.000000000000000000e+00
3.986019194126129150e-01
4.187124073505401611e-01
1.045182645320892334e-01
4.069023132324218750e-01
8.036058396100997925e-02
0.000000000000000000e+00
8.483598232269287109e-01
7.071254253387451172e-01
0.000000000000000000e+00
0.000000000000000000e+00
1.061718463897705078e+00
6.029430404305458069e-02
7.746661454439163208e-02
2.431311309337615967e-01
1.593586802482604980e+00
1.095523312687873840e-01
1.266258120536804199e+00
1.515610337257385254e+00
5.740606188774108887e-01
7.597060874104499817e-03
0.000000000000000000e+00
5.327959731221199036e-02
6.451784372329711914e-01
1.136139035224914551e+00
4.338375627994537354e-01
0.000000000000000000e+00
5.934679508209228516e-01
3.924474120140075684e-01
6.269500404596328735e-02
1.274283647537231445e+00
2.823425829410552979e-01
2.785767801105976105e-02
2.855061888694763184e-01
7.218883037567138672e-01
0.000000000000000000e+00
3.174429535865783691e-01
2.450765110552310944e-03
7.782410979270935059e-01
5.176132917404174805e-01
0.000000000000000000e+00
8.743368387222290039e-01
8.393294215202331543e-01
1.414648652076721191e+00
8.787086606025695801e-01
6.009410023689270020e-01
1.738289952278137207e+00
2.651666641235351562e+00
0.000000000000000000e+00
8.049831390380859375e-01
1.345259070396423340e+00
1.056010842323303223e+00
3.127240836620330811e-01
1.703264832496643066e+00
3.475187113508582115e-04
8.507625013589859009e-02
2.820205176249146461e-03
3.020172193646430969e-02
8.270623683929443359e-01
1.952802985906600952e-01
3.911705970764160156e+00
1.121058225631713867e+00
5.127340555191040039e-01
0.000000000000000000e+00
4.222211837768554688e-01
9.352404624223709106e-02
0.000000000000000000e+00
0.000000000000000000e+00
3.304914385080337524e-02
3.434980809688568115e-01
3.565216064453125000e-02
0.000000000000000000e+00
5.706129595637321472e-02
2.773631215095520020e-01
1.004110693931579590e+00
1.807855486869812012e+00
4.045114666223526001e-02
3.316953033208847046e-02
1.482495665550231934e+00
1.388578116893768311e-01
1.322986245155334473e+00
0.000000000000000000e+00
1.230546161532402039e-01
1.480476498603820801e+00
3.710911273956298828e-01
1.161588430404663086e+00
3.618429601192474365e-01
1.629285812377929688e+00
9.721060395240783691e-01
1.780380308628082275e-01
3.107144264504313469e-03
3.659052848815917969e-01
2.572406768798828125e+00
1.157158147543668747e-02
7.168007642030715942e-02
4.354351997375488281e+00
3.425397723913192749e-02
7.969321012496948242e-01
6.550742983818054199e-01
0.000000000000000000e+00
7.258406281471252441e-01
0.000000000000000000e+00
2.960163831710815430e+00
6.347933411598205566e-01
7.232666611671447754e-01
9.189703464508056641e-01
2.548212528228759766e+00
0.000000000000000000e+00
1.236122846603393555e+00
1.284591853618621826e-02
5.481309816241264343e-02
1.013327687978744507e-01
0.000000000000000000e+00
5.323780775070190430e-01
1.385609209537506104e-01
3.289895355701446533e-01
0.000000000000000000e+00
6.171373128890991211e-01
2.538788914680480957e-01
1.907946825027465820e+00
0.000000000000000000e+00
1.109320372343063354e-01
3.947914242744445801e-01
3.848768770694732666e-01
0.000000000000000000e+00
0.000000000000000000e+00
6.524363998323678970e-03
8.964097499847412109e-01
1.040527224540710449e+00
4.735233783721923828e-01
2.345425039529800415e-01
2.531557559967041016e+00
0.000000000000000000e+00
1.534325599670410156e+00
4.526631832122802734e-01
2.656830251216888428e-01
1.517241597175598145e-01
0.000000000000000000e+00
1.894376397132873535e+00
2.916495084762573242e+00
8.946122974157333374e-02
4.131114959716796875e+00
1.553376764059066772e-01
7.826811671257019043e-01
1.865399032831192017e-01
6.655120104551315308e-02
6.359537243843078613e-01
9.917977452278137207e-01
1.001217722892761230e+00
6.365613080561161041e-03
6.566075980663299561e-02
4.031639397144317627e-01
5.031004548072814941e-01
3.208362817764282227e+00
2.289084345102310181e-01
2.770962938666343689e-02
1.280134618282318115e-01
2.395296990871429443e-01
1.188652038574218750e+00
3.043213188648223877e-01
5.537176877260208130e-02
6.747119873762130737e-02
1.633877158164978027e+00
7.787694334983825684e-01
0.000000000000000000e+00
1.864181756973266602e-01
1.102925613522529602e-01
1.455658555030822754e+00
2.179206162691116333e-02
1.532691270112991333e-01
9.473512321710586548e-02
4.685353115200996399e-02
8.451007306575775146e-02
4.460692107677459717e-01
7.942353934049606323e-02
5.343302488327026367e-01
3.154441595077514648e+00
3.823567032814025879e-01
0.000000000000000000e+00
6.128159165382385254e-01
1.365897297859191895e+00
4.745403528213500977e-01
9.632849693298339844e-01
9.650911688804626465e-01
2.138497829437255859e+00
1.899300932884216309e+00
6.932741999626159668e-01
1.910565346479415894e-01
8.474764823913574219e-01
0.000000000000000000e+00
0.000000000000000000e+00
