3.316179811954498291e-01
0.000000000000000000e+00
1.788028329610824585e-02
2.598246097564697266e+00
6.764582395553588867e-01
2.467514127492904663e-01
3.623031377792358398e-01
3.172762393951416016e+00
7.052372932434082031e+00
9.803114533424377441e-01
1.298961639404296875e-01
1.345936298370361328e+00
4.394878447055816650e-01
1.611032843589782715e+00
2.677826404571533203e+00
1.048332333564758301e+00
7.128072977066040039e-01
2.181773900985717773e+00
7.186516523361206055e-01
1.226183772087097168e-01
1.990815401077270508e+00
0.000000000000000000e+00
5.362525209784507751e-02
1.832283258438110352e+00
1.202556677162647247e-02
4.004063084721565247e-03
4.917459934949874878e-02
2.529248237609863281e+00
4.073862731456756592e-01
0.000000000000000000e+00
1.822760142385959625e-02
1.521468162536621094e-02
9.604629874229431152e-01
5.400673747062683105e-01
9.773720502853393555e-01
3.238902091979980469e+00
2.429889142513275146e-01
4.857257381081581116e-02
6.524832248687744141e-01
6.901719570159912109e-01
4.187602400779724121e-01
3.950670063495635986e-01
2.223815917968750000e-01
4.477095603942871094e+00
6.598984599113464355e-01
8.804753422737121582e-01
2.037596404552459717e-01
1.127808451652526855e+00
9.403789043426513672e-02
1.442390918731689453e+00
3.215192556381225586e+00
0.000000000000000000e+00
1.854475617408752441e+00
1.604678779840469360e-01
7.920052409172058105e-01
1.174771040678024292e-01
3.965319097042083740e-01
2.060740627348423004e-02
1.559363961219787598e+00
6.588819622993469238e-02
7.493778318166732788e-02
2.274817554280161858e-03
0.000000000000000000e+00
6.832970976829528809e-01
2.142553329467773438e+00
3.734135329723358154e-01
1.231426075100898743e-01
4.716112613677978516e-01
1.324792027473449707e+00
3.452473282814025879e-01
0.000000000000000000e+00
5.196281243115663528e-03
2.987003326416015625e-01
6.849716901779174805e-01
3.064062893390655518e-01
1.559875965118408203e+00
1.701347716152667999e-02
5.402950644493103027e-01
6.820409297943115234e-01
1.106791377067565918e+00
0.000000000000000000e+00
7.665306329727172852e-01
2.611028909683227539e+00
6.844922155141830444e-02
1.912072300910949707e+00
1.511030346155166626e-01
1.493798851966857910e+00
2.676955983042716980e-02
7.366755008697509766e-01
1.773809641599655151e-02
1.170744299888610840e-01
1.161919441074132919e-02
0.000000000000000000e+00
0.000000000000000000e+00
7.362020015716552734e-01
2.387340515851974487e-01
6.085678935050964355e-01
5.335361361503601074e-01
1.746071726083755493e-01
0.000000000000000000e+00
2.070030570030212402e-02
1.935769617557525635e-02
5.101368762552738190e-03
1.176617026329040527e+00
1.259715557098388672e+00
5.704318173229694366e-03
1.401897192001342773e+00
8.327803015708923340e-01
4.268875718116760254e-01
3.529500961303710938e-01
1.615401864051818848e+00
2.196449713665060699e-05
4.037501513957977295e-01
7.612084150314331055e-01
7.037265896797180176e-01
3.009297326207160950e-02
3.786216676235198975e-01
1.862766891717910767e-01
7.691954374313354492e-01
2.238093852996826172e+00
1.245748043060302734e+00
6.682518720626831055e-01
4.398341476917266846e-02
1.593604087829589844e+00
9.912940859794616699e-01
5.836573839187622070e-01
0.000000000000000000e+00
8.558581471443176270e-01
1.822749257087707520e+00
1.401099413633346558e-01
0.000000000000000000e+00
6.165706515312194824e-01
3.990641236305236816e-01
1.587113291025161743e-01
5.969021320343017578e-01
0.000000000000000000e+00
1.928526442497968674e-03
5.178418636322021484e+00
0.000000000000000000e+00
1.415794342756271362e-01
1.405727583914995193e-02
4.840219616889953613e-01
1.654165863990783691e+00
9.152340353466570377e-04
2.369196712970733643e-02
2.138506472110748291e-01
7.568520307540893555e-01
5.557013750076293945e-01
9.815669059753417969e-01
2.746589668095111847e-02
7.276898860931396484e+00
7.736615836620330811e-02
5.263934284448623657e-02
3.808600008487701416e-01
1.209237575531005859e+00
1.559100985527038574e+00
1.325177103281021118e-01
3.460280001163482666e-01
2.141985177993774414e+00
1.846616417169570923e-01
4.240985214710235596e-02
1.018307209014892578e+00
9.539283514022827148e-01
0.000000000000000000e+00
2.899706363677978516e-01
6.211927533149719238e-01
3.651599166914820671e-03
0.000000000000000000e+00
1.327970623970031738e+00
3.324301004409790039e+00
1.352612823247909546e-01
5.842909812927246094e-01
1.369722038507461548e-01
1.116979479789733887e+00
3.212557733058929443e-01
6.721117973327636719e+00
0.000000000000000000e+00
3.563754260540008545e-02
1.846370100975036621e-01
6.024108082056045532e-02
0.000000000000000000e+00
8.716783672571182251e-02
5.539757609367370605e-01
3.556928873062133789e+00
1.358685344457626343e-01
8.988718036562204361e-04
3.399007618427276611e-01
1.815317422151565552e-01
0.000000000000000000e+00
0.000000000000000000e+00
0.000000000000000000e+00
4.706523939967155457e-02
9.740773439407348633e-01
6.969968676567077637e-01
1.245533227920532227e+00
6.968327760696411133e-01
6.752384305000305176e-01
7.898654788732528687e-02
3.412723839282989502e-01
5.186742544174194336e-01
1.288268804550170898e+00
5.425776168704032898e-02
6.245722174644470215e-01
6.879158020019531250e-01
4.901802241802215576e-01
2.007737930398434401e-04
8.837247490882873535e-01
1.577153988182544708e-02
7.818037271499633789e-02
1.278407216072082520e+00
1.491594612598419189e-01
1.590795218944549561e-01
4.047645032405853271e-01
1.007988095283508301e+00
1.122799396514892578e+00
9.288026094436645508e-01
2.551166154444217682e-02
8.202020078897476196e-02
1.901896953582763672e+00
9.200708866119384766e-01
4.602338373661041260e-02
1.735379844903945923e-01
1.815405040979385376e-01
2.566375732421875000e-01
8.521515130996704102e-02
0.000000000000000000e+00
2.198924812546465546e-05
2.921282947063446045e-01
1.628537625074386597e-01
1.778604090213775635e-01
4.378767311573028564e-02
5.186415910720825195e-01
1.853770136833190918e+00
2.263164281845092773e+00
2.642919421195983887e-01
1.281291723251342773e+00
2.178969383239746094e+00
1.193298399448394775e-01
2.372166514396667480e-02
1.307391762733459473e+00
4.385355487465858459e-02
6.389968097209930420e-03
2.122166305780410767e-01
3.492218017578125000e+00
1.057962298393249512e+00
3.085264563560485840e-01
6.518023014068603516e-01
4.327309131622314453e-02
1.445345163345336914e+00
1.746072530746459961e+00
3.385728690773248672e-03
5.421530008316040039e-01
1.943262410350143909e-03
1.748591184616088867e+00
6.377536058425903320e-01
3.496795147657394409e-02
2.108717858791351318e-01
0.000000000000000000e+00
1.202758625149726868e-01
1.913626492023468018e-02
8.421722650527954102e-01
2.342477440834045410e-01
2.192787826061248779e-03
3.910340368747711182e-02
0.000000000000000000e+00
6.086606066673994064e-03
1.869240880012512207e+00
3.111722879111766815e-02
1.441617123782634735e-02
0.000000000000000000e+00
1.414314985275268555e+00
3.307387465611100197e-03
5.424872636795043945e-01
3.518756106495857239e-02
2.036993205547332764e-01
3.319286704063415527e-01
9.446198493242263794e-02
1.061732649803161621e+00
1.100625634193420410e+00
1.779513806104660034e-01
2.892074286937713623e-01
1.979481428861618042e-01
2.742242515087127686e-01
4.114351868629455566e-01
7.231897711753845215e-01
1.129013180732727051e+00
1.154930353164672852e+00
3.622936457395553589e-02
2.070121169090270996e-01
4.233460873365402222e-02
1.490359544754028320e+00
9.089417457580566406e-01
8.919405937194824219e-02
4.691055417060852051e-02
4.565964639186859131e-02
4.660576283931732178e-01
8.528637886047363281e-02
1.109084412455558777e-01
9.783889651298522949e-01
5.829207420349121094e+00
4.840226471424102783e-01
1.977478526532649994e-02
6.383723020553588867e-01
2.967719174921512604e-02
5.610681325197219849e-02
3.367139399051666260e-01
0.000000000000000000e+00
0.000000000000000000e+00
0.000000000000000000e+00
4.096070826053619385e-01
9.304378032684326172e-01
0.000000000000000000e+00
3.981861099600791931e-02
1.102154254913330078e+00
1.531782895326614380e-01
5.367681384086608887e-01
0.000000000000000000e+00
4.013782739639282227e-01
1.281454443931579590e+00
3.757167756557464600e-01
1.588409662246704102e+00
0.000000000000000000e+00
3.918734788894653320e-01
1.172825321555137634e-02
4.033072036691009998e-05
5.035585761070251465e-01
4.188137874007225037e-02
0.000000000000000000e+00
5.011309981346130371e-01
3.940604329109191895e-01
0.000000000000000000e+00
1.739117869874462485e-04
9.289950728416442871e-01
9.784511476755142212e-02
0.000000000000000000e+00
1.771502941846847534e-01
1.731677174568176270e+00
3.535006642341613770e-01
1.021607398986816406e+00
1.295567035675048828e+00
2.664499282836914062e-01
3.404336050152778625e-02
4.413386285305023193e-01
1.286855638027191162e-01
7.252868413925170898e-01
9.521093368530273438e-01
1.535981148481369019e-01
0.000000000000000000e+00
4.618201553821563721e-01
6.109041571617126465e-01
7.845566421747207642e-02
8.391988873481750488e-01
2.331070303916931152e-01
3.312638029456138611e-02
1.020524427294731140e-01
4.729604125022888184e-01
0.000000000000000000e+00
1.868773996829986572e-01
0.000000000000000000e+00
9.120310544967651367e-01
3.193691670894622803e-01
0.000000000000000000e+00
1.124586105346679688e+00
4.577309787273406982e-01
1.662023901939392090e+00
1.655172467231750488e+00
3.019641637802124023e-01
1.283667206764221191e+00
1.884474992752075195e+00
0.000000000000000000e+00
5.033464431762695312e-01
6.380681991577148438e-01
7.845287322998046875e-01
7.247382402420043945e-02
7.240194678306579590e-01
0.000000000000000000e+00
0.000000000000000000e+00
1.042221114039421082e-02
1.953242905437946320e-02
6.922241449356079102e-01
7.679574191570281982e-02
3.996552944183349609e+00
1.535780310630798340e+00
6.243326067924499512e-01
0.000000000000000000e+00
5.717626810073852539e-01
1.906954497098922729e-02
0.000000000000000000e+00
0.000000000000000000e+00
1.279462594538927078e-03
3.000671565532684326e-01
6.000667810440063477e-03
0.000000000000000000e+00
2.046794593334197998e-01
2.101350277662277222e-01
7.802544832229614258e-01
1.494758248329162598e+00
0.000000000000000000e+00
5.466946586966514587e-02
1.552712202072143555e+00
6.065519526600837708e-02
7.864378094673156738e-01
0.000000000000000000e+00
2.091155648231506348e-01
1.343591213226318359e+00
7.551242709159851074e-01
1.370967626571655273e+00
2.777372896671295166e-01
1.256751656532287598e+00
6.018309593200683594e-01
2.463499754667282104e-01
2.398439683020114899e-03
4.568204581737518311e-01
1.755230903625488281e+00
9.814454242587089539e-04
0.000000000000000000e+00
4.062036991119384766e+00
1.548536568880081177e-01
6.661776900291442871e-01
5.654538869857788086e-01
4.265074431896209717e-01
3.432013690471649170e-01
0.000000000000000000e+00
2.856510400772094727e+00
2.890467941761016846e-01
6.836341619491577148e-01
8.217312097549438477e-01
2.445270776748657227e+00
0.000000000000000000e+00
1.421276450157165527e+00
5.163938924670219421e-02
0.000000000000000000e+00
8.931833505630493164e-02
0.000000000000000000e+00
9.778206795454025269e-02
3.219841048121452332e-02
2.716888189315795898e-01
0.000000000000000000e+00
3.989846408367156982e-01
4.785035550594329834e-01
8.650977015495300293e-01
0.000000000000000000e+00
1.656840741634368896e-01
4.972405731678009033e-01
5.758236050605773926e-01
0.000000000000000000e+00
4.241699352860450745e-03
0.000000000000000000e+00
3.958109617233276367e-01
9.564205408096313477e-01
7.290108799934387207e-01
3.296408653259277344e-01
1.835655927658081055e+00
0.000000000000000000e+00
8.951585292816162109e-01
5.435942411422729492e-01
1.625182479619979858e-01
1.506062895059585571e-01
0.000000000000000000e+00
1.452534198760986328e+00
2.633696794509887695e+00
4.409434273838996887e-02
3.435338735580444336e+00
9.310773015022277832e-02
6.965166926383972168e-01
2.385347709059715271e-02
5.694829393178224564e-03
4.824611172080039978e-02
1.180189609527587891e+00
9.253039360046386719e-01
0.000000000000000000e+00
2.437729835510253906e-01
2.614172995090484619e-01
8.111416101455688477e-01
2.536034822463989258e+00
9.649961441755294800e-02
9.660399518907070160e-03
2.208013236522674561e-01
1.662968248128890991e-01
7.847177982330322266e-01
2.210047794505953789e-03
4.529152810573577881e-02
4.109870642423629761e-03
8.637337088584899902e-01
5.972869992256164551e-01
5.959656089544296265e-03
1.136249601840972900e-01
3.357639908790588379e-02
2.014469146728515625e+00
2.223747596144676208e-02
5.026965737342834473e-01
8.304654806852340698e-02
2.124427352100610733e-03
2.163810655474662781e-03
7.453199028968811035e-01
2.673070877790451050e-03
3.075719177722930908e-01
3.350339651107788086e+00
1.467392295598983765e-01
0.000000000000000000e+00
2.049981355667114258e-01
1.596193075180053711e+00
5.725644230842590332e-01
1.051639437675476074e+00
8.798277378082275391e-01
2.550690412521362305e+00
2.233855009078979492e+00
3.827274143695831299e-01
3.342436552047729492e-01
1.050360083580017090e+00
0.000000000000000000e+00
4.493441805243492126e-02
