2.102651745080947876e-01
0.000000000000000000e+00
4.631246253848075867e-02
2.487548112869262695e+00
1.007600784301757812e+00
2.347799688577651978e-01
5.017163753509521484e-01
3.235584974288940430e+00
6.876025199890136719e+00
1.338719248771667480e+00
7.153878360986709595e-02
1.002226471900939941e+00
7.360364794731140137e-01
1.164869308471679688e+00
2.053143739700317383e+00
1.078553438186645508e+00
9.831957221031188965e-01
2.763555288314819336e+00
1.179778099060058594e+00
2.319611459970474243e-01
2.575714588165283203e+00
9.131042286753654480e-03
2.181826829910278320e-01
2.703343868255615234e+00
3.376133441925048828e-01
2.429183339700102806e-03
5.886143539100885391e-03
2.222878932952880859e+00
2.348154336214065552e-01
0.000000000000000000e+00
1.250181794166564941e-01
1.571557018905878067e-03
6.308963894844055176e-01
7.337779998779296875e-01
2.262790948152542114e-01
2.468014955520629883e+00
1.446100324392318726e-01
1.296214479953050613e-02
1.041666865348815918e+00
8.027871251106262207e-01
2.467256784439086914e-01
1.372609436511993408e-01
5.275433659553527832e-01
4.579603195190429688e+00
7.656190395355224609e-01
8.136195540428161621e-01
2.863368988037109375e-01
1.206872224807739258e+00
1.566625237464904785e-01
1.424407601356506348e+00
2.834255218505859375e+00
0.000000000000000000e+00
1.985381007194519043e+00
6.678347289562225342e-02
1.043310284614562988e+00
1.572278439998626709e-01
1.539306789636611938e-01
7.146536558866500854e-02
1.284705400466918945e+00
1.179801002144813538e-01
5.767299607396125793e-02
1.058545559644699097e-01
4.653062671422958374e-02
1.000030517578125000e+00
1.389680027961730957e+00
3.975570499897003174e-01
7.247794419527053833e-02
3.748863339424133301e-01
7.060258388519287109e-01
2.697420418262481689e-01
0.000000000000000000e+00
9.786734730005264282e-02
1.185091510415077209e-01
1.381045460700988770e+00
5.087445378303527832e-01
1.428636193275451660e+00
0.000000000000000000e+00
5.010296702384948730e-01
5.500022768974304199e-01
1.253497362136840820e+00
0.000000000000000000e+00
5.133911967277526855e-01
2.986947536468505859e+00
1.901885494589805603e-02
2.276014328002929688e+00
2.042424865067005157e-02
9.775416254997253418e-01
4.861332941800355911e-03
4.461268186569213867e-01
1.491563045419752598e-03
2.108553647994995117e-01
1.879897117614746094e-01
2.954419888556003571e-02
0.000000000000000000e+00
6.272916197776794434e-01
1.497277915477752686e-01
1.108661532402038574e+00
3.650020435452461243e-02
2.824272401630878448e-02
0.000000000000000000e+00
0.000000000000000000e+00
2.436248362064361572e-01
2.443638592958450317e-01
6.832576394081115723e-01
1.568623900413513184e+00
3.058694303035736084e-02
3.937837183475494385e-01
4.505595564842224121e-01
1.857149153947830200e-01
7.070056796073913574e-01
1.190463662147521973e+00
9.490358084440231323e-02
1.062889933586120605e+00
3.514619767665863037e-01
8.225774765014648438e-01
8.384846150875091553e-02
2.864739596843719482e-01
1.107922941446304321e-02
4.167137145996093750e-01
2.363614082336425781e+00
1.898803949356079102e+00
3.297121822834014893e-01
4.463521763682365417e-02
1.173451900482177734e+00
9.509772062301635742e-01
4.148759543895721436e-01
0.000000000000000000e+00
8.172239661216735840e-01
1.948177099227905273e+00
4.386710375547409058e-02
0.000000000000000000e+00
1.132008314132690430e+00
3.630009889602661133e-01
8.904533088207244873e-02
4.390077292919158936e-01
0.000000000000000000e+00
4.866913333535194397e-02
5.207296371459960938e+00
0.000000000000000000e+00
2.076832056045532227e-01
2.879124283790588379e-01
4.928937554359436035e-01
1.516673803329467773e+00
0.000000000000000000e+00
1.504799127578735352e-01
8.675882816314697266e-01
4.949155747890472412e-01
1.053012013435363770e+00
6.986895203590393066e-01
1.188885718584060669e-01
6.155080318450927734e+00
3.575409650802612305e-01
2.974995411932468414e-02
6.516801118850708008e-01
1.574078917503356934e+00
1.415580987930297852e+00
3.721113875508308411e-02
1.540525853633880615e-01
1.608437776565551758e+00
1.722619980573654175e-01
1.182721927762031555e-01
1.144777297973632812e+00
7.461665868759155273e-01
5.186386872082948685e-03
5.076159536838531494e-02
5.673166513442993164e-01
3.795345127582550049e-02
0.000000000000000000e+00
5.344911813735961914e-01
3.902425289154052734e+00
4.894769489765167236e-01
8.865309357643127441e-01
2.567953467369079590e-01
6.445996165275573730e-01
2.771730124950408936e-01
6.828679084777832031e+00
1.981654437258839607e-03
8.386173099279403687e-02
2.327705472707748413e-01
2.368611097335815430e-01
0.000000000000000000e+00
2.728979103267192841e-03
3.451991081237792969e-01
3.282713413238525391e+00
2.193287760019302368e-01
5.279959365725517273e-02
3.015198409557342529e-01
4.248352348804473877e-01
0.000000000000000000e+00
0.000000000000000000e+00
1.470201089978218079e-02
1.323243677616119385e-01
9.059817194938659668e-01
5.540636181831359863e-01
1.351225018501281738e+00
4.586201906204223633e-01
8.755601048469543457e-01
1.955476105213165283e-01
4.497825503349304199e-01
6.217229962348937988e-01
1.240504384040832520e+00
1.094079688191413879e-01
8.267047405242919922e-01
1.321197032928466797e+00
2.270217239856719971e-02
1.026005134917795658e-03
1.222089886665344238e+00
7.472494989633560181e-02
5.190520547330379486e-03
1.610469698905944824e+00
2.400083690881729126e-01
3.479752242565155029e-01
8.040449619293212891e-01
7.912575602531433105e-01
9.124551415443420410e-01
9.081200957298278809e-01
7.875331491231918335e-02
1.996129304170608521e-01
1.724572539329528809e+00
9.192358255386352539e-01
3.989544231444597244e-03
8.063455820083618164e-01
6.992109119892120361e-02
4.517892375588417053e-02
5.421767756342887878e-02
9.699084796011447906e-03
3.619254380464553833e-02
5.991480946540832520e-01
5.370181798934936523e-02
4.013173878192901611e-01
8.317225426435470581e-02
3.902514576911926270e-01
1.586785435676574707e+00
2.202782392501831055e+00
2.037015557289123535e-01
8.371455073356628418e-01
2.401673555374145508e+00
3.826252222061157227e-01
3.576650342438369989e-04
1.308879852294921875e+00
2.107173204421997070e-02
2.862250898033380508e-03
2.365876734256744385e-01
4.400052547454833984e+00
1.139245271682739258e+00
3.315985798835754395e-01
9.719233512878417969e-01
2.843623235821723938e-02
1.310619115829467773e+00
9.568274021148681641e-01
5.450482666492462158e-02
7.074382901191711426e-01
4.450114443898200989e-02
1.367519736289978027e+00
1.027954697608947754e+00
1.629581674933433533e-02
8.748446404933929443e-02
0.000000000000000000e+00
4.895478859543800354e-02
3.482713401317596436e-01
8.692025542259216309e-01
2.633460462093353271e-01
3.143442794680595398e-03
2.043558284640312195e-02
0.000000000000000000e+00
0.000000000000000000e+00
2.296101331710815430e+00
2.078976668417453766e-02
3.648769855499267578e-02
3.335388842970132828e-03
1.385992169380187988e+00
0.000000000000000000e+00
3.066200017929077148e-01
5.216220617294311523e-01
2.391015738248825073e-02
4.901956617832183838e-01
1.146803498268127441e-01
5.161448121070861816e-01
9.842158555984497070e-01
1.534385681152343750e-01
9.695867449045181274e-02
4.805612564086914062e-01
1.411715894937515259e-02
2.473232895135879517e-01
8.883235454559326172e-01
5.403861999511718750e-01
5.111891031265258789e-01
2.909457683563232422e-02
5.560525059700012207e-01
0.000000000000000000e+00
2.135879278182983398e+00
7.119621634483337402e-01
1.964232772588729858e-01
4.900689795613288879e-02
3.000624245032668114e-03
6.965850293636322021e-02
3.494277000427246094e-01
9.096988476812839508e-03
1.523636341094970703e+00
5.563971996307373047e+00
7.211866974830627441e-01
1.072896923869848251e-02
1.912511885166168213e-01
1.061448268592357635e-02
2.402054611593484879e-03
1.327340602874755859e-01
0.000000000000000000e+00
0.000000000000000000e+00
0.000000000000000000e+00
3.671086430549621582e-01
8.970023989677429199e-01
4.382997378706932068e-02
5.148015171289443970e-02
1.027145862579345703e+00
1.830212026834487915e-02
6.605374217033386230e-01
0.000000000000000000e+00
1.945085078477859497e-01
8.848147988319396973e-01
2.294295281171798706e-01
1.685348153114318848e+00
0.000000000000000000e+00
3.835193812847137451e-01
7.850320637226104736e-02
1.268594176508486271e-03
2.111996561288833618e-01
1.746414811350405216e-03
0.000000000000000000e+00
7.906401157379150391e-01
2.706560194492340088e-01
0.000000000000000000e+00
0.000000000000000000e+00
1.112144827842712402e+00
4.327907226979732513e-03
0.000000000000000000e+00
2.958612889051437378e-02
1.638277769088745117e+00
5.444194078445434570e-01
5.003657937049865723e-01
1.687513947486877441e+00
1.925823837518692017e-01
2.545259892940521240e-02
6.347382813692092896e-02
6.640797853469848633e-02
3.022191822528839111e-01
4.716940820217132568e-01
1.152569130063056946e-01
7.357692718505859375e-02
4.303852021694183350e-01
4.352151751518249512e-01
8.451364189386367798e-02
1.329149127006530762e+00
4.203901290893554688e-01
9.254157543182373047e-02
2.238667104393243790e-03
9.757695198059082031e-01
0.000000000000000000e+00
2.734800577163696289e-01
5.127355456352233887e-02
7.209455370903015137e-01
9.383962303400039673e-02
1.270699501037597656e-02
1.215635299682617188e+00
2.764696478843688965e-01
2.284260034561157227e+00
1.123276829719543457e+00
2.493772059679031372e-01
1.429623842239379883e+00
1.520169854164123535e+00
0.000000000000000000e+00
5.674844980239868164e-01
9.653055667877197266e-01
7.085863947868347168e-01
7.216365635395050049e-02
4.987198114395141602e-01
1.101038302294909954e-03
0.000000000000000000e+00
6.788307428359985352e-02
6.244009826332330704e-03
8.978710174560546875e-01
3.116568624973297119e-01
3.463588953018188477e+00
1.408648729324340820e+00
4.357340931892395020e-01
0.000000000000000000e+00
7.473131418228149414e-01
1.405577734112739563e-02
0.000000000000000000e+00
0.000000000000000000e+00
7.046991493552923203e-03
2.911451160907745361e-01
1.356734335422515869e-01
0.000000000000000000e+00
1.726731657981872559e-01
2.485747784376144409e-01
3.353770375251770020e-01
1.971505522727966309e+00
0.000000000000000000e+00
1.156204473227262497e-02
5.656561851501464844e-01
1.914669945836067200e-02
1.845410704612731934e+00
0.000000000000000000e+00
1.933559030294418335e-02
1.354131579399108887e+00
1.002993702888488770e+00
5.525699257850646973e-01
3.779743611812591553e-01
1.325042128562927246e+00
5.089575648307800293e-01
3.571403324604034424e-01
2.806632779538631439e-02
2.732435762882232666e-01
1.860558509826660156e+00
0.000000000000000000e+00
0.000000000000000000e+00
4.326716899871826172e+00
2.057340294122695923e-01
5.380687713623046875e-01
7.020029425621032715e-01
4.089204370975494385e-01
9.412975311279296875e-01
0.000000000000000000e+00
1.884371399879455566e+00
6.471285223960876465e-01
1.815421730279922485e-01
1.254626393318176270e+00
1.744072675704956055e+00
0.000000000000000000e+00
1.229168415069580078e+00
1.057017780840396881e-02
1.769897900521755219e-02
1.881813704967498779e-01
0.000000000000000000e+00
1.994115263223648071e-01
1.768953353166580200e-01
2.298649549484252930e-01
1.792185567319393158e-02
1.609290689229965210e-01
3.631770014762878418e-01
1.572721958160400391e+00
0.000000000000000000e+00
8.051950484514236450e-02
3.662293851375579834e-01
3.114638626575469971e-01
7.597137987613677979e-02
0.000000000000000000e+00
0.000000000000000000e+00
5.681660771369934082e-01
1.279838323593139648e+00
1.131585597991943359e+00
1.528688967227935791e-01
1.617170214653015137e+00
2.280261600390076637e-03
1.512946248054504395e+00
6.142165660858154297e-01
3.746619224548339844e-01
6.485134363174438477e-01
0.000000000000000000e+00
1.370328426361083984e+00
2.324257850646972656e+00
2.645269222557544708e-02
4.019512176513671875e+00
4.161956012248992920e-01
3.118651211261749268e-01
1.923187524080276489e-01
2.342417687177658081e-01
4.029964655637741089e-02
7.764947414398193359e-01
1.238482832908630371e+00
0.000000000000000000e+00
2.634716928005218506e-01
2.196914106607437134e-01
4.187258481979370117e-01
2.763789892196655273e+00
8.527103662490844727e-01
5.858039949089288712e-03
2.045292556285858154e-01
2.364099174737930298e-01
9.629723429679870605e-01
1.479860842227935791e-01
3.214641939848661423e-03
5.523757264018058777e-02
6.631143689155578613e-01
6.899101138114929199e-01
5.156601313501596451e-03
5.605951547622680664e-01
2.457750216126441956e-02
1.662503242492675781e+00
8.808670938014984131e-02
2.785137481987476349e-02
4.308079555630683899e-02
1.068782657966949046e-04
3.192699253559112549e-01
5.520525574684143066e-01
1.931221187114715576e-01
1.716744303703308105e-01
2.982041358947753906e+00
5.499763414263725281e-02
0.000000000000000000e+00
5.755195617675781250e-01
2.058608293533325195e+00
6.778152585029602051e-01
1.095239520072937012e+00
1.720941305160522461e+00
2.073735713958740234e+00
2.220509767532348633e+00
5.740174055099487305e-01
6.944611668586730957e-02
1.277930855751037598e+00
0.000000000000000000e+00
1.144139841198921204e-02
