8.001349866390228271e-02
0.000000000000000000e+00
1.402909755706787109e-01
2.307958126068115234e+00
9.656617641448974609e-01
2.474921494722366333e-01
1.097391247749328613e+00
2.422833442687988281e+00
7.409457206726074219e+00
1.118943929672241211e+00
3.519390523433685303e-01
1.610310792922973633e+00
2.812501788139343262e-01
1.228096246719360352e+00
2.224020957946777344e+00
1.468087911605834961e+00
9.752231240272521973e-01
1.472914338111877441e+00
6.123023629188537598e-01
7.181638479232788086e-01
1.642535686492919922e+00
0.000000000000000000e+00
6.428256034851074219e-01
2.570874691009521484e+00
5.993307754397392273e-02
1.156747806817293167e-02
2.232296019792556763e-02
2.586813211441040039e+00
5.196418166160583496e-01
1.515815407037734985e-01
2.304760813713073730e-01
7.777574658393859863e-02
8.668168187141418457e-01
1.266590356826782227e+00
1.774441003799438477e+00
3.431871891021728516e+00
1.381356567144393921e-01
1.302979290485382080e-01
4.419033229351043701e-01
1.043392777442932129e+00
5.208540558815002441e-01
2.592608332633972168e-01
5.670503377914428711e-01
4.676799297332763672e+00
1.175114274024963379e+00
1.798367261886596680e+00
1.721771620213985443e-02
9.899340271949768066e-01
5.124108493328094482e-02
1.493052363395690918e+00
3.391318798065185547e+00
0.000000000000000000e+00
1.573341608047485352e+00
5.597218871116638184e-01
8.509603738784790039e-01
3.038066029548645020e-01
2.366271913051605225e-01
1.293428093194961548e-01
2.525222063064575195e+00
1.899240165948867798e-01
0.000000000000000000e+00
5.814201757311820984e-02
1.865878468379378319e-03
1.183319568634033203e+00
1.541106224060058594e+00
3.884537816047668457e-01
3.123912215232849121e-01
4.213646650314331055e-01
1.603737950325012207e+00
2.965613305568695068e-01
0.000000000000000000e+00
4.537130892276763916e-01
6.228577345609664917e-02
1.258845210075378418e+00
7.189755439758300781e-01
1.364124655723571777e+00
0.000000000000000000e+00
8.411628603935241699e-01
8.449452519416809082e-01
1.227024793624877930e+00
0.000000000000000000e+00
9.796351194381713867e-01
2.568450450897216797e+00
5.076674371957778931e-02
1.435780048370361328e+00
4.277535974979400635e-01
7.446731328964233398e-01
5.338982120156288147e-02
7.233785390853881836e-01
1.511867274530231953e-03
2.089649736881256104e-01
0.000000000000000000e+00
1.568627078086137772e-03
8.331972174346446991e-03
1.434138417243957520e+00
1.363174021244049072e-01
6.629282236099243164e-01
1.057072401046752930e+00
3.074073791503906250e-01
3.395988792181015015e-02
7.570183277130126953e-02
3.100388646125793457e-01
3.528487682342529297e-02
1.861088156700134277e+00
1.487355709075927734e+00
4.494854435324668884e-02
1.016985654830932617e+00
9.699826836585998535e-01
8.165897428989410400e-02
4.642058312892913818e-01
1.764258265495300293e+00
5.955623462796211243e-02
4.711287319660186768e-01
5.087950229644775391e-01
6.739823222160339355e-01
2.414182759821414948e-02
5.049217343330383301e-01
1.293532699346542358e-01
8.232846260070800781e-01
1.470698595046997070e+00
1.967516541481018066e+00
7.249842882156372070e-01
8.385718613862991333e-02
1.613480806350708008e+00
8.376128077507019043e-01
3.467651307582855225e-01
0.000000000000000000e+00
9.851567745208740234e-01
1.413100361824035645e+00
1.263189688324928284e-02
8.803571015596389771e-02
1.543396234512329102e+00
6.469818949699401855e-01
2.041278481483459473e-01
7.021440863609313965e-01
1.136639639735221863e-01
1.493133902549743652e-01
3.958608627319335938e+00
1.374790212139487267e-03
2.514181733131408691e-01
1.047984585165977478e-01
1.658559143543243408e-01
2.204347133636474609e+00
7.965344190597534180e-02
9.643724188208580017e-03
2.668171525001525879e-01
1.235478043556213379e+00
5.319649577140808105e-01
1.873525142669677734e+00
1.605819910764694214e-01
6.215395450592041016e+00
3.248963654041290283e-01
1.554147601127624512e-01
1.917298138141632080e-01
2.074004173278808594e+00
1.282920598983764648e+00
1.406322419643402100e-01
3.253489434719085693e-01
2.094955444335937500e+00
4.281975924968719482e-01
1.738689392805099487e-01
9.131975769996643066e-01
4.744915366172790527e-01
8.231985266320407391e-04
5.951792001724243164e-01
4.450913667678833008e-01
1.685101911425590515e-02
0.000000000000000000e+00
1.065841078758239746e+00
3.314890384674072266e+00
6.989095807075500488e-01
1.242435216903686523e+00
1.574306339025497437e-01
8.518241643905639648e-01
9.395263791084289551e-01
6.693390369415283203e+00
0.000000000000000000e+00
4.010261595249176025e-02
3.345928490161895752e-01
4.243317246437072754e-01
0.000000000000000000e+00
1.916852663271129131e-03
8.449753522872924805e-01
4.469597339630126953e+00
1.302064210176467896e-01
5.813977867364883423e-02
4.472046494483947754e-01
1.330258369445800781e+00
9.618597105145454407e-03
2.937999786809086800e-03
0.000000000000000000e+00
1.489808410406112671e-01
9.210328459739685059e-01
3.092470169067382812e-01
1.594938874244689941e+00
9.037567377090454102e-01
1.030056953430175781e+00
3.239229619503021240e-01
4.945351779460906982e-01
5.175124406814575195e-01
1.051729083061218262e+00
1.631423830986022949e-01
3.374123275279998779e-01
1.396568775177001953e+00
5.860555171966552734e-01
0.000000000000000000e+00
1.730910897254943848e+00
5.533617362380027771e-02
4.464641511440277100e-01
8.030147552490234375e-01
4.676133692264556885e-01
4.966719448566436768e-01
7.390343546867370605e-01
8.478768467903137207e-01
6.912150979042053223e-01
5.823720097541809082e-01
2.398874461650848389e-01
2.034150511026382446e-01
2.102000713348388672e+00
7.452660202980041504e-01
1.356978807598352432e-02
9.151002168655395508e-01
6.238731741905212402e-01
2.951244711875915527e-01
1.637959778308868408e-01
0.000000000000000000e+00
2.309920936822891235e-01
2.324644476175308228e-01
2.640020549297332764e-01
3.046037554740905762e-01
3.669929504394531250e-02
8.912048935890197754e-01
2.726472377777099609e+00
1.659859180450439453e+00
6.498993635177612305e-01
5.607737302780151367e-01
2.491282463073730469e+00
4.849357604980468750e-01
8.691934496164321899e-02
1.077953815460205078e+00
1.384006142616271973e-01
2.399107255041599274e-02
3.763248771429061890e-02
4.199018955230712891e+00
7.578819990158081055e-01
1.009768128395080566e+00
8.528677225112915039e-01
1.152730826288461685e-02
1.788947582244873047e+00
2.987385988235473633e-01
7.334823161363601685e-02
9.705174565315246582e-01
8.820365369319915771e-02
1.944337725639343262e+00
9.894528985023498535e-01
4.370371252298355103e-02
3.212907016277313232e-01
0.000000000000000000e+00
4.052038548252312467e-06
1.312548387795686722e-02
1.773625731468200684e+00
2.035843878984451294e-01
3.544091433286666870e-02
4.205378517508506775e-02
0.000000000000000000e+00
1.310563683509826660e-01
1.323917865753173828e+00
8.142320066690444946e-02
4.610707983374595642e-03
4.657083377242088318e-02
1.381493330001831055e+00
9.834076277911663055e-03
3.475705385208129883e-01
5.267280936241149902e-01
1.478971540927886963e-01
8.209303021430969238e-01
4.293326437473297119e-01
9.073587059974670410e-01
7.981407046318054199e-01
2.144392281770706177e-01
1.172131597995758057e-01
4.800909757614135742e-01
1.555406749248504639e-01
1.674236804246902466e-01
8.420557975769042969e-01
1.228635668754577637e+00
8.063092231750488281e-01
2.158778607845306396e-01
2.334016263484954834e-01
4.786345362663269043e-02
1.630140662193298340e+00
1.368199825286865234e+00
1.895056106150150299e-02
6.536633521318435669e-02
3.341764211654663086e-01
5.550467967987060547e-01
7.575281858444213867e-01
2.104121595621109009e-01
1.590014815330505371e+00
5.204606533050537109e+00
4.102511107921600342e-01
1.202522311359643936e-02
9.733524322509765625e-01
0.000000000000000000e+00
2.842549933120608330e-03
3.125223219394683838e-01
1.348216738551855087e-02
0.000000000000000000e+00
1.211754307150840759e-01
3.813074827194213867e-01
7.255653738975524902e-01
0.000000000000000000e+00
1.447753310203552246e-01
1.623181819915771484e+00
1.434291154146194458e-01
5.274097919464111328e-01
0.000000000000000000e+00
7.342510223388671875e-01
6.485438346862792969e-01
1.053279861807823181e-01
3.038893461227416992e+00
0.000000000000000000e+00
5.081134438514709473e-01
2.887031622231006622e-02
6.439352035522460938e-02
3.734932541847229004e-01
1.377559965476393700e-03
0.000000000000000000e+00
8.089495301246643066e-01
7.572941780090332031e-01
2.421875949949026108e-03
0.000000000000000000e+00
1.488477110862731934e+00
1.085770726203918457e-01
1.232485249638557434e-01
3.953694999217987061e-01
1.242070436477661133e+00
1.851830929517745972e-01
9.953901171684265137e-01
1.841576695442199707e+00
3.215578794479370117e-01
1.209041029214859009e-01
3.267796933650970459e-01
1.946795135736465454e-01
5.748751163482666016e-01
8.114089965820312500e-01
2.574688196182250977e-01
1.505141407251358032e-01
9.581399559974670410e-01
5.717647075653076172e-01
5.387546122074127197e-02
1.072363734245300293e+00
1.695726364850997925e-01
7.290352135896682739e-02
2.553347647190093994e-01
1.050978422164916992e+00
7.779171224683523178e-03
3.733454272150993347e-02
4.939893633127212524e-02
8.108144998550415039e-01
4.356865286827087402e-01
0.000000000000000000e+00
9.940513372421264648e-01
9.313723444938659668e-01
2.115698099136352539e+00
5.921586155891418457e-01
3.243357241153717041e-01
2.080029726028442383e+00
2.236016273498535156e+00
0.000000000000000000e+00
4.378764927387237549e-01
1.631456255912780762e+00
1.829930305480957031e+00
2.558410465717315674e-01
1.826664209365844727e+00
1.571204513311386108e-02
2.671071290969848633e-01
1.057503968477249146e-01
8.342766761779785156e-02
1.100332856178283691e+00
1.992153227329254150e-01
4.170529842376708984e+00
1.114072561264038086e+00
9.719226956367492676e-01
0.000000000000000000e+00
3.536647856235504150e-01
7.681677490472793579e-02
0.000000000000000000e+00
0.000000000000000000e+00
5.884873121976852417e-02
2.704702913761138916e-01
7.357843220233917236e-02
0.000000000000000000e+00
1.994414776563644409e-01
5.022937059402465820e-01
1.027820467948913574e+00
1.955936431884765625e+00
1.054386273026466370e-01
6.194858998060226440e-02
7.077794671058654785e-01
3.219134807586669922e-01
9.479739069938659668e-01
0.000000000000000000e+00
9.557136148214340210e-02
1.183629393577575684e+00
3.513186275959014893e-01
1.560559034347534180e+00
1.122585386037826538e-01
1.016247272491455078e+00
1.123420238494873047e+00
4.975033178925514221e-02
2.678500302135944366e-02
3.803965151309967041e-01
2.509155273437500000e+00
0.000000000000000000e+00
4.432855173945426941e-02
3.658004283905029297e+00
3.082319796085357666e-01
5.239117145538330078e-01
7.091454863548278809e-01
1.738257855176925659e-01
8.068413734436035156e-01
0.000000000000000000e+00
2.564703226089477539e+00
3.591829240322113037e-01
9.693690538406372070e-01
1.802862048149108887e+00
1.880866169929504395e+00
0.000000000000000000e+00
1.514563560485839844e+00
6.800279021263122559e-02
4.307258874177932739e-02
7.918150722980499268e-02
0.000000000000000000e+00
4.504328370094299316e-01
1.758173555135726929e-01
6.433964371681213379e-01
0.000000000000000000e+00
7.769155502319335938e-01
7.842249870300292969e-01
1.146045923233032227e+00
0.000000000000000000e+00
4.376476109027862549e-01
5.929070711135864258e-01
5.029310584068298340e-01
1.053759269416332245e-02
2.805430674925446510e-03
4.890489391982555389e-03
4.091496169567108154e-01
1.152260899543762207e+00
5.341229438781738281e-01
7.136983275413513184e-01
2.153308629989624023e+00
0.000000000000000000e+00
1.435747981071472168e+00
7.393703460693359375e-01
1.374019589275121689e-02
3.178423345088958740e-01
0.000000000000000000e+00
1.499392867088317871e+00
2.407580852508544922e+00
1.215818226337432861e-01
4.107984542846679688e+00
2.045975625514984131e-01
1.067272186279296875e+00
2.624545395374298096e-01
1.931629478931427002e-01
2.830015718936920166e-01
1.471258997917175293e+00
1.162070512771606445e+00
0.000000000000000000e+00
4.902945458889007568e-01
6.824460625648498535e-01
1.316246747970581055e+00
3.197418689727783203e+00
5.913880467414855957e-01
6.719443015754222870e-03
6.111908704042434692e-02
2.995583117008209229e-01
1.405517578125000000e+00
1.561374366283416748e-01
1.347607225179672241e-01
1.685468703508377075e-01
9.230802655220031738e-01
8.898621797561645508e-01
0.000000000000000000e+00
2.743932306766510010e-01
8.337580412626266479e-02
2.068256616592407227e+00
5.429456382989883423e-02
3.088015131652355194e-02
1.005980968475341797e-01
3.738433588296175003e-03
1.424288749694824219e-02
6.457147002220153809e-01
0.000000000000000000e+00
3.574716150760650635e-01
3.629109859466552734e+00
4.184090793132781982e-01
0.000000000000000000e+00
3.052907288074493408e-01
9.849217534065246582e-01
7.298787832260131836e-01
4.755070209503173828e-01
1.046828985214233398e+00
2.560884714126586914e+00
2.052095890045166016e+00
2.618123590946197510e-01
3.403779864311218262e-01
7.488471865653991699e-01
0.000000000000000000e+00
1.659994423389434814e-01
