5.006197094917297363e-01
0.000000000000000000e+00
1.662156134843826294e-01
2.409018278121948242e+00
1.145888090133666992e+00
1.030162796378135681e-01
8.365243077278137207e-01
2.100174903869628906e+00
6.812166690826416016e+00
1.293418407440185547e+00
6.596186757087707520e-02
1.035457491874694824e+00
2.957341969013214111e-01
1.572584629058837891e+00
2.076070070266723633e+00
1.070982813835144043e+00
1.064650297164916992e+00
2.533940792083740234e+00
8.984366059303283691e-01
6.121538877487182617e-01
2.250488996505737305e+00
3.361246362328529358e-02
1.442405283451080322e-01
2.416328430175781250e+00
3.896446526050567627e-01
1.504580378532409668e-01
2.548374533653259277e-01
2.860868453979492188e+00
3.307034969329833984e-01
5.715514719486236572e-02
1.346604824066162109e-01
4.676515981554985046e-02
8.882116079330444336e-01
1.092954397201538086e+00
5.464190840721130371e-01
3.038427829742431641e+00
4.049797058105468750e-01
2.147568156942725182e-03
6.851305365562438965e-01
5.437480807304382324e-01
3.839020803570747375e-02
1.676715463399887085e-01
4.128392636775970459e-01
4.905221462249755859e+00
1.016397356986999512e+00
8.243069648742675781e-01
3.209700882434844971e-01
4.802082479000091553e-01
2.798656001687049866e-02
2.171787023544311523e+00
2.948821306228637695e+00
0.000000000000000000e+00
1.732159614562988281e+00
3.027474284172058105e-01
1.268057942390441895e+00
7.668314874172210693e-02
7.110826969146728516e-01
7.061527669429779053e-02
1.388558030128479004e+00
2.674858570098876953e-01
8.717571943998336792e-02
1.645866930484771729e-01
0.000000000000000000e+00
1.474062085151672363e+00
1.550650596618652344e+00
2.839296758174896240e-01
1.733248308300971985e-02
5.704580545425415039e-01
1.155387282371520996e+00
4.900045394897460938e-01
0.000000000000000000e+00
3.222741782665252686e-01
1.146562322974205017e-01
9.002392888069152832e-01
4.692892730236053467e-01
1.092871308326721191e+00
6.339167803525924683e-02
8.114652037620544434e-01
8.484398722648620605e-01
1.269503831863403320e+00
0.000000000000000000e+00
3.508000075817108154e-01
2.742160558700561523e+00
7.479570060968399048e-02
1.861896395683288574e+00
2.926958501338958740e-01
9.313713312149047852e-01
9.709650278091430664e-02
9.963550567626953125e-01
1.840424165129661560e-02
2.739245593547821045e-01
2.902465872466564178e-02
2.029041573405265808e-02
0.000000000000000000e+00
1.032049179077148438e+00
1.209734901785850525e-01
9.987307190895080566e-01
4.722916185855865479e-01
1.415246129035949707e-01
6.140786781907081604e-02
2.220956841483712196e-03
3.490237593650817871e-01
1.201345771551132202e-01
9.380926489830017090e-01
1.141454100608825684e+00
4.887736961245536804e-02
7.203866243362426758e-01
8.033890128135681152e-01
3.293861150741577148e-01
4.153095185756683350e-01
1.390315771102905273e+00
8.891642838716506958e-02
8.064891099929809570e-01
4.702198803424835205e-01
8.571931123733520508e-01
7.244964689016342163e-02
2.378758341073989868e-01
1.316852420568466187e-01
3.564730584621429443e-01
2.104422330856323242e+00
2.013051748275756836e+00
7.695116996765136719e-01
5.198936909437179565e-02
1.143581748008728027e+00
8.729380965232849121e-01
4.502456784248352051e-01
2.274337224662303925e-03
6.505649089813232422e-01
1.401815891265869141e+00
1.006195470690727234e-01
0.000000000000000000e+00
9.079958796501159668e-01
5.216491818428039551e-01
1.152331847697496414e-02
4.786753356456756592e-01
6.687491387128829956e-02
1.172255277633666992e-01
4.484681129455566406e+00
0.000000000000000000e+00
3.036469593644142151e-02
2.927720844745635986e-01
2.998878955841064453e-01
1.791684746742248535e+00
6.555854342877864838e-03
3.600349426269531250e-01
6.644057035446166992e-01
9.288892745971679688e-01
6.769679188728332520e-01
1.074133515357971191e+00
2.100404053926467896e-01
6.206256389617919922e+00
9.516505002975463867e-01
3.224632740020751953e-01
5.096161961555480957e-01
2.547512292861938477e+00
1.241182684898376465e+00
2.530421316623687744e-01
3.721369504928588867e-01
2.285302877426147461e+00
2.894788682460784912e-01
3.063000552356243134e-02
1.021229028701782227e+00
4.923378229141235352e-01
1.269630622118711472e-02
2.687572836875915527e-01
2.342348098754882812e-01
1.084560528397560120e-02
0.000000000000000000e+00
1.379184126853942871e+00
3.385729551315307617e+00
5.424700975418090820e-01
9.568479657173156738e-01
1.880972273647785187e-02
7.506605982780456543e-01
4.621153771877288818e-01
6.455438613891601562e+00
0.000000000000000000e+00
1.465049982070922852e-01
5.339105725288391113e-01
2.640928924083709717e-01
6.095417309552431107e-03
7.346643507480621338e-02
7.395831346511840820e-01
3.637298107147216797e+00
1.047898679971694946e-01
8.636412024497985840e-02
3.910528719425201416e-01
7.661272883415222168e-01
0.000000000000000000e+00
2.688834071159362793e-02
0.000000000000000000e+00
2.130500227212905884e-01
6.925905942916870117e-01
9.085909724235534668e-01
1.280403256416320801e+00
8.066513538360595703e-01
7.988737225532531738e-01
1.787325441837310791e-01
4.014474451541900635e-01
8.056313395500183105e-01
1.677182555198669434e+00
3.279772996902465820e-01
8.020865321159362793e-01
1.327987313270568848e+00
5.788511037826538086e-01
1.237100176513195038e-02
1.328784227371215820e+00
1.544218417257070541e-02
1.555534005165100098e-01
1.652596831321716309e+00
1.082823872566223145e-01
1.470856666564941406e-01
9.532990455627441406e-01
9.738087654113769531e-01
1.164885878562927246e+00
5.757463574409484863e-01
3.366058766841888428e-01
7.951844483613967896e-02
2.066307067871093750e+00
9.070554971694946289e-01
5.604862049221992493e-02
6.845263838768005371e-01
2.877902090549468994e-01
2.327392101287841797e-01
5.757394433021545410e-02
0.000000000000000000e+00
2.258044481277465820e-01
3.400771319866180420e-01
7.113492488861083984e-02
3.597835078835487366e-02
2.510756812989711761e-02
6.177598834037780762e-01
1.286707282066345215e+00
2.309226751327514648e+00
3.720878958702087402e-01
7.648430466651916504e-01
2.252251148223876953e+00
3.516239523887634277e-01
5.740216001868247986e-03
7.835718393325805664e-01
2.047690898180007935e-01
2.038860619068145752e-01
2.037594467401504517e-01
4.418956279754638672e+00
5.760418772697448730e-01
7.297939062118530273e-01
6.211695075035095215e-01
0.000000000000000000e+00
1.110026240348815918e+00
5.675110816955566406e-01
8.675962686538696289e-03
5.487751960754394531e-01
6.620858609676361084e-02
1.708202600479125977e+00
1.124590277671813965e+00
6.501099467277526855e-02
1.337296813726425171e-01
0.000000000000000000e+00
1.586991250514984131e-01
4.857840761542320251e-02
1.354700446128845215e+00
4.360252320766448975e-01
1.954396665096282959e-01
0.000000000000000000e+00
0.000000000000000000e+00
1.013195067644119263e-01
1.554463624954223633e+00
1.224935501813888550e-01
1.555305123329162598e-01
3.634858003351837397e-04
1.116855263710021973e+00
0.000000000000000000e+00
4.676294326782226562e-01
3.049310147762298584e-01
7.723170518875122070e-02
7.687289118766784668e-01
1.915420144796371460e-01
1.199114203453063965e+00
8.442683815956115723e-01
6.754819303750991821e-02
5.737357214093208313e-02
4.738509356975555420e-01
1.238052994012832642e-01
4.487780630588531494e-01
9.258169531822204590e-01
7.108375430107116699e-01
4.734737575054168701e-01
7.775095850229263306e-02
2.503381371498107910e-01
1.846379190683364868e-01
2.009977579116821289e+00
1.242240905761718750e+00
7.371444255113601685e-02
5.177188292145729065e-02
4.939001984894275665e-03
5.328481197357177734e-01
4.665749073028564453e-01
2.145664393901824951e-01
1.882396459579467773e+00
5.309103488922119141e+00
9.086958765983581543e-01
2.534974813461303711e-01
3.643009364604949951e-01
7.765741087496280670e-03
5.057938862591981888e-03
8.831708133220672607e-02
0.000000000000000000e+00
0.000000000000000000e+00
0.000000000000000000e+00
3.939099013805389404e-01
6.859579086303710938e-01
6.241237744688987732e-02
1.442669481039047241e-01
1.184312582015991211e+00
2.505012750625610352e-01
3.113878965377807617e-01
0.000000000000000000e+00
6.774430274963378906e-01
8.055539131164550781e-01
1.724089831113815308e-01
1.642250180244445801e+00
0.000000000000000000e+00
4.420977234840393066e-01
5.422065258026123047e-01
7.211235165596008301e-02
8.893275260925292969e-01
5.911124870181083679e-02
0.000000000000000000e+00
1.126930952072143555e+00
4.492559432983398438e-01
0.000000000000000000e+00
0.000000000000000000e+00
8.575705289840698242e-01
2.669758163392543793e-02
1.014598682522773743e-01
2.683560252189636230e-01
1.120436549186706543e+00
2.624173760414123535e-01
4.873457551002502441e-01
1.682854652404785156e+00
2.194290161132812500e-01
3.607406979426741600e-04
4.931497275829315186e-01
9.432993084192276001e-02
4.537740349769592285e-01
7.648603320121765137e-01
3.159132599830627441e-01
4.467051103711128235e-02
5.700629949569702148e-01
5.334773659706115723e-01
2.129768393933773041e-02
1.193191051483154297e+00
5.262193083763122559e-01
3.660597503185272217e-01
1.203336119651794434e-01
1.015717506408691406e+00
0.000000000000000000e+00
3.007669448852539062e-01
2.412769012153148651e-02
7.456325292587280273e-01
1.479164808988571167e-01
1.082642227411270142e-01
9.620341062545776367e-01
8.338163495063781738e-01
1.858663201332092285e+00
1.172912240028381348e+00
5.676858425140380859e-01
1.608289241790771484e+00
2.033766984939575195e+00
0.000000000000000000e+00
9.048145413398742676e-01
1.231132268905639648e+00
1.550493597984313965e+00
1.613265834748744965e-02
1.380822181701660156e+00
1.519509777426719666e-02
1.564626209437847137e-02
2.390444464981555939e-02
1.443861424922943115e-01
5.363420844078063965e-01
8.823411911725997925e-02
3.473947286605834961e+00
1.622491002082824707e+00
6.407560110092163086e-01
2.185942605137825012e-03
4.492117464542388916e-01
8.238291740417480469e-02
0.000000000000000000e+00
0.000000000000000000e+00
1.021722778677940369e-01
3.108685016632080078e-01
1.676704436540603638e-01
8.042640239000320435e-02
7.019360661506652832e-01
1.857985854148864746e-01
2.353289872407913208e-01
2.162736892700195312e+00
2.039195969700813293e-02
1.657597124576568604e-01
1.086072444915771484e+00
5.388649702072143555e-01
1.417636752128601074e+00
0.000000000000000000e+00
4.090201258659362793e-01
7.072437405586242676e-01
5.515313148498535156e-01
1.338958382606506348e+00
2.999072372913360596e-01
1.265546679496765137e+00
9.355809688568115234e-01
5.102135539054870605e-01
0.000000000000000000e+00
2.448497712612152100e-01
1.982340574264526367e+00
0.000000000000000000e+00
1.012922003865242004e-01
4.716986656188964844e+00
3.189967274665832520e-01
7.885500788688659668e-01
6.125425696372985840e-01
2.436141371726989746e-01
8.576707243919372559e-01
0.000000000000000000e+00
2.183674573898315430e+00
7.261741757392883301e-01
7.025197148323059082e-01
1.693677902221679688e+00
1.698778748512268066e+00
0.000000000000000000e+00
1.305604219436645508e+00
4.124963190406560898e-03
2.525322698056697845e-02
1.809993833303451538e-01
5.807991325855255127e-02
3.021820485591888428e-01
4.003035128116607666e-01
6.784414649009704590e-01
6.250035949051380157e-03
4.938930571079254150e-01
6.863673925399780273e-01
1.807036638259887695e+00
1.803738251328468323e-02
2.506958544254302979e-01
3.319719731807708740e-01
5.998610854148864746e-01
1.691882498562335968e-02
0.000000000000000000e+00
6.689568608999252319e-02
4.982318282127380371e-01
1.200546383857727051e+00
1.007861256599426270e+00
3.712027370929718018e-01
2.282812356948852539e+00
0.000000000000000000e+00
1.786426424980163574e+00
7.754469513893127441e-01
2.257061302661895752e-01
2.836124598979949951e-01
0.000000000000000000e+00
1.784712433815002441e+00
2.589443445205688477e+00
1.015482246875762939e-01
3.783162593841552734e+00
7.742358744144439697e-02
7.830788493156433105e-01
2.741445899009704590e-01
2.079017162322998047e-01
8.048931509256362915e-02
1.238048553466796875e+00
1.431550145149230957e+00
0.000000000000000000e+00
4.422505199909210205e-01
2.489172369241714478e-01
4.225239455699920654e-01
2.590795755386352539e+00
8.099870085716247559e-01
0.000000000000000000e+00
2.550502121448516846e-01
9.018017351627349854e-02
1.167258977890014648e+00
5.815204381942749023e-01
1.924764961004257202e-01
1.858607679605484009e-02
6.235645413398742676e-01
6.246287822723388672e-01
5.535964854061603546e-03
3.624023795127868652e-01
1.148504093289375305e-01
2.303183555603027344e+00
7.722464203834533691e-02
2.808821201324462891e-01
4.576334729790687561e-02
0.000000000000000000e+00
3.086085617542266846e-01
7.911496162414550781e-01
5.823383480310440063e-02
3.311963379383087158e-01
3.625504970550537109e+00
2.264825999736785889e-01
1.300487294793128967e-02
3.647781312465667725e-01
1.503700494766235352e+00
8.845681548118591309e-01
9.920510649681091309e-01
1.028339982032775879e+00
2.261030197143554688e+00
1.349377393722534180e+00
8.833010792732238770e-01
7.054521143436431885e-02
7.872328162193298340e-01
0.000000000000000000e+00
3.135138377547264099e-02
