2.353528439998626709e-01
0.000000000000000000e+00
1.032403036952018738e-01
2.596037864685058594e+00
6.421866416931152344e-01
9.093189239501953125e-02
6.676639318466186523e-01
3.127681493759155273e+00
6.443804740905761719e+00
1.169415831565856934e+00
1.158744245767593384e-01
1.564542412757873535e+00
6.273999810218811035e-01
1.180753946304321289e+00
2.760164499282836914e+00
1.312367677688598633e+00
1.014335513114929199e+00
3.181159734725952148e+00
1.093944430351257324e+00
5.935997962951660156e-01
2.230601072311401367e+00
2.072718180716037750e-02
9.246776998043060303e-02
2.882351160049438477e+00
1.950837820768356323e-01
3.430593293160200119e-03
1.516295969486236572e-01
2.576915025711059570e+00
4.379953145980834961e-01
1.932551735080778599e-03
5.259220674633979797e-02
3.029494546353816986e-02
9.740672111511230469e-01
6.366766095161437988e-01
2.858874499797821045e-01
2.828921318054199219e+00
2.169802039861679077e-01
4.706619307398796082e-02
3.466666936874389648e-01
4.441968798637390137e-01
1.657567620277404785e-01
1.920095533132553101e-01
1.000420376658439636e-01
4.468822956085205078e+00
9.208486080169677734e-01
4.082326292991638184e-01
2.156617790460586548e-01
6.720060110092163086e-01
5.386743694543838501e-02
1.574447631835937500e+00
2.938828945159912109e+00
0.000000000000000000e+00
1.980443477630615234e+00
2.054040580987930298e-01
1.343201756477355957e+00
7.364121079444885254e-02
5.454167723655700684e-01
1.002050489187240601e-01
1.762186765670776367e+00
9.298487752676010132e-02
5.152978003025054932e-02
3.272191062569618225e-02
0.000000000000000000e+00
1.072552323341369629e+00
1.840546846389770508e+00
9.448450803756713867e-01
1.152800545096397400e-01
1.953517347574234009e-01
9.637743830680847168e-01
3.324510157108306885e-01
0.000000000000000000e+00
1.825423724949359894e-02
6.579520553350448608e-02
5.578051805496215820e-01
5.348590612411499023e-01
1.080507159233093262e+00
0.000000000000000000e+00
5.620105266571044922e-01
7.375279664993286133e-01
1.536034703254699707e+00
0.000000000000000000e+00
7.082271575927734375e-01
2.727771997451782227e+00
2.023046649992465973e-02
2.065952062606811523e+00
1.281952857971191406e-02
8.470838665962219238e-01
1.752643845975399017e-02
4.850926697254180908e-01
0.000000000000000000e+00
2.513754367828369141e-01
2.319792099297046661e-02
4.311071708798408508e-03
0.000000000000000000e+00
7.181956768035888672e-01
5.247059464454650879e-02
8.301218748092651367e-01
1.948308497667312622e-01
2.924423813819885254e-01
2.487475750967860222e-03
2.014858648180961609e-03
4.927527308464050293e-01
1.647262088954448700e-02
7.444983124732971191e-01
1.868944883346557617e+00
1.894610747694969177e-02
8.389731049537658691e-01
3.150028884410858154e-01
4.744662344455718994e-01
3.840330541133880615e-01
1.519721388816833496e+00
7.297663483768701553e-03
7.180824279785156250e-01
2.392670959234237671e-01
4.601295888423919678e-01
1.117407828569412231e-01
5.679147839546203613e-01
1.501511186361312866e-01
1.111400485038757324e+00
2.084080219268798828e+00
1.435385823249816895e+00
9.385300874710083008e-01
2.827933244407176971e-02
1.507254481315612793e+00
5.584458708763122559e-01
5.582460761070251465e-01
2.526197815313935280e-03
2.282169908285140991e-01
1.601248621940612793e+00
5.268130451440811157e-02
2.738327311817556620e-04
1.029852747917175293e+00
5.650790333747863770e-01
5.057292804121971130e-02
3.278670012950897217e-01
2.435452193021774292e-01
1.074431240558624268e-01
4.982740879058837891e+00
0.000000000000000000e+00
2.745842188596725464e-02
8.139670640230178833e-02
1.863595694303512573e-01
1.638509035110473633e+00
0.000000000000000000e+00
1.748841851949691772e-01
4.605458974838256836e-01
6.837387681007385254e-01
4.583207964897155762e-01
6.875262260437011719e-01
2.704078853130340576e-01
5.996964931488037109e+00
5.546746253967285156e-01
3.142670989036560059e-01
6.471586823463439941e-01
2.120817661285400391e+00
1.381410360336303711e+00
5.155711621046066284e-02
3.985168933868408203e-01
2.176932811737060547e+00
1.982329934835433960e-01
1.799676418304443359e-01
9.862404465675354004e-01
4.863113760948181152e-01
6.642666459083557129e-02
1.980339735746383667e-01
5.815300345420837402e-01
6.809818744659423828e-02
0.000000000000000000e+00
1.062984943389892578e+00
3.318836450576782227e+00
4.432684481143951416e-01
6.956464052200317383e-01
3.526913747191429138e-02
4.589886367321014404e-01
2.181127071380615234e-01
7.023460865020751953e+00
0.000000000000000000e+00
5.954256746917963028e-03
5.778245329856872559e-01
1.810230910778045654e-01
0.000000000000000000e+00
8.942934684455394745e-03
6.896215677261352539e-01
2.693069696426391602e+00
1.788927912712097168e-01
2.181132696568965912e-02
5.362156629562377930e-01
4.990479648113250732e-01
0.000000000000000000e+00
2.919829264283180237e-02
0.000000000000000000e+00
0.000000000000000000e+00
7.657051682472229004e-01
5.278965830802917480e-01
1.249160051345825195e+00
7.741315960884094238e-01
5.021551251411437988e-01
2.826428711414337158e-01
1.081977188587188721e-01
1.000983834266662598e+00
1.044111609458923340e+00
8.983361721038818359e-02
7.828099131584167480e-01
1.171986818313598633e+00
5.754948854446411133e-01
3.969979006797075272e-03
6.254073977470397949e-01
3.619866818189620972e-02
3.069361206144094467e-03
1.314740538597106934e+00
2.235534787178039551e-01
4.500214755535125732e-02
4.303723573684692383e-01
5.939883589744567871e-01
9.330505132675170898e-01
8.219043612480163574e-01
2.470210343599319458e-01
1.495262086391448975e-01
1.731376171112060547e+00
1.429953694343566895e+00
0.000000000000000000e+00
1.107143044471740723e+00
3.864479660987854004e-01
2.452492117881774902e-01
6.711509823799133301e-02
0.000000000000000000e+00
7.143781334161758423e-02
2.157235592603683472e-01
9.171397984027862549e-02
9.966132789850234985e-02
2.357335090637207031e-01
4.206665158271789551e-01
1.977380633354187012e+00
2.232546329498291016e+00
6.419175267219543457e-01
6.950505971908569336e-01
2.264745950698852539e+00
5.138372778892517090e-01
1.163113489747047424e-02
8.589453101158142090e-01
5.851274821907281876e-03
2.312598377466201782e-02
3.702248036861419678e-01
3.755896329879760742e+00
8.607954382896423340e-01
4.228735566139221191e-01
1.194460153579711914e+00
4.021156113594770432e-03
1.307778477668762207e+00
5.162111520767211914e-01
3.491578623652458191e-02
4.369863271713256836e-01
1.368962377309799194e-01
1.624606966972351074e+00
1.034753084182739258e+00
4.647238180041313171e-02
1.213044896721839905e-01
0.000000000000000000e+00
1.101597622036933899e-01
4.894803091883659363e-02
1.037402033805847168e+00
1.633000820875167847e-01
9.759206324815750122e-02
9.071252308785915375e-03
0.000000000000000000e+00
0.000000000000000000e+00
1.865592479705810547e+00
1.298289839178323746e-02
0.000000000000000000e+00
6.766320019960403442e-02
1.101581215858459473e+00
0.000000000000000000e+00
4.530932307243347168e-01
2.497893422842025757e-01
7.925924658775329590e-02
2.940195500850677490e-01
6.320150196552276611e-02
7.646922469139099121e-01
6.470482349395751953e-01
5.635516252368688583e-03
2.555444538593292236e-01
6.091777682304382324e-01
3.217713534832000732e-02
5.229800343513488770e-01
1.042576432228088379e+00
1.203575491905212402e+00
4.454880058765411377e-01
6.334748119115829468e-02
3.070995211601257324e-01
2.893733419477939606e-02
1.502889990806579590e+00
8.797730207443237305e-01
4.608666151762008667e-02
2.194253951311111450e-01
1.219450350617989898e-04
5.544694066047668457e-01
2.303271740674972534e-01
5.114983320236206055e-01
1.344199657440185547e+00
5.892596244812011719e+00
4.574080705642700195e-01
0.000000000000000000e+00
2.222143411636352539e-01
7.457694737240672112e-04
1.650100015103816986e-02
2.793402224779129028e-02
0.000000000000000000e+00
0.000000000000000000e+00
2.062462503090500832e-03
3.493771255016326904e-01
4.062942564487457275e-01
7.334076613187789917e-02
2.090966794639825821e-03
8.008327484130859375e-01
1.787947565317153931e-01
3.813859522342681885e-01
0.000000000000000000e+00
2.418883293867111206e-01
9.366536140441894531e-01
2.483892440795898438e-01
1.609911322593688965e+00
0.000000000000000000e+00
1.797869354486465454e-01
1.794380396604537964e-01
6.773316115140914917e-02
6.657186746597290039e-01
3.756182966753840446e-03
0.000000000000000000e+00
6.991597414016723633e-01
1.390091478824615479e-01
0.000000000000000000e+00
0.000000000000000000e+00
8.201137781143188477e-01
0.000000000000000000e+00
1.523891091346740723e-01
9.828018397092819214e-02
1.339203476905822754e+00
3.757442533969879150e-01
7.975280880928039551e-01
1.526692867279052734e+00
2.493406236171722412e-01
2.310112584382295609e-03
2.893238663673400879e-01
1.970290094614028931e-01
6.345475316047668457e-01
8.351824879646301270e-01
3.215402364730834961e-01
2.983093261718750000e-02
2.056944221258163452e-01
5.527779459953308105e-01
5.449006333947181702e-02
7.760139107704162598e-01
1.866716593503952026e-01
8.240867406129837036e-03
8.206734433770179749e-03
1.218797206878662109e+00
0.000000000000000000e+00
4.403202235698699951e-01
1.659642346203327179e-02
4.142682850360870361e-01
1.801200360059738159e-01
2.830638363957405090e-02
1.063021302223205566e+00
4.537384510040283203e-01
1.888609051704406738e+00
9.372320771217346191e-01
6.070238947868347168e-01
1.607835054397583008e+00
1.957471251487731934e+00
0.000000000000000000e+00
8.351021409034729004e-01
9.762284159660339355e-01
1.348502039909362793e+00
7.774479687213897705e-02
1.120879650115966797e+00
2.458025142550468445e-02
1.083730533719062805e-01
8.756189490668475628e-04
2.235063165426254272e-02
4.721035361289978027e-01
5.424101278185844421e-02
3.582931518554687500e+00
1.159451246261596680e+00
4.032472670078277588e-01
0.000000000000000000e+00
4.170441031455993652e-01
1.418920978903770447e-02
0.000000000000000000e+00
0.000000000000000000e+00
1.254816204309463501e-01
4.476052820682525635e-01
1.806254833936691284e-01
3.887934610247612000e-03
2.636340856552124023e-01
2.649424374103546143e-01
1.562255769968032837e-01
1.959707379341125488e+00
0.000000000000000000e+00
6.785041838884353638e-02
8.427584171295166016e-01
1.898500025272369385e-01
1.022428989410400391e+00
0.000000000000000000e+00
1.530822273343801498e-02
1.095166921615600586e+00
5.651041865348815918e-01
1.075196385383605957e+00
1.304846405982971191e-01
1.392609834671020508e+00
6.378974914550781250e-01
4.514059722423553467e-01
0.000000000000000000e+00
2.404244840145111084e-01
1.435930013656616211e+00
8.660232275724411011e-02
7.262816280126571655e-02
4.367986202239990234e+00
7.555256783962249756e-02
6.478199958801269531e-01
6.003153324127197266e-01
1.734995543956756592e-01
4.518304169178009033e-01
0.000000000000000000e+00
2.510400295257568359e+00
2.852383852005004883e-01
4.403532147407531738e-01
1.290061712265014648e+00
2.075257778167724609e+00
0.000000000000000000e+00
1.407465219497680664e+00
1.448191422969102859e-02
8.515875786542892456e-02
1.817988902330398560e-01
0.000000000000000000e+00
2.256373167037963867e-01
1.723923087120056152e-01
2.599551975727081299e-01
0.000000000000000000e+00
4.257946312427520752e-01
8.366985321044921875e-01
1.423547029495239258e+00
0.000000000000000000e+00
1.027215942740440369e-01
2.779087424278259277e-01
8.174334168434143066e-01
1.414180267602205276e-02
0.000000000000000000e+00
6.719447672367095947e-02
8.082963228225708008e-01
1.041157007217407227e+00
6.359623074531555176e-01
1.639325469732284546e-01
1.626735210418701172e+00
4.384858161211013794e-02
1.669450044631958008e+00
3.411271274089813232e-01
2.296546846628189087e-01
2.504327297210693359e-01
0.000000000000000000e+00
2.012180805206298828e+00
2.325835466384887695e+00
2.127875387668609619e-01
3.647794723510742188e+00
7.174144685268402100e-02
8.984698057174682617e-01
2.542602419853210449e-01
1.029182523488998413e-01
1.164027899503707886e-01
9.223197698593139648e-01
1.476528167724609375e+00
1.159729249775409698e-02
4.566128253936767578e-01
4.027103483676910400e-01
4.762009084224700928e-01
3.055528879165649414e+00
4.726092815399169922e-01
2.863528206944465637e-04
1.087440326809883118e-01
1.654781848192214966e-01
7.201480269432067871e-01
3.804059922695159912e-01
3.243445232510566711e-02
7.155462633818387985e-03
3.834586441516876221e-01
6.749515533447265625e-01
5.693763960152864456e-03
2.630425393581390381e-01
2.135985903441905975e-02
2.478732347488403320e+00
4.342991858720779419e-02
3.200063705444335938e-01
4.992232099175453186e-02
4.074972495436668396e-02
1.657013148069381714e-01
1.168668270111083984e+00
4.537241067737340927e-03
2.514485716819763184e-01
2.899293899536132812e+00
1.315202470868825912e-02
1.049182959832251072e-03
5.054314136505126953e-01
1.262556552886962891e+00
6.955279707908630371e-01
6.416786909103393555e-01
1.029384851455688477e+00
2.265963554382324219e+00
1.434897541999816895e+00
7.947136759757995605e-01
1.860467493534088135e-01
8.119344711303710938e-01
0.000000000000000000e+00
5.429743975400924683e-02
