5.362905263900756836e-01
0.000000000000000000e+00
1.375825852155685425e-01
2.198184251785278320e+00
3.403719365596771240e-01
1.686052978038787842e-01
1.473402231931686401e-01
2.397353410720825195e+00
7.036098003387451172e+00
1.123031258583068848e+00
8.328360505402088165e-03
1.637067675590515137e+00
3.013281226158142090e-01
1.361961960792541504e+00
2.263252019882202148e+00
9.093893170356750488e-01
6.784324645996093750e-01
2.170206308364868164e+00
3.795236051082611084e-01
1.529492288827896118e-01
1.858271002769470215e+00
0.000000000000000000e+00
9.968970715999603271e-02
1.720446825027465820e+00
1.703250105492770672e-03
9.972404688596725464e-03
6.054543703794479370e-02
2.660797595977783203e+00
4.522214829921722412e-01
2.566761570051312447e-03
7.543496787548065186e-02
2.155659894924610853e-04
6.096317172050476074e-01
5.034201145172119141e-01
8.817957639694213867e-01
2.944283246994018555e+00
1.911450326442718506e-01
9.290271997451782227e-02
4.419192075729370117e-01
3.693513870239257812e-01
2.844282090663909912e-01
3.965282738208770752e-01
3.523926436901092529e-01
4.281316757202148438e+00
4.771675467491149902e-01
7.592809200286865234e-01
3.012367486953735352e-01
1.053368091583251953e+00
1.962801069021224976e-01
1.546103119850158691e+00
2.531888246536254883e+00
0.000000000000000000e+00
1.551132678985595703e+00
1.851948648691177368e-01
7.310824990272521973e-01
1.165368556976318359e-01
4.059037864208221436e-01
3.941779211163520813e-02
1.535143136978149414e+00
3.413180708885192871e-01
9.500247240066528320e-02
6.767632812261581421e-02
7.458643987774848938e-03
1.044246077537536621e+00
1.905054926872253418e+00
4.603739976882934570e-01
1.386546641588211060e-01
3.204898238182067871e-01
8.194715380668640137e-01
2.727751731872558594e-01
0.000000000000000000e+00
2.255079001188278198e-01
3.217836916446685791e-01
7.460124492645263672e-01
4.667238295078277588e-01
2.053349256515502930e+00
3.197729587554931641e-02
6.959083676338195801e-01
4.573802947998046875e-01
8.884422779083251953e-01
1.947643468156456947e-03
7.221853137016296387e-01
2.366962671279907227e+00
1.061625331640243530e-01
1.004873156547546387e+00
1.147010922431945801e-01
1.319330334663391113e+00
3.177564358338713646e-03
5.512308478355407715e-01
0.000000000000000000e+00
2.447636276483535767e-01
1.421602517366409302e-01
0.000000000000000000e+00
0.000000000000000000e+00
1.103274941444396973e+00
1.828510612249374390e-01
4.422784149646759033e-01
7.509525418281555176e-01
6.676264107227325439e-02
0.000000000000000000e+00
1.903740875422954559e-02
1.571233272552490234e-01
1.959024928510189056e-02
1.000183105468750000e+00
1.412039160728454590e+00
1.380208581686019897e-01
1.270134687423706055e+00
7.359275817871093750e-01
2.481708526611328125e-01
2.642796933650970459e-01
1.730607867240905762e+00
0.000000000000000000e+00
4.384069442749023438e-01
6.646047830581665039e-01
8.060793280601501465e-01
0.000000000000000000e+00
5.031538605690002441e-01
6.182665005326271057e-02
5.047910809516906738e-01
2.689385414123535156e+00
1.665790915489196777e+00
3.548630475997924805e-01
8.964499458670616150e-03
1.416173338890075684e+00
1.072923779487609863e+00
5.402762889862060547e-01
0.000000000000000000e+00
6.896172165870666504e-01
1.626378297805786133e+00
1.224296167492866516e-02
0.000000000000000000e+00
8.834483623504638672e-01
2.101268917322158813e-01
3.293726220726966858e-02
4.873582720756530762e-01
0.000000000000000000e+00
2.706042490899562836e-02
4.541317462921142578e+00
0.000000000000000000e+00
2.873415350914001465e-01
3.545387834310531616e-02
8.528377115726470947e-02
1.597981333732604980e+00
2.525063697248697281e-03
1.013872325420379639e-01
4.782355129718780518e-01
1.036210298538208008e+00
6.610565185546875000e-01
5.354155898094177246e-01
2.669140398502349854e-01
6.128118991851806641e+00
1.179824918508529663e-01
1.414814963936805725e-02
5.492232441902160645e-01
1.426444411277770996e+00
1.058152318000793457e+00
1.693151146173477173e-01
2.578597068786621094e-01
1.842681884765625000e+00
2.154391109943389893e-01
3.801812976598739624e-02
9.307059049606323242e-01
9.162622094154357910e-01
0.000000000000000000e+00
1.798830926418304443e-01
3.597336411476135254e-01
0.000000000000000000e+00
0.000000000000000000e+00
1.273945212364196777e+00
3.079262256622314453e+00
5.705467984080314636e-02
4.069423973560333252e-01
5.010141059756278992e-02
1.081276416778564453e+00
2.520811557769775391e-01
6.591263771057128906e+00
0.000000000000000000e+00
7.143263705074787140e-03
3.070515990257263184e-01
9.889100492000579834e-02
3.403651760891079903e-03
3.167082741856575012e-02
2.286039441823959351e-01
2.907468557357788086e+00
4.439926147460937500e-02
2.034988440573215485e-02
2.697675824165344238e-01
3.138873279094696045e-01
0.000000000000000000e+00
0.000000000000000000e+00
0.000000000000000000e+00
1.451118737459182739e-01
1.171952486038208008e+00
7.212067842483520508e-01
5.364015698432922363e-01
9.582383036613464355e-01
6.519744992256164551e-01
1.123199239373207092e-01
5.940751433372497559e-01
2.621097564697265625e-01
1.282053112983703613e+00
1.838854402303695679e-01
4.150367081165313721e-01
6.884021162986755371e-01
4.757390320301055908e-01
8.012698031961917877e-03
2.674023807048797607e-01
2.105252258479595184e-02
1.476112902164459229e-01
1.425672054290771484e+00
9.710319340229034424e-02
1.142126396298408508e-01
2.585946917533874512e-01
4.241446554660797119e-01
8.962741494178771973e-01
7.555994987487792969e-01
9.005569666624069214e-02
2.000342309474945068e-01
1.710013985633850098e+00
1.193148374557495117e+00
0.000000000000000000e+00
3.386199176311492920e-01
1.863700151443481445e-01
2.978714555501937866e-02
1.036876738071441650e-01
0.000000000000000000e+00
1.643772274255752563e-01
1.283408999443054199e-01
9.728794544935226440e-02
2.059319987893104553e-02
1.757146092131733894e-03
3.964641392230987549e-01
1.268917560577392578e+00
2.327137708663940430e+00
3.799350857734680176e-01
8.802425265312194824e-01
1.756407260894775391e+00
1.771196573972702026e-01
0.000000000000000000e+00
1.353876233100891113e+00
2.328936569392681122e-02
3.972977865487337112e-04
3.299217298626899719e-02
3.623310327529907227e+00
6.211932897567749023e-01
2.416355758905410767e-01
1.116564273834228516e+00
0.000000000000000000e+00
1.285590529441833496e+00
1.032039642333984375e+00
4.912092164158821106e-02
3.915287554264068604e-01
2.050855308771133423e-01
1.191543340682983398e+00
7.776237726211547852e-01
2.099715471267700195e-01
1.901151239871978760e-01
0.000000000000000000e+00
2.161625307053327560e-03
6.407793611288070679e-02
1.162845015525817871e+00
7.041213661432266235e-02
0.000000000000000000e+00
1.090806350111961365e-02
0.000000000000000000e+00
2.395629137754440308e-02
1.409719347953796387e+00
4.144703969359397888e-02
6.647374946624040604e-03
4.425900056958198547e-03
7.462393045425415039e-01
2.572776982560753822e-03
4.646066725254058838e-01
1.883167326450347900e-01
7.297788560390472412e-02
2.122543901205062866e-01
6.988582015037536621e-02
9.603998661041259766e-01
8.568668365478515625e-01
1.508927810937166214e-02
1.274065971374511719e-01
5.733274817466735840e-01
4.460469484329223633e-01
2.993527948856353760e-01
2.290823310613632202e-01
9.666306972503662109e-01
9.624084830284118652e-01
3.408333286643028259e-02
4.669708609580993652e-01
0.000000000000000000e+00
1.747700810432434082e+00
1.020606517791748047e+00
1.750084944069385529e-02
9.902723133563995361e-02
1.270143687725067139e-02
4.729556441307067871e-01
8.870529383420944214e-02
1.679229736328125000e-01
1.232616901397705078e+00
4.675333976745605469e+00
4.511095583438873291e-01
1.188153699040412903e-01
2.592887878417968750e-01
4.978484287858009338e-02
6.681117415428161621e-02
1.649095714092254639e-01
0.000000000000000000e+00
0.000000000000000000e+00
3.931634419132024050e-04
3.022347390651702881e-01
4.725911617279052734e-01
8.110239868983626366e-04
1.171583831310272217e-01
1.240476727485656738e+00
9.298500418663024902e-02
3.053186237812042236e-01
0.000000000000000000e+00
5.821493864059448242e-01
6.742578744888305664e-01
1.833706647157669067e-01
1.664963245391845703e+00
0.000000000000000000e+00
0.000000000000000000e+00
1.172150969505310059e-01
1.702220290899276733e-01
5.979762673377990723e-01
7.799122482538223267e-02
0.000000000000000000e+00
5.088292956352233887e-01
5.240342020988464355e-01
3.077309811487793922e-03
0.000000000000000000e+00
5.416579842567443848e-01
0.000000000000000000e+00
1.621520612388849258e-03
2.752868831157684326e-01
1.488601803779602051e+00
4.994604289531707764e-01
5.140205621719360352e-01
7.534685730934143066e-01
1.776639521121978760e-01
1.143255457282066345e-02
5.155784487724304199e-01
2.082502394914627075e-01
8.622523546218872070e-01
6.911728382110595703e-01
1.598782241344451904e-01
2.468205988407135010e-03
3.188800811767578125e-01
3.789031207561492920e-01
1.293668150901794434e-01
9.428157806396484375e-01
1.785057336091995239e-01
2.317291498184204102e-02
2.772047221660614014e-01
7.152467966079711914e-01
0.000000000000000000e+00
2.367081865668296814e-02
9.012946486473083496e-02
5.621917843818664551e-01
3.670307099819183350e-01
0.000000000000000000e+00
8.934173583984375000e-01
1.999963670969009399e-01
1.628525733947753906e+00
1.279339075088500977e+00
1.069676354527473450e-01
9.537287950515747070e-01
1.932114362716674805e+00
0.000000000000000000e+00
3.705423772335052490e-01
7.023793458938598633e-01
5.759376883506774902e-01
1.817082166671752930e-01
7.675336599349975586e-01
1.044808072037994862e-03
8.470180328004062176e-04
6.657205522060394287e-02
3.553418675437569618e-03
8.555392622947692871e-01
5.091174691915512085e-02
3.704958438873291016e+00
1.865906000137329102e+00
2.179382443428039551e-01
3.740148677024990320e-04
2.837679982185363770e-01
1.249944046139717102e-02
0.000000000000000000e+00
0.000000000000000000e+00
5.394298117607831955e-03
1.846026331186294556e-01
5.876949802041053772e-02
1.291559077799320221e-03
3.515537679195404053e-01
4.877665936946868896e-01
7.407114505767822266e-01
1.199100136756896973e+00
4.985473677515983582e-02
8.299274370074272156e-03
9.748443365097045898e-01
3.166704773902893066e-01
8.346408605575561523e-01
0.000000000000000000e+00
4.900768697261810303e-01
1.139306902885437012e+00
7.690447568893432617e-01
1.313646912574768066e+00
2.110363692045211792e-01
1.290819048881530762e+00
4.674883484840393066e-01
2.685302197933197021e-01
0.000000000000000000e+00
3.921057879924774170e-01
1.735427975654602051e+00
3.011016361415386200e-02
4.995486233383417130e-03
3.878607511520385742e+00
1.910224854946136475e-01
4.295500814914703369e-01
6.102953553199768066e-01
3.092158734798431396e-01
4.688917994499206543e-01
5.498941522091627121e-03
2.184994935989379883e+00
6.626114249229431152e-01
4.413082003593444824e-01
7.694448232650756836e-01
2.087315797805786133e+00
0.000000000000000000e+00
1.128315448760986328e+00
5.188879743218421936e-02
0.000000000000000000e+00
2.190253464505076408e-03
0.000000000000000000e+00
1.979604363441467285e-02
1.721432507038116455e-01
3.035312592983245850e-01
0.000000000000000000e+00
1.540622562170028687e-01
3.522647917270660400e-01
9.817647933959960938e-01
0.000000000000000000e+00
2.256866395473480225e-01
5.006721019744873047e-01
5.621416568756103516e-01
8.359735365957021713e-04
0.000000000000000000e+00
2.736486494541168213e-03
4.404046833515167236e-01
1.135707616806030273e+00
1.584605455398559570e+00
1.895092874765396118e-01
1.898748874664306641e+00
6.810788996517658234e-03
1.137336254119873047e+00
3.912220299243927002e-01
2.613216638565063477e-01
3.534301519393920898e-01
0.000000000000000000e+00
1.684000611305236816e+00
2.309339523315429688e+00
2.487189024686813354e-01
3.270204544067382812e+00
1.138671562075614929e-01
6.416918635368347168e-01
0.000000000000000000e+00
5.232838168740272522e-02
4.127346575260162354e-01
1.250792145729064941e+00
8.275264501571655273e-01
0.000000000000000000e+00
3.794783055782318115e-01
6.365727782249450684e-01
2.700199186801910400e-01
2.342134475708007812e+00
3.238548040390014648e-01
7.713810354471206665e-02
2.811136245727539062e-01
1.866862028837203979e-01
5.103871226310729980e-01
2.738398872315883636e-02
8.158203214406967163e-03
1.487405877560377121e-02
9.350466728210449219e-01
9.363129734992980957e-01
7.830481976270675659e-03
1.827623546123504639e-01
2.034665644168853760e-02
1.847365617752075195e+00
1.083553731441497803e-01
1.156357452273368835e-01
2.946102805435657501e-02
0.000000000000000000e+00
3.715773820877075195e-01
4.385162591934204102e-01
3.244664892554283142e-02
2.990348935127258301e-01
2.995424270629882812e+00
1.738467812538146973e-01
0.000000000000000000e+00
5.619332566857337952e-02
1.750433921813964844e+00
3.035435974597930908e-01
7.033137083053588867e-01
7.205830812454223633e-01
2.164256095886230469e+00
2.075382947921752930e+00
3.407872915267944336e-01
8.239513635635375977e-02
1.246886491775512695e+00
0.000000000000000000e+00
0.000000000000000000e+00
