2.937789857387542725e-01
0.000000000000000000e+00
1.505510509014129639e-01
2.303214550018310547e+00
8.164888620376586914e-01
2.690397500991821289e-01
6.881674528121948242e-01
3.359104871749877930e+00
6.644840240478515625e+00
1.641331553459167480e+00
1.122557744383811951e-01
1.425002098083496094e+00
5.066719651222229004e-01
1.501856207847595215e+00
2.546412706375122070e+00
1.204740524291992188e+00
1.057050347328186035e+00
2.669104814529418945e+00
1.431155085563659668e+00
8.133437484502792358e-02
2.002754688262939453e+00
0.000000000000000000e+00
1.772897839546203613e-01
2.559190750122070312e+00
2.632854282855987549e-01
2.171567454934120178e-02
2.674375474452972412e-01
2.208271265029907227e+00
3.122552633285522461e-01
0.000000000000000000e+00
2.542479634284973145e-01
4.292800556868314743e-03
4.505217373371124268e-01
8.570775985717773438e-01
5.463902354240417480e-01
3.217957496643066406e+00
5.201305449008941650e-02
6.917286664247512817e-02
1.582158923149108887e+00
6.001315116882324219e-01
2.929869294166564941e-01
3.521334528923034668e-01
2.664003968238830566e-01
4.582992553710937500e+00
1.011809349060058594e+00
1.159937739372253418e+00
7.110401242971420288e-02
6.529553532600402832e-01
1.183911785483360291e-01
1.374484539031982422e+00
2.850904226303100586e+00
0.000000000000000000e+00
1.602941393852233887e+00
2.423544824123382568e-01
7.888746857643127441e-01
1.905326545238494873e-01
3.464241027832031250e-01
1.777249947190284729e-02
1.519715547561645508e+00
1.140905246138572693e-01
8.473316207528114319e-03
7.173603028059005737e-02
0.000000000000000000e+00
1.091319203376770020e+00
1.844219446182250977e+00
1.883974671363830566e-01
1.818746626377105713e-01
3.197905123233795166e-01
1.312491893768310547e+00
1.178560853004455566e-01
0.000000000000000000e+00
1.817057877779006958e-01
1.478832811117172241e-01
1.062221169471740723e+00
4.183481335639953613e-01
1.242305994033813477e+00
0.000000000000000000e+00
7.615827322006225586e-01
1.358764886856079102e+00
1.411588072776794434e+00
0.000000000000000000e+00
8.120332956314086914e-01
2.827751874923706055e+00
4.730148985981941223e-02
2.322446107864379883e+00
1.724455505609512329e-01
1.015688538551330566e+00
3.898794576525688171e-02
7.888768911361694336e-01
0.000000000000000000e+00
1.081122159957885742e-01
1.711810752749443054e-02
1.261164713650941849e-02
0.000000000000000000e+00
8.131145238876342773e-01
1.294613629579544067e-01
1.483510613441467285e+00
4.864988029003143311e-01
2.081820517778396606e-01
0.000000000000000000e+00
2.376726455986499786e-02
1.197458133101463318e-01
1.046571414917707443e-04
1.392368555068969727e+00
1.507033705711364746e+00
9.453852474689483643e-02
1.281538724899291992e+00
6.787288188934326172e-01
4.174047112464904785e-01
6.185218095779418945e-01
1.393367052078247070e+00
0.000000000000000000e+00
1.023020863533020020e+00
8.655486702919006348e-01
7.366619110107421875e-01
1.317102611064910889e-01
7.852292060852050781e-02
1.454565227031707764e-01
7.423828244209289551e-01
2.511640071868896484e+00
1.793039441108703613e+00
6.706684231758117676e-01
0.000000000000000000e+00
1.553648948669433594e+00
1.206269741058349609e+00
4.322893917560577393e-01
0.000000000000000000e+00
4.125877320766448975e-01
2.068078041076660156e+00
3.181670308113098145e-01
0.000000000000000000e+00
1.026982069015502930e+00
6.431538462638854980e-01
2.243309915065765381e-01
2.965619862079620361e-01
2.503875270485877991e-02
1.556956171989440918e-01
4.761782646179199219e+00
0.000000000000000000e+00
6.556121632456779480e-03
3.982715904712677002e-01
2.175834178924560547e-01
1.414895653724670410e+00
0.000000000000000000e+00
3.560313582420349121e-02
2.728631496429443359e-01
5.659323334693908691e-01
7.004878520965576172e-01
1.144326090812683105e+00
1.148457303643226624e-01
6.045020103454589844e+00
2.173444479703903198e-01
7.785186916589736938e-02
6.925244927406311035e-01
2.601654529571533203e+00
1.748015403747558594e+00
2.094085365533828735e-01
2.772210240364074707e-01
2.110053062438964844e+00
5.240808725357055664e-01
7.347896695137023926e-02
1.856849670410156250e+00
6.232787966728210449e-01
0.000000000000000000e+00
7.300266027450561523e-01
5.359234213829040527e-01
4.713214002549648285e-03
0.000000000000000000e+00
1.177553296089172363e+00
3.800116539001464844e+00
3.566256761550903320e-01
5.480682253837585449e-01
2.260437011718750000e-01
6.197031736373901367e-01
5.663127899169921875e-01
7.037236213684082031e+00
0.000000000000000000e+00
3.613130375742912292e-02
3.160404562950134277e-01
3.534457087516784668e-01
0.000000000000000000e+00
9.165263175964355469e-02
5.681208968162536621e-01
3.625356197357177734e+00
1.299384282901883125e-03
5.016132816672325134e-02
1.954046338796615601e-01
1.238902211189270020e+00
0.000000000000000000e+00
1.317996829748153687e-01
0.000000000000000000e+00
1.011624708771705627e-01
7.690330147743225098e-01
1.770270615816116333e-01
1.288693785667419434e+00
6.939964294433593750e-01
5.322480797767639160e-01
3.769518733024597168e-01
4.634934961795806885e-01
8.242166042327880859e-01
1.083829402923583984e+00
1.825115084648132324e-01
8.748227953910827637e-01
1.139533758163452148e+00
4.670126736164093018e-01
6.428395211696624756e-02
7.203115224838256836e-01
3.623861074447631836e-02
9.006370604038238525e-02
1.323197126388549805e+00
1.343603730201721191e-01
2.500030100345611572e-01
9.501976370811462402e-01
8.966816067695617676e-01
9.367023110389709473e-01
1.298011422157287598e+00
1.566010266542434692e-01
1.750653982162475586e-02
1.300227880477905273e+00
1.481176376342773438e+00
0.000000000000000000e+00
9.890753030776977539e-01
2.651978135108947754e-01
1.943449676036834717e-01
1.182122677564620972e-01
0.000000000000000000e+00
8.640030026435852051e-02
3.390268087387084961e-01
3.844682872295379639e-02
6.720820069313049316e-02
1.997135877609252930e-01
4.358061850070953369e-01
1.635860919952392578e+00
2.868248462677001953e+00
5.689219832420349121e-01
9.649098515510559082e-01
2.758927583694458008e+00
2.905253767967224121e-01
0.000000000000000000e+00
1.104592323303222656e+00
2.516275942325592041e-01
1.961256116628646851e-01
3.158552572131156921e-02
4.240399360656738281e+00
1.138782978057861328e+00
7.112144231796264648e-01
1.347991943359375000e+00
0.000000000000000000e+00
1.117134094238281250e+00
1.072866439819335938e+00
5.674578621983528137e-02
3.335942327976226807e-01
1.466941237449645996e-01
1.933398723602294922e+00
1.212209820747375488e+00
5.885153263807296753e-02
1.749710887670516968e-01
0.000000000000000000e+00
2.123432457447052002e-01
2.127281427383422852e-01
1.348750829696655273e+00
5.235142111778259277e-01
4.234600067138671875e-02
3.996642306447029114e-03
0.000000000000000000e+00
4.675168171525001526e-02
2.540679216384887695e+00
3.259053453803062439e-02
0.000000000000000000e+00
0.000000000000000000e+00
1.384500026702880859e+00
0.000000000000000000e+00
6.553841233253479004e-01
3.854427635669708252e-01
6.973835080862045288e-02
7.195287942886352539e-01
8.146182447671890259e-02
9.968214035034179688e-01
5.877137184143066406e-01
1.023401767015457153e-01
2.400218546390533447e-01
3.544324040412902832e-01
1.429921090602874756e-01
4.271990358829498291e-01
5.600902438163757324e-01
1.245756030082702637e+00
7.648721933364868164e-01
3.208860754966735840e-02
6.773506402969360352e-01
6.249533221125602722e-02
2.182733535766601562e+00
1.635347604751586914e+00
7.255482673645019531e-02
3.338990509510040283e-01
6.792523711919784546e-02
3.624670803546905518e-01
5.287060737609863281e-01
3.011468052864074707e-01
1.223009467124938965e+00
5.831354141235351562e+00
4.896169304847717285e-01
3.741070255637168884e-02
4.837393462657928467e-01
3.988203778862953186e-02
2.507008053362369537e-02
3.807057738304138184e-01
1.112339925020933151e-02
2.264927886426448822e-02
2.294458448886871338e-02
3.192922174930572510e-01
8.452438116073608398e-01
5.289075151085853577e-02
7.497971411794424057e-03
1.377543687820434570e+00
2.937248647212982178e-01
6.182856559753417969e-01
0.000000000000000000e+00
2.421761751174926758e-01
9.075391888618469238e-01
3.215236067771911621e-01
1.996545910835266113e+00
0.000000000000000000e+00
4.974288046360015869e-01
1.300010364502668381e-02
0.000000000000000000e+00
4.488802850246429443e-01
5.516409873962402344e-03
0.000000000000000000e+00
8.553655743598937988e-01
3.982017636299133301e-01
0.000000000000000000e+00
2.766986843198537827e-03
1.142606139183044434e+00
6.322196125984191895e-02
2.127688080072402954e-01
5.776659771800041199e-02
1.621224761009216309e+00
3.295490443706512451e-01
7.697504758834838867e-01
1.709983348846435547e+00
3.692004084587097168e-01
7.043793331831693649e-03
2.406586408615112305e-01
5.503929406404495239e-02
5.423032045364379883e-01
1.054589986801147461e+00
2.041981667280197144e-01
1.320427376776933670e-02
5.662777423858642578e-01
5.010306239128112793e-01
5.949005484580993652e-02
1.184043765068054199e+00
5.175995826721191406e-01
2.570950612425804138e-02
3.113537132740020752e-01
6.194421052932739258e-01
0.000000000000000000e+00
2.353584617376327515e-01
6.193598359823226929e-02
6.731061339378356934e-01
2.911126613616943359e-01
5.466437339782714844e-02
1.334664821624755859e+00
6.672221422195434570e-01
1.861435413360595703e+00
1.017894625663757324e+00
5.222586989402770996e-01
1.906461715698242188e+00
2.277866601943969727e+00
0.000000000000000000e+00
1.088240146636962891e+00
1.786040425300598145e+00
8.630166053771972656e-01
8.855494856834411621e-02
1.055482625961303711e+00
2.069671079516410828e-02
1.619738042354583740e-01
8.451213128864765167e-03
6.753902416676282883e-04
4.209575057029724121e-01
2.657987177371978760e-01
3.024505615234375000e+00
1.592752814292907715e+00
7.160888910293579102e-01
0.000000000000000000e+00
5.066331028938293457e-01
2.241005888208746910e-03
0.000000000000000000e+00
0.000000000000000000e+00
1.005773991346359253e-01
2.629982829093933105e-01
4.708285257220268250e-02
1.087870541960000992e-02
3.343877792358398438e-01
1.265157759189605713e-01
3.747558593750000000e-01
1.693130493164062500e+00
4.722802340984344482e-02
2.558235526084899902e-01
1.369879245758056641e+00
3.336419761180877686e-01
1.495951771736145020e+00
3.236801177263259888e-02
3.261630833148956299e-01
1.518519878387451172e+00
8.806933760643005371e-01
1.095444083213806152e+00
3.519283235073089600e-01
1.323794007301330566e+00
6.100988388061523438e-01
3.505283892154693604e-01
9.064580500125885010e-02
2.595939636230468750e-01
2.089828968048095703e+00
6.816975772380828857e-03
7.445717602968215942e-02
4.189806938171386719e+00
1.166258007287979126e-01
1.151048183441162109e+00
8.403095006942749023e-01
9.022387862205505371e-02
5.374593734741210938e-01
0.000000000000000000e+00
2.299462318420410156e+00
8.281355500221252441e-01
5.257167220115661621e-01
1.140639662742614746e+00
1.720051765441894531e+00
0.000000000000000000e+00
1.274094820022583008e+00
1.039836406707763672e-01
1.384657621383666992e-01
2.377782911062240601e-01
0.000000000000000000e+00
5.834640860557556152e-01
1.152736693620681763e-01
2.703490555286407471e-01
6.641116924583911896e-03
8.641005158424377441e-01
4.255095124244689941e-01
1.765919208526611328e+00
4.416203009895980358e-04
3.281053006649017334e-01
5.019302368164062500e-01
3.100246787071228027e-01
7.286954671144485474e-03
0.000000000000000000e+00
3.577163070440292358e-02
5.914949774742126465e-01
1.422976374626159668e+00
5.328854322433471680e-01
1.910236626863479614e-01
2.001815080642700195e+00
7.144077098928391933e-04
9.204741120338439941e-01
5.569112300872802734e-01
3.520143330097198486e-01
4.110997319221496582e-01
0.000000000000000000e+00
1.908385872840881348e+00
2.276854038238525391e+00
1.426569819450378418e-01
3.628172874450683594e+00
2.233340218663215637e-02
4.730628132820129395e-01
2.684617638587951660e-01
5.769468098878860474e-02
3.934709131717681885e-01
1.132132887840270996e+00
6.122361421585083008e-01
5.999523028731346130e-02
2.873949706554412842e-01
1.108897253870964050e-01
6.429389715194702148e-01
3.500713109970092773e+00
5.391492247581481934e-01
7.873478345572948456e-03
1.994480937719345093e-01
1.500265896320343018e-01
1.004022717475891113e+00
2.268010377883911133e-01
5.855175852775573730e-02
5.369026213884353638e-03
1.095134973526000977e+00
7.579717040061950684e-01
8.530180901288986206e-02
3.493424952030181885e-01
2.791734971106052399e-02
2.310579776763916016e+00
9.717567265033721924e-02
3.122314512729644775e-01
8.953705430030822754e-02
8.647111058235168457e-02
1.233136802911758423e-01
4.589430689811706543e-01
1.857593655586242676e-01
7.088771462440490723e-01
3.253145456314086914e+00
1.580490767955780029e-01
1.395229599438607693e-03
4.176619648933410645e-01
1.554039478302001953e+00
1.049016833305358887e+00
7.001325488090515137e-01
1.182482600212097168e+00
2.405455350875854492e+00
1.927357196807861328e+00
1.556024670600891113e+00
1.849552392959594727e-01
1.001647353172302246e+00
0.000000000000000000e+00
1.527497172355651855e-01
