6.178973317146301270e-01
0.000000000000000000e+00
6.792085617780685425e-02
2.428019523620605469e+00
5.003893971443176270e-01
1.241730749607086182e-01
5.523265600204467773e-01
2.399859905242919922e+00
6.473087787628173828e+00
7.655558586120605469e-01
3.859993442893028259e-02
1.338775753974914551e+00
2.923479080200195312e-01
1.590958833694458008e+00
2.490474224090576172e+00
1.054286479949951172e+00
9.148506522178649902e-01
2.613807439804077148e+00
7.462881803512573242e-01
2.753159701824188232e-01
1.939204931259155273e+00
0.000000000000000000e+00
3.136091828346252441e-01
2.324928522109985352e+00
3.883456066250801086e-02
0.000000000000000000e+00
2.454409748315811157e-02
2.226788759231567383e+00
2.217605859041213989e-01
1.436874852515757084e-03
9.321951121091842651e-02
6.212727632373571396e-03
7.687385678291320801e-01
3.311570882797241211e-01
1.186722993850708008e+00
3.152199506759643555e+00
1.751771271228790283e-01
4.808630037587136030e-04
6.320368051528930664e-01
1.706999540328979492e-01
5.980373919010162354e-02
2.163649201393127441e-01
3.992182314395904541e-01
4.197367191314697266e+00
9.582656621932983398e-01
1.111318707466125488e+00
4.566985741257667542e-02
8.124577999114990234e-01
7.162939012050628662e-02
1.096052885055541992e+00
2.842839956283569336e+00
0.000000000000000000e+00
1.410787463188171387e+00
9.206940978765487671e-02
1.206666231155395508e+00
2.952638864517211914e-01
3.195870816707611084e-01
3.498420864343643188e-02
1.859620332717895508e+00
2.647447288036346436e-01
9.563237428665161133e-02
1.675490289926528931e-02
0.000000000000000000e+00
1.232798218727111816e+00
1.520571470260620117e+00
4.544463455677032471e-01
3.500575572252273560e-02
3.592256009578704834e-01
6.170121431350708008e-01
3.855691254138946533e-01
0.000000000000000000e+00
1.912592649459838867e-01
1.809863597154617310e-01
5.432058572769165039e-01
4.792610704898834229e-01
2.083259105682373047e+00
4.614656791090965271e-03
8.739642500877380371e-01
3.633707761764526367e-01
1.298020720481872559e+00
3.178525657858699560e-04
5.255190730094909668e-01
2.962682485580444336e+00
1.106704492121934891e-02
1.424240350723266602e+00
3.106451034545898438e-01
1.111887931823730469e+00
8.170004189014434814e-02
8.548655509948730469e-01
2.279045991599559784e-02
6.289621442556381226e-02
1.086735725402832031e-01
4.996255971491336823e-03
0.000000000000000000e+00
1.014916300773620605e+00
3.690896332263946533e-01
6.965903043746948242e-01
4.426456391811370850e-01
5.458036437630653381e-02
3.649588034022599459e-04
0.000000000000000000e+00
1.970674842596054077e-01
2.059335261583328247e-01
1.133700728416442871e+00
1.517240524291992188e+00
5.252104252576828003e-02
8.823156952857971191e-01
2.505750358104705811e-01
2.054254263639450073e-01
3.767140805721282959e-01
1.751727342605590820e+00
4.078945145010948181e-03
7.701066136360168457e-01
4.618524014949798584e-01
5.842656493186950684e-01
9.223680198192596436e-02
1.154753565788269043e-01
1.322967261075973511e-01
7.467804551124572754e-01
2.451601505279541016e+00
1.791745543479919434e+00
5.663689374923706055e-01
7.213433086872100830e-02
1.035734295845031738e+00
9.683906435966491699e-01
4.791569113731384277e-01
0.000000000000000000e+00
5.415335297584533691e-01
1.295668005943298340e+00
1.306448876857757568e-01
6.032147444784641266e-03
8.616592288017272949e-01
3.903968632221221924e-01
2.378096804022789001e-02
1.954857558012008667e-01
0.000000000000000000e+00
7.222691923379898071e-02
4.331915855407714844e+00
0.000000000000000000e+00
6.729970872402191162e-02
5.328180268406867981e-02
2.412888854742050171e-01
1.562770605087280273e+00
1.375018339604139328e-02
3.139629662036895752e-01
8.150203824043273926e-01
9.272606968879699707e-01
6.734599471092224121e-01
9.274816513061523438e-01
4.307237565517425537e-01
6.217508792877197266e+00
3.667301237583160400e-01
3.596763312816619873e-02
5.311651825904846191e-01
1.931948900222778320e+00
4.904813766479492188e-01
1.955248564481735229e-01
2.165868878364562988e-01
2.095416784286499023e+00
2.069816255243495107e-04
3.018422126770019531e-01
1.230722784996032715e+00
9.414647817611694336e-01
2.543118409812450409e-02
2.677027583122253418e-01
5.383094549179077148e-01
0.000000000000000000e+00
0.000000000000000000e+00
1.057290196418762207e+00
3.093062162399291992e+00
5.181230902671813965e-01
3.051467835903167725e-01
7.701838761568069458e-02
1.133158564567565918e+00
4.128814637660980225e-01
7.649151802062988281e+00
1.351546728983521461e-03
1.239399053156375885e-02
2.693730890750885010e-01
6.689766049385070801e-02
2.894768957048654556e-03
1.011061742901802063e-01
1.786679178476333618e-01
2.830214977264404297e+00
2.163458615541458130e-01
0.000000000000000000e+00
7.178065925836563110e-02
4.673463404178619385e-01
0.000000000000000000e+00
1.782461628317832947e-02
0.000000000000000000e+00
3.022868745028972626e-02
6.303583979606628418e-01
4.550612866878509521e-01
7.841289043426513672e-01
6.181225776672363281e-01
1.091477036476135254e+00
3.102527260780334473e-01
5.255574584007263184e-01
8.370653986930847168e-01
1.137609720230102539e+00
1.017584130167961121e-01
4.348441958427429199e-01
8.223618268966674805e-01
4.243479296565055847e-02
4.476658254861831665e-02
3.103755414485931396e-01
7.512716948986053467e-02
9.410268068313598633e-02
1.461867451667785645e+00
2.858478724956512451e-01
3.677276894450187683e-02
3.740463256835937500e-01
7.485380768775939941e-01
6.088756322860717773e-01
8.738099336624145508e-01
4.071466252207756042e-02
2.072186768054962158e-01
2.040106773376464844e+00
1.308964133262634277e+00
1.137475371360778809e-01
2.269401550292968750e-01
1.480481624603271484e-01
2.080844938755035400e-01
1.216238513588905334e-01
0.000000000000000000e+00
1.533162314444780350e-02
1.341872662305831909e-01
1.580375246703624725e-02
6.619174033403396606e-02
1.765450835227966309e-02
4.549640119075775146e-01
1.780702233314514160e+00
2.137027025222778320e+00
3.873527348041534424e-01
7.464749217033386230e-01
1.934223651885986328e+00
6.525676846504211426e-01
2.532252483069896698e-02
7.529182434082031250e-01
7.042761147022247314e-02
4.531161114573478699e-02
1.488802134990692139e-01
3.750589609146118164e+00
3.995205163955688477e-01
2.113472521305084229e-01
4.755186736583709717e-01
1.146929804235696793e-02
1.980211496353149414e+00
4.155252575874328613e-01
1.200245991349220276e-01
7.317846417427062988e-01
1.528712064027786255e-01
1.108327984809875488e+00
7.150716781616210938e-01
1.350994855165481567e-01
6.399112939834594727e-02
0.000000000000000000e+00
5.610410496592521667e-02
1.189280766993761063e-02
8.747891783714294434e-01
1.783579140901565552e-01
4.339177161455154419e-02
2.771547005977481604e-04
0.000000000000000000e+00
0.000000000000000000e+00
2.395656108856201172e+00
8.156072348356246948e-02
4.446990787982940674e-04
1.941218413412570953e-02
7.850036621093750000e-01
1.160789513960480690e-03
8.868724703788757324e-01
2.169227004051208496e-01
3.399317264556884766e-01
4.829421937465667725e-01
1.534579396247863770e-01
2.909172475337982178e-01
9.255908131599426270e-01
3.945453092455863953e-02
2.068631164729595184e-02
3.533960878849029541e-01
4.299359023571014404e-01
1.906137168407440186e-01
4.801733791828155518e-01
7.513136267662048340e-01
5.972643494606018066e-01
0.000000000000000000e+00
2.578372061252593994e-01
1.094034290872514248e-03
9.426745772361755371e-01
1.715819835662841797e+00
1.934091001749038696e-01
1.242662873119115829e-02
6.321050971746444702e-02
2.966683506965637207e-01
2.686381042003631592e-01
9.746053069829940796e-02
7.571107149124145508e-01
5.315449714660644531e+00
7.684171795845031738e-01
1.933081448078155518e-02
2.082060128450393677e-01
1.697951741516590118e-02
2.424248866736888885e-02
2.362242639064788818e-01
0.000000000000000000e+00
0.000000000000000000e+00
1.122421119362115860e-03
2.754890918731689453e-01
4.356403648853302002e-01
5.408983561210334301e-04
1.282183825969696045e-02
1.000169634819030762e+00
1.067926585674285889e-01
2.983227968215942383e-01
0.000000000000000000e+00
5.491904616355895996e-01
6.673645973205566406e-01
4.237017780542373657e-02
1.774888873100280762e+00
0.000000000000000000e+00
2.941271364688873291e-01
2.226629257202148438e-01
1.316734850406646729e-01
3.874217271804809570e-01
7.836244255304336548e-02
0.000000000000000000e+00
6.247367858886718750e-01
8.696877360343933105e-01
0.000000000000000000e+00
0.000000000000000000e+00
5.410832166671752930e-01
1.065799221396446228e-01
2.042915858328342438e-02
1.945273727178573608e-01
1.225853443145751953e+00
4.079307913780212402e-01
9.724223613739013672e-01
1.434090375900268555e+00
6.566781550645828247e-02
2.703448291867971420e-03
2.469305843114852905e-01
4.301493242383003235e-02
1.096364498138427734e+00
8.248505592346191406e-01
3.325608372688293457e-02
3.384346375241875648e-03
4.758872985839843750e-01
1.727722287178039551e-01
1.922316402196884155e-01
6.283017992973327637e-01
1.670338362455368042e-01
0.000000000000000000e+00
1.106298565864562988e-01
1.038930416107177734e+00
0.000000000000000000e+00
4.977532848715782166e-02
3.657999634742736816e-02
2.557798922061920166e-01
3.806409239768981934e-01
1.658734632655978203e-03
6.399856209754943848e-01
3.862578272819519043e-01
1.225350975990295410e+00
8.926794528961181641e-01
4.257014393806457520e-01
1.470949053764343262e+00
1.858678340911865234e+00
0.000000000000000000e+00
3.618095219135284424e-01
1.204766631126403809e+00
6.217150092124938965e-01
3.289400041103363037e-01
5.495130419731140137e-01
0.000000000000000000e+00
1.845178194344043732e-02
1.779384445399045944e-03
3.746521845459938049e-02
6.100342869758605957e-01
4.240886494517326355e-02
3.231810569763183594e+00
1.660104870796203613e+00
2.919877171516418457e-01
0.000000000000000000e+00
5.461362004280090332e-01
6.797976675443351269e-04
0.000000000000000000e+00
0.000000000000000000e+00
5.541705060750246048e-03
3.100727498531341553e-01
4.458712413907051086e-02
5.708300159312784672e-05
1.016329750418663025e-01
3.208700716495513916e-01
5.178560614585876465e-01
1.786983251571655273e+00
1.329018641263246536e-02
5.297044757753610611e-03
1.582713842391967773e+00
2.430975586175918579e-01
1.143091917037963867e+00
0.000000000000000000e+00
3.397687375545501709e-01
1.503727793693542480e+00
1.559605896472930908e-01
1.192968964576721191e+00
4.358958005905151367e-01
1.242073178291320801e+00
7.112521529197692871e-01
2.340231835842132568e-01
3.903277916833758354e-03
3.545333147048950195e-01
1.452692151069641113e+00
1.509114354848861694e-02
3.209396265447139740e-03
3.556681871414184570e+00
5.307062342762947083e-02
3.239833116531372070e-01
3.686905205249786377e-01
2.231661230325698853e-01
7.507646083831787109e-01
0.000000000000000000e+00
3.080836534500122070e+00
9.094185233116149902e-01
8.992319703102111816e-01
8.764287829399108887e-01
2.391981363296508789e+00
0.000000000000000000e+00
1.032308459281921387e+00
1.765889301896095276e-02
2.961285598576068878e-02
6.111684255301952362e-03
7.691955566406250000e-02
2.726217545568943024e-02
1.196292713284492493e-01
4.512947201728820801e-01
0.000000000000000000e+00
3.587302193045616150e-02
2.806353271007537842e-01
1.752247691154479980e+00
0.000000000000000000e+00
1.621554344892501831e-01
6.492259502410888672e-01
7.322039604187011719e-01
2.491016313433647156e-02
9.177290485240519047e-04
0.000000000000000000e+00
9.025495648384094238e-01
8.950496315956115723e-01
6.896789073944091797e-01
4.163384735584259033e-01
2.166766881942749023e+00
4.055139143019914627e-03
1.194476008415222168e+00
1.618807017803192139e-01
2.904673218727111816e-01
3.699348270893096924e-01
0.000000000000000000e+00
1.763800024986267090e+00
2.314756631851196289e+00
2.476909756660461426e-01
3.235502004623413086e+00
2.045846879482269287e-01
6.569311022758483887e-01
3.512452915310859680e-02
3.489784523844718933e-02
1.589567363262176514e-01
5.959202647209167480e-01
7.184590697288513184e-01
0.000000000000000000e+00
2.927756905555725098e-01
4.105837345123291016e-01
5.993490815162658691e-01
3.086805582046508789e+00
3.799491822719573975e-01
7.172422017902135849e-03
1.867687851190567017e-01
2.962010502815246582e-01
9.716342091560363770e-01
1.306698769330978394e-01
4.771102964878082275e-02
4.635211452841758728e-02
7.840569615364074707e-01
5.814253687858581543e-01
0.000000000000000000e+00
4.396529495716094971e-01
1.896657496690750122e-01
1.945361495018005371e+00
5.644863471388816833e-02
1.027290970087051392e-01
2.168316245079040527e-01
1.924618706107139587e-02
1.785957515239715576e-01
6.029495000839233398e-01
1.280686818063259125e-02
1.588425338268280029e-01
2.383283853530883789e+00
2.047483175992965698e-01
0.000000000000000000e+00
2.540421485900878906e-01
1.115603566169738770e+00
8.995489031076431274e-02
5.322030186653137207e-01
7.658986449241638184e-01
1.859460473060607910e+00
2.323152303695678711e+00
6.337803006172180176e-01
8.343321830034255981e-02
9.080897569656372070e-01
0.000000000000000000e+00
6.584337446838617325e-03
