1.863169372081756592e-01
0.000000000000000000e+00
3.438303247094154358e-02
2.791827678680419922e+00
9.778656363487243652e-01
4.483012557029724121e-01
9.138703942298889160e-01
2.108050584793090820e+00
7.891349792480468750e+00
1.645315766334533691e+00
5.053692460060119629e-01
1.778893232345581055e+00
5.382083058357238770e-01
1.257107019424438477e+00
3.108645677566528320e+00
1.742298364639282227e+00
9.813386201858520508e-01
2.457991361618041992e+00
1.718669056892395020e+00
2.726093232631683350e-01
2.475800752639770508e+00
2.796243643388152122e-03
3.613728284835815430e-01
3.522721290588378906e+00
2.619715332984924316e-01
0.000000000000000000e+00
9.977688640356063843e-02
3.004448652267456055e+00
7.927652597427368164e-01
8.850893378257751465e-02
2.702899277210235596e-01
5.220712348818778992e-02
1.809774875640869141e+00
8.412761092185974121e-01
1.724778532981872559e+00
3.973815441131591797e+00
2.380820959806442261e-01
1.167528331279754639e-01
6.667872071266174316e-01
6.215017437934875488e-01
3.221988976001739502e-01
3.356331884860992432e-01
2.614462971687316895e-01
5.567991733551025391e+00
5.805197358131408691e-01
1.066699624061584473e+00
1.829041838645935059e-01
1.152285575866699219e+00
8.108811080455780029e-02
2.200242280960083008e+00
3.393208980560302734e+00
0.000000000000000000e+00
1.772408604621887207e+00
3.185749650001525879e-01
7.838707566261291504e-01
3.420122861862182617e-01
5.316745042800903320e-01
5.755439773201942444e-02
1.981150984764099121e+00
8.735551685094833374e-02
1.779666393995285034e-01
6.868508458137512207e-02
0.000000000000000000e+00
9.382836222648620605e-01
2.298448801040649414e+00
6.362238526344299316e-01
4.783284664154052734e-02
3.754296898841857910e-01
1.578199505805969238e+00
3.130096197128295898e-01
0.000000000000000000e+00
1.579816490411758423e-01
3.028310537338256836e-01
1.150590300559997559e+00
6.079437136650085449e-01
1.068628430366516113e+00
0.000000000000000000e+00
1.151352047920227051e+00
6.429358124732971191e-01
1.176541090011596680e+00
0.000000000000000000e+00
8.069965243339538574e-01
2.943711757659912109e+00
1.093666777014732361e-01
2.132501363754272461e+00
2.109763175249099731e-01
6.484267711639404297e-01
1.754000404616817832e-04
5.661833882331848145e-01
7.628848310559988022e-03
5.186319947242736816e-01
0.000000000000000000e+00
2.427905052900314331e-02
0.000000000000000000e+00
7.283962368965148926e-01
6.015738844871520996e-02
1.149398684501647949e+00
2.714325189590454102e-01
2.558963596820831299e-01
2.851220034062862396e-02
1.253916975110769272e-02
2.789455950260162354e-01
5.879024416208267212e-02
1.681861042976379395e+00
1.611249327659606934e+00
1.156365051865577698e-01
1.077723622322082520e+00
8.990238308906555176e-01
1.323103010654449463e-01
4.767996370792388916e-01
1.754436373710632324e+00
2.503434419631958008e-01
1.004720449447631836e+00
5.859719514846801758e-01
4.867478609085083008e-01
1.867735683917999268e-01
4.846575856208801270e-01
1.824965924024581909e-01
9.051529169082641602e-01
1.370175719261169434e+00
1.939512252807617188e+00
9.356141090393066406e-01
3.938673995435237885e-03
1.529262304306030273e+00
3.983074128627777100e-01
4.191733300685882568e-01
0.000000000000000000e+00
7.586296200752258301e-01
1.813637256622314453e+00
3.267458975315093994e-01
0.000000000000000000e+00
1.030190229415893555e+00
8.411352634429931641e-01
9.525150805711746216e-02
1.725190579891204834e-01
8.785516023635864258e-03
2.841200120747089386e-02
4.653457641601562500e+00
0.000000000000000000e+00
3.384805470705032349e-02
6.858224421739578247e-02
4.082635045051574707e-01
1.903657555580139160e+00
3.822927922010421753e-02
3.195673525333404541e-01
1.253124177455902100e-01
1.197416424751281738e+00
2.869055271148681641e-01
1.256566047668457031e+00
1.183546110987663269e-01
6.988178730010986328e+00
4.661981165409088135e-01
1.686735302209854126e-01
5.918979644775390625e-01
2.092874288558959961e+00
2.163054466247558594e+00
3.147374987602233887e-01
5.269383788108825684e-01
2.719638586044311523e+00
6.397590637207031250e-01
1.876395493745803833e-01
1.007919192314147949e+00
6.616068482398986816e-01
0.000000000000000000e+00
4.929886162281036377e-01
2.779217064380645752e-01
9.593991562724113464e-03
0.000000000000000000e+00
1.300193071365356445e+00
3.803539276123046875e+00
3.241267204284667969e-01
1.001733541488647461e+00
2.798261679708957672e-02
1.168625831604003906e+00
2.745709121227264404e-01
6.692037582397460938e+00
0.000000000000000000e+00
7.123218476772308350e-02
3.755382597446441650e-01
1.957418769598007202e-01
0.000000000000000000e+00
1.669303886592388153e-02
5.265813469886779785e-01
4.087510585784912109e+00
1.675035506486892700e-01
3.200359642505645752e-02
2.393307089805603027e-01
4.123016595840454102e-01
0.000000000000000000e+00
7.119888812303543091e-02
0.000000000000000000e+00
5.897597223520278931e-02
1.023023009300231934e+00
2.006348967552185059e-01
1.742441296577453613e+00
6.945401430130004883e-01
9.482888579368591309e-01
2.261196076869964600e-01
4.028362631797790527e-01
6.182920932769775391e-01
1.340474009513854980e+00
2.078894674777984619e-01
3.398183584213256836e-01
1.116955161094665527e+00
3.885760307312011719e-01
1.388385295867919922e-01
1.648494601249694824e+00
4.287938773632049561e-02
9.622115641832351685e-02
1.221548080444335938e+00
5.568745732307434082e-01
3.508988916873931885e-01
7.500520944595336914e-01
1.012837052345275879e+00
1.002266645431518555e+00
7.943194508552551270e-01
4.144414663314819336e-01
1.300634741783142090e-01
2.012447357177734375e+00
1.009825348854064941e+00
7.033758610486984253e-02
6.296634078025817871e-01
7.893458604812622070e-01
2.635246217250823975e-01
1.807213425636291504e-01
0.000000000000000000e+00
1.827697902917861938e-01
6.280063390731811523e-01
1.105583533644676208e-01
4.071291685104370117e-01
1.227063015103340149e-01
6.060248017311096191e-01
2.714248895645141602e+00
2.803032398223876953e+00
1.220176100730895996e+00
1.011484384536743164e+00
2.409771203994750977e+00
4.380245804786682129e-01
3.367830812931060791e-02
8.339318037033081055e-01
2.327027916908264160e-01
2.253507673740386963e-01
1.398419886827468872e-01
3.913799047470092773e+00
7.015339732170104980e-01
1.470513582229614258e+00
1.133321642875671387e+00
2.543896995484828949e-02
1.503754973411560059e+00
1.226176619529724121e+00
0.000000000000000000e+00
9.336737394332885742e-01
1.435374170541763306e-01
1.920634150505065918e+00
9.147566556930541992e-01
1.759702153503894806e-02
2.170489169657230377e-02
0.000000000000000000e+00
3.144852817058563232e-02
6.959950178861618042e-02
1.576580524444580078e+00
2.130354642868041992e-01
1.717552775517106056e-03
2.745858952403068542e-02
0.000000000000000000e+00
1.754708886146545410e-01
2.862951517105102539e+00
5.923365056514739990e-02
2.198558999225497246e-03
8.754003047943115234e-02
1.968314290046691895e+00
0.000000000000000000e+00
5.661808848381042480e-01
2.645967304706573486e-01
1.210427358746528625e-01
7.979546785354614258e-01
3.575975447893142700e-02
1.080605983734130859e+00
1.834689855575561523e+00
7.740761339664459229e-02
3.446358144283294678e-01
3.683640658855438232e-01
4.722534716129302979e-01
4.887254238128662109e-01
9.351761341094970703e-01
1.476061463356018066e+00
1.115849971771240234e+00
1.559041440486907959e-01
4.619123339653015137e-01
4.908976261503994465e-04
1.952386140823364258e+00
1.102038860321044922e+00
5.124177783727645874e-02
5.186238288879394531e-01
3.382276296615600586e-01
7.977140545845031738e-01
6.132861971855163574e-01
2.994419038295745850e-01
1.677797079086303711e+00
6.479062080383300781e+00
4.027893543243408203e-01
6.370163708925247192e-02
4.598022699356079102e-01
7.240528240799903870e-03
1.148489397019147873e-02
2.544033229351043701e-01
5.480555817484855652e-03
0.000000000000000000e+00
1.807664148509502411e-02
3.474564850330352783e-01
1.072066664695739746e+00
0.000000000000000000e+00
2.135412022471427917e-02
1.492180109024047852e+00
1.771092712879180908e-01
2.008195817470550537e-01
0.000000000000000000e+00
6.047333478927612305e-01
1.743867754936218262e+00
2.102993130683898926e-01
2.314139842987060547e+00
0.000000000000000000e+00
7.812616825103759766e-01
2.552934587001800537e-01
4.781694710254669189e-02
2.046077251434326172e-01
1.752710938453674316e-01
0.000000000000000000e+00
6.913810372352600098e-01
1.003733754158020020e+00
3.996783867478370667e-03
0.000000000000000000e+00
1.410493731498718262e+00
2.408011816442012787e-02
4.285306204110383987e-03
1.137523949146270752e-01
1.595203280448913574e+00
3.337016105651855469e-01
1.115278005599975586e+00
1.980236291885375977e+00
3.950560390949249268e-01
3.286199271678924561e-02
2.649869918823242188e-01
5.789975449442863464e-02
7.267915010452270508e-01
1.443150281906127930e+00
1.834680438041687012e-01
1.701888591051101685e-01
1.292983174324035645e+00
8.103435039520263672e-01
1.064530164003372192e-01
1.371613740921020508e+00
2.561796009540557861e-01
1.525442004203796387e-01
2.759970910847187042e-02
9.833657145500183105e-01
0.000000000000000000e+00
2.470000982284545898e-01
2.899033576250076294e-02
8.491830229759216309e-01
5.214709043502807617e-01
4.398181289434432983e-02
1.525628089904785156e+00
9.735466837882995605e-01
1.969430088996887207e+00
1.341593503952026367e+00
3.453648090362548828e-01
2.256655216217041016e+00
2.553532838821411133e+00
0.000000000000000000e+00
7.541764378547668457e-01
1.229961276054382324e+00
1.503783226013183594e+00
9.184417128562927246e-02
1.605534791946411133e+00
2.764470118563622236e-04
1.890050470829010010e-01
4.357654228806495667e-02
5.373787134885787964e-02
5.002254843711853027e-01
1.207260489463806152e-01
3.895390033721923828e+00
1.373042225837707520e+00
1.431312710046768188e-01
0.000000000000000000e+00
3.360518217086791992e-01
4.559256136417388916e-02
0.000000000000000000e+00
0.000000000000000000e+00
6.292156130075454712e-02
6.574271917343139648e-01
1.231024563312530518e-01
7.382795447483658791e-04
1.663134396076202393e-01
1.168503239750862122e-01
6.771805882453918457e-01
2.140832424163818359e+00
8.076381869614124298e-03
1.697111688554286957e-02
1.020501852035522461e+00
5.091752409934997559e-01
1.270503163337707520e+00
0.000000000000000000e+00
1.325338631868362427e-01
1.553672552108764648e+00
4.230614006519317627e-01
1.391461372375488281e+00
2.038189619779586792e-01
1.608500242233276367e+00
6.123034358024597168e-01
1.192672252655029297e-01
0.000000000000000000e+00
3.989908993244171143e-01
2.048368930816650391e+00
2.081500738859176636e-02
1.904768645763397217e-01
5.408862590789794922e+00
1.325187534093856812e-01
5.411158204078674316e-01
9.752525687217712402e-01
4.684753715991973877e-01
9.092388153076171875e-01
0.000000000000000000e+00
2.888865470886230469e+00
6.971682906150817871e-01
1.149937152862548828e+00
1.393202781677246094e+00
1.951528429985046387e+00
0.000000000000000000e+00
1.386166930198669434e+00
2.531662769615650177e-02
1.081250142306089401e-03
3.828180208802223206e-02
3.543555736541748047e-02
5.899350047111511230e-01
5.058445781469345093e-02
5.526848435401916504e-01
0.000000000000000000e+00
6.770190596580505371e-01
5.179371833801269531e-01
1.704419732093811035e+00
0.000000000000000000e+00
2.987138032913208008e-01
3.582112789154052734e-01
5.954042673110961914e-01
2.783532440662384033e-02
0.000000000000000000e+00
0.000000000000000000e+00
5.915452241897583008e-01
1.317633271217346191e+00
8.590365052223205566e-01
4.225926995277404785e-01
2.914242982864379883e+00
2.639513404574245214e-04
1.810445308685302734e+00
7.785004377365112305e-01
2.490808516740798950e-01
2.205785959959030151e-01
0.000000000000000000e+00
2.600466728210449219e+00
2.563744306564331055e+00
1.875283271074295044e-01
4.775465488433837891e+00
7.228564023971557617e-01
1.085960865020751953e+00
2.658117711544036865e-01
2.707045078277587891e-01
4.865496158599853516e-01
8.170242905616760254e-01
1.007217288017272949e+00
6.612857803702354431e-03
2.905531823635101318e-01
4.026897847652435303e-01
5.677700638771057129e-01
4.109936237335205078e+00
7.223100066184997559e-01
5.013068672269582748e-03
1.046813800930976868e-01
4.145239889621734619e-01
1.066065788269042969e+00
3.289501667022705078e-01
2.989318780601024628e-02
2.162431925535202026e-01
7.612032294273376465e-01
9.704692363739013672e-01
6.363537628203630447e-03
1.314371675252914429e-01
1.152877584099769592e-01
1.970985889434814453e+00
2.259488403797149658e-02
1.789709329605102539e-01
3.214740380644798279e-02
7.829833775758743286e-02
2.670579217374324799e-02
1.024991750717163086e+00
1.635577082633972168e-01
7.896038889884948730e-01
3.519514322280883789e+00
4.859894514083862305e-01
0.000000000000000000e+00
5.577669739723205566e-01
1.550645470619201660e+00
8.259926438331604004e-01
9.408320188522338867e-01
1.073277950286865234e+00
2.500253200531005859e+00
1.959486365318298340e+00
1.856082975864410400e-01
8.206844329833984375e-02
5.238257646560668945e-01
0.000000000000000000e+00
1.491705980151891708e-02
