1.811854690313339233e-01
0.000000000000000000e+00
6.773523241281509399e-02
2.442951679229736328e+00
1.423672556877136230e+00
2.891606390476226807e-01
6.370496153831481934e-01
2.716543436050415039e+00
7.344728946685791016e+00
1.101496338844299316e+00
2.508150935173034668e-01
1.495350599288940430e+00
2.121174484491348267e-01
1.379198193550109863e+00
2.756517410278320312e+00
1.208613157272338867e+00
9.052199125289916992e-01
2.048282146453857422e+00
1.608645558357238770e+00
4.555319249629974365e-02
2.328914880752563477e+00
0.000000000000000000e+00
6.979827880859375000e-01
2.973463773727416992e+00
1.454293075948953629e-02
3.829399868845939636e-02
2.173114269971847534e-01
2.569477796554565430e+00
4.318096339702606201e-01
1.005626022815704346e-01
6.717929989099502563e-02
7.740457658655941486e-04
7.964231371879577637e-01
5.249044895172119141e-01
1.111874818801879883e+00
3.621637582778930664e+00
1.798686534166336060e-01
1.763815991580486298e-02
1.479589939117431641e+00
9.498505592346191406e-01
2.535769641399383545e-01
6.857893466949462891e-01
5.498679876327514648e-01
4.991782188415527344e+00
1.057315587997436523e+00
1.299018979072570801e+00
8.180236816406250000e-02
1.164946079254150391e+00
3.949928283691406250e-02
1.036194562911987305e+00
3.038279056549072266e+00
0.000000000000000000e+00
1.858323097229003906e+00
3.339129686355590820e-01
5.480669140815734863e-01
4.414071887731552124e-02
3.229767382144927979e-01
4.210768733173608780e-03
1.636278390884399414e+00
7.255996018648147583e-02
0.000000000000000000e+00
7.303839083760976791e-03
5.467757117003202438e-03
5.006281137466430664e-01
1.855347871780395508e+00
1.033221036195755005e-01
4.023426398634910583e-02
3.010031580924987793e-01
1.244881629943847656e+00
3.612091541290283203e-01
0.000000000000000000e+00
8.774970471858978271e-02
2.022292651236057281e-02
1.386022686958312988e+00
4.503377974033355713e-01
1.354081749916076660e+00
3.933466505259275436e-03
9.245787262916564941e-01
5.188800692558288574e-01
1.589097857475280762e+00
5.896707531064748764e-03
6.646497845649719238e-01
2.272875308990478516e+00
5.039080604910850525e-02
2.123798847198486328e+00
2.314350157976150513e-01
9.114378094673156738e-01
7.557551842182874680e-03
4.988860189914703369e-01
0.000000000000000000e+00
3.291892409324645996e-01
2.711699809879064560e-03
0.000000000000000000e+00
0.000000000000000000e+00
4.956359863281250000e-01
1.498296111822128296e-01
1.321712255477905273e+00
6.271522641181945801e-01
4.939838126301765442e-02
3.116867691278457642e-02
9.120239876210689545e-03
1.415815055370330811e-01
2.444500289857387543e-02
9.972544908523559570e-01
1.422599792480468750e+00
9.950216859579086304e-02
1.328303456306457520e+00
8.033302426338195801e-01
1.661155819892883301e-01
8.254137635231018066e-01
1.502511382102966309e+00
7.213661819696426392e-02
5.053616762161254883e-01
4.655414521694183350e-01
6.313229203224182129e-01
4.412203654646873474e-02
2.232082635164260864e-01
1.559084485052153468e-04
4.160855412483215332e-01
2.108016252517700195e+00
1.165282249450683594e+00
2.545276582241058350e-01
2.402515709400177002e-02
1.497238874435424805e+00
6.658685803413391113e-01
3.566411137580871582e-01
0.000000000000000000e+00
9.452059864997863770e-01
2.098308563232421875e+00
6.439730525016784668e-02
8.741461671888828278e-03
1.425974607467651367e+00
6.209795475006103516e-01
4.195695817470550537e-01
6.913645267486572266e-01
3.844222053885459900e-02
4.709008336067199707e-02
5.557949542999267578e+00
0.000000000000000000e+00
1.865406185388565063e-01
3.036944568157196045e-01
1.208608075976371765e-01
1.402189731597900391e+00
5.069176852703094482e-02
2.775788679718971252e-02
1.804193407297134399e-01
7.457517981529235840e-01
3.549905121326446533e-01
2.017768383026123047e+00
2.981931902468204498e-03
6.928918838500976562e+00
5.035924911499023438e-01
5.931760743260383606e-02
4.349785149097442627e-01
2.243157863616943359e+00
2.212165117263793945e+00
1.474044322967529297e-01
2.622676193714141846e-01
1.953637242317199707e+00
5.309203863143920898e-01
1.809700876474380493e-01
1.390705943107604980e+00
1.415645599365234375e+00
1.630131304264068604e-01
2.367120385169982910e-01
6.290677189826965332e-01
1.959423907101154327e-02
0.000000000000000000e+00
1.763884782791137695e+00
3.843690872192382812e+00
6.347885727882385254e-01
7.353423833847045898e-01
2.608740329742431641e-01
1.196646809577941895e+00
6.645249128341674805e-01
7.388243198394775391e+00
0.000000000000000000e+00
1.439489424228668213e-01
7.205792516469955444e-02
2.667795717716217041e-01
3.543623490259051323e-03
1.870618760585784912e-02
1.698328703641891479e-01
3.226778507232666016e+00
1.881939619779586792e-01
3.105759853497147560e-03
4.928669631481170654e-01
9.619871973991394043e-01
0.000000000000000000e+00
3.716093301773071289e-02
0.000000000000000000e+00
1.716618835926055908e-01
7.189550399780273438e-01
4.258418381214141846e-01
1.644101619720458984e+00
4.968789517879486084e-01
1.190770030021667480e+00
2.219628095626831055e-01
4.581308364868164062e-01
2.846804857254028320e-01
1.290627241134643555e+00
4.613040089607238770e-01
7.661958932876586914e-01
8.703812956809997559e-01
4.470025599002838135e-01
2.052908064797520638e-03
1.489973664283752441e+00
1.849681138992309570e-02
1.563185304403305054e-01
9.822835326194763184e-01
2.733881473541259766e-01
1.833603084087371826e-01
8.464030623435974121e-01
1.142347455024719238e+00
1.324039220809936523e+00
1.087763905525207520e+00
9.745790064334869385e-02
4.050372913479804993e-02
1.544268250465393066e+00
7.375001311302185059e-01
0.000000000000000000e+00
2.470569312572479248e-01
3.211422860622406006e-01
1.151669919490814209e-01
5.377512797713279724e-02
0.000000000000000000e+00
3.142917901277542114e-02
3.751348555088043213e-01
2.814190387725830078e-01
2.598015367984771729e-01
1.139295399188995361e-01
4.268819689750671387e-01
1.559327721595764160e+00
2.327474832534790039e+00
5.907468795776367188e-01
8.024883270263671875e-01
2.951204299926757812e+00
2.891992926597595215e-01
7.779530715197324753e-03
1.772359848022460938e+00
5.952867865562438965e-02
4.512987285852432251e-02
1.646443009376525879e-01
3.670759439468383789e+00
1.189228773117065430e+00
6.265199184417724609e-01
1.292112350463867188e+00
1.727456785738468170e-02
1.327909588813781738e+00
1.092869758605957031e+00
0.000000000000000000e+00
6.998351812362670898e-01
1.502741426229476929e-01
1.720599412918090820e+00
1.007809877395629883e+00
7.592881098389625549e-03
4.999866783618927002e-01
0.000000000000000000e+00
0.000000000000000000e+00
2.099898606538772583e-01
1.452772974967956543e+00
1.140280067920684814e-01
0.000000000000000000e+00
1.193431764841079712e-02
0.000000000000000000e+00
8.966546505689620972e-03
2.040354251861572266e+00
0.000000000000000000e+00
1.029307115823030472e-02
3.293828666210174561e-02
1.496681690216064453e+00
2.988017804455012083e-04
7.269083261489868164e-01
3.253774046897888184e-01
6.879968196153640747e-02
8.534955382347106934e-01
1.471725292503833771e-02
8.518843054771423340e-01
1.343215346336364746e+00
4.565517976880073547e-02
1.140747144818305969e-01
2.797157466411590576e-01
1.812858581542968750e-01
2.480096518993377686e-01
4.147526323795318604e-01
1.062644958496093750e+00
1.504513144493103027e+00
0.000000000000000000e+00
2.872465848922729492e-01
2.284541167318820953e-02
2.476415872573852539e+00
9.964127540588378906e-01
1.650542579591274261e-02
7.104956358671188354e-02
6.796807795763015747e-02
4.251291751861572266e-01
8.253052234649658203e-01
5.121525749564170837e-02
1.457136154174804688e+00
5.359992027282714844e+00
7.234509587287902832e-01
4.356281086802482605e-02
5.289927721023559570e-01
4.677256569266319275e-02
3.902665898203849792e-02
1.477248072624206543e-01
2.101342193782329559e-03
0.000000000000000000e+00
0.000000000000000000e+00
2.172935605049133301e-01
1.283932924270629883e+00
0.000000000000000000e+00
1.974528878927230835e-01
1.366961359977722168e+00
9.574897587299346924e-02
5.401308536529541016e-01
0.000000000000000000e+00
4.082491993904113770e-01
7.353488206863403320e-01
2.001046091318130493e-01
1.905628919601440430e+00
0.000000000000000000e+00
4.070676863193511963e-01
9.890416264533996582e-02
8.317963033914566040e-02
8.521355986595153809e-01
1.250607986003160477e-02
0.000000000000000000e+00
9.953394532203674316e-01
4.203751087188720703e-01
0.000000000000000000e+00
1.798568642698228359e-03
1.234757184982299805e+00
0.000000000000000000e+00
9.188140742480754852e-03
3.724600672721862793e-01
1.117231130599975586e+00
2.861070036888122559e-01
8.246349096298217773e-01
1.603665709495544434e+00
1.404243111610412598e-01
9.019336104393005371e-02
4.457540810108184814e-02
1.518516242504119873e-01
7.514004707336425781e-01
9.131988286972045898e-01
1.230553165078163147e-01
1.180599723011255264e-02
7.039487361907958984e-01
1.128019571304321289e+00
5.882709100842475891e-02
8.364825844764709473e-01
1.220887824892997742e-01
8.033728599548339844e-02
2.676714360713958740e-01
6.570127606391906738e-01
0.000000000000000000e+00
5.551742389798164368e-02
4.748266562819480896e-02
5.870910882949829102e-01
1.636750102043151855e-01
0.000000000000000000e+00
9.352935552597045898e-01
5.511317253112792969e-01
2.453539848327636719e+00
1.268289685249328613e+00
5.936585664749145508e-01
1.893051266670227051e+00
2.106317281723022461e+00
5.095168016850948334e-03
6.881465911865234375e-01
1.100614428520202637e+00
1.388893723487854004e+00
1.848023235797882080e-01
1.350050449371337891e+00
2.052046824246644974e-03
1.156152188777923584e-01
4.840889479964971542e-03
0.000000000000000000e+00
5.477110147476196289e-01
1.157023161649703979e-01
4.107175350189208984e+00
1.450205206871032715e+00
6.312037110328674316e-01
0.000000000000000000e+00
2.751532196998596191e-01
5.443250387907028198e-02
0.000000000000000000e+00
0.000000000000000000e+00
0.000000000000000000e+00
1.871970146894454956e-01
5.316011141985654831e-03
1.938450383022427559e-03
1.858767271041870117e-01
1.643581539392471313e-01
3.256445527076721191e-01
1.936878919601440430e+00
3.503429144620895386e-02
9.509119205176830292e-03
9.505506157875061035e-01
2.917202413082122803e-01
1.698907971382141113e+00
0.000000000000000000e+00
4.105266630649566650e-01
1.265141010284423828e+00
7.857390046119689941e-01
1.638754725456237793e+00
1.692753136157989502e-01
1.816893458366394043e+00
7.404140233993530273e-01
1.607097834348678589e-01
1.658226363360881805e-02
3.645182549953460693e-01
1.612242221832275391e+00
5.039474461227655411e-03
2.828140975907444954e-03
4.173933029174804688e+00
1.208545863628387451e-01
5.407806038856506348e-01
9.027188420295715332e-01
1.957269906997680664e-01
4.622121453285217285e-01
0.000000000000000000e+00
2.171368598937988281e+00
5.578542947769165039e-01
8.641892075538635254e-01
1.312968969345092773e+00
2.513053894042968750e+00
5.190989002585411072e-03
1.233608961105346680e+00
2.301781065762042999e-02
0.000000000000000000e+00
2.031884044408798218e-01
0.000000000000000000e+00
3.783160448074340820e-01
4.418242722749710083e-02
1.335022598505020142e-01
0.000000000000000000e+00
8.233317136764526367e-01
5.758450627326965332e-01
1.473325371742248535e+00
0.000000000000000000e+00
4.268464744091033936e-01
3.860757052898406982e-01
7.151001691818237305e-01
0.000000000000000000e+00
8.755850605666637421e-03
1.163233071565628052e-02
9.097688198089599609e-01
1.481612801551818848e+00
6.797083616256713867e-01
1.219413131475448608e-01
1.725886821746826172e+00
0.000000000000000000e+00
1.275684118270874023e+00
9.209343791007995605e-01
5.025963783264160156e-01
1.726396083831787109e-01
0.000000000000000000e+00
1.698164343833923340e+00
2.109803676605224609e+00
7.517147064208984375e-02
4.298313140869140625e+00
2.732158899307250977e-01
7.188563346862792969e-01
2.213455438613891602e-01
1.790672540664672852e-01
1.696901023387908936e-01
1.851342558860778809e+00
1.175217509269714355e+00
0.000000000000000000e+00
1.297199577093124390e-01
2.892748713493347168e-01
7.570846676826477051e-01
3.343383312225341797e+00
7.168063521385192871e-01
3.542425110936164856e-02
4.902797043323516846e-01
3.471649885177612305e-01
1.021208643913269043e+00
2.902501225471496582e-01
1.382057517766952515e-01
2.897074678912758827e-03
8.960224390029907227e-01
9.528276920318603516e-01
5.500252824276685715e-03
1.749432981014251709e-01
8.611509203910827637e-02
1.876128792762756348e+00
2.785992026329040527e-01
2.924077212810516357e-01
5.023561418056488037e-02
0.000000000000000000e+00
5.685117095708847046e-02
3.710941672325134277e-01
2.758244983851909637e-02
3.349023759365081787e-01
3.285377979278564453e+00
1.779393702745437622e-01
0.000000000000000000e+00
5.100713968276977539e-01
1.971440792083740234e+00
6.986575722694396973e-01
1.415220618247985840e+00
1.124285101890563965e+00
2.569508314132690430e+00
2.269495487213134766e+00
4.657573103904724121e-01
8.595452457666397095e-02
7.327165007591247559e-01
1.481871237047016621e-03
1.452702730894088745e-01
