3.957204818725585938e-01
0.000000000000000000e+00
1.717637032270431519e-01
1.898162603378295898e+00
8.453118205070495605e-01
3.846694231033325195e-01
7.240415811538696289e-01
2.888031244277954102e+00
6.572855472564697266e+00
1.255565285682678223e+00
5.361901223659515381e-02
1.499178171157836914e+00
5.386574864387512207e-01
1.432873964309692383e+00
2.925099134445190430e+00
1.296454071998596191e+00
6.377157568931579590e-01
2.961091995239257812e+00
4.771707653999328613e-01
5.572383105754852295e-02
1.878343820571899414e+00
0.000000000000000000e+00
9.409817308187484741e-02
2.394798040390014648e+00
3.227371871471405029e-01
1.902942545711994171e-02
6.225039064884185791e-02
3.023734092712402344e+00
3.925903141498565674e-01
1.806690916419029236e-02
6.465188693255186081e-03
2.999088726937770844e-02
8.434384465217590332e-01
4.307973384857177734e-01
9.025678038597106934e-01
3.624927759170532227e+00
1.886008232831954956e-01
1.324108690023422241e-01
5.279276967048645020e-01
5.152552723884582520e-01
6.760697364807128906e-01
4.512972831726074219e-01
1.523974984884262085e-01
4.471281051635742188e+00
6.956809759140014648e-01
6.837685704231262207e-01
3.788910508155822754e-01
7.045601010322570801e-01
4.930910170078277588e-01
1.200235962867736816e+00
3.221522569656372070e+00
5.058366432785987854e-02
1.872611045837402344e+00
2.899509072303771973e-01
1.261349201202392578e+00
1.135510429739952087e-01
1.009906768798828125e+00
8.065397851169109344e-03
1.806552767753601074e+00
2.338550239801406860e-01
8.170590549707412720e-02
3.724772715941071510e-03
0.000000000000000000e+00
1.268644690513610840e+00
1.526705026626586914e+00
8.131563663482666016e-01
8.091396093368530273e-02
2.341456413269042969e-01
9.129329919815063477e-01
6.497305035591125488e-01
0.000000000000000000e+00
4.707710742950439453e-01
5.945427343249320984e-02
5.902861952781677246e-01
5.179753303527832031e-01
2.120726823806762695e+00
0.000000000000000000e+00
6.355753540992736816e-01
1.782473176717758179e-01
1.450251698493957520e+00
3.678521607071161270e-03
4.069936275482177734e-01
2.466444730758666992e+00
9.437873959541320801e-02
1.884153723716735840e+00
2.197953015565872192e-01
1.517291784286499023e+00
1.232251059263944626e-02
4.698126912117004395e-01
2.068150229752063751e-02
2.299273759126663208e-01
1.416634917259216309e-01
0.000000000000000000e+00
0.000000000000000000e+00
7.452995777130126953e-01
4.054529666900634766e-01
5.492788553237915039e-01
6.038423776626586914e-01
6.760367657989263535e-03
2.697544358670711517e-02
4.122672136873006821e-03
2.917656600475311279e-01
2.594616077840328217e-02
9.831812381744384766e-01
1.722110629081726074e+00
1.173197180032730103e-01
1.336493968963623047e+00
5.192827582359313965e-01
3.911303281784057617e-01
2.982002794742584229e-01
1.767765402793884277e+00
1.743595115840435028e-02
6.257495880126953125e-01
6.028724312782287598e-01
3.254844844341278076e-01
7.001345604658126831e-02
2.052894085645675659e-01
5.093746259808540344e-02
7.666563391685485840e-01
2.399404048919677734e+00
1.889167070388793945e+00
3.910783827304840088e-01
3.439956530928611755e-02
1.502720713615417480e+00
8.472814559936523438e-01
7.143186330795288086e-01
0.000000000000000000e+00
6.333885788917541504e-01
1.701365113258361816e+00
1.862432807683944702e-01
0.000000000000000000e+00
1.010095715522766113e+00
3.824392855167388916e-01
8.944363147020339966e-02
7.228918671607971191e-01
7.715033367276191711e-03
2.421140298247337341e-02
4.500819206237792969e+00
0.000000000000000000e+00
1.596949547529220581e-01
1.555974483489990234e-01
2.122032791376113892e-01
2.207605838775634766e+00
6.720444653183221817e-04
7.696022838354110718e-02
4.376471042633056641e-01
8.672309517860412598e-01
6.590934395790100098e-01
1.292667627334594727e+00
2.020013928413391113e-01
6.808288574218750000e+00
8.537667244672775269e-02
2.012809924781322479e-02
3.985516130924224854e-01
2.138682365417480469e+00
9.850762486457824707e-01
1.798744946718215942e-01
1.020133718848228455e-01
1.915638446807861328e+00
1.249860823154449463e-01
1.605573743581771851e-01
6.948260664939880371e-01
1.854888916015625000e+00
1.109377369284629822e-01
2.185984551906585693e-01
4.908904135227203369e-01
3.769127652049064636e-03
0.000000000000000000e+00
1.000968933105468750e+00
3.538239717483520508e+00
5.793777704238891602e-01
2.866136431694030762e-01
7.867294549942016602e-02
1.034756064414978027e+00
2.632073462009429932e-01
6.996130466461181641e+00
0.000000000000000000e+00
5.609740968793630600e-03
3.808082044124603271e-01
2.671146094799041748e-01
0.000000000000000000e+00
7.872296497225761414e-03
4.712502062320709229e-01
2.728981494903564453e+00
1.566562205553054810e-01
0.000000000000000000e+00
3.089140951633453369e-01
1.009803652763366699e+00
2.013366483151912689e-02
1.178230419754981995e-01
0.000000000000000000e+00
3.431035950779914856e-02
8.711721897125244141e-01
7.218170166015625000e-01
1.204132914543151855e+00
7.462002635002136230e-01
1.085747957229614258e+00
3.151526451110839844e-01
4.020081758499145508e-01
8.635119795799255371e-01
8.859496712684631348e-01
3.800671994686126709e-01
9.066786170005798340e-01
8.686792850494384766e-01
3.119883239269256592e-01
2.788060903549194336e-02
4.035706818103790283e-01
5.704547837376594543e-02
4.797755740582942963e-03
1.368486046791076660e+00
1.503715813159942627e-01
3.452723845839500427e-02
4.734340608119964600e-01
3.464473783969879150e-01
4.923424124717712402e-01
1.063768744468688965e+00
9.734511375427246094e-02
1.467915326356887817e-01
1.541550278663635254e+00
1.392008900642395020e+00
3.964390233159065247e-02
3.329209387302398682e-01
3.753083646297454834e-01
9.713577479124069214e-02
1.101501435041427612e-01
0.000000000000000000e+00
1.773255765438079834e-01
4.887050762772560120e-02
7.561731035821139812e-04
1.013323739171028137e-01
4.451199248433113098e-02
5.503720641136169434e-01
1.391028523445129395e+00
2.258332729339599609e+00
3.766578137874603271e-01
6.691399216651916504e-01
2.248354434967041016e+00
3.438179492950439453e-01
3.750581527128815651e-03
1.015597462654113770e+00
9.079108387231826782e-02
1.784202456474304199e-01
2.196845225989818573e-02
3.999430656433105469e+00
5.464103817939758301e-01
6.351526975631713867e-01
9.133626818656921387e-01
2.096417360007762909e-02
1.739095091819763184e+00
1.083805322647094727e+00
7.049200125038623810e-03
8.411394357681274414e-01
6.215199083089828491e-02
8.231476545333862305e-01
4.811436235904693604e-01
6.968147307634353638e-02
1.035415604710578918e-01
0.000000000000000000e+00
2.958529591560363770e-01
1.736674904823303223e-01
1.164358139038085938e+00
6.481133699417114258e-01
1.660702563822269440e-02
1.500804126262664795e-01
0.000000000000000000e+00
0.000000000000000000e+00
1.816980481147766113e+00
2.990031614899635315e-03
2.878307923674583435e-02
0.000000000000000000e+00
1.558629631996154785e+00
2.373314648866653442e-02
5.697265267372131348e-01
1.179786995053291321e-01
2.547581195831298828e-01
7.882780432701110840e-01
2.301699295639991760e-02
4.897836744785308838e-01
7.958883643150329590e-01
1.066475510597229004e-01
2.918669581413269043e-01
3.166240751743316650e-01
1.405449360609054565e-01
6.047053933143615723e-01
4.874502718448638916e-01
1.163401603698730469e+00
1.357233643531799316e+00
6.208064779639244080e-02
4.370149672031402588e-01
8.379105478525161743e-03
1.959765791893005371e+00
9.155686497688293457e-01
0.000000000000000000e+00
3.075402975082397461e-01
2.710271254181861877e-02
5.965985655784606934e-01
1.645377427339553833e-01
2.411642670631408691e-01
1.156724452972412109e+00
4.843968391418457031e+00
3.535986840724945068e-01
0.000000000000000000e+00
2.612417638301849365e-01
3.482656553387641907e-03
3.514625132083892822e-02
2.822439670562744141e-01
0.000000000000000000e+00
0.000000000000000000e+00
0.000000000000000000e+00
7.094309926033020020e-01
4.698538482189178467e-01
0.000000000000000000e+00
4.439203813672065735e-02
1.388845562934875488e+00
2.681725919246673584e-01
4.223117828369140625e-01
0.000000000000000000e+00
4.938859641551971436e-01
1.062844753265380859e+00
9.703006595373153687e-02
2.081615686416625977e+00
6.927749607712030411e-03
1.013592407107353210e-01
3.977564722299575806e-02
5.044953152537345886e-02
4.329322874546051025e-01
3.517577797174453735e-02
0.000000000000000000e+00
7.903077602386474609e-01
4.997101426124572754e-01
0.000000000000000000e+00
0.000000000000000000e+00
6.995298862457275391e-01
7.733735255897045135e-03
2.923803403973579407e-02
2.284821867942810059e-01
1.458589792251586914e+00
3.430591523647308350e-01
7.597777247428894043e-01
1.963983774185180664e+00
5.094176158308982849e-02
2.867763489484786987e-02
3.870838284492492676e-01
5.740081891417503357e-02
1.011656165122985840e+00
8.114413619041442871e-01
1.552515178918838501e-01
1.180870924144983292e-02
2.070830911397933960e-01
1.644564867019653320e-01
1.720094680786132812e-01
1.554529905319213867e+00
2.505032718181610107e-01
0.000000000000000000e+00
1.130920499563217163e-01
6.624842882156372070e-01
0.000000000000000000e+00
1.906583458185195923e-01
7.780186715535819530e-04
4.286305010318756104e-01
1.829067468643188477e-01
1.242692209780216217e-02
1.233884572982788086e+00
3.789322376251220703e-01
9.990028142929077148e-01
9.688987731933593750e-01
3.757722079753875732e-01
1.502836346626281738e+00
2.105826854705810547e+00
4.420979414135217667e-03
4.577043056488037109e-01
1.278110742568969727e+00
1.085866808891296387e+00
5.126024484634399414e-01
9.231629371643066406e-01
8.098578080534934998e-03
0.000000000000000000e+00
0.000000000000000000e+00
1.251423824578523636e-02
6.800209879875183105e-01
5.598885565996170044e-02
3.778420925140380859e+00
1.292649030685424805e+00
3.335803151130676270e-01
0.000000000000000000e+00
7.006587386131286621e-01
3.725406154990196228e-02
0.000000000000000000e+00
0.000000000000000000e+00
1.787598803639411926e-02
4.018334671854972839e-02
1.504907291382551193e-02
0.000000000000000000e+00
4.360827431082725525e-02
3.608357906341552734e-01
5.841542482376098633e-01
1.178002357482910156e+00
1.366896480321884155e-01
2.792564593255519867e-02
8.330211639404296875e-01
1.726364046335220337e-01
1.400710463523864746e+00
0.000000000000000000e+00
1.690438091754913330e-01
8.158633708953857422e-01
7.202638983726501465e-01
1.195099711418151855e+00
3.889760673046112061e-01
1.124613165855407715e+00
3.481134474277496338e-01
3.443099558353424072e-02
1.773169450461864471e-02
4.043081104755401611e-01
1.746876001358032227e+00
1.436127786291763186e-05
6.386953755281865597e-04
3.547833681106567383e+00
1.791105419397354126e-02
3.115933835506439209e-01
6.531733870506286621e-01
4.410155415534973145e-01
8.937460184097290039e-01
0.000000000000000000e+00
2.431888341903686523e+00
6.954915523529052734e-01
5.981372594833374023e-01
5.588493347167968750e-01
2.622252464294433594e+00
0.000000000000000000e+00
1.169400215148925781e+00
1.324736233800649643e-02
7.972514256834983826e-03
1.436996826669201255e-04
4.521156847476959229e-02
3.076402470469474792e-02
2.567351162433624268e-01
7.465031743049621582e-01
0.000000000000000000e+00
2.949321269989013672e-01
2.764565050601959229e-01
9.385582208633422852e-01
0.000000000000000000e+00
1.202562451362609863e-01
1.639426052570343018e-01
5.540528297424316406e-01
3.220433369278907776e-02
0.000000000000000000e+00
1.376431528478860855e-02
4.513612091541290283e-01
1.046163678169250488e+00
6.663464903831481934e-01
2.408124506473541260e-01
2.105489492416381836e+00
0.000000000000000000e+00
1.562106847763061523e+00
3.368435204029083252e-01
2.451853752136230469e-01
4.189341068267822266e-01
0.000000000000000000e+00
1.508869051933288574e+00
2.689960718154907227e+00
1.526944786310195923e-01
3.542314767837524414e+00
3.448627293109893799e-01
4.532388746738433838e-01
5.382420867681503296e-02
4.127997159957885742e-02
5.205202698707580566e-01
6.622139215469360352e-01
1.043825030326843262e+00
0.000000000000000000e+00
4.226638674736022949e-01
4.249531030654907227e-01
3.627082109451293945e-01
2.593655347824096680e+00
2.544979453086853027e-01
0.000000000000000000e+00
5.935780704021453857e-02
5.700583457946777344e-01
6.100547313690185547e-01
2.665119245648384094e-02
2.049160934984683990e-02
8.377925306558609009e-02
1.001184344291687012e+00
8.577682971954345703e-01
0.000000000000000000e+00
6.745812296867370605e-01
1.524326503276824951e-01
1.426817297935485840e+00
5.210091918706893921e-02
4.761876165866851807e-02
2.214819937944412231e-01
1.471744570881128311e-02
2.308486551046371460e-01
4.302104115486145020e-01
5.023831129074096680e-02
3.159430623054504395e-01
2.601560115814208984e+00
3.681746125221252441e-01
0.000000000000000000e+00
2.762603461742401123e-01
1.077986598014831543e+00
3.278295397758483887e-01
1.308588266372680664e+00
1.045317053794860840e+00
1.984033226966857910e+00
1.792651295661926270e+00
5.073034763336181641e-01
3.174840807914733887e-01
1.216973066329956055e+00
0.000000000000000000e+00
1.937688514590263367e-02
