4.145201444625854492e-01
0.000000000000000000e+00
3.695875033736228943e-02
2.374436855316162109e+00
6.065787672996520996e-01
1.697300523519515991e-01
7.544515132904052734e-01
3.166786670684814453e+00
7.215141773223876953e+00
1.548983693122863770e+00
2.906963825225830078e-01
9.953315854072570801e-01
6.764000654220581055e-01
1.125211715698242188e+00
2.646677017211914062e+00
7.239778041839599609e-01
4.968898296356201172e-01
2.509850025177001953e+00
1.009523272514343262e+00
2.568491399288177490e-01
1.699470043182373047e+00
4.483949858695268631e-03
1.592340320348739624e-01
2.356145143508911133e+00
7.157023251056671143e-02
4.668010026216506958e-02
1.376729309558868408e-01
2.136298418045043945e+00
5.105756521224975586e-01
4.759907256811857224e-03
2.435710579156875610e-01
1.141634956002235413e-01
5.626363754272460938e-01
5.714758038520812988e-01
7.007139325141906738e-01
3.495804071426391602e+00
1.150258854031562805e-01
0.000000000000000000e+00
1.102258563041687012e+00
4.454790055751800537e-01
6.044392585754394531e-01
2.981838881969451904e-01
2.215607911348342896e-01
4.021959304809570312e+00
1.102286219596862793e+00
1.274899482727050781e+00
1.211700588464736938e-02
1.433518886566162109e+00
3.825384080410003662e-01
1.671878337860107422e+00
2.718917846679687500e+00
5.494758021086454391e-03
2.172051429748535156e+00
2.569150626659393311e-01
9.822551608085632324e-01
1.115501858294010162e-03
3.320878446102142334e-01
2.148934602737426758e-01
1.697818517684936523e+00
5.043342709541320801e-01
3.804168198257684708e-03
1.048765555024147034e-01
0.000000000000000000e+00
1.066951036453247070e+00
1.843849420547485352e+00
1.154434606432914734e-01
4.003940895199775696e-02
5.419320464134216309e-01
1.402836680412292480e+00
2.176755219697952271e-01
0.000000000000000000e+00
1.856246441602706909e-01
4.920148551464080811e-01
5.946159362792968750e-01
8.432509303092956543e-01
2.050798416137695312e+00
0.000000000000000000e+00
4.229756593704223633e-01
7.263801097869873047e-01
1.367478013038635254e+00
0.000000000000000000e+00
6.573247313499450684e-01
3.156969785690307617e+00
1.829362940043210983e-03
2.336644649505615234e+00
7.725117355585098267e-02
2.130178689956665039e+00
3.071118704974651337e-02
8.542308211326599121e-01
6.695554591715335846e-03
6.199096143245697021e-02
2.861090935766696930e-02
2.739589102566242218e-02
0.000000000000000000e+00
1.503208041191101074e+00
1.882370710372924805e-01
7.362936735153198242e-01
7.703568935394287109e-01
3.686208128929138184e-01
0.000000000000000000e+00
3.802307415753602982e-03
2.358729951083660126e-02
4.272326081991195679e-02
1.053315401077270508e+00
1.205362558364868164e+00
1.231708526611328125e-01
1.664471626281738281e+00
1.113248586654663086e+00
1.338254213333129883e-01
3.144979178905487061e-01
2.155939102172851562e+00
1.021652016788721085e-02
7.588862180709838867e-01
8.288073539733886719e-01
7.749576568603515625e-01
1.115447208285331726e-01
1.397781912237405777e-02
1.676291972398757935e-01
7.801228761672973633e-01
1.579814672470092773e+00
8.993256688117980957e-01
6.380201578140258789e-01
0.000000000000000000e+00
8.966119289398193359e-01
6.628606319427490234e-01
3.419648408889770508e-01
0.000000000000000000e+00
5.380887985229492188e-01
1.566657781600952148e+00
2.066455185413360596e-01
0.000000000000000000e+00
9.628873467445373535e-01
3.762216567993164062e-01
7.291200011968612671e-02
3.959901034832000732e-01
4.825313761830329895e-02
2.673337049782276154e-02
4.791587352752685547e+00
0.000000000000000000e+00
6.195504218339920044e-02
1.524137556552886963e-01
3.028242886066436768e-01
1.627226233482360840e+00
0.000000000000000000e+00
2.457404322922229767e-02
6.269620060920715332e-01
7.938269376754760742e-01
5.774889588356018066e-01
2.095652580261230469e+00
4.508422687649726868e-02
6.974929809570312500e+00
3.142600655555725098e-01
1.847462654113769531e-01
4.544052779674530029e-01
1.945072531700134277e+00
1.186451435089111328e+00
1.073519065976142883e-01
1.636006981134414673e-01
2.746061563491821289e+00
0.000000000000000000e+00
4.699669405817985535e-02
1.086290597915649414e+00
6.577280163764953613e-01
1.623099744319915771e-01
9.704772382974624634e-02
9.680600762367248535e-01
3.326271846890449524e-02
0.000000000000000000e+00
9.005565643310546875e-01
3.023160696029663086e+00
4.336834251880645752e-01
5.531575679779052734e-01
1.726789623498916626e-01
9.160638451576232910e-01
4.704374372959136963e-01
7.798285961151123047e+00
0.000000000000000000e+00
2.415383607149124146e-01
1.615467220544815063e-01
5.997740849852561951e-02
0.000000000000000000e+00
4.256585240364074707e-02
1.512878537178039551e-01
2.957662820816040039e+00
2.480991482734680176e-01
0.000000000000000000e+00
5.011573433876037598e-01
3.873120546340942383e-01
0.000000000000000000e+00
0.000000000000000000e+00
0.000000000000000000e+00
4.045557696372270584e-03
6.004249453544616699e-01
2.848525941371917725e-01
7.291506528854370117e-01
6.635971665382385254e-01
1.102583289146423340e+00
2.934931814670562744e-01
2.985844314098358154e-01
8.986501097679138184e-01
1.352864742279052734e+00
1.735360771417617798e-01
5.151308178901672363e-01
1.247471690177917480e+00
2.282944619655609131e-01
7.761390879750251770e-03
8.583731055259704590e-01
7.641569525003433228e-02
0.000000000000000000e+00
1.751937150955200195e+00
2.956619858741760254e-01
1.752717941999435425e-01
5.263598561286926270e-01
9.042665958404541016e-01
6.144714355468750000e-01
5.361393690109252930e-01
4.891990497708320618e-02
1.361218690872192383e-01
1.630732297897338867e+00
1.476323962211608887e+00
0.000000000000000000e+00
3.505173027515411377e-01
2.594816684722900391e-01
2.065742611885070801e-01
2.493573725223541260e-01
0.000000000000000000e+00
1.746285706758499146e-02
2.352169752120971680e-01
7.291698828339576721e-03
5.793656408786773682e-02
1.360187232494354248e-01
4.816625416278839111e-01
2.611326217651367188e+00
2.665014743804931641e+00
3.684478998184204102e-01
1.555184602737426758e+00
2.325754404067993164e+00
3.958029747009277344e-01
9.355572983622550964e-03
1.291638731956481934e+00
1.959003657102584839e-01
2.961576730012893677e-02
1.334617584943771362e-01
3.036505222320556641e+00
6.572247743606567383e-01
4.947232902050018311e-01
1.165944576263427734e+00
0.000000000000000000e+00
2.038447141647338867e+00
1.880904912948608398e+00
0.000000000000000000e+00
7.254323959350585938e-01
6.246696040034294128e-02
1.729227662086486816e+00
6.717338562011718750e-01
3.530671074986457825e-02
1.888496614992618561e-02
0.000000000000000000e+00
3.970962949097156525e-03
2.330673485994338989e-02
1.154935717582702637e+00
1.687994599342346191e-01
1.394568476825952530e-02
4.890589043498039246e-02
0.000000000000000000e+00
2.567788027226924896e-02
3.025490522384643555e+00
0.000000000000000000e+00
6.214080005884170532e-02
0.000000000000000000e+00
1.596222519874572754e+00
0.000000000000000000e+00
9.746131896972656250e-01
1.916288398206233978e-02
2.384508401155471802e-01
4.604708254337310791e-01
1.568517237901687622e-01
6.835355162620544434e-01
4.659166038036346436e-01
1.402955949306488037e-01
5.453048273921012878e-02
3.691443502902984619e-01
5.244972109794616699e-01
1.276739239692687988e-01
6.903574466705322266e-01
1.093649029731750488e+00
1.140041351318359375e+00
1.346408575773239136e-02
5.154362916946411133e-01
4.602858796715736389e-02
1.384329915046691895e+00
1.656443476676940918e+00
5.166154727339744568e-02
8.837640285491943359e-03
4.607288911938667297e-02
3.524052202701568604e-01
1.412056386470794678e-01
3.771166503429412842e-01
1.005080342292785645e+00
5.813373565673828125e+00
8.433927297592163086e-01
1.048986613750457764e-01
4.977895915508270264e-01
0.000000000000000000e+00
0.000000000000000000e+00
6.490646004676818848e-01
0.000000000000000000e+00
0.000000000000000000e+00
8.829475264064967632e-04
1.042135208845138550e-01
1.161941766738891602e+00
0.000000000000000000e+00
9.513268247246742249e-03
1.220232367515563965e+00
6.238510087132453918e-02
3.247479498386383057e-01
0.000000000000000000e+00
3.676363527774810791e-01
1.242756247520446777e+00
3.561611473560333252e-01
2.053463935852050781e+00
0.000000000000000000e+00
1.802995651960372925e-01
1.189420521259307861e-01
9.577557444572448730e-02
7.851931452751159668e-01
2.396201482042670250e-03
0.000000000000000000e+00
2.264137417078018188e-01
8.415703177452087402e-01
6.504633463919162750e-03
0.000000000000000000e+00
1.210505366325378418e+00
5.725957825779914856e-02
1.475933641195297241e-01
3.116081357002258301e-01
1.308332324028015137e+00
3.193444311618804932e-01
7.264743447303771973e-01
1.395770549774169922e+00
3.877490758895874023e-02
2.477053739130496979e-02
5.632201954722404480e-02
2.564535140991210938e-01
7.976812124252319336e-01
1.001029491424560547e+00
4.181453958153724670e-02
2.352796494960784912e-02
2.824396491050720215e-01
5.736684203147888184e-01
1.538528054952621460e-01
1.480811238288879395e+00
2.978424727916717529e-01
0.000000000000000000e+00
3.244854807853698730e-01
7.260491251945495605e-01
0.000000000000000000e+00
2.765799462795257568e-01
2.841081283986568451e-02
1.088216543197631836e+00
1.958444267511367798e-01
0.000000000000000000e+00
2.660068273544311523e-01
3.298295140266418457e-01
1.604448676109313965e+00
1.354573488235473633e+00
4.812909662723541260e-01
1.430097460746765137e+00
1.986716747283935547e+00
0.000000000000000000e+00
6.204922199249267578e-01
1.264219045639038086e+00
5.594570040702819824e-01
2.817719578742980957e-01
4.391529262065887451e-01
0.000000000000000000e+00
4.719555377960205078e-02
5.297794193029403687e-02
2.584138698875904083e-02
5.374883413314819336e-01
2.089624404907226562e-01
3.370280981063842773e+00
2.396237850189208984e+00
3.435871005058288574e-01
0.000000000000000000e+00
7.880424261093139648e-01
2.397987805306911469e-02
0.000000000000000000e+00
2.601320855319499969e-03
2.187002077698707581e-02
1.925107687711715698e-01
1.207653060555458069e-01
0.000000000000000000e+00
9.952981024980545044e-02
4.098224639892578125e-02
6.727262139320373535e-01
1.744296312332153320e+00
1.165107265114784241e-02
8.906017988920211792e-02
1.621438741683959961e+00
4.045569896697998047e-02
1.308288574218750000e+00
2.788077108561992645e-03
7.033956050872802734e-02
1.370847225189208984e+00
7.018808722496032715e-01
1.542692542076110840e+00
1.459649652242660522e-01
1.528372645378112793e+00
6.716118454933166504e-01
2.277108430862426758e-01
1.321330666542053223e-03
7.338144779205322266e-01
1.767900705337524414e+00
8.006550371646881104e-02
0.000000000000000000e+00
4.572024345397949219e+00
2.030861005187034607e-02
8.248293995857238770e-01
5.959795713424682617e-01
2.888193428516387939e-01
2.584747672080993652e-01
0.000000000000000000e+00
3.171959877014160156e+00
4.057290852069854736e-01
5.399923920631408691e-01
1.004734992980957031e+00
2.124779701232910156e+00
0.000000000000000000e+00
1.635429024696350098e+00
2.935802191495895386e-02
8.278380334377288818e-02
1.014139950275421143e-01
0.000000000000000000e+00
1.241182610392570496e-01
7.170049101114273071e-02
2.617321610450744629e-01
7.539476733654737473e-03
8.079382181167602539e-01
3.351816833019256592e-01
1.076475024223327637e+00
4.062545485794544220e-05
2.387177571654319763e-02
4.626373648643493652e-01
4.024560153484344482e-01
2.371319010853767395e-02
0.000000000000000000e+00
0.000000000000000000e+00
5.219690799713134766e-01
1.197254896163940430e+00
7.972269654273986816e-01
7.087302207946777344e-02
2.504002809524536133e+00
0.000000000000000000e+00
7.828671336174011230e-01
5.036423206329345703e-01
2.287709712982177734e-01
3.336362242698669434e-01
0.000000000000000000e+00
1.369582176208496094e+00
2.752861976623535156e+00
1.982019692659378052e-01
3.606743335723876953e+00
0.000000000000000000e+00
9.537367224693298340e-01
2.323411218822002411e-02
5.293416231870651245e-02
2.739056758582592010e-02
1.847465157508850098e+00
7.106834650039672852e-01
0.000000000000000000e+00
3.305832147598266602e-01
5.346587300300598145e-01
5.512236952781677246e-01
3.371943235397338867e+00
4.735479354858398438e-01
0.000000000000000000e+00
3.312447965145111084e-01
4.336315691471099854e-01
1.838090300559997559e+00
3.481684327125549316e-01
0.000000000000000000e+00
3.300572978332638741e-03
1.095910072326660156e+00
8.345842957496643066e-01
0.000000000000000000e+00
8.921710848808288574e-01
1.996966749429702759e-01
2.172253131866455078e+00
4.724860563874244690e-02
3.853679597377777100e-01
1.731609553098678589e-01
2.370513509958982468e-03
2.737326920032501221e-01
6.017041206359863281e-01
1.483336929231882095e-02
1.083996519446372986e-01
3.719653844833374023e+00
1.488232612609863281e-01
0.000000000000000000e+00
3.699899017810821533e-01
1.039447426795959473e+00
4.659276902675628662e-01
1.067937612533569336e+00
9.639840722084045410e-01
2.403229951858520508e+00
2.535985231399536133e+00
3.574478030204772949e-01
2.584630250930786133e-01
5.731362700462341309e-01
0.000000000000000000e+00
7.931344956159591675e-02
