3.203638494014739990e-01
0.000000000000000000e+00
2.334768138825893402e-02
2.677163600921630859e+00
9.021087288856506348e-01
2.804290056228637695e-01
7.212086915969848633e-01
2.442711114883422852e+00
7.185081005096435547e+00
1.551336169242858887e+00
1.557532250881195068e-01
1.669104576110839844e+00
2.268361747264862061e-01
1.187572479248046875e+00
1.928357481956481934e+00
1.108422040939331055e+00
1.185861229896545410e+00
2.733259439468383789e+00
1.182669997215270996e+00
1.602618843317031860e-01
1.920102953910827637e+00
0.000000000000000000e+00
3.007019758224487305e-01
3.008512496948242188e+00
4.136677086353302002e-02
9.422904113307595253e-04
5.138008669018745422e-02
1.934305548667907715e+00
4.345975518226623535e-01
2.696778811514377594e-02
0.000000000000000000e+00
3.356632776558399200e-03
9.596584439277648926e-01
1.150230884552001953e+00
6.277034282684326172e-01
2.911684989929199219e+00
3.472519516944885254e-01
2.034152448177337646e-01
6.011788547039031982e-02
7.537264823913574219e-01
1.654033213853836060e-01
8.414074778556823730e-03
8.639456033706665039e-01
5.451902866363525391e+00
2.170658856630325317e-01
1.152575612068176270e+00
8.394394814968109131e-02
1.384253382682800293e+00
1.027861088514328003e-01
1.198444843292236328e+00
3.945661306381225586e+00
0.000000000000000000e+00
2.258396148681640625e+00
8.149900287389755249e-02
1.440304756164550781e+00
6.568433344364166260e-02
5.283637717366218567e-02
9.360846132040023804e-02
2.705900192260742188e+00
1.999340802431106567e-01
3.554395399987697601e-03
1.456834971904754639e-01
2.064062049612402916e-03
5.811788439750671387e-01
1.401536464691162109e+00
1.082904577255249023e+00
4.233817160129547119e-01
2.652244567871093750e-01
9.801996946334838867e-01
3.010489642620086670e-01
0.000000000000000000e+00
0.000000000000000000e+00
5.774331465363502502e-02
1.942979574203491211e+00
6.829583644866943359e-01
9.162216186523437500e-01
2.899671345949172974e-02
9.361581206321716309e-01
1.841163933277130127e-01
1.554736375808715820e+00
1.561520155519247055e-02
4.667176604270935059e-01
3.246660709381103516e+00
8.686830289661884308e-03
2.738156557083129883e+00
7.118199020624160767e-02
9.277214407920837402e-01
6.593951582908630371e-02
3.383197784423828125e-01
1.896451860666275024e-01
7.157145440578460693e-02
0.000000000000000000e+00
0.000000000000000000e+00
0.000000000000000000e+00
3.893574178218841553e-01
4.671581685543060303e-01
9.746931195259094238e-01
1.109299659729003906e+00
3.117063045501708984e-01
8.085311204195022583e-02
6.922647356986999512e-03
1.803691834211349487e-01
7.293416559696197510e-02
1.240875244140625000e+00
1.366204023361206055e+00
9.818192571401596069e-03
1.057535529136657715e+00
8.967804312705993652e-01
2.182363420724868774e-01
3.675481677055358887e-01
1.220196604728698730e+00
1.620403118431568146e-02
4.856779575347900391e-01
1.857926398515701294e-01
1.171400547027587891e+00
2.315560877323150635e-01
1.875805854797363281e-01
1.163605228066444397e-01
1.825804710388183594e+00
2.897658586502075195e+00
1.233408331871032715e+00
6.053475141525268555e-01
8.230158127844333649e-03
1.695362448692321777e+00
1.083539247512817383e+00
7.828764319419860840e-01
6.659855716861784458e-04
7.597600221633911133e-01
1.681956529617309570e+00
8.289594203233718872e-02
4.066073521971702576e-02
1.041225910186767578e+00
2.493305206298828125e-01
4.790242761373519897e-02
2.905835807323455811e-01
1.353208422660827637e-01
1.067404597997665405e-01
5.702855110168457031e+00
0.000000000000000000e+00
1.599252671003341675e-01
1.167213451117277145e-02
5.319646000862121582e-01
1.887422800064086914e+00
0.000000000000000000e+00
0.000000000000000000e+00
4.650535583496093750e-01
1.090192198753356934e+00
1.651534289121627808e-01
1.636106371879577637e+00
5.225514248013496399e-02
5.727090358734130859e+00
3.629324734210968018e-01
1.543299555778503418e-01
5.614344477653503418e-01
1.439614415168762207e+00
1.436194777488708496e+00
3.432161360979080200e-02
6.159537937492132187e-03
1.930063962936401367e+00
3.253212571144104004e-01
1.832430213689804077e-01
1.014411211013793945e+00
1.654152572154998779e-01
3.645143238827586174e-03
1.803872138261795044e-01
6.520171761512756348e-01
0.000000000000000000e+00
0.000000000000000000e+00
6.203995347023010254e-01
2.514736175537109375e+00
6.542524695396423340e-01
1.069552779197692871e+00
1.468039602041244507e-01
4.615483880043029785e-01
5.817390084266662598e-01
6.507062435150146484e+00
0.000000000000000000e+00
4.516165331006050110e-02
3.666866123676300049e-01
5.131713673472404480e-02
0.000000000000000000e+00
6.360364705324172974e-02
6.767881512641906738e-01
4.679652690887451172e+00
1.158534511923789978e-01
9.277023375034332275e-03
6.347311139106750488e-01
7.270172834396362305e-01
0.000000000000000000e+00
0.000000000000000000e+00
0.000000000000000000e+00
7.833943818695843220e-04
1.021777749061584473e+00
8.984050750732421875e-01
2.149399042129516602e+00
7.617249488830566406e-01
1.032304048538208008e+00
6.361979991197586060e-02
1.620820015668869019e-01
5.079306960105895996e-01
1.035359144210815430e+00
2.828035950660705566e-01
6.602399945259094238e-01
1.229068398475646973e+00
4.884669780731201172e-01
8.824783377349376678e-03
2.110527753829956055e+00
2.609132230281829834e-02
7.309702783823013306e-02
8.114335536956787109e-01
1.570150628685951233e-02
4.329122006893157959e-01
3.471822738647460938e-01
5.907227396965026855e-01
9.251816272735595703e-01
3.293495774269104004e-01
3.270842134952545166e-01
2.484977245330810547e-01
2.280643701553344727e+00
6.262208819389343262e-01
0.000000000000000000e+00
1.245483875274658203e+00
2.962836921215057373e-01
2.204071432352066040e-01
2.986471354961395264e-02
0.000000000000000000e+00
1.197165548801422119e-01
7.376688718795776367e-01
6.439647078514099121e-02
5.988524556159973145e-01
7.479426264762878418e-02
1.686910837888717651e-01
2.545775175094604492e+00
1.294781208038330078e+00
3.833337724208831787e-01
1.066834092140197754e+00
3.110694646835327148e+00
4.782558381557464600e-01
0.000000000000000000e+00
6.990929245948791504e-01
0.000000000000000000e+00
2.672143280506134033e-02
7.354996204376220703e-01
3.371691465377807617e+00
1.501929640769958496e+00
4.202622175216674805e-01
6.387826204299926758e-01
1.126231718808412552e-02
1.773709774017333984e+00
7.901133298873901367e-01
1.021753698587417603e-01
8.084940314292907715e-01
1.975511014461517334e-02
1.036071300506591797e+00
1.295556306838989258e+00
1.358403414487838745e-01
5.917345732450485229e-02
0.000000000000000000e+00
2.388183772563934326e-01
2.345148175954818726e-01
1.368702173233032227e+00
1.767910271883010864e-01
1.999943889677524567e-02
1.126551628112792969e-01
4.314979305490851402e-04
4.329196643084287643e-03
1.768428087234497070e+00
7.991547882556915283e-02
1.184011772274971008e-01
1.017950698733329773e-01
1.746439337730407715e+00
0.000000000000000000e+00
4.441792070865631104e-01
5.142788290977478027e-01
4.131917655467987061e-02
6.700890660285949707e-01
9.849573671817779541e-02
1.763333201408386230e+00
9.933835864067077637e-01
7.991337031126022339e-02
1.479510962963104248e-01
6.026608943939208984e-01
2.419095635414123535e-01
3.145676255226135254e-01
1.065165758132934570e+00
7.858809232711791992e-01
7.234268188476562500e-01
6.301141530275344849e-02
0.000000000000000000e+00
1.815756708383560181e-01
2.299433708190917969e+00
6.076478958129882812e-01
5.895455479621887207e-01
7.411903887987136841e-02
2.136652320623397827e-01
3.960698544979095459e-01
2.095475792884826660e-01
7.329934835433959961e-02
9.847300648689270020e-01
6.373684406280517578e+00
5.130377411842346191e-01
1.764754951000213623e-02
7.891889214515686035e-01
0.000000000000000000e+00
1.436050236225128174e-01
1.045420467853546143e-01
9.686196222901344299e-03
0.000000000000000000e+00
4.775006527779623866e-05
7.073468565940856934e-01
7.889379262924194336e-01
1.123035475611686707e-01
4.564991593360900879e-02
8.199391365051269531e-01
1.126788556575775146e-02
8.709322810173034668e-01
0.000000000000000000e+00
6.032480001449584961e-01
6.964417099952697754e-01
1.443920880556106567e-01
2.079818964004516602e+00
0.000000000000000000e+00
4.526537060737609863e-01
5.891299247741699219e-02
0.000000000000000000e+00
7.560786604881286621e-02
9.404560178518295288e-02
0.000000000000000000e+00
8.899511098861694336e-01
2.235073298215866089e-01
0.000000000000000000e+00
9.319705888628959656e-03
7.073931097984313965e-01
3.894858527928590775e-03
7.812389638274908066e-03
5.816924571990966797e-01
1.478365063667297363e+00
3.278960585594177246e-01
3.918428122997283936e-01
1.483400225639343262e+00
1.778239160776138306e-01
1.101171970367431641e-02
4.187275469303131104e-02
3.313874127343297005e-03
5.661286711692810059e-01
8.905338048934936523e-01
1.044179350137710571e-01
7.243443280458450317e-02
5.236598849296569824e-01
6.832944154739379883e-01
9.095633774995803833e-02
3.341954946517944336e-01
2.523442208766937256e-01
1.893901452422142029e-02
0.000000000000000000e+00
6.600868105888366699e-01
0.000000000000000000e+00
2.324180603027343750e-01
7.720225304365158081e-02
9.874767065048217773e-01
3.439223468303680420e-01
4.183762148022651672e-02
1.124812960624694824e+00
5.275648832321166992e-01
1.631458044052124023e+00
1.252879023551940918e+00
7.259262800216674805e-01
2.028764247894287109e+00
1.412867903709411621e+00
0.000000000000000000e+00
3.284290134906768799e-01
1.066333532333374023e+00
1.124116539955139160e+00
2.607315778732299805e-01
8.948518037796020508e-01
2.201829850673675537e-02
1.495749130845069885e-02
1.477080583572387695e-01
5.135187879204750061e-02
9.206872582435607910e-01
8.549805879592895508e-01
4.463047504425048828e+00
1.232460498809814453e+00
3.956612050533294678e-01
0.000000000000000000e+00
9.411597251892089844e-01
5.450603738427162170e-02
0.000000000000000000e+00
0.000000000000000000e+00
2.190603502094745636e-02
7.250723987817764282e-02
3.863042965531349182e-02
4.476524144411087036e-02
9.193076938390731812e-02
3.602918386459350586e-01
2.339398115873336792e-01
2.652389526367187500e+00
1.116749714128673077e-03
1.505356747657060623e-03
6.772776842117309570e-01
8.060634881258010864e-02
3.944546282291412354e-01
5.025595310144126415e-04
1.342699974775314331e-01
1.117415308952331543e+00
2.409131526947021484e-01
1.207483887672424316e+00
5.266882479190826416e-02
1.085754036903381348e+00
2.857805788516998291e-01
4.363894164562225342e-01
6.671784073114395142e-02
5.119180083274841309e-01
1.774528622627258301e+00
0.000000000000000000e+00
1.764115244150161743e-01
3.122581243515014648e+00
2.244623452425003052e-01
6.005206704139709473e-01
3.102504312992095947e-01
2.115867733955383301e-01
8.404004573822021484e-01
0.000000000000000000e+00
3.114570140838623047e+00
9.902799874544143677e-02
7.617684006690979004e-01
1.670721173286437988e+00
2.211223125457763672e+00
9.750502184033393860e-03
2.074622392654418945e+00
2.374484017491340637e-02
7.631164044141769409e-03
5.369073152542114258e-01
1.919385418295860291e-02
4.532532393932342529e-01
2.442139536142349243e-01
1.302013397216796875e-01
0.000000000000000000e+00
2.135068476200103760e-01
1.205969452857971191e+00
1.573723912239074707e+00
0.000000000000000000e+00
1.870090812444686890e-01
7.306546568870544434e-01
7.786915898323059082e-01
2.368930261582136154e-03
3.651519073173403740e-03
0.000000000000000000e+00
3.449608087539672852e-01
6.756647825241088867e-01
1.272346496582031250e+00
5.330743193626403809e-01
1.424653887748718262e+00
0.000000000000000000e+00
8.281754851341247559e-01
7.107280492782592773e-01
1.080012992024421692e-01
1.310386415570974350e-02
0.000000000000000000e+00
1.964510679244995117e+00
2.269512891769409180e+00
7.017872482538223267e-02
4.170659065246582031e+00
3.883088380098342896e-02
7.154489755630493164e-01
7.643892616033554077e-02
4.633239209651947021e-01
1.624114662408828735e-01
1.818369030952453613e+00
8.744780421257019043e-01
5.040024407207965851e-04
5.188314914703369141e-01
3.607486486434936523e-01
7.047094106674194336e-01
2.983777999877929688e+00
6.899961829185485840e-01
0.000000000000000000e+00
5.381830930709838867e-01
1.209456124342978001e-03
3.640455901622772217e-01
2.708641588687896729e-01
6.090469658374786377e-02
1.570180617272853851e-02
2.929456830024719238e-01
7.189927101135253906e-01
3.490554168820381165e-03
4.521782323718070984e-02
6.089309602975845337e-02
1.942677259445190430e+00
1.348758116364479065e-02
1.451208442449569702e-01
1.278460142202675343e-03
0.000000000000000000e+00
2.796267569065093994e-01
1.302794456481933594e+00
3.486417001113295555e-03
1.869446039199829102e-01
2.229871511459350586e+00
3.897968530654907227e-01
0.000000000000000000e+00
3.766209781169891357e-01
1.473431468009948730e+00
1.250348567962646484e+00
9.619352221488952637e-01
1.525696396827697754e+00
2.114956140518188477e+00
2.274216175079345703e+00
3.064276278018951416e-01
1.735115796327590942e-01
5.790749788284301758e-01
0.000000000000000000e+00
2.306734025478363037e-02
