2.363621741533279419e-01
0.000000000000000000e+00
2.357054054737091064e-01
2.210180521011352539e+00
7.611526250839233398e-01
3.809817433357238770e-01
8.513324260711669922e-01
2.584370613098144531e+00
6.249052524566650391e+00
1.766142845153808594e+00
4.057457298040390015e-02
1.361486554145812988e+00
4.928071796894073486e-01
1.225021004676818848e+00
2.216415882110595703e+00
1.219291448593139648e+00
9.782124757766723633e-01
2.161679029464721680e+00
7.621944546699523926e-01
2.062172740697860718e-01
1.879391670227050781e+00
2.599825384095311165e-04
1.000380367040634155e-01
3.041668176651000977e+00
6.006518378853797913e-02
0.000000000000000000e+00
1.526842638850212097e-02
1.975658178329467773e+00
2.238080948591232300e-01
1.315556764602661133e-01
4.279599711298942566e-02
9.445750713348388672e-02
7.460742592811584473e-01
1.081943988800048828e+00
5.286784768104553223e-01
2.385480165481567383e+00
3.020652830600738525e-01
7.645384967327117920e-02
3.044253587722778320e-01
5.987722277641296387e-01
4.387733638286590576e-01
4.322528243064880371e-01
6.932266354560852051e-01
5.187054157257080078e+00
8.668511509895324707e-01
9.980428218841552734e-01
2.423023283481597900e-01
7.461245059967041016e-01
6.975699216127395630e-02
9.157487154006958008e-01
3.788253307342529297e+00
0.000000000000000000e+00
1.868780016899108887e+00
8.986766636371612549e-02
1.357810139656066895e+00
1.724711954593658447e-01
2.309011518955230713e-01
1.052918508648872375e-01
2.709742069244384766e+00
9.936938434839248657e-02
9.258322417736053467e-02
6.016631424427032471e-02
1.404698099941015244e-02
9.191989302635192871e-01
8.922468423843383789e-01
6.401983499526977539e-01
1.660933047533035278e-01
1.976875662803649902e-01
8.913035392761230469e-01
6.253842711448669434e-01
0.000000000000000000e+00
1.039290279150009155e-01
8.418867737054824829e-02
1.269196033477783203e+00
3.825568556785583496e-01
1.024933934211730957e+00
1.312218885868787766e-02
9.227066040039062500e-01
2.063996046781539917e-01
1.138044834136962891e+00
1.810031197965145111e-02
5.095338821411132812e-01
3.175635337829589844e+00
3.226710483431816101e-02
2.314583301544189453e+00
8.516230434179306030e-02
7.936633229255676270e-01
1.006614342331886292e-01
7.465538382530212402e-01
2.815462090075016022e-02
6.501827389001846313e-02
1.052520051598548889e-02
6.095131486654281616e-02
0.000000000000000000e+00
8.176943659782409668e-01
1.951957792043685913e-01
1.150201320648193359e+00
4.456337392330169678e-01
3.137898147106170654e-01
9.167656302452087402e-02
0.000000000000000000e+00
1.278493553400039673e-01
5.861390382051467896e-02
1.728830218315124512e+00
1.706691026687622070e+00
1.409697383642196655e-01
1.120289564132690430e+00
7.629381418228149414e-01
4.587680101394653320e-01
1.636253446340560913e-01
1.645706772804260254e+00
1.592084020376205444e-01
5.240626335144042969e-01
7.373521476984024048e-02
5.198915600776672363e-01
1.826757490634918213e-01
4.249654412269592285e-01
3.700843155384063721e-01
1.400403976440429688e+00
2.363773584365844727e+00
1.270266532897949219e+00
6.659109592437744141e-01
6.766900420188903809e-02
1.439524412155151367e+00
7.653141021728515625e-01
9.793745875358581543e-01
1.212895847856998444e-02
4.839898347854614258e-01
1.559633374214172363e+00
6.174288690090179443e-02
2.103212848305702209e-02
8.031073212623596191e-01
4.267770349979400635e-01
8.843339979648590088e-02
6.878360509872436523e-01
2.708629763219505548e-04
1.700686812400817871e-01
5.090660572052001953e+00
0.000000000000000000e+00
4.628049209713935852e-03
2.748769223690032959e-01
7.950882911682128906e-01
1.352851629257202148e+00
1.297922618687152863e-02
2.617747336626052856e-02
4.677029252052307129e-01
8.819195032119750977e-01
5.337876677513122559e-01
1.572323799133300781e+00
3.879179656505584717e-01
5.887838363647460938e+00
5.032603740692138672e-01
1.420197188854217529e-01
1.074520587921142578e+00
1.741395354270935059e+00
1.446853876113891602e+00
2.081805020570755005e-01
4.075843989849090576e-01
2.057584762573242188e+00
3.029023408889770508e-01
5.039793998003005981e-02
1.302359223365783691e+00
2.427226454019546509e-01
0.000000000000000000e+00
3.843544423580169678e-01
5.968769788742065430e-01
2.415219508111476898e-02
0.000000000000000000e+00
1.021040320396423340e+00
2.804376363754272461e+00
4.866895079612731934e-01
8.281083106994628906e-01
1.828196197748184204e-01
5.496106743812561035e-01
5.115450620651245117e-01
6.801496028900146484e+00
6.490149535238742828e-03
1.988271772861480713e-01
3.776379823684692383e-01
2.622165381908416748e-01
0.000000000000000000e+00
6.066086888313293457e-02
1.007587671279907227e+00
3.806243896484375000e+00
1.953469775617122650e-02
0.000000000000000000e+00
3.335776329040527344e-01
9.155833721160888672e-01
0.000000000000000000e+00
0.000000000000000000e+00
0.000000000000000000e+00
7.169834524393081665e-02
9.775778651237487793e-01
8.827058076858520508e-01
1.486476659774780273e+00
5.790216326713562012e-01
6.690732240676879883e-01
3.509535789489746094e-01
2.176028937101364136e-01
9.392218589782714844e-01
1.079029917716979980e+00
2.398694008588790894e-01
9.853168129920959473e-01
9.820696711540222168e-01
5.170227289199829102e-01
3.826540708541870117e-02
9.838113188743591309e-01
8.880953537300229073e-04
1.771591752767562866e-01
1.155713558197021484e+00
2.430280745029449463e-01
6.003819704055786133e-01
6.083393096923828125e-01
7.879638671875000000e-01
8.680537343025207520e-01
4.667334258556365967e-01
2.648083269596099854e-01
3.907182514667510986e-01
1.759235143661499023e+00
8.844123482704162598e-01
0.000000000000000000e+00
1.275198936462402344e+00
5.263543128967285156e-01
3.119667768478393555e-01
7.792626321315765381e-02
0.000000000000000000e+00
2.871304750442504883e-01
2.743043601512908936e-01
2.256923762615770102e-04
2.394192665815353394e-01
2.167413830757141113e-01
4.874996244907379150e-01
2.423371791839599609e+00
1.770428061485290527e+00
7.488477826118469238e-01
8.489098548889160156e-01
2.606278896331787109e+00
3.037004768848419189e-01
9.278879500925540924e-03
1.171125292778015137e+00
3.283309340476989746e-01
2.883764356374740601e-02
6.397905945777893066e-01
4.121301174163818359e+00
8.213090300559997559e-01
3.465420305728912354e-01
7.180764675140380859e-01
0.000000000000000000e+00
1.767653942108154297e+00
4.418070912361145020e-01
1.340601295232772827e-01
4.716129601001739502e-01
0.000000000000000000e+00
1.308873414993286133e+00
7.794433832168579102e-01
5.783731117844581604e-02
3.148275613784790039e-02
0.000000000000000000e+00
4.702552258968353271e-01
2.002632766962051392e-01
8.780024647712707520e-01
1.628051996231079102e-01
1.043896824121475220e-01
9.306240081787109375e-02
0.000000000000000000e+00
3.053477779030799866e-02
1.748070836067199707e+00
8.925569802522659302e-02
1.143725868314504623e-02
6.087429355829954147e-03
1.739217638969421387e+00
0.000000000000000000e+00
8.885216712951660156e-01
1.433377116918563843e-01
7.061681896448135376e-02
6.793068051338195801e-01
4.898104444146156311e-02
1.139926075935363770e+00
8.225491642951965332e-01
2.513021230697631836e-01
2.025871574878692627e-01
4.657187163829803467e-01
7.828808575868606567e-02
6.181048750877380371e-01
9.163964390754699707e-01
8.252118229866027832e-01
6.780977845191955566e-01
2.059174329042434692e-02
2.622230723500251770e-02
8.898465335369110107e-02
1.861950635910034180e+00
1.250032782554626465e+00
3.762676119804382324e-01
1.605560630559921265e-01
2.988241612911224365e-01
4.877294003963470459e-01
3.350713551044464111e-01
3.297805786132812500e-01
1.207675457000732422e+00
6.176869392395019531e+00
5.420352816581726074e-01
1.712123863399028778e-02
5.574752092361450195e-01
0.000000000000000000e+00
1.214175075292587280e-01
1.475972682237625122e-01
2.289969846606254578e-02
4.183112829923629761e-02
7.045858353376388550e-02
5.188876390457153320e-01
2.010020017623901367e-01
1.337521523237228394e-01
1.015749424695968628e-01
8.705639839172363281e-01
1.889546774327754974e-02
3.498256504535675049e-01
0.000000000000000000e+00
5.222501158714294434e-01
7.413133978843688965e-01
2.506642043590545654e-01
2.024081945419311523e+00
1.758268219418823719e-03
2.721100449562072754e-01
1.384959463030099869e-02
2.186916302889585495e-03
7.751987576484680176e-01
7.945042103528976440e-02
0.000000000000000000e+00
1.000267863273620605e+00
2.653765976428985596e-01
0.000000000000000000e+00
2.069220645353198051e-03
7.904589772224426270e-01
2.243152074515819550e-02
6.419993937015533447e-02
7.894378304481506348e-01
1.404654026031494141e+00
1.959712952375411987e-01
5.906102061271667480e-01
1.510386586189270020e+00
1.591001003980636597e-01
1.977438572794198990e-03
2.923098206520080566e-01
1.634403467178344727e-01
6.073505282402038574e-01
6.224259138107299805e-01
1.776147186756134033e-01
2.092750370502471924e-02
6.758337020874023438e-01
8.103663921356201172e-01
1.672288053669035435e-03
7.386955022811889648e-01
3.859710693359375000e-01
5.015596002340316772e-02
0.000000000000000000e+00
7.858567237854003906e-01
0.000000000000000000e+00
5.632922053337097168e-01
2.317051030695438385e-02
1.236396282911300659e-01
1.662701517343521118e-01
0.000000000000000000e+00
1.054498195648193359e+00
4.785327315330505371e-01
2.189778089523315430e+00
1.145940899848937988e+00
5.607851743698120117e-01
2.102276086807250977e+00
1.736261487007141113e+00
0.000000000000000000e+00
4.947687983512878418e-01
1.686958074569702148e+00
1.590654492378234863e+00
1.689769700169563293e-02
1.174476623535156250e+00
3.327122703194618225e-02
1.461160033941268921e-01
4.944858606904745102e-03
3.107691705226898193e-01
9.477864503860473633e-01
2.450775504112243652e-01
4.193267345428466797e+00
1.642748117446899414e+00
6.503469347953796387e-01
0.000000000000000000e+00
5.852579474449157715e-01
7.459853589534759521e-02
0.000000000000000000e+00
0.000000000000000000e+00
2.349914982914924622e-03
3.838607072830200195e-01
6.732725352048873901e-02
0.000000000000000000e+00
3.246076405048370361e-01
2.698892951011657715e-01
5.981522798538208008e-01
1.991936445236206055e+00
8.256617584265768528e-04
1.984265446662902832e-02
1.159190297126770020e+00
1.092859283089637756e-01
3.598176240921020508e-01
3.660738468170166016e-03
2.131231427192687988e-01
6.764163374900817871e-01
1.234925389289855957e+00
1.537598609924316406e+00
1.590812355279922485e-01
1.490045309066772461e+00
7.335774898529052734e-01
3.059971332550048828e-01
4.753968492150306702e-02
2.419548779726028442e-01
1.922466635704040527e+00
5.006711557507514954e-02
2.004835903644561768e-01
3.980592012405395508e+00
2.051896452903747559e-01
6.443852782249450684e-01
2.967313826084136963e-01
2.553597986698150635e-01
6.979701519012451172e-01
0.000000000000000000e+00
2.963322162628173828e+00
4.278314411640167236e-01
8.564566373825073242e-01
1.027987837791442871e+00
1.925193071365356445e+00
0.000000000000000000e+00
1.119185447692871094e+00
5.227851681411266327e-03
1.453922968357801437e-02
1.449873894453048706e-01
1.904102158732712269e-03
3.501948714256286621e-01
2.055941522121429443e-02
2.339381128549575806e-01
3.495667260722257197e-05
5.859156250953674316e-01
6.659083962440490723e-01
1.497403740882873535e+00
0.000000000000000000e+00
1.981756240129470825e-01
4.787197113037109375e-01
1.097222328186035156e+00
5.147522687911987305e-02
5.705774761736392975e-03
3.310235217213630676e-02
2.693283557891845703e-01
8.224592208862304688e-01
9.344882965087890625e-01
2.488500773906707764e-01
1.362335205078125000e+00
0.000000000000000000e+00
1.414824843406677246e+00
4.709053635597229004e-01
1.043177619576454163e-01
2.949635088443756104e-01
0.000000000000000000e+00
1.644534945487976074e+00
2.112612724304199219e+00
7.003359496593475342e-02
3.623639822006225586e+00
1.519677489995956421e-01
9.785019159317016602e-01
6.526958197355270386e-02
1.539341509342193604e-01
1.944740861654281616e-01
1.718542575836181641e+00
8.457230329513549805e-01
0.000000000000000000e+00
9.062803387641906738e-01
2.754052281379699707e-01
3.265818953514099121e-01
3.027651071548461914e+00
3.894396424293518066e-01
2.717553870752453804e-03
1.317247301340103149e-01
4.611951485276222229e-02
5.927612185478210449e-01
3.459144830703735352e-01
1.491550952196121216e-01
2.908180654048919678e-02
3.230912387371063232e-01
5.910574197769165039e-01
5.044746771454811096e-02
3.573869168758392334e-01
9.284464269876480103e-02
1.154629230499267578e+00
0.000000000000000000e+00
1.354084610939025879e-01
0.000000000000000000e+00
1.563005521893501282e-02
2.587126493453979492e-01
1.277958393096923828e+00
7.831539027392864227e-03
3.283261656761169434e-01
3.221235036849975586e+00
1.129324585199356079e-01
0.000000000000000000e+00
3.003737628459930420e-01
8.126200437545776367e-01
1.012648224830627441e+00
9.478312730789184570e-01
8.901785016059875488e-01
2.525205850601196289e+00
2.010245084762573242e+00
5.409756302833557129e-01
2.014366239309310913e-01
6.465199589729309082e-01
0.000000000000000000e+00
4.774781875312328339e-03
