7.655616849660873413e-02
0.000000000000000000e+00
9.834267944097518921e-02
1.990524291992187500e+00
8.051186203956604004e-01
4.285136982798576355e-02
9.888780117034912109e-01
2.878188610076904297e+00
7.622083663940429688e+00
1.307012677192687988e+00
9.403066337108612061e-02
1.283658146858215332e+00
6.356102824211120605e-01
1.838470458984375000e+00
2.098965167999267578e+00
1.108671545982360840e+00
1.076370954513549805e+00
2.259778738021850586e+00
1.632950544357299805e+00
1.141736268997192383e+00
1.893308162689208984e+00
0.000000000000000000e+00
4.109597504138946533e-01
2.502994775772094727e+00
1.676936000585556030e-01
3.588238614611327648e-04
9.301829151809215546e-03
2.054364204406738281e+00
3.796909451484680176e-01
5.912873148918151855e-02
1.715609431266784668e-01
0.000000000000000000e+00
1.457441210746765137e+00
9.746068716049194336e-01
1.039547801017761230e+00
2.680190324783325195e+00
1.121105849742889404e-01
1.972123235464096069e-02
8.322256803512573242e-01
5.867586731910705566e-01
3.048795461654663086e-01
1.904020458459854126e-01
4.308699965476989746e-01
5.563715457916259766e+00
6.740527749061584473e-01
1.185912728309631348e+00
9.583626687526702881e-02
7.035892009735107422e-01
1.061486303806304932e-01
1.768246650695800781e+00
3.602545022964477539e+00
0.000000000000000000e+00
1.887478590011596680e+00
2.376644313335418701e-01
3.345634341239929199e-01
9.872929751873016357e-02
3.191072940826416016e-01
3.081194460391998291e-01
2.290523052215576172e+00
1.669862717390060425e-01
7.653549313545227051e-02
2.179250121116638184e-01
0.000000000000000000e+00
8.776741623878479004e-01
2.156389713287353516e+00
4.148473739624023438e-01
3.577745854854583740e-01
5.031288787722587585e-02
1.257065296173095703e+00
2.171169370412826538e-01
0.000000000000000000e+00
7.231613993644714355e-02
3.163115084171295166e-01
9.480867981910705566e-01
8.981364369392395020e-01
1.112871885299682617e+00
1.880279276520013809e-03
7.514005303382873535e-01
1.060774207115173340e+00
1.120689034461975098e+00
7.446778006851673126e-03
1.602269053459167480e+00
2.335042238235473633e+00
1.064444519579410553e-02
2.161119699478149414e+00
2.376812696456909180e-01
7.581868171691894531e-01
3.834016388282179832e-03
4.243656098842620850e-01
0.000000000000000000e+00
3.927104175090789795e-01
0.000000000000000000e+00
4.692783951759338379e-02
0.000000000000000000e+00
1.116213679313659668e+00
1.185825765132904053e-01
8.276832699775695801e-01
3.465614318847656250e-01
2.994100749492645264e-01
2.872459404170513153e-02
0.000000000000000000e+00
1.525824964046478271e-01
3.762063011527061462e-02
7.726483941078186035e-01
1.180536389350891113e+00
5.791573598980903625e-02
1.251333832740783691e+00
7.931630611419677734e-01
5.343510210514068604e-02
1.915288418531417847e-01
1.346321582794189453e+00
8.372192084789276123e-02
7.305043339729309082e-01
1.722963452339172363e-01
7.144532203674316406e-01
1.639647483825683594e-01
4.898197650909423828e-01
9.475561231374740601e-02
1.092402815818786621e+00
2.255957603454589844e+00
1.162076711654663086e+00
1.079883933067321777e+00
2.219235990196466446e-03
1.525683641433715820e+00
7.453356981277465820e-01
5.561264753341674805e-01
0.000000000000000000e+00
5.784117579460144043e-01
1.698028206825256348e+00
7.330378890037536621e-02
0.000000000000000000e+00
8.784669041633605957e-01
2.815454304218292236e-01
1.020100200548768044e-03
3.845407068729400635e-01
1.964506357908248901e-01
1.466256193816661835e-02
5.159781932830810547e+00
0.000000000000000000e+00
1.394364237785339355e-01
1.886228173971176147e-01
6.244956254959106445e-01
1.559332966804504395e+00
0.000000000000000000e+00
0.000000000000000000e+00
2.548671066761016846e-01
1.234236240386962891e+00
3.874219059944152832e-01
1.208199977874755859e+00
2.075563557446002960e-02
6.377885341644287109e+00
4.631148576736450195e-01
6.438906490802764893e-02
5.484042167663574219e-01
1.590123534202575684e+00
2.019604921340942383e+00
3.694979846477508545e-02
2.928799688816070557e-01
2.493174552917480469e+00
2.724882066249847412e-01
0.000000000000000000e+00
1.085256934165954590e+00
3.483611047267913818e-01
2.586845867335796356e-02
1.766135096549987793e-01
6.003772616386413574e-01
2.379935607314109802e-02
0.000000000000000000e+00
1.269832491874694824e+00
3.309147119522094727e+00
5.096123814582824707e-01
9.068370461463928223e-01
1.161680184304714203e-02
8.071292042732238770e-01
8.530027270317077637e-01
6.531294822692871094e+00
2.340590348467230797e-03
2.265712469816207886e-01
1.665569394826889038e-01
5.739662796258926392e-02
0.000000000000000000e+00
2.629214338958263397e-02
7.536141276359558105e-01
4.240946769714355469e+00
1.572083495557308197e-02
1.010823324322700500e-01
6.969072818756103516e-01
2.841631174087524414e-01
0.000000000000000000e+00
1.329461392015218735e-02
0.000000000000000000e+00
1.011714115738868713e-01
8.429408073425292969e-01
3.101240694522857666e-01
1.917823076248168945e+00
1.062866687774658203e+00
9.242832064628601074e-01
2.715067565441131592e-01
4.926736056804656982e-01
4.660866260528564453e-01
9.893655180931091309e-01
1.114353239536285400e-01
7.091275453567504883e-01
1.285799622535705566e+00
3.578583896160125732e-01
0.000000000000000000e+00
1.475571632385253906e+00
6.101964414119720459e-02
1.583301126956939697e-01
7.884243130683898926e-01
3.388505578041076660e-01
2.065429836511611938e-01
3.849931359291076660e-01
1.345003724098205566e+00
1.024863839149475098e+00
3.129220902919769287e-01
2.797666378319263458e-02
3.563354611396789551e-01
2.394532203674316406e+00
1.267751812934875488e+00
0.000000000000000000e+00
1.029732465744018555e+00
3.196085095405578613e-01
2.651798427104949951e-01
2.029203623533248901e-01
0.000000000000000000e+00
1.018990203738212585e-01
9.976875036954879761e-02
2.056800425052642822e-01
1.646600365638732910e-01
1.784665137529373169e-01
5.677159428596496582e-01
3.275946140289306641e+00
1.744119405746459961e+00
8.243595361709594727e-01
7.535899877548217773e-01
2.589593887329101562e+00
5.258501768112182617e-01
1.203925721347332001e-02
6.393998861312866211e-01
8.181428909301757812e-02
1.943823397159576416e-01
2.802259027957916260e-01
4.250371456146240234e+00
8.391790390014648438e-01
7.542455792427062988e-01
1.056991100311279297e+00
1.592692802660167217e-03
1.776000022888183594e+00
1.010562539100646973e+00
8.517323876731097698e-04
8.873593807220458984e-01
3.150598378852009773e-03
2.463741064071655273e+00
1.210290193557739258e+00
6.694491952657699585e-02
2.206954918801784515e-02
0.000000000000000000e+00
1.553471535444259644e-01
1.246928144246339798e-02
9.789281487464904785e-01
6.841086596250534058e-02
6.010169163346290588e-02
3.236513957381248474e-02
0.000000000000000000e+00
0.000000000000000000e+00
2.748542547225952148e+00
1.622534394264221191e-01
2.832097187638282776e-02
0.000000000000000000e+00
1.595390439033508301e+00
0.000000000000000000e+00
8.022806644439697266e-01
1.823568940162658691e-01
1.772803813219070435e-02
7.842682600021362305e-01
2.470265328884124756e-01
1.387345552444458008e+00
7.109084725379943848e-01
7.567928172647953033e-03
6.315830349922180176e-02
5.324066281318664551e-01
3.045794069766998291e-01
2.668671309947967529e-01
9.060838222503662109e-01
1.992044568061828613e+00
3.688475787639617920e-01
5.497479811310768127e-02
1.181968450546264648e-01
2.280117571353912354e-02
1.645690202713012695e+00
8.439525365829467773e-01
1.170044690370559692e-01
1.260500401258468628e-01
1.909966766834259033e-01
1.337170600891113281e-01
5.020203590393066406e-01
6.903868317604064941e-01
1.671886444091796875e+00
6.335574150085449219e+00
5.840381979942321777e-01
2.336459234356880188e-02
5.954999923706054688e-01
4.472211934626102448e-03
5.286468192934989929e-02
3.093939721584320068e-01
1.651205588132143021e-03
0.000000000000000000e+00
6.942051462829113007e-03
5.056605935096740723e-01
7.332033514976501465e-01
0.000000000000000000e+00
3.920755907893180847e-02
1.166623353958129883e+00
1.615026034414768219e-02
3.597286939620971680e-01
0.000000000000000000e+00
4.401259124279022217e-01
1.456893920898437500e+00
8.483166247606277466e-02
2.735081195831298828e+00
0.000000000000000000e+00
5.598757863044738770e-01
1.861832439899444580e-01
1.601409912109375000e-02
1.593514233827590942e-01
3.595642745494842529e-02
0.000000000000000000e+00
4.071552157402038574e-01
6.128914356231689453e-01
0.000000000000000000e+00
0.000000000000000000e+00
1.262009620666503906e+00
9.499676525592803955e-02
1.840200275182723999e-02
3.061623871326446533e-01
1.146237730979919434e+00
1.458672247827053070e-02
3.757366538047790527e-01
1.534872174263000488e+00
2.480167448520660400e-01
2.926746197044849396e-02
2.499876022338867188e-01
3.675443306565284729e-02
4.649595916271209717e-01
6.071935892105102539e-01
3.595765307545661926e-02
1.312092691659927368e-01
7.034861445426940918e-01
6.273180246353149414e-01
1.275691986083984375e-01
9.038313031196594238e-01
4.276830554008483887e-01
3.976241871714591980e-02
1.244951039552688599e-02
9.628964662551879883e-01
0.000000000000000000e+00
9.242635369300842285e-01
1.369048375636339188e-02
1.131183266639709473e+00
5.111724510788917542e-02
0.000000000000000000e+00
4.142509698867797852e-01
7.389369010925292969e-01
1.863917231559753418e+00
1.701711773872375488e+00
6.275377273559570312e-01
2.009891748428344727e+00
2.189295291900634766e+00
0.000000000000000000e+00
5.412764549255371094e-01
9.675878286361694336e-01
1.258887410163879395e+00
7.604940235614776611e-02
1.349065423011779785e+00
5.715919286012649536e-02
6.790547817945480347e-02
4.454983398318290710e-02
1.049602124840021133e-02
1.133241057395935059e+00
1.916980892419815063e-01
3.940068483352661133e+00
1.883582234382629395e+00
4.269757568836212158e-01
0.000000000000000000e+00
4.906200468540191650e-01
8.333054929971694946e-02
0.000000000000000000e+00
0.000000000000000000e+00
7.697275280952453613e-02
2.100601196289062500e-01
2.853419780731201172e-01
0.000000000000000000e+00
2.086158245801925659e-01
2.845602929592132568e-01
3.371644616127014160e-01
2.299347162246704102e+00
1.984340511262416840e-02
1.483484078198671341e-02
8.304161429405212402e-01
3.280206322669982910e-01
5.618284344673156738e-01
0.000000000000000000e+00
1.402834802865982056e-01
1.590381145477294922e+00
8.583878874778747559e-01
1.143872022628784180e+00
2.733506262302398682e-01
1.190580964088439941e+00
9.392396211624145508e-01
1.916223168373107910e-01
0.000000000000000000e+00
4.946826398372650146e-01
1.740161776542663574e+00
1.328473724424839020e-02
0.000000000000000000e+00
5.214704990386962891e+00
2.709647119045257568e-01
9.417973756790161133e-01
5.035067200660705566e-01
1.390413194894790649e-01
1.146115541458129883e+00
0.000000000000000000e+00
2.982378244400024414e+00
3.540274798870086670e-01
1.008602976799011230e+00
1.664282917976379395e+00
2.298004865646362305e+00
0.000000000000000000e+00
1.450127124786376953e+00
4.418145120143890381e-02
2.499926276504993439e-02
8.164718002080917358e-02
9.689592756330966949e-03
5.465120673179626465e-01
4.590582102537155151e-02
2.677629292011260986e-01
0.000000000000000000e+00
1.131888151168823242e+00
9.241272807121276855e-01
7.620512843132019043e-01
0.000000000000000000e+00
3.224982321262359619e-01
5.318132638931274414e-01
7.020851373672485352e-01
4.384975414723157883e-03
0.000000000000000000e+00
0.000000000000000000e+00
4.860622882843017578e-01
9.556370973587036133e-01
9.913815855979919434e-01
4.835420548915863037e-01
2.024203300476074219e+00
0.000000000000000000e+00
1.099890351295471191e+00
4.656320512294769287e-01
5.971197038888931274e-02
1.380546540021896362e-01
0.000000000000000000e+00
1.920270919799804688e+00
2.696494817733764648e+00
5.323063582181930542e-02
4.450644969940185547e+00
3.463180363178253174e-01
8.841232061386108398e-01
8.405238389968872070e-02
3.111712262034416199e-02
3.736425191164016724e-02
1.170538544654846191e+00
8.516339659690856934e-01
0.000000000000000000e+00
2.873001694679260254e-01
5.052343606948852539e-01
8.701042532920837402e-01
3.405822992324829102e+00
8.192294239997863770e-01
6.475138943642377853e-04
2.617985382676124573e-02
1.144174635410308838e-01
1.337951183319091797e+00
1.417160332202911377e-01
6.345389410853385925e-03
5.448780208826065063e-02
3.032452762126922607e-01
9.877197742462158203e-01
0.000000000000000000e+00
2.819458246231079102e-01
1.164306923747062683e-01
1.727571129798889160e+00
2.083662524819374084e-02
6.119222044944763184e-01
4.129644483327865601e-03
3.960649482905864716e-03
2.183072119951248169e-01
1.753219127655029297e+00
0.000000000000000000e+00
3.963593244552612305e-01
3.783322095870971680e+00
1.852459609508514404e-01
0.000000000000000000e+00
6.575821042060852051e-01
1.622410655021667480e+00
1.023763060569763184e+00
5.398294329643249512e-01
1.394186854362487793e+00
2.790802001953125000e+00
2.042771339416503906e+00
6.558752059936523438e-01
2.777562439441680908e-01
7.721407413482666016e-01
0.000000000000000000e+00
3.330945596098899841e-02
