5.032541155815124512e-01
0.000000000000000000e+00
8.532918989658355713e-02
2.002040386199951172e+00
7.733299732208251953e-01
7.076083868741989136e-02
6.456692814826965332e-01
2.420830726623535156e+00
7.883934497833251953e+00
1.357763290405273438e+00
1.628278344869613647e-01
1.756234288215637207e+00
5.636026859283447266e-01
1.682158112525939941e+00
2.110913276672363281e+00
1.218094825744628906e+00
5.981664061546325684e-01
1.870737195014953613e+00
6.304408907890319824e-01
5.145536065101623535e-01
1.912086606025695801e+00
0.000000000000000000e+00
1.435695588588714600e-01
2.263043642044067383e+00
9.486892074346542358e-02
1.247796490788459778e-01
1.360175083391368389e-03
1.596848130226135254e+00
6.237288117408752441e-01
3.442317619919776917e-02
7.412394508719444275e-03
1.500838994979858398e-01
5.234035849571228027e-01
9.236712455749511719e-01
1.159836649894714355e+00
2.589265346527099609e+00
1.010313630104064941e-01
1.794083863496780396e-01
1.120887756347656250e+00
8.138962984085083008e-01
4.836030602455139160e-01
5.586843565106391907e-02
1.182126045227050781e+00
6.203076362609863281e+00
5.739889740943908691e-01
1.791144847869873047e+00
2.939333915710449219e-01
1.647874474525451660e+00
3.014403581619262695e-01
2.245774984359741211e+00
4.344182968139648438e+00
7.968800491653382778e-04
1.770066857337951660e+00
3.633051738142967224e-02
9.626287817955017090e-01
9.264317154884338379e-02
4.626170396804809570e-01
3.757444918155670166e-01
2.093980789184570312e+00
1.670648753643035889e-01
4.893953725695610046e-02
1.764845475554466248e-02
1.380518078804016113e-02
5.039233565330505371e-01
2.471766710281372070e+00
3.498479425907135010e-01
2.189431786537170410e-01
4.198985993862152100e-01
1.154846310615539551e+00
5.672870576381683350e-02
0.000000000000000000e+00
5.276117846369743347e-02
2.630942165851593018e-01
1.428977012634277344e+00
8.197091221809387207e-01
1.799302339553833008e+00
2.683570422232151031e-02
8.237307667732238770e-01
1.196048021316528320e+00
1.249063372611999512e+00
0.000000000000000000e+00
1.374395489692687988e+00
2.449297904968261719e+00
1.236351504921913147e-01
1.568033337593078613e+00
3.742558658123016357e-01
1.628140330314636230e+00
8.615648001432418823e-02
6.019279956817626953e-01
5.661184433847665787e-03
1.831848323345184326e-01
5.139902606606483459e-02
1.752361357212066650e-01
0.000000000000000000e+00
1.233569741249084473e+00
2.828655242919921875e-01
3.721140623092651367e-01
1.155920147895812988e+00
5.131726264953613281e-01
2.057706564664840698e-02
1.457042060792446136e-02
1.403030008077621460e-01
2.596082687377929688e-01
9.854184985160827637e-01
6.125645637512207031e-01
8.875130116939544678e-02
8.882307410240173340e-01
1.274060368537902832e+00
2.666959166526794434e-01
4.479768276214599609e-01
1.382551550865173340e+00
6.972850300371646881e-03
4.249548017978668213e-01
5.043022036552429199e-01
1.053182125091552734e+00
1.565672457218170166e-01
5.548892021179199219e-01
1.672613918781280518e-01
1.760212779045104980e+00
3.482584238052368164e+00
9.766560792922973633e-01
4.388819634914398193e-01
5.677854642271995544e-03
1.454385399818420410e+00
1.922126293182373047e+00
3.584346771240234375e-01
0.000000000000000000e+00
9.200180768966674805e-01
1.540733456611633301e+00
2.892858162522315979e-02
0.000000000000000000e+00
8.640175461769104004e-01
2.767907977104187012e-01
4.631672054529190063e-02
4.478164911270141602e-01
3.579255342483520508e-01
3.445827215909957886e-02
5.409033775329589844e+00
0.000000000000000000e+00
2.555827796459197998e-01
5.334785208106040955e-03
1.538944542407989502e-01
2.181358814239501953e+00
8.911135792732238770e-02
0.000000000000000000e+00
1.603882312774658203e-01
1.105548024177551270e+00
6.497474908828735352e-01
1.067441463470458984e+00
6.305635720491409302e-02
7.014545440673828125e+00
1.405592262744903564e-01
3.143608272075653076e-01
4.841783046722412109e-01
1.516213417053222656e+00
1.336164474487304688e+00
1.695064157247543335e-01
3.909211754798889160e-01
1.785475611686706543e+00
2.409589290618896484e-01
6.025879457592964172e-02
9.844679236412048340e-01
4.393997192382812500e-01
0.000000000000000000e+00
2.197220623493194580e-01
7.930080294609069824e-01
2.166296988725662231e-01
0.000000000000000000e+00
1.381088256835937500e+00
2.928626060485839844e+00
5.960658192634582520e-01
9.183578491210937500e-01
4.978954195976257324e-01
1.282514929771423340e+00
1.263358592987060547e+00
7.067240238189697266e+00
2.185907773673534393e-02
4.135099798440933228e-02
3.514670431613922119e-01
3.138913959264755249e-02
0.000000000000000000e+00
1.580634862184524536e-01
9.363343119621276855e-01
4.314032554626464844e+00
6.511160731315612793e-02
9.434012696146965027e-03
8.568906784057617188e-01
4.533388614654541016e-01
1.015890296548604965e-02
2.967840060591697693e-02
0.000000000000000000e+00
1.057439967989921570e-01
1.619908571243286133e+00
9.234719276428222656e-01
1.697498202323913574e+00
9.667457342147827148e-01
7.274376749992370605e-01
8.887644112110137939e-02
6.670469641685485840e-01
2.400927841663360596e-01
1.052109956741333008e+00
1.467959489673376083e-02
3.214915394783020020e-01
1.033247351646423340e+00
1.119156956672668457e+00
0.000000000000000000e+00
1.279216766357421875e+00
1.968829780817031860e-01
8.756427466869354248e-02
1.162646532058715820e+00
1.048188656568527222e-01
2.848716676235198975e-01
2.885420918464660645e-01
1.636603236198425293e+00
1.297605156898498535e+00
6.596643924713134766e-01
2.588975057005882263e-02
1.798936724662780762e-01
2.267903566360473633e+00
1.313699245452880859e+00
0.000000000000000000e+00
6.231405138969421387e-01
2.990447580814361572e-01
3.154315948486328125e-01
1.938435137271881104e-01
0.000000000000000000e+00
9.572447091341018677e-02
9.894961118698120117e-01
5.378383398056030273e-01
4.730974137783050537e-01
1.007537171244621277e-01
7.324765920639038086e-01
2.858729124069213867e+00
1.954417943954467773e+00
6.030601263046264648e-01
1.347980499267578125e+00
2.242679834365844727e+00
1.887907087802886963e-01
6.986761838197708130e-02
1.200370907783508301e+00
7.203028351068496704e-02
3.995488397777080536e-03
4.612541198730468750e-01
3.947761297225952148e+00
1.179164648056030273e+00
5.685017108917236328e-01
5.955126285552978516e-01
1.061347275972366333e-01
2.380571603775024414e+00
1.632795929908752441e+00
3.412988781929016113e-02
1.210933327674865723e+00
0.000000000000000000e+00
3.058300733566284180e+00
8.469324707984924316e-01
1.480876952409744263e-01
2.991056302562355995e-03
0.000000000000000000e+00
2.328046262264251709e-01
3.209040760993957520e-01
1.167641639709472656e+00
8.160563558340072632e-02
1.632747589610517025e-04
1.245621666312217712e-01
0.000000000000000000e+00
1.624542661011219025e-02
1.627719402313232422e+00
9.470862895250320435e-02
7.404933217912912369e-03
2.229178994894027710e-01
1.510359644889831543e+00
0.000000000000000000e+00
5.436117649078369141e-01
1.294109374284744263e-01
4.146992042660713196e-02
6.986052989959716797e-01
1.521586328744888306e-01
1.037841916084289551e+00
9.808410406112670898e-01
1.940091997385025024e-01
1.126568794250488281e+00
4.623866975307464600e-01
9.034656733274459839e-02
2.797725498676300049e-01
4.660006165504455566e-01
1.750393986701965332e+00
4.979291856288909912e-01
9.928989410400390625e-02
5.059873685240745544e-02
1.503226906061172485e-01
2.223345756530761719e+00
1.422028183937072754e+00
7.611647993326187134e-02
1.059462279081344604e-01
1.787469983100891113e-01
1.607185006141662598e-01
3.428803086280822754e-01
2.788981609046459198e-02
1.167949676513671875e+00
6.616740226745605469e+00
6.298700571060180664e-01
9.083124250173568726e-02
5.244741439819335938e-01
1.383953168988227844e-02
1.970698237419128418e-01
1.498813927173614502e-01
0.000000000000000000e+00
0.000000000000000000e+00
2.079828554997220635e-04
7.943829894065856934e-01
9.303793907165527344e-01
0.000000000000000000e+00
7.424802333116531372e-02
1.300591468811035156e+00
3.409632444381713867e-01
5.427585244178771973e-01
0.000000000000000000e+00
5.785495042800903320e-01
1.603745102882385254e+00
2.511571645736694336e-01
2.228408575057983398e+00
0.000000000000000000e+00
5.134035944938659668e-01
2.472134232521057129e-01
4.592946264892816544e-03
4.784728884696960449e-01
4.024312272667884827e-02
0.000000000000000000e+00
5.599623322486877441e-01
5.061279535293579102e-01
1.895383931696414948e-02
0.000000000000000000e+00
1.124372839927673340e+00
1.308414340019226074e-02
0.000000000000000000e+00
4.722678363323211670e-01
1.384912014007568359e+00
4.463656246662139893e-01
7.187187075614929199e-01
8.461119532585144043e-01
2.891775667667388916e-01
0.000000000000000000e+00
4.034532010555267334e-01
1.214563697576522827e-01
6.710804104804992676e-01
1.036408185958862305e+00
0.000000000000000000e+00
4.110026638954877853e-03
9.774608016014099121e-01
5.431521534919738770e-01
6.280517578125000000e-02
1.563257575035095215e+00
5.309963598847389221e-02
6.529179215431213379e-02
1.199700776487588882e-02
6.696645021438598633e-01
0.000000000000000000e+00
1.193348988890647888e-01
2.742750197649002075e-02
2.053863763809204102e+00
2.230983227491378784e-01
1.643178798258304596e-02
1.744091987609863281e+00
5.396624803543090820e-01
2.083990573883056641e+00
1.930485606193542480e+00
3.708768188953399658e-01
1.900990605354309082e+00
1.715304136276245117e+00
0.000000000000000000e+00
5.043223500251770020e-01
9.007367491722106934e-01
7.662155032157897949e-01
1.488457340747117996e-02
8.957280516624450684e-01
4.399880394339561462e-02
0.000000000000000000e+00
4.385523870587348938e-02
8.707404136657714844e-03
5.284427404403686523e-01
5.175410509109497070e-01
4.905772686004638672e+00
1.797013640403747559e+00
9.643425345420837402e-01
0.000000000000000000e+00
9.585484862327575684e-01
2.384361438453197479e-02
0.000000000000000000e+00
0.000000000000000000e+00
2.587049007415771484e-01
2.184827774763107300e-01
4.058617055416107178e-01
0.000000000000000000e+00
1.490828543901443481e-01
1.811431199312210083e-01
3.863195180892944336e-01
2.105546951293945312e+00
0.000000000000000000e+00
1.638695411384105682e-02
1.071423292160034180e+00
2.572439983487129211e-02
4.079644680023193359e-01
0.000000000000000000e+00
3.090808391571044922e-01
1.915551900863647461e+00
4.584169089794158936e-01
1.513356804847717285e+00
2.099387794733047485e-01
1.148213744163513184e+00
6.392006278038024902e-01
6.197861433029174805e-01
1.716741025447845459e-01
7.376228570938110352e-01
2.388286352157592773e+00
7.644475251436233521e-02
1.535124727524816990e-03
3.782078027725219727e+00
3.023891523480415344e-02
1.008388519287109375e+00
6.098665595054626465e-01
4.168286547064781189e-02
9.745621681213378906e-01
0.000000000000000000e+00
3.257042646408081055e+00
2.367264032363891602e-01
8.006713986396789551e-01
8.798167109489440918e-01
2.640846729278564453e+00
2.371273189783096313e-02
1.816751718521118164e+00
2.626624889671802521e-02
0.000000000000000000e+00
2.486166208982467651e-01
0.000000000000000000e+00
5.324818491935729980e-01
1.436958163976669312e-01
1.617005169391632080e-01
0.000000000000000000e+00
2.637135982513427734e-01
9.038587808609008789e-01
4.573450982570648193e-01
1.773302326910197735e-03
1.013453453779220581e-01
9.664909243583679199e-01
6.374441385269165039e-01
6.527825258672237396e-03
0.000000000000000000e+00
0.000000000000000000e+00
4.697918593883514404e-01
6.998059749603271484e-01
2.436204433441162109e+00
4.501385092735290527e-01
2.271351099014282227e+00
0.000000000000000000e+00
1.030624032020568848e+00
2.760880589485168457e-01
1.921897381544113159e-01
1.268104761838912964e-01
0.000000000000000000e+00
1.793503999710083008e+00
3.157641887664794922e+00
1.005935370922088623e-01
4.811911582946777344e+00
4.666416347026824951e-02
5.943029522895812988e-01
4.789349809288978577e-02
1.850363761186599731e-01
0.000000000000000000e+00
2.075948953628540039e+00
1.052245020866394043e+00
0.000000000000000000e+00
2.094884365797042847e-01
6.120799779891967773e-01
7.093015313148498535e-01
2.540074348449707031e+00
1.940262019634246826e-01
5.302836652845144272e-03
2.987378835678100586e-01
9.245412796735763550e-02
8.222177028656005859e-01
1.804276853799819946e-01
4.103889223188161850e-03
4.903561621904373169e-02
8.220689296722412109e-01
1.055158615112304688e+00
2.281426917761564255e-03
9.934114664793014526e-02
1.906791329383850098e-01
1.372198581695556641e+00
3.704079613089561462e-02
6.375864744186401367e-01
3.231088072061538696e-02
2.253763005137443542e-02
8.844140172004699707e-02
1.239357113838195801e+00
2.445722743868827820e-02
2.994783222675323486e-01
3.875193357467651367e+00
6.321226358413696289e-01
0.000000000000000000e+00
5.600075721740722656e-01
2.736408710479736328e+00
9.677584767341613770e-01
1.009336471557617188e+00
8.397989869117736816e-01
2.389686584472656250e+00
2.517072916030883789e+00
2.265651226043701172e-01
5.068818926811218262e-01
7.639678716659545898e-01
0.000000000000000000e+00
1.411920413374900818e-02
