3.703975081443786621e-01
0.000000000000000000e+00
3.463198989629745483e-02
2.123579740524291992e+00
7.465050816535949707e-01
2.897187322378158569e-02
7.700600624084472656e-01
3.182183742523193359e+00
7.456867694854736328e+00
1.603463411331176758e+00
7.321098446846008301e-02
1.527379512786865234e+00
4.613496363162994385e-01
1.320376753807067871e+00
2.971749305725097656e+00
8.236395120620727539e-01
8.637347817420959473e-01
2.855230808258056641e+00
1.353188753128051758e+00
2.250437736511230469e-01
1.459063410758972168e+00
0.000000000000000000e+00
1.368493586778640747e-01
2.959162950515747070e+00
3.973997756838798523e-02
4.959466308355331421e-02
2.038342803716659546e-01
2.345065832138061523e+00
6.918286681175231934e-01
4.673998337239027023e-03
2.638383768498897552e-02
6.480828858911991119e-03
1.076731920242309570e+00
1.465756446123123169e-01
9.612295627593994141e-01
3.416865348815917969e+00
9.665397554636001587e-02
1.193356513977050781e-01
2.492746114730834961e-01
2.334263026714324951e-01
6.354087591171264648e-01
8.977483958005905151e-03
8.353441208600997925e-02
4.343642234802246094e+00
5.156613588333129883e-01
9.219945073127746582e-01
9.597468376159667969e-02
1.477070569992065430e+00
3.004572689533233643e-01
1.953888177871704102e+00
3.287554025650024414e+00
0.000000000000000000e+00
1.871003508567810059e+00
4.374637007713317871e-01
7.334907650947570801e-01
3.431707322597503662e-01
4.840086773037910461e-02
1.045858412981033325e-01
1.768978595733642578e+00
3.290466368198394775e-01
1.316230744123458862e-01
1.131170094013214111e-01
6.399525329470634460e-03
1.202344894409179688e+00
1.754291772842407227e+00
5.672609806060791016e-01
1.456978023052215576e-01
1.942614167928695679e-01
9.588986635208129883e-01
3.080195188522338867e-01
0.000000000000000000e+00
2.556484043598175049e-01
2.588605582714080811e-01
4.823827743530273438e-01
3.344219028949737549e-01
1.787504553794860840e+00
7.285987026989459991e-03
1.077447175979614258e+00
1.219170212745666504e+00
1.384745717048645020e+00
2.817024942487478256e-03
7.347193956375122070e-01
1.952158689498901367e+00
6.916384398937225342e-02
2.794635534286499023e+00
1.942857950925827026e-01
1.219534993171691895e+00
1.615517027676105499e-02
4.253134429454803467e-01
5.463218688964843750e-02
1.701698452234268188e-01
1.171994023025035858e-02
0.000000000000000000e+00
0.000000000000000000e+00
6.121564507484436035e-01
1.437056064605712891e-01
4.445761740207672119e-01
1.141660213470458984e+00
6.466753780841827393e-02
2.439541928470134735e-02
5.663005285896360874e-04
6.770847439765930176e-01
1.214339062571525574e-01
1.019465208053588867e+00
1.421255230903625488e+00
4.316570237278938293e-03
1.197298765182495117e+00
7.580851316452026367e-01
1.201840415596961975e-01
3.156947195529937744e-01
1.536756157875061035e+00
1.759866997599601746e-02
1.007922530174255371e+00
8.440417051315307617e-01
5.018071532249450684e-01
7.859985344111919403e-03
2.507215440273284912e-01
3.190217912197113037e-02
1.684161067008972168e+00
2.360033512115478516e+00
1.384801387786865234e+00
3.093508780002593994e-01
4.944881051778793335e-02
1.268713951110839844e+00
3.217653632164001465e-01
3.973032832145690918e-01
0.000000000000000000e+00
9.069250226020812988e-01
2.027360200881958008e+00
6.277383118867874146e-02
8.859517052769660950e-03
8.362467288970947266e-01
6.563995480537414551e-01
6.941346451640129089e-03
2.949568443000316620e-02
7.698769215494394302e-03
6.387846916913986206e-02
4.607692718505859375e+00
0.000000000000000000e+00
7.923880591988563538e-03
3.594968318939208984e-01
1.383017748594284058e-01
1.900583148002624512e+00
1.806712523102760315e-02
1.723127067089080811e-01
6.659715771675109863e-01
8.944212794303894043e-01
2.847272157669067383e-01
1.797762751579284668e+00
1.091778799891471863e-01
7.125459671020507812e+00
6.238704323768615723e-01
1.667949110269546509e-01
2.529827952384948730e-01
2.132142066955566406e+00
1.367220997810363770e+00
3.826071321964263916e-01
1.033768504858016968e-01
2.399072647094726562e+00
4.657788202166557312e-02
5.806319043040275574e-02
9.980339407920837402e-01
7.266004681587219238e-01
1.032531410455703735e-01
3.251006901264190674e-01
2.574467658996582031e-01
1.724223606288433075e-02
0.000000000000000000e+00
7.937610745429992676e-01
3.218065500259399414e+00
4.209792912006378174e-01
3.742133975028991699e-01
3.957653790712356567e-02
9.820366501808166504e-01
3.382168114185333252e-01
7.277173519134521484e+00
0.000000000000000000e+00
5.176603421568870544e-02
2.475898861885070801e-01
8.508590608835220337e-02
0.000000000000000000e+00
1.210926100611686707e-03
3.636758625507354736e-01
3.448966979980468750e+00
5.454247593879699707e-01
1.303008385002613068e-02
3.864646852016448975e-01
7.997816801071166992e-01
0.000000000000000000e+00
0.000000000000000000e+00
0.000000000000000000e+00
0.000000000000000000e+00
4.616587162017822266e-01
1.619145423173904419e-01
7.128556370735168457e-01
8.848126530647277832e-01
9.831433892250061035e-01
1.698348075151443481e-01
1.019989103078842163e-01
8.063471317291259766e-01
1.128118038177490234e+00
1.034563556313514709e-01
1.049527302384376526e-01
1.017240405082702637e+00
3.519076108932495117e-01
8.169276406988501549e-04
7.663788795471191406e-01
1.141718402504920959e-01
5.748456344008445740e-02
1.540896892547607422e+00
1.971608400344848633e-01
2.599880695343017578e-01
3.502262830734252930e-01
1.394762158393859863e+00
6.097391247749328613e-01
7.509488463401794434e-01
2.023484706878662109e-01
1.427834928035736084e-01
2.256204128265380859e+00
1.198885083198547363e+00
1.931826234795153141e-03
2.439871728420257568e-01
7.352277636528015137e-01
2.352403663098812103e-02
1.355598121881484985e-01
0.000000000000000000e+00
9.327976964414119720e-03
1.246474217623472214e-02
4.047476500272750854e-02
8.510583639144897461e-02
8.492304384708404541e-02
2.087756842374801636e-01
3.011028289794921875e+00
1.900823116302490234e+00
3.116447925567626953e-01
5.746058225631713867e-01
2.360881328582763672e+00
7.941465377807617188e-01
0.000000000000000000e+00
5.613918304443359375e-01
6.046135351061820984e-02
6.899005919694900513e-02
1.637032330036163330e-01
2.768431901931762695e+00
7.695190906524658203e-01
4.525892138481140137e-01
6.284461617469787598e-01
3.229286521673202515e-03
1.951380133628845215e+00
1.007517337799072266e+00
3.078408166766166687e-02
7.046152949333190918e-01
2.347479611635208130e-01
1.436170697212219238e+00
1.091131091117858887e+00
2.807283587753772736e-02
9.931364096701145172e-03
0.000000000000000000e+00
1.811303347349166870e-01
5.599550786428153515e-04
1.077948689460754395e+00
1.041683033108711243e-01
0.000000000000000000e+00
3.557542338967323303e-03
0.000000000000000000e+00
1.085173338651657104e-01
2.518181324005126953e+00
1.286034379154443741e-02
1.578241586685180664e-02
4.756686091423034668e-02
1.184150218963623047e+00
0.000000000000000000e+00
7.667338848114013672e-01
8.316413313150405884e-02
1.661157906055450439e-01
5.474960207939147949e-01
6.457965075969696045e-02
1.144387602806091309e+00
1.249582171440124512e+00
2.426400035619735718e-01
1.348137259483337402e-01
4.702400863170623779e-01
5.191346406936645508e-01
2.614728212356567383e-01
1.941347867250442505e-01
1.515540122985839844e+00
1.052703022956848145e+00
1.057925596833229065e-01
2.984082698822021484e-01
0.000000000000000000e+00
1.742065548896789551e+00
9.146850705146789551e-01
5.531195923686027527e-02
1.034205555915832520e-01
4.250091500580310822e-03
8.438760042190551758e-01
3.786529004573822021e-01
3.685244321823120117e-01
1.162851095199584961e+00
5.407047271728515625e+00
6.503642797470092773e-01
1.760429888963699341e-02
3.203261494636535645e-01
1.560328751802444458e-01
1.004283279180526733e-01
3.384831547737121582e-01
0.000000000000000000e+00
0.000000000000000000e+00
2.356956247240304947e-03
3.407141268253326416e-01
1.205329298973083496e+00
0.000000000000000000e+00
0.000000000000000000e+00
1.164075613021850586e+00
9.719047695398330688e-02
6.155972480773925781e-01
1.292626652866601944e-02
3.520133197307586670e-01
1.124235510826110840e+00
3.274733573198318481e-02
2.427223205566406250e+00
0.000000000000000000e+00
4.418110549449920654e-01
2.334282845258712769e-01
1.569931954145431519e-01
1.764310896396636963e-01
7.757825404405593872e-02
0.000000000000000000e+00
7.803350687026977539e-01
1.381619453430175781e+00
0.000000000000000000e+00
0.000000000000000000e+00
8.184443712234497070e-01
1.122567877173423767e-01
7.100390270352363586e-03
2.548404037952423096e-01
1.130826711654663086e+00
1.017019376158714294e-01
8.834608197212219238e-01
1.153068780899047852e+00
1.981521248817443848e-01
3.913998603820800781e-03
1.443667858839035034e-01
4.804328083992004395e-02
1.008767843246459961e+00
1.229026794433593750e+00
1.960170120000839233e-01
1.655201055109500885e-02
5.418508648872375488e-01
3.855091035366058350e-01
1.835390180349349976e-01
6.060234904289245605e-01
2.140474617481231689e-01
1.184061169624328613e-01
2.445183508098125458e-02
7.044546604156494141e-01
0.000000000000000000e+00
3.171876370906829834e-01
9.536811150610446930e-03
1.220577597618103027e+00
1.069392561912536621e-01
1.344453692436218262e-01
1.289254724979400635e-01
4.893890619277954102e-01
1.424483418464660645e+00
1.167254209518432617e+00
4.736777245998382568e-01
1.629922032356262207e+00
1.994135856628417969e+00
0.000000000000000000e+00
6.789388656616210938e-01
1.139154434204101562e+00
1.206350088119506836e+00
1.341630965471267700e-01
6.686622500419616699e-01
0.000000000000000000e+00
1.920283138751983643e-01
0.000000000000000000e+00
6.062412168830633163e-03
7.017126679420471191e-01
1.373925060033798218e-01
3.862377405166625977e+00
1.256285071372985840e+00
5.598430633544921875e-01
0.000000000000000000e+00
8.675441145896911621e-01
4.063013568520545959e-02
0.000000000000000000e+00
0.000000000000000000e+00
1.308980286121368408e-01
4.145599901676177979e-02
2.703575300984084606e-04
1.880075200460851192e-03
0.000000000000000000e+00
4.712819308042526245e-02
4.614235162734985352e-01
2.541638135910034180e+00
0.000000000000000000e+00
2.716253884136676788e-02
1.298619866371154785e+00
2.665164172649383545e-01
1.215270757675170898e+00
0.000000000000000000e+00
4.106965959072113037e-01
1.431374073028564453e+00
1.757272332906723022e-01
7.888553142547607422e-01
4.673806428909301758e-01
1.311644911766052246e+00
6.386018395423889160e-01
1.088308021426200867e-01
0.000000000000000000e+00
5.339621901512145996e-01
1.887545228004455566e+00
2.980319224298000336e-02
3.116538561880588531e-02
3.635804414749145508e+00
0.000000000000000000e+00
2.701697945594787598e-01
2.328593134880065918e-01
4.818235933780670166e-01
7.885779142379760742e-01
0.000000000000000000e+00
3.359070062637329102e+00
8.766075968742370605e-01
8.562531471252441406e-01
1.054116964340209961e+00
2.845591545104980469e+00
6.384780164808034897e-03
2.131954431533813477e+00
0.000000000000000000e+00
3.136727493256330490e-03
5.858372151851654053e-02
1.697658188641071320e-02
2.111934721469879150e-01
7.175068557262420654e-02
9.838505983352661133e-01
5.621493980288505554e-02
8.678849041461944580e-02
4.282741844654083252e-01
1.344505071640014648e+00
0.000000000000000000e+00
2.524149604141712189e-02
3.563716709613800049e-01
1.483611583709716797e+00
0.000000000000000000e+00
2.063724957406520844e-02
1.563369180075824261e-03
3.316135704517364502e-01
1.260758996009826660e+00
6.406340003013610840e-01
2.295584529638290405e-01
2.525658130645751953e+00
0.000000000000000000e+00
8.750253319740295410e-01
4.152514338493347168e-01
4.077188074588775635e-01
1.390179097652435303e-01
0.000000000000000000e+00
1.758576631546020508e+00
2.762155294418334961e+00
7.221091538667678833e-02
3.934045791625976562e+00
4.490844160318374634e-02
1.017043471336364746e+00
0.000000000000000000e+00
2.272606827318668365e-02
2.091518044471740723e-01
1.128142237663269043e+00
9.168920516967773438e-01
0.000000000000000000e+00
7.108496427536010742e-01
8.179983496665954590e-01
8.633714318275451660e-01
3.848909378051757812e+00
4.646716117858886719e-01
0.000000000000000000e+00
1.071077734231948853e-01
6.376101821660995483e-02
7.951495051383972168e-01
1.386320739984512329e-01
6.035063415765762329e-02
3.534078970551490784e-02
9.234232306480407715e-01
8.979292511940002441e-01
0.000000000000000000e+00
5.223059058189392090e-01
4.998014867305755615e-02
1.973367929458618164e+00
6.955351680517196655e-03
6.069058179855346680e-01
2.186592221260070801e-01
1.836162805557250977e-02
1.304250806570053101e-01
7.134051918983459473e-01
7.169015239924192429e-03
8.153708186000585556e-04
2.930203437805175781e+00
9.936334192752838135e-02
0.000000000000000000e+00
7.512975335121154785e-01
1.466121077537536621e+00
2.262183129787445068e-01
7.832134366035461426e-01
9.295393824577331543e-01
2.793205261230468750e+00
2.139628410339355469e+00
2.412244826555252075e-01
5.845011025667190552e-02
3.216440379619598389e-01
0.000000000000000000e+00
1.721924985758960247e-03
