1.093801334500312805e-01
0.000000000000000000e+00
4.808587208390235901e-02
2.506449222564697266e+00
8.378202915191650391e-01
1.629881709814071655e-01
1.028587698936462402e+00
2.048763990402221680e+00
8.267435073852539062e+00
1.174286603927612305e+00
4.167807400226593018e-01
1.520720481872558594e+00
3.952743411064147949e-01
1.389141082763671875e+00
2.902567863464355469e+00
1.170624256134033203e+00
5.236487984657287598e-01
1.967164158821105957e+00
1.254378795623779297e+00
4.605606570839881897e-02
2.081859111785888672e+00
3.702751128003001213e-03
4.895345270633697510e-01
2.408409595489501953e+00
3.670157119631767273e-02
3.771236538887023926e-02
4.433782596606761217e-04
2.846673965454101562e+00
3.735509216785430908e-01
0.000000000000000000e+00
3.437040746212005615e-01
1.566024869680404663e-02
5.505986213684082031e-01
5.805413722991943359e-01
7.026911973953247070e-01
3.553371429443359375e+00
1.185928359627723694e-01
2.273533679544925690e-02
7.962281107902526855e-01
5.561271309852600098e-01
3.814249634742736816e-01
1.019280850887298584e-01
5.424641966819763184e-01
5.285246849060058594e+00
1.006953835487365723e+00
1.408174276351928711e+00
5.329022649675607681e-03
1.082833886146545410e+00
2.855148315429687500e-01
1.431555867195129395e+00
3.037530422210693359e+00
0.000000000000000000e+00
1.965995073318481445e+00
3.494946658611297607e-01
8.606054186820983887e-01
5.866958945989608765e-02
2.559446096420288086e-01
3.177497684955596924e-01
2.283087015151977539e+00
3.036196529865264893e-01
0.000000000000000000e+00
7.511378265917301178e-03
4.178090766072273254e-02
1.059686422348022461e+00
1.283480405807495117e+00
3.680055141448974609e-01
1.539140287786722183e-02
9.777414798736572266e-01
9.933114647865295410e-01
6.069455146789550781e-01
0.000000000000000000e+00
3.485778868198394775e-01
4.565255716443061829e-02
9.585375785827636719e-01
8.738650679588317871e-01
1.762495040893554688e+00
0.000000000000000000e+00
5.526988506317138672e-01
1.054660201072692871e+00
1.676088452339172363e+00
4.822243750095367432e-02
5.561836361885070801e-01
2.483841896057128906e+00
8.629808202385902405e-03
2.142092227935791016e+00
1.883213408291339874e-02
1.426547884941101074e+00
4.289767704904079437e-03
7.261959910392761230e-01
1.099700108170509338e-01
2.672115154564380646e-02
0.000000000000000000e+00
4.840951878577470779e-03
0.000000000000000000e+00
1.540816426277160645e+00
2.531422078609466553e-01
9.445616006851196289e-01
7.921882271766662598e-01
4.954687505960464478e-02
5.878600291907787323e-03
0.000000000000000000e+00
2.011617869138717651e-01
2.499491721391677856e-02
1.038814067840576172e+00
1.024019122123718262e+00
6.960033625364303589e-02
1.549770593643188477e+00
4.102003872394561768e-01
1.641728132963180542e-01
6.912690401077270508e-01
1.911984443664550781e+00
3.024326451122760773e-02
7.598615884780883789e-01
4.023928567767143250e-02
7.274814248085021973e-01
3.710138425230979919e-02
0.000000000000000000e+00
2.733265459537506104e-01
6.705281734466552734e-01
2.114779233932495117e+00
1.989241838455200195e+00
1.835651993751525879e-01
1.095665711909532547e-02
6.548347473144531250e-01
9.704241752624511719e-01
3.867883682250976562e-01
0.000000000000000000e+00
5.186777710914611816e-01
1.519674301147460938e+00
6.346914917230606079e-02
8.272399753332138062e-02
9.054715633392333984e-01
9.975597262382507324e-01
8.169913291931152344e-02
3.610491752624511719e-01
1.108027808368206024e-02
7.332757860422134399e-02
4.896870613098144531e+00
0.000000000000000000e+00
9.908674284815788269e-03
4.275876879692077637e-01
2.378339916467666626e-01
2.101124525070190430e+00
0.000000000000000000e+00
1.231593824923038483e-02
3.386189937591552734e-01
1.280704975128173828e+00
4.833918809890747070e-01
2.527607202529907227e+00
2.245196141302585602e-02
6.990645885467529297e+00
3.103301823139190674e-01
1.673078685998916626e-01
8.533172309398651123e-02
2.190361499786376953e+00
1.151356220245361328e+00
9.090793132781982422e-02
2.973560392856597900e-01
2.648464202880859375e+00
6.754875928163528442e-02
4.591897875070571899e-02
1.040799617767333984e+00
1.076804161071777344e+00
1.756404899060726166e-02
1.543779373168945312e-01
6.902362704277038574e-01
0.000000000000000000e+00
0.000000000000000000e+00
9.645009040832519531e-01
3.824805259704589844e+00
8.450927734375000000e-01
4.766269624233245850e-01
4.088737443089485168e-02
5.390790104866027832e-01
9.570824503898620605e-01
7.796885967254638672e+00
0.000000000000000000e+00
1.026949658989906311e-01
8.796890079975128174e-02
7.287426292896270752e-02
0.000000000000000000e+00
3.859731554985046387e-02
2.543011903762817383e-01
3.359832763671875000e+00
3.970528393983840942e-02
0.000000000000000000e+00
7.070502042770385742e-01
1.075823664665222168e+00
0.000000000000000000e+00
7.874442264437675476e-03
0.000000000000000000e+00
0.000000000000000000e+00
8.713301420211791992e-01
1.241027340292930603e-01
1.282551527023315430e+00
9.043397307395935059e-01
1.909471631050109863e+00
2.594428956508636475e-01
7.025841474533081055e-01
6.869361996650695801e-01
1.461979746818542480e+00
2.576604783535003662e-01
2.086163908243179321e-01
1.358663916587829590e+00
1.734900474548339844e-01
2.221247414126992226e-03
1.853379249572753906e+00
5.040663480758666992e-02
4.492869228124618530e-02
1.132957220077514648e+00
1.503335237503051758e-01
2.352268248796463013e-01
8.836749196052551270e-01
9.608016014099121094e-01
1.275399684906005859e+00
6.141967177391052246e-01
5.736824870109558105e-02
9.085136651992797852e-02
2.301866054534912109e+00
1.177835583686828613e+00
0.000000000000000000e+00
8.088579028844833374e-02
1.231253445148468018e-01
8.994909003376960754e-03
1.068061590194702148e-01
0.000000000000000000e+00
4.473187401890754700e-02
2.410546541213989258e-01
4.958127439022064209e-02
3.549425005912780762e-01
1.898308284580707550e-02
2.661817669868469238e-01
2.516191482543945312e+00
1.661484837532043457e+00
2.527039647102355957e-01
6.801935434341430664e-01
2.819754362106323242e+00
3.698117733001708984e-01
1.874641166068613529e-03
9.990881681442260742e-01
2.527283132076263428e-01
1.817044913768768311e-01
1.118252724409103394e-01
3.746040105819702148e+00
1.084874629974365234e+00
9.934001564979553223e-01
4.598031342029571533e-01
1.333111547864973545e-03
1.957980394363403320e+00
6.147160530090332031e-01
0.000000000000000000e+00
6.611002087593078613e-01
5.242651328444480896e-03
7.883130311965942383e-01
1.063349604606628418e+00
3.017443045973777771e-02
1.187748014926910400e-01
0.000000000000000000e+00
1.992870867252349854e-01
1.101026870310306549e-02
1.280396580696105957e+00
6.178019642829895020e-01
8.956114470493048429e-05
2.841853536665439606e-02
0.000000000000000000e+00
1.257566362619400024e-01
1.831964254379272461e+00
1.663972623646259308e-02
3.344879671931266785e-02
1.358770113438367844e-02
1.768688082695007324e+00
0.000000000000000000e+00
7.316340208053588867e-01
2.367982566356658936e-01
1.273731738328933716e-01
1.039519190788269043e+00
5.816968083381652832e-01
7.120497226715087891e-01
1.168461084365844727e+00
1.173916459083557129e-01
3.874084725975990295e-02
2.406826019287109375e-01
2.594400942325592041e-01
2.708626091480255127e-01
5.039939284324645996e-01
1.345822334289550781e+00
1.196099758148193359e+00
4.656362533569335938e-02
2.425869256258010864e-01
6.724318489432334900e-03
1.746526718139648438e+00
1.431533575057983398e+00
1.684123426675796509e-01
4.096845164895057678e-02
1.183633133769035339e-01
1.467375457286834717e-01
7.091042995452880859e-01
1.217750236392021179e-01
1.485808253288269043e+00
5.922479152679443359e+00
9.096944332122802734e-01
3.751686513423919678e-01
4.412524998188018799e-01
1.160156261175870895e-02
7.343564648181200027e-03
3.061763346195220947e-01
3.055535443127155304e-02
0.000000000000000000e+00
2.455555647611618042e-02
3.116736114025115967e-01
1.454028367996215820e+00
0.000000000000000000e+00
1.704536750912666321e-02
1.196807861328125000e+00
3.460614010691642761e-03
6.478208899497985840e-01
0.000000000000000000e+00
5.036498308181762695e-01
1.110146164894104004e+00
4.442326352000236511e-02
2.714768886566162109e+00
0.000000000000000000e+00
1.807311326265335083e-01
3.801605105400085449e-01
5.563444923609495163e-03
4.822478592395782471e-01
6.377008743584156036e-03
0.000000000000000000e+00
7.671194672584533691e-01
8.517999053001403809e-01
0.000000000000000000e+00
0.000000000000000000e+00
1.085669040679931641e+00
1.396690458059310913e-01
5.646316334605216980e-03
1.916016489267349243e-01
8.192029595375061035e-01
2.138188853859901428e-02
5.628410577774047852e-01
1.478511571884155273e+00
1.733452081680297852e-01
4.132134490646421909e-04
6.765614449977874756e-02
2.984791249036788940e-02
6.553462743759155273e-01
1.065394878387451172e+00
4.000000357627868652e-01
7.601289451122283936e-02
4.257796704769134521e-01
1.826269775629043579e-01
2.667602598667144775e-01
9.551964402198791504e-01
3.472078144550323486e-01
1.131295878440141678e-02
1.847278028726577759e-01
1.057836890220642090e+00
0.000000000000000000e+00
6.060741096735000610e-02
5.907710641622543335e-03
9.845672845840454102e-01
6.661444902420043945e-02
0.000000000000000000e+00
6.388789415359497070e-02
8.498979806900024414e-01
2.121422290802001953e+00
1.040488839149475098e+00
5.854668617248535156e-01
2.392160654067993164e+00
2.091299772262573242e+00
0.000000000000000000e+00
6.865000724792480469e-01
1.064300894737243652e+00
1.316991448402404785e+00
3.510472774505615234e-01
1.198920130729675293e+00
0.000000000000000000e+00
5.518818739801645279e-03
0.000000000000000000e+00
0.000000000000000000e+00
5.166961550712585449e-01
9.638068825006484985e-02
4.107510089874267578e+00
1.557593822479248047e+00
3.628799915313720703e-01
0.000000000000000000e+00
9.635158777236938477e-01
4.388092830777168274e-02
0.000000000000000000e+00
0.000000000000000000e+00
0.000000000000000000e+00
3.060520440340042114e-02
1.312916819006204605e-02
1.570358988828957081e-03
1.578911095857620239e-01
2.780594490468502045e-02
5.095641613006591797e-01
2.811951875686645508e+00
8.723887801170349121e-02
3.937725722789764404e-02
1.283991217613220215e+00
2.452354729175567627e-01
1.660042881965637207e+00
0.000000000000000000e+00
8.294574171304702759e-02
1.267171382904052734e+00
2.589538693428039551e-01
9.325137138366699219e-01
3.910500705242156982e-01
1.078886151313781738e+00
5.798512101173400879e-01
2.947068214416503906e-01
0.000000000000000000e+00
4.290513694286346436e-01
2.106711149215698242e+00
0.000000000000000000e+00
0.000000000000000000e+00
4.636845111846923828e+00
0.000000000000000000e+00
5.531288385391235352e-01
3.580253720283508301e-01
1.306469887495040894e-01
8.055217266082763672e-01
0.000000000000000000e+00
2.775669336318969727e+00
6.097647547721862793e-01
4.698752462863922119e-01
9.347440004348754883e-01
1.933513879776000977e+00
0.000000000000000000e+00
1.701266527175903320e+00
1.658232510089874268e-01
7.627679733559489250e-04
8.653256297111511230e-02
0.000000000000000000e+00
5.840920805931091309e-01
9.504918009042739868e-03
8.747609853744506836e-01
7.696758490055799484e-03
5.539116263389587402e-01
5.440045595169067383e-01
1.229303002357482910e+00
0.000000000000000000e+00
3.297842741012573242e-01
5.556696057319641113e-01
6.749942898750305176e-01
4.550345707684755325e-03
7.520707324147224426e-03
0.000000000000000000e+00
5.003373026847839355e-01
9.831516146659851074e-01
7.360789775848388672e-01
1.053319051861763000e-01
2.496769905090332031e+00
0.000000000000000000e+00
1.572131991386413574e+00
6.968353390693664551e-01
2.556243240833282471e-01
2.152436524629592896e-01
4.073918983340263367e-02
2.170101165771484375e+00
2.746771335601806641e+00
3.919013962149620056e-02
4.841335773468017578e+00
1.786459237337112427e-01
7.914257049560546875e-01
8.739110827445983887e-02
9.577509015798568726e-03
1.142410337924957275e-01
1.764105796813964844e+00
9.595316648483276367e-01
0.000000000000000000e+00
3.113390803337097168e-01
4.359504580497741699e-01
9.126461148262023926e-01
3.839014768600463867e+00
1.036793589591979980e+00
0.000000000000000000e+00
3.277060389518737793e-01
2.243229150772094727e-01
1.399556398391723633e+00
2.675375342369079590e-02
4.334573820233345032e-02
1.271018832921981812e-01
1.375594496726989746e+00
1.026929140090942383e+00
6.231152918189764023e-03
4.406124055385589600e-01
9.837309271097183228e-02
1.519215464591979980e+00
1.617683446966111660e-03
5.512133240699768066e-01
6.781718134880065918e-02
0.000000000000000000e+00
5.816772580146789551e-01
6.041992902755737305e-01
4.874338954687118530e-02
1.394089963287115097e-02
3.111580610275268555e+00
1.803428828716278076e-01
0.000000000000000000e+00
6.697621345520019531e-01
1.345869421958923340e+00
2.141098380088806152e-01
8.932122588157653809e-01
1.298362135887145996e+00
2.573703527450561523e+00
2.479898929595947266e+00
5.431582331657409668e-01
1.610382348299026489e-01
8.393333554267883301e-01
0.000000000000000000e+00
0.000000000000000000e+00
