7.141199707984924316e-02
0.000000000000000000e+00
6.797893345355987549e-02
2.354883909225463867e+00
5.388393998146057129e-01
2.214763313531875610e-01
9.692881107330322266e-01
2.542049646377563477e+00
7.980041980743408203e+00
1.637909054756164551e+00
9.487779438495635986e-02
2.153950929641723633e+00
4.194391965866088867e-01
1.089040756225585938e+00
2.950133085250854492e+00
1.481817126274108887e+00
1.086778402328491211e+00
2.144240617752075195e+00
1.284980177879333496e+00
1.673181056976318359e-01
2.372418403625488281e+00
8.228822611272335052e-03
2.389161139726638794e-01
2.461589574813842773e+00
4.827994480729103088e-02
0.000000000000000000e+00
1.756640151143074036e-02
2.579155683517456055e+00
4.676171839237213135e-01
0.000000000000000000e+00
2.703985897824168205e-03
3.787589445710182190e-02
9.877256751060485840e-01
7.943705320358276367e-01
1.180224776268005371e+00
3.665618181228637695e+00
5.857330188155174255e-02
2.242163941264152527e-02
7.307165861129760742e-01
9.882084131240844727e-01
5.632411837577819824e-01
3.055878877639770508e-01
4.654554426670074463e-01
5.201264858245849609e+00
4.400096833705902100e-01
1.607816219329833984e+00
2.084036618471145630e-01
1.381548523902893066e+00
2.816000580787658691e-01
1.488023519515991211e+00
3.712785005569458008e+00
9.034797549247741699e-03
1.991371989250183105e+00
1.809040009975433350e-01
7.234081029891967773e-01
1.079412624239921570e-01
1.800072938203811646e-01
1.615274399518966675e-01
1.880264878273010254e+00
1.517273634672164917e-01
2.607073448598384857e-02
1.394409686326980591e-01
3.296258801128715277e-04
1.371617555618286133e+00
2.144990444183349609e+00
4.188278019428253174e-01
3.364815562963485718e-02
6.505687832832336426e-01
1.491094589233398438e+00
2.742890715599060059e-01
0.000000000000000000e+00
7.917545735836029053e-02
1.393293142318725586e-01
1.496342539787292480e+00
5.679278373718261719e-01
1.454677581787109375e+00
0.000000000000000000e+00
9.081422090530395508e-01
3.869249224662780762e-01
1.461394906044006348e+00
0.000000000000000000e+00
1.011230945587158203e+00
2.829663276672363281e+00
9.387163817882537842e-02
2.552737951278686523e+00
1.448163241147994995e-01
1.212124586105346680e+00
3.274053707718849182e-02
7.919130921363830566e-01
8.768119849264621735e-03
1.997364163398742676e-01
1.109034754335880280e-02
0.000000000000000000e+00
0.000000000000000000e+00
6.975886225700378418e-01
4.641968011856079102e-01
9.664655923843383789e-01
5.181893706321716309e-01
1.542797237634658813e-01
2.190964762121438980e-03
3.666164726018905640e-02
1.933644711971282959e-01
3.563496470451354980e-02
1.170974373817443848e+00
1.453827857971191406e+00
5.918437615036964417e-02
1.664702653884887695e+00
9.310911893844604492e-01
6.888616085052490234e-01
3.923035860061645508e-01
1.491192340850830078e+00
8.200452476739883423e-02
5.239387750625610352e-01
2.234554290771484375e-01
3.899189531803131104e-01
1.210892349481582642e-01
2.338996529579162598e-01
1.122032627463340759e-01
1.504916548728942871e+00
2.496321439743041992e+00
9.862645864486694336e-01
2.477506846189498901e-01
2.790779992938041687e-02
1.237140655517578125e+00
9.743513464927673340e-01
4.933852255344390869e-01
0.000000000000000000e+00
9.729768037796020508e-01
2.149633884429931641e+00
2.097076773643493652e-01
0.000000000000000000e+00
1.203860402107238770e+00
4.878293275833129883e-01
1.234952285885810852e-01
5.568328499794006348e-01
0.000000000000000000e+00
2.300566434860229492e-02
5.314284324645996094e+00
0.000000000000000000e+00
2.181273102760314941e-01
2.048913985490798950e-01
2.961475551128387451e-01
1.661238074302673340e+00
0.000000000000000000e+00
4.324837028980255127e-02
1.354741156101226807e-01
8.718725442886352539e-01
5.259788632392883301e-01
1.552105307579040527e+00
5.144748836755752563e-02
7.421538352966308594e+00
2.660041749477386475e-01
1.788504868745803833e-01
5.056406259536743164e-01
2.195201873779296875e+00
1.538989901542663574e+00
1.340403854846954346e-01
1.015525981783866882e-01
2.311608076095581055e+00
2.894999086856842041e-01
1.190278958529233932e-02
1.324988842010498047e+00
6.856183409690856934e-01
1.316183153539896011e-02
6.565735936164855957e-01
3.308304846286773682e-01
3.592494875192642212e-02
0.000000000000000000e+00
1.128644108772277832e+00
3.584105730056762695e+00
6.718699336051940918e-01
9.892372488975524902e-01
1.113303005695343018e-01
7.109287381172180176e-01
6.179174780845642090e-01
7.449162006378173828e+00
0.000000000000000000e+00
9.331659413874149323e-03
2.217382341623306274e-01
1.316267251968383789e-01
0.000000000000000000e+00
4.923448432236909866e-03
4.229568541049957275e-01
3.552917718887329102e+00
2.345089986920356750e-02
4.987793974578380585e-03
6.092180013656616211e-01
1.207249879837036133e+00
0.000000000000000000e+00
1.727992668747901917e-02
0.000000000000000000e+00
1.581832021474838257e-02
7.590665221214294434e-01
4.037381708621978760e-01
1.554085850715637207e+00
5.760807991027832031e-01
9.209973812103271484e-01
2.097141444683074951e-01
2.410395890474319458e-01
2.896644771099090576e-01
9.945502281188964844e-01
2.761648893356323242e-01
7.976613640785217285e-01
9.913566708564758301e-01
3.669613599777221680e-01
0.000000000000000000e+00
1.099349975585937500e+00
1.153002772480249405e-02
1.910188347101211548e-01
8.645073175430297852e-01
4.145882725715637207e-01
2.945214807987213135e-01
9.222038984298706055e-01
9.273628592491149902e-01
9.181325435638427734e-01
9.492874741554260254e-01
8.430582284927368164e-02
9.325038641691207886e-02
1.921241998672485352e+00
1.002018213272094727e+00
3.521941974759101868e-02
3.748199939727783203e-01
3.749691545963287354e-01
1.029251590371131897e-01
1.659063994884490967e-01
0.000000000000000000e+00
7.949183881282806396e-02
3.210560381412506104e-01
9.880232810974121094e-02
2.124135643243789673e-01
2.044513374567031860e-01
5.392862558364868164e-01
2.301866054534912109e+00
2.219153165817260742e+00
3.492221236228942871e-01
1.330479621887207031e+00
2.480908632278442383e+00
2.441518455743789673e-01
5.020257085561752319e-03
1.533336877822875977e+00
1.438345611095428467e-01
3.060144186019897461e-02
1.395138651132583618e-01
3.580318450927734375e+00
1.557325243949890137e+00
5.033004283905029297e-01
9.486417174339294434e-01
3.511974588036537170e-02
1.406865954399108887e+00
1.021449804306030273e+00
4.637165367603302002e-02
8.212304115295410156e-01
4.518536478281021118e-02
2.276499748229980469e+00
1.107938885688781738e+00
2.950990386307239532e-02
1.888083964586257935e-01
0.000000000000000000e+00
1.624614149332046509e-01
1.474671959877014160e-01
1.362000584602355957e+00
2.658398747444152832e-01
0.000000000000000000e+00
1.038152817636728287e-02
0.000000000000000000e+00
5.119183659553527832e-02
2.152503252029418945e+00
1.205524243414402008e-02
1.969870738685131073e-02
6.021742708981037140e-03
1.691625118255615234e+00
0.000000000000000000e+00
6.973682045936584473e-01
2.247908562421798706e-01
9.723825007677078247e-02
3.455787003040313721e-01
5.201566964387893677e-03
1.105578660964965820e+00
1.120282411575317383e+00
2.025911211967468262e-02
3.650440871715545654e-01
2.894246876239776611e-01
5.665240064263343811e-02
4.291388690471649170e-01
8.358103036880493164e-01
1.605859518051147461e+00
1.027955889701843262e+00
4.636598005890846252e-02
2.832100093364715576e-01
5.351990833878517151e-02
1.967872381210327148e+00
1.525242567062377930e+00
8.907417953014373779e-02
7.103361655026674271e-03
2.355932444334030151e-02
5.028836131095886230e-01
3.366926610469818115e-01
2.531347870826721191e-01
1.495771408081054688e+00
5.560592651367187500e+00
4.342406690120697021e-01
1.430407539010047913e-02
6.187827587127685547e-01
0.000000000000000000e+00
9.707472287118434906e-03
1.607011109590530396e-01
0.000000000000000000e+00
0.000000000000000000e+00
5.849929992109537125e-03
6.868930459022521973e-01
6.051557064056396484e-01
0.000000000000000000e+00
1.917517185211181641e-02
1.253284096717834473e+00
1.060901731252670288e-01
5.719717144966125488e-01
0.000000000000000000e+00
4.499417543411254883e-01
1.285305261611938477e+00
3.275657594203948975e-01
1.960943222045898438e+00
0.000000000000000000e+00
3.377193510532379150e-01
3.172425925731658936e-02
5.202883854508399963e-03
5.390146970748901367e-01
0.000000000000000000e+00
0.000000000000000000e+00
1.115948438644409180e+00
5.971459746360778809e-01
0.000000000000000000e+00
0.000000000000000000e+00
1.188251495361328125e+00
1.309595257043838501e-02
5.063703656196594238e-02
1.995515972375869751e-01
1.286228537559509277e+00
1.808117479085922241e-01
6.640857458114624023e-01
1.796120405197143555e+00
1.980915367603302002e-01
3.108051372691988945e-03
6.061818078160285950e-02
2.738871797919273376e-02
8.427447676658630371e-01
9.424217939376831055e-01
1.614321023225784302e-01
7.621186226606369019e-02
8.403701782226562500e-01
7.399920225143432617e-01
3.636989742517471313e-02
1.085466742515563965e+00
3.436280786991119385e-01
3.587244078516960144e-02
3.477434813976287842e-02
7.586914896965026855e-01
0.000000000000000000e+00
2.520927488803863525e-01
5.766968708485364914e-03
7.154462337493896484e-01
3.281165957450866699e-01
0.000000000000000000e+00
9.793471097946166992e-01
5.202514529228210449e-01
2.238811016082763672e+00
1.171947240829467773e+00
6.294336915016174316e-01
1.670189619064331055e+00
1.552440404891967773e+00
0.000000000000000000e+00
4.397642016410827637e-01
1.657089710235595703e+00
1.099379658699035645e+00
1.297909468412399292e-01
1.447621822357177734e+00
9.479604777880012989e-04
4.312686156481504440e-03
0.000000000000000000e+00
2.617584355175495148e-02
1.113092660903930664e+00
1.938926279544830322e-01
4.778219223022460938e+00
1.526906251907348633e+00
4.323471784591674805e-01
0.000000000000000000e+00
5.639064908027648926e-01
5.707261711359024048e-02
0.000000000000000000e+00
0.000000000000000000e+00
5.588226485997438431e-03
2.193467468023300171e-01
3.957647364586591721e-03
1.513437717221677303e-03
2.702883780002593994e-01
3.061184585094451904e-01
3.028196692466735840e-01
1.664532065391540527e+00
3.891354426741600037e-02
4.541411623358726501e-02
1.028531789779663086e+00
7.956477999687194824e-02
8.467226624488830566e-01
0.000000000000000000e+00
2.755677998065948486e-01
1.427482843399047852e+00
1.037240386009216309e+00
1.581563591957092285e+00
4.141727685928344727e-01
1.597258925437927246e+00
4.155689775943756104e-01
2.277778983116149902e-01
3.201811015605926514e-02
3.147993981838226318e-01
1.840169429779052734e+00
8.398979157209396362e-02
1.879162853583693504e-03
4.588060379028320312e+00
1.395365297794342041e-01
5.520896315574645996e-01
7.974918484687805176e-01
2.711544632911682129e-01
5.158232450485229492e-01
4.070609284099191427e-04
2.793810844421386719e+00
5.864166021347045898e-01
7.796198129653930664e-01
8.418435454368591309e-01
2.952704191207885742e+00
0.000000000000000000e+00
1.633502840995788574e+00
1.455282140523195267e-02
2.143358811736106873e-03
1.779401749372482300e-01
1.257456094026565552e-02
9.006117284297943115e-02
8.725224435329437256e-02
4.349061548709869385e-01
0.000000000000000000e+00
7.765183448791503906e-01
6.429767608642578125e-01
1.607092738151550293e+00
0.000000000000000000e+00
1.995066255331039429e-01
3.609905540943145752e-01
8.576275110244750977e-01
3.676815889775753021e-03
0.000000000000000000e+00
0.000000000000000000e+00
6.979589462280273438e-01
1.123826980590820312e+00
5.994759798049926758e-01
2.410138845443725586e-01
1.900958538055419922e+00
0.000000000000000000e+00
9.618352651596069336e-01
7.743324041366577148e-01
1.016185879707336426e-01
3.145224153995513916e-01
0.000000000000000000e+00
1.789195895195007324e+00
1.939211487770080566e+00
2.887484729290008545e-01
4.482904911041259766e+00
2.491918653249740601e-01
7.071620821952819824e-01
2.896929718554019928e-02
4.558550566434860229e-02
1.516618132591247559e-01
2.010359048843383789e+00
7.099646329879760742e-01
0.000000000000000000e+00
2.565933167934417725e-01
3.905319571495056152e-01
4.693872034549713135e-01
3.048794746398925781e+00
7.741910815238952637e-01
1.671039871871471405e-02
8.799699693918228149e-02
9.994851052761077881e-02
1.145764827728271484e+00
1.068172007799148560e-01
1.446415781974792480e-01
6.936029531061649323e-03
5.637145638465881348e-01
5.277442336082458496e-01
3.216982632875442505e-02
2.615141570568084717e-01
1.594605669379234314e-02
1.576127767562866211e+00
9.280391782522201538e-02
2.218244820833206177e-01
7.488930970430374146e-02
2.965788543224334717e-02
3.349174261093139648e-01
8.372452855110168457e-01
4.583143442869186401e-02
6.389445066452026367e-01
3.694993495941162109e+00
2.160436064004898071e-01
0.000000000000000000e+00
2.896407246589660645e-01
1.258709430694580078e+00
9.976342320442199707e-01
1.171477437019348145e+00
1.323543310165405273e+00
2.680455446243286133e+00
2.187386035919189453e+00
2.935895621776580811e-01
2.858810722827911377e-01
7.276365756988525391e-01
0.000000000000000000e+00
8.786650747060775757e-02
