1.951541192829608917e-02
0.000000000000000000e+00
5.208314955234527588e-02
2.343902111053466797e+00
5.835784673690795898e-01
5.207288861274719238e-01
8.255702257156372070e-01
3.444315910339355469e+00
8.156788825988769531e+00
1.379476428031921387e+00
1.490985322743654251e-02
1.489889621734619141e+00
6.129959821701049805e-01
6.740484833717346191e-01
2.646491765975952148e+00
1.065597414970397949e+00
8.740481734275817871e-01
2.705616235733032227e+00
8.056397438049316406e-01
6.275948882102966309e-02
2.201719522476196289e+00
0.000000000000000000e+00
2.059888839721679688e-01
2.293857574462890625e+00
2.166778594255447388e-02
1.850805245339870453e-02
1.420226544141769409e-01
2.478513956069946289e+00
2.926488518714904785e-01
1.458130180835723877e-01
4.880989342927932739e-02
0.000000000000000000e+00
5.028056502342224121e-01
9.969667792320251465e-01
1.290124535560607910e+00
3.391181707382202148e+00
1.973277777433395386e-01
0.000000000000000000e+00
7.077637314796447754e-01
6.103467345237731934e-01
3.377777636051177979e-01
2.260258942842483521e-01
6.067495793104171753e-02
4.539955615997314453e+00
6.614360809326171875e-01
7.612467408180236816e-01
1.022465378046035767e-01
1.499120235443115234e+00
3.026405274868011475e-01
1.229104042053222656e+00
3.047061681747436523e+00
0.000000000000000000e+00
1.960208892822265625e+00
3.068741858005523682e-01
6.732674837112426758e-01
9.375583380460739136e-03
7.854115217924118042e-02
2.011690437793731689e-01
1.688786029815673828e+00
7.573150843381881714e-02
1.382010802626609802e-02
5.125880241394042969e-02
0.000000000000000000e+00
8.612071871757507324e-01
1.370363116264343262e+00
2.560915946960449219e-01
0.000000000000000000e+00
4.596673548221588135e-01
1.017387270927429199e+00
5.308195576071739197e-02
2.629329683259129524e-03
6.979309022426605225e-02
5.469764396548271179e-02
1.552940487861633301e+00
6.548460721969604492e-01
9.205602407455444336e-01
2.958839293569326401e-03
1.342529773712158203e+00
2.439029365777969360e-01
1.633305430412292480e+00
0.000000000000000000e+00
6.056112647056579590e-01
3.076932907104492188e+00
2.329376153647899628e-02
2.348968505859375000e+00
1.550640314817428589e-01
1.426180481910705566e+00
3.639659285545349121e-02
5.133552551269531250e-01
0.000000000000000000e+00
1.378432512283325195e-01
2.947661280632019043e-02
0.000000000000000000e+00
0.000000000000000000e+00
8.553769588470458984e-01
2.916701436042785645e-01
9.547725915908813477e-01
3.483711779117584229e-01
6.680326163768768311e-02
7.256140466779470444e-03
1.423436496406793594e-02
3.005653433501720428e-02
0.000000000000000000e+00
1.367779493331909180e+00
1.643358826637268066e+00
2.027110569179058075e-02
1.307084798812866211e+00
7.589497566223144531e-01
4.283846616744995117e-01
7.817312479019165039e-01
1.750376462936401367e+00
0.000000000000000000e+00
8.091433644294738770e-01
7.811613082885742188e-01
5.222874283790588379e-01
4.665468633174896240e-02
1.173382550477981567e-01
1.687391847372055054e-02
9.190578460693359375e-01
1.873126864433288574e+00
1.115966916084289551e+00
3.719007968902587891e-01
8.121612481772899628e-03
1.166322469711303711e+00
7.159629464149475098e-01
1.566050946712493896e-01
0.000000000000000000e+00
9.585690498352050781e-01
2.143058538436889648e+00
1.548129171133041382e-01
0.000000000000000000e+00
1.174562573432922363e+00
3.758009374141693115e-01
5.094347894191741943e-02
2.352625727653503418e-01
8.401687256991863251e-03
3.617366403341293335e-02
4.958788871765136719e+00
0.000000000000000000e+00
7.356819510459899902e-02
1.183389127254486084e-01
1.576779633760452271e-01
1.298186779022216797e+00
0.000000000000000000e+00
3.065808713436126709e-01
1.582971215248107910e-01
7.710264325141906738e-01
6.811748147010803223e-01
1.441134333610534668e+00
1.613656803965568542e-02
7.427358150482177734e+00
2.065277844667434692e-01
1.176027357578277588e-01
7.283897995948791504e-01
1.504168152809143066e+00
1.683618664741516113e+00
1.102764531970024109e-01
8.652196265757083893e-03
2.450455188751220703e+00
1.909120827913284302e-01
6.480868905782699585e-02
1.218205332756042480e+00
8.583906292915344238e-01
3.348240396007895470e-03
3.275576829910278320e-01
6.215775012969970703e-01
8.631084347143769264e-04
0.000000000000000000e+00
5.113250017166137695e-01
3.446967124938964844e+00
5.623661875724792480e-01
7.445630431175231934e-01
1.792412102222442627e-01
6.716769337654113770e-01
2.556863725185394287e-01
6.876428127288818359e+00
0.000000000000000000e+00
1.575262658298015594e-02
1.881536692380905151e-01
2.246288657188415527e-01
0.000000000000000000e+00
2.269791997969150543e-02
4.787418544292449951e-01
3.436064243316650391e+00
1.304941475391387939e-01
2.691720798611640930e-02
2.723675668239593506e-01
4.038587212562561035e-01
0.000000000000000000e+00
5.977633595466613770e-02
0.000000000000000000e+00
0.000000000000000000e+00
7.479863762855529785e-01
3.733072876930236816e-01
1.291139841079711914e+00
5.981621146202087402e-01
1.202271580696105957e+00
3.211560249328613281e-01
4.808243215084075928e-01
5.596016049385070801e-01
1.233646035194396973e+00
2.417180389165878296e-01
6.627701520919799805e-01
9.901926517486572266e-01
4.659092128276824951e-01
1.127295568585395813e-01
9.391328096389770508e-01
1.385362003929913044e-03
7.193181663751602173e-02
1.577763795852661133e+00
9.688478708267211914e-02
2.374717444181442261e-01
1.045928001403808594e+00
3.172810971736907959e-01
7.832913994789123535e-01
1.027694344520568848e+00
6.624126434326171875e-02
9.860516339540481567e-02
1.495556831359863281e+00
1.065490722656250000e+00
8.318186551332473755e-02
3.090739548206329346e-01
4.066949784755706787e-01
0.000000000000000000e+00
3.249063342809677124e-02
0.000000000000000000e+00
2.700503356754779816e-02
2.872486412525177002e-01
1.626943051815032959e-02
3.024457767605781555e-02
1.407228112220764160e-01
4.468441605567932129e-01
1.636501312255859375e+00
2.155610561370849609e+00
1.530556529760360718e-01
9.275412559509277344e-01
2.987158298492431641e+00
2.554238438606262207e-01
1.139072002843022346e-03
1.119590997695922852e+00
1.501189917325973511e-01
4.245001822710037231e-02
4.445490986108779907e-02
3.529690504074096680e+00
1.011123895645141602e+00
6.205230951309204102e-01
1.223725080490112305e+00
1.294198539108037949e-02
1.380895495414733887e+00
1.378807187080383301e+00
0.000000000000000000e+00
8.311898112297058105e-01
3.384046256542205811e-02
1.366502404212951660e+00
7.837985754013061523e-01
1.085365116596221924e-01
2.842830717563629150e-01
0.000000000000000000e+00
1.386544406414031982e-01
2.561633288860321045e-01
1.418936610221862793e+00
2.162800133228302002e-01
0.000000000000000000e+00
8.193455636501312256e-02
0.000000000000000000e+00
0.000000000000000000e+00
2.132444620132446289e+00
5.109533667564392090e-03
0.000000000000000000e+00
5.595133989118039608e-04
1.560727119445800781e+00
0.000000000000000000e+00
2.912145555019378662e-01
3.978491723537445068e-01
4.623573645949363708e-02
6.578747630119323730e-01
4.091881588101387024e-02
8.728263974189758301e-01
8.904360532760620117e-01
2.345388084650039673e-01
1.806549876928329468e-01
2.370971888303756714e-01
8.813296258449554443e-02
3.001846969127655029e-01
7.561042904853820801e-01
5.811806321144104004e-01
1.078789710998535156e+00
3.253811970353126526e-02
5.196293592453002930e-01
7.728703320026397705e-02
2.074039697647094727e+00
1.073755145072937012e+00
1.693267971277236938e-01
8.969295769929885864e-03
0.000000000000000000e+00
4.238998591899871826e-01
3.034507930278778076e-01
1.896817535161972046e-01
1.296658039093017578e+00
5.574416637420654297e+00
3.509859144687652588e-01
5.647106841206550598e-02
5.809122323989868164e-01
1.490662107244133949e-03
5.619437433779239655e-03
4.162144064903259277e-01
2.716039074584841728e-03
0.000000000000000000e+00
0.000000000000000000e+00
4.426521360874176025e-01
8.880934119224548340e-01
0.000000000000000000e+00
6.429976783692836761e-03
1.543707966804504395e+00
6.434393674135208130e-02
5.123717784881591797e-01
0.000000000000000000e+00
2.573602497577667236e-01
1.233435511589050293e+00
2.146602123975753784e-01
1.979679584503173828e+00
0.000000000000000000e+00
2.582131028175354004e-01
0.000000000000000000e+00
1.988247595727443695e-02
2.851712405681610107e-01
5.352389998733997345e-04
0.000000000000000000e+00
1.201455831527709961e+00
6.459790468215942383e-01
0.000000000000000000e+00
0.000000000000000000e+00
9.893566370010375977e-01
3.461334155872464180e-03
5.066337063908576965e-03
7.950574159622192383e-02
1.468070983886718750e+00
3.741128742694854736e-01
6.569897532463073730e-01
2.233375787734985352e+00
3.719823360443115234e-01
3.746021538972854614e-02
1.028440818190574646e-01
9.720333665609359741e-02
6.651217937469482422e-01
6.534746289253234863e-01
1.071062460541725159e-01
1.827096641063690186e-01
4.805085957050323486e-01
5.790233016014099121e-01
4.292186722159385681e-02
1.279863715171813965e+00
6.126621961593627930e-01
5.957001121714711189e-04
5.874882265925407410e-02
9.425339698791503906e-01
0.000000000000000000e+00
1.275358498096466064e-01
4.968142136931419373e-03
5.569304823875427246e-01
3.417775779962539673e-02
0.000000000000000000e+00
8.984757065773010254e-01
4.029996395111083984e-01
2.079485416412353516e+00
1.617386102676391602e+00
4.848734438419342041e-01
1.771466732025146484e+00
1.875611543655395508e+00
0.000000000000000000e+00
3.346439898014068604e-01
1.305366396903991699e+00
2.790544033050537109e-01
2.788269519805908203e-01
9.925041794776916504e-01
0.000000000000000000e+00
3.774577006697654724e-02
1.439503207802772522e-02
8.282875642180442810e-03
1.163205504417419434e+00
3.942725956439971924e-01
3.869552135467529297e+00
1.430557847023010254e+00
2.137588858604431152e-01
0.000000000000000000e+00
7.852862477302551270e-01
0.000000000000000000e+00
0.000000000000000000e+00
0.000000000000000000e+00
0.000000000000000000e+00
1.007685139775276184e-01
0.000000000000000000e+00
0.000000000000000000e+00
2.773211598396301270e-01
2.251402735710144043e-01
7.610122561454772949e-01
1.985706210136413574e+00
6.579899694770574570e-03
1.340423803776502609e-02
1.061031579971313477e+00
5.102029442787170410e-02
1.097114443778991699e+00
0.000000000000000000e+00
7.310372591018676758e-02
1.541732549667358398e+00
8.391445279121398926e-01
9.320386052131652832e-01
2.925182878971099854e-01
1.215664863586425781e+00
3.037938177585601807e-01
2.591249644756317139e-01
0.000000000000000000e+00
4.842909872531890869e-01
1.842038750648498535e+00
0.000000000000000000e+00
5.172782111912965775e-03
4.321321010589599609e+00
1.624097973108291626e-01
6.631569266319274902e-01
9.167634248733520508e-01
3.733585178852081299e-01
4.184504747390747070e-01
0.000000000000000000e+00
2.787415027618408203e+00
4.611324965953826904e-01
5.270017385482788086e-01
9.301412105560302734e-01
1.803940534591674805e+00
0.000000000000000000e+00
1.722212195396423340e+00
8.042845875024795532e-02
7.786958012729883194e-03
2.510665655136108398e-01
0.000000000000000000e+00
8.297970890998840332e-02
7.688105851411819458e-02
6.448630690574645996e-01
0.000000000000000000e+00
2.819772660732269287e-01
4.694354534149169922e-01
1.250072479248046875e+00
0.000000000000000000e+00
3.626951277256011963e-01
2.918439805507659912e-01
4.650713801383972168e-01
0.000000000000000000e+00
0.000000000000000000e+00
0.000000000000000000e+00
3.008708357810974121e-01
8.953633904457092285e-01
6.673708558082580566e-01
3.513678610324859619e-01
1.510663866996765137e+00
0.000000000000000000e+00
1.313254952430725098e+00
7.102745771408081055e-01
2.579170465469360352e-01
4.990239739418029785e-01
0.000000000000000000e+00
1.623339295387268066e+00
2.075767040252685547e+00
1.003429442644119263e-01
3.943957090377807617e+00
2.088447064161300659e-01
4.389418363571166992e-01
3.781958296895027161e-02
3.320441767573356628e-02
4.510698467493057251e-02
1.314197301864624023e+00
1.001541852951049805e+00
0.000000000000000000e+00
3.893004655838012695e-01
3.802410066127777100e-01
2.845202088356018066e-01
2.785640001296997070e+00
7.248961925506591797e-01
1.401836425065994263e-02
1.370843946933746338e-01
2.702994048595428467e-01
1.076642751693725586e+00
8.057112991809844971e-02
6.525770574808120728e-02
3.055431321263313293e-02
7.378912568092346191e-01
5.882976055145263672e-01
3.720515815075486898e-05
4.128142595291137695e-01
5.739447474479675293e-02
2.324002981185913086e+00
9.976743906736373901e-02
3.310639783740043640e-02
1.301274597644805908e-01
8.397558704018592834e-03
3.543068468570709229e-01
6.357339620590209961e-01
7.641013711690902710e-02
4.631571471691131592e-01
2.671440124511718750e+00
1.578584015369415283e-01
0.000000000000000000e+00
3.113134801387786865e-01
1.667906761169433594e+00
8.331291675567626953e-01
1.183533191680908203e+00
1.638527393341064453e+00
2.566247463226318359e+00
1.932948827743530273e+00
3.072804808616638184e-01
9.097733348608016968e-02
1.006874680519104004e+00
0.000000000000000000e+00
2.260510809719562531e-02
