4.332560896873474121e-01
0.000000000000000000e+00
1.507230997085571289e-01
2.095115423202514648e+00
6.091979146003723145e-01
4.868933260440826416e-01
7.140060663223266602e-01
2.915475845336914062e+00
7.438344955444335938e+00
1.961304306983947754e+00
1.339634805917739868e-01
1.683577656745910645e+00
3.482758700847625732e-01
1.054725289344787598e+00
1.940567612648010254e+00
1.315109252929687500e+00
9.534994363784790039e-01
2.428388833999633789e+00
1.123207688331604004e+00
1.446350961923599243e-01
3.085669994354248047e+00
4.130032379180192947e-03
1.714735776185989380e-01
2.952394485473632812e+00
1.812082976102828979e-01
8.275238797068595886e-03
8.990033715963363647e-02
2.239919424057006836e+00
1.752831488847732544e-01
2.464518137276172638e-02
0.000000000000000000e+00
1.318043284118175507e-02
5.236124396324157715e-01
1.793745040893554688e+00
1.063910126686096191e+00
3.741516590118408203e+00
2.662767171859741211e-01
2.619916200637817383e-01
1.064438462257385254e+00
1.256420135498046875e+00
2.172259688377380371e-01
1.254443973302841187e-01
4.623501002788543701e-01
5.768895149230957031e+00
2.831682264804840088e-01
8.186720013618469238e-01
3.935196399688720703e-01
9.684090614318847656e-01
1.962424516677856445e-01
1.034781336784362793e+00
4.074284553527832031e+00
0.000000000000000000e+00
2.465799808502197266e+00
1.905329972505569458e-01
1.419863104820251465e+00
6.654325127601623535e-02
6.800629943609237671e-02
1.611710935831069946e-01
2.015775442123413086e+00
4.682901874184608459e-02
0.000000000000000000e+00
8.780104666948318481e-02
1.114722574129700661e-03
7.816775441169738770e-01
1.708495378494262695e+00
8.075689077377319336e-01
3.013249635696411133e-01
1.135469749569892883e-01
1.541903972625732422e+00
6.190005317330360413e-02
0.000000000000000000e+00
5.245362408459186554e-03
1.107892990112304688e-01
1.797509908676147461e+00
3.706251084804534912e-01
1.251943469047546387e+00
1.501664170064032078e-03
8.094849586486816406e-01
3.698947727680206299e-01
1.698423981666564941e+00
0.000000000000000000e+00
9.880174994468688965e-01
3.350618839263916016e+00
1.463793125003576279e-02
2.630022287368774414e+00
2.708468437194824219e-01
1.387416839599609375e+00
8.956995792686939240e-03
4.491195678710937500e-01
4.095169249922037125e-03
2.032412141561508179e-01
1.688909344375133514e-02
2.289137057960033417e-02
0.000000000000000000e+00
6.262804269790649414e-01
5.774149298667907715e-01
1.315001130104064941e+00
6.100562214851379395e-01
5.191886425018310547e-02
2.536624297499656677e-02
7.710872683674097061e-03
1.798765361309051514e-01
4.810562729835510254e-02
9.611336588859558105e-01
1.624713182449340820e+00
1.762006729841232300e-01
1.108561873435974121e+00
6.594911813735961914e-01
5.783151984214782715e-01
5.932927131652832031e-01
1.220295429229736328e+00
3.348563238978385925e-02
6.449684500694274902e-01
2.201130688190460205e-01
1.004773378372192383e+00
2.276974618434906006e-01
5.432083606719970703e-01
1.139644086360931396e-01
1.787100315093994141e+00
2.965956449508666992e+00
1.527123570442199707e+00
3.099022507667541504e-01
4.182811081409454346e-02
1.672101616859436035e+00
1.284675836563110352e+00
6.428084969520568848e-01
0.000000000000000000e+00
1.278240203857421875e+00
1.893408298492431641e+00
6.909736990928649902e-02
4.986605141311883926e-03
9.536995291709899902e-01
3.331844210624694824e-01
5.265078321099281311e-02
9.411376714706420898e-01
9.139181673526763916e-02
5.689736828207969666e-02
5.295971870422363281e+00
0.000000000000000000e+00
1.748200356960296631e-01
2.730258107185363770e-01
2.643451988697052002e-01
1.911593914031982422e+00
0.000000000000000000e+00
0.000000000000000000e+00
3.936769068241119385e-01
1.524604916572570801e+00
2.993016242980957031e-01
1.334220886230468750e+00
6.139069050550460815e-02
6.215041160583496094e+00
4.609799683094024658e-01
1.652990579605102539e-01
3.884651064872741699e-01
1.824247479438781738e+00
1.927242994308471680e+00
9.285866469144821167e-02
1.455724611878395081e-02
2.172343969345092773e+00
2.302846908569335938e-01
8.470484614372253418e-02
8.877593874931335449e-01
7.675135135650634766e-01
4.160618409514427185e-03
5.100996494293212891e-01
6.456205248832702637e-01
6.402840465307235718e-02
0.000000000000000000e+00
1.033655762672424316e+00
3.883520841598510742e+00
4.950782954692840576e-01
1.038248300552368164e+00
2.226854264736175537e-01
5.624274611473083496e-01
6.153905391693115234e-01
6.391449451446533203e+00
0.000000000000000000e+00
1.198404729366302490e-01
3.962691724300384521e-01
2.926529049873352051e-01
0.000000000000000000e+00
1.286523491144180298e-01
4.613163173198699951e-01
4.552199840545654297e+00
1.868173778057098389e-01
1.015605032444000244e-01
7.660741806030273438e-01
5.677636265754699707e-01
0.000000000000000000e+00
1.582659333944320679e-01
0.000000000000000000e+00
0.000000000000000000e+00
1.221219062805175781e+00
3.315991759300231934e-01
2.829894542694091797e+00
9.240214228630065918e-01
1.247490167617797852e+00
7.921265065670013428e-02
6.033938527107238770e-01
5.344715714454650879e-01
9.704281091690063477e-01
1.844861507415771484e-01
7.925343513488769531e-01
1.173409223556518555e+00
6.013991832733154297e-01
0.000000000000000000e+00
2.275854349136352539e+00
1.965304138138890266e-03
6.456196308135986328e-02
9.886675477027893066e-01
1.459670662879943848e-01
5.546733736991882324e-01
7.406296133995056152e-01
9.525060653686523438e-01
1.184014320373535156e+00
8.914639949798583984e-01
8.499083667993545532e-02
7.473721355199813843e-02
1.896808505058288574e+00
1.113698363304138184e+00
0.000000000000000000e+00
9.713267683982849121e-01
1.277865320444107056e-01
1.020534485578536987e-01
4.320369288325309753e-02
0.000000000000000000e+00
1.417750418186187744e-01
7.595805525779724121e-01
1.469018608331680298e-01
7.959893345832824707e-01
8.144769072532653809e-02
2.774711549282073975e-01
2.139498233795166016e+00
2.171964168548583984e+00
2.567028403282165527e-01
6.886047124862670898e-01
3.163051843643188477e+00
2.718395292758941650e-01
0.000000000000000000e+00
8.316276669502258301e-01
0.000000000000000000e+00
7.946127653121948242e-02
4.117934107780456543e-01
4.093430519104003906e+00
1.615826368331909180e+00
5.058331489562988281e-01
7.589900493621826172e-01
6.031905114650726318e-02
1.706742048263549805e+00
1.535382151603698730e+00
6.015003845095634460e-02
1.284471154212951660e+00
1.821439340710639954e-02
1.885082602500915527e+00
1.200421094894409180e+00
1.602457910776138306e-01
7.197009027004241943e-02
0.000000000000000000e+00
3.383869528770446777e-01
3.927074372768402100e-01
1.198983788490295410e+00
3.897147476673126221e-01
1.164388060569763184e-01
1.154229789972305298e-01
0.000000000000000000e+00
0.000000000000000000e+00
2.776517152786254883e+00
3.930855542421340942e-02
0.000000000000000000e+00
1.458486169576644897e-01
1.924945712089538574e+00
0.000000000000000000e+00
1.062137246131896973e+00
4.211020171642303467e-01
1.847205683588981628e-03
4.846918880939483643e-01
6.815072149038314819e-02
1.316571593284606934e+00
1.387681245803833008e+00
1.510101258754730225e-01
3.903951346874237061e-01
3.130126893520355225e-01
1.359051316976547241e-01
1.954783946275711060e-01
1.205534338951110840e+00
1.317329406738281250e+00
1.423021554946899414e+00
1.373000890016555786e-01
1.141676977276802063e-01
2.134744450449943542e-02
2.236263751983642578e+00
4.838470816612243652e-01
2.851123213768005371e-01
2.763902544975280762e-01
4.185706079006195068e-01
3.931805193424224854e-01
4.283285140991210938e-01
9.542122483253479004e-02
1.192886829376220703e+00
6.375847339630126953e+00
5.696095824241638184e-01
1.576163619756698608e-02
7.234055995941162109e-01
1.267452351748943329e-02
1.128396838903427124e-01
3.328192532062530518e-01
1.012728959321975708e-01
2.710015978664159775e-03
4.736816976219415665e-03
6.764740943908691406e-01
5.158865451812744141e-01
8.849395066499710083e-02
2.217719703912734985e-02
1.551343798637390137e+00
5.948787555098533630e-02
7.250204682350158691e-01
0.000000000000000000e+00
3.042718172073364258e-01
1.334533095359802246e+00
1.015176549553871155e-01
1.884427666664123535e+00
1.935488427989184856e-03
8.154724836349487305e-01
1.421251054853200912e-02
0.000000000000000000e+00
6.817576885223388672e-01
1.914992928504943848e-02
0.000000000000000000e+00
8.392826318740844727e-01
3.177427351474761963e-01
0.000000000000000000e+00
6.493417546153068542e-03
1.189369201660156250e+00
7.627709954977035522e-02
2.625780180096626282e-02
2.054947763681411743e-01
1.680016517639160156e+00
5.972587466239929199e-01
4.926767051219940186e-01
1.895685315132141113e+00
3.983434140682220459e-01
5.708831362426280975e-03
5.678656101226806641e-01
7.574250549077987671e-02
6.918901801109313965e-01
9.869292974472045898e-01
1.753131747245788574e-01
1.472919136285781860e-01
6.856272220611572266e-01
7.430043816566467285e-01
2.041193656623363495e-02
9.031119942665100098e-01
4.665799438953399658e-01
2.275620996952056885e-01
2.913358248770236969e-02
5.218970179557800293e-01
0.000000000000000000e+00
5.914365053176879883e-01
1.271912902593612671e-01
1.299752354621887207e+00
4.043215811252593994e-01
0.000000000000000000e+00
1.762792110443115234e+00
4.525111317634582520e-01
2.013396501541137695e+00
1.921531915664672852e+00
6.493630409240722656e-01
1.681249260902404785e+00
1.839126586914062500e+00
0.000000000000000000e+00
3.498365283012390137e-01
9.723798632621765137e-01
1.065295219421386719e+00
1.500311046838760376e-01
1.051850318908691406e+00
0.000000000000000000e+00
9.112083166837692261e-02
1.425018906593322754e-01
0.000000000000000000e+00
7.105470895767211914e-01
1.256283164024353027e+00
4.743999004364013672e+00
9.809177517890930176e-01
5.074257850646972656e-01
0.000000000000000000e+00
1.212603688240051270e+00
6.448177993297576904e-02
0.000000000000000000e+00
0.000000000000000000e+00
1.382859796285629272e-01
1.460081636905670166e-01
8.182548731565475464e-02
1.011482812464237213e-02
1.907922327518463135e-01
4.492155909538269043e-01
4.785306155681610107e-01
2.212494373321533203e+00
6.469017267227172852e-02
3.279867395758628845e-02
4.682930111885070801e-01
3.526114523410797119e-01
7.227891087532043457e-01
0.000000000000000000e+00
1.253122240304946899e-01
1.644136667251586914e+00
9.613503813743591309e-01
1.864149093627929688e+00
1.563241332769393921e-01
9.312191009521484375e-01
7.246411442756652832e-01
2.937331199645996094e-01
3.815617412328720093e-02
3.129319548606872559e-01
2.240225076675415039e+00
2.124981023371219635e-02
5.573218688368797302e-03
3.437395334243774414e+00
3.268382847309112549e-01
6.903007626533508301e-01
5.895816683769226074e-01
3.269436061382293701e-01
1.188149094581604004e+00
0.000000000000000000e+00
2.535680055618286133e+00
1.310380846261978149e-01
8.216107487678527832e-01
6.318891644477844238e-01
3.133324384689331055e+00
0.000000000000000000e+00
2.094965457916259766e+00
1.068807952105998993e-02
2.545949257910251617e-02
5.490570068359375000e-01
4.077886231243610382e-03
8.487738370895385742e-01
1.403324007987976074e-01
5.935389176011085510e-02
9.857526980340480804e-03
2.789176106452941895e-01
8.020416498184204102e-01
1.535293579101562500e+00
0.000000000000000000e+00
2.571781277656555176e-01
7.311999201774597168e-01
8.204844594001770020e-01
0.000000000000000000e+00
3.832156211137771606e-02
0.000000000000000000e+00
5.050109624862670898e-01
8.727949261665344238e-01
1.324561595916748047e+00
6.864091157913208008e-01
2.126981019973754883e+00
0.000000000000000000e+00
1.014857053756713867e+00
6.058976054191589355e-01
9.244070202112197876e-02
2.894337773323059082e-01
0.000000000000000000e+00
1.690795183181762695e+00
2.336370706558227539e+00
7.616697251796722412e-02
4.758167266845703125e+00
1.937264949083328247e-01
4.596572220325469971e-01
1.568128317594528198e-01
3.329437673091888428e-01
9.617077559232711792e-02
2.056923151016235352e+00
1.030577898025512695e+00
0.000000000000000000e+00
3.526890873908996582e-01
4.034546613693237305e-01
5.372353792190551758e-01
2.915925025939941406e+00
6.240742206573486328e-01
7.047485560178756714e-02
3.267809748649597168e-01
3.765171021223068237e-02
4.836056530475616455e-01
5.393211171030998230e-02
1.628767549991607666e-01
2.711046673357486725e-02
2.019995003938674927e-01
1.124753475189208984e+00
0.000000000000000000e+00
2.674090266227722168e-01
3.751163184642791748e-02
1.777022838592529297e+00
6.785468757152557373e-02
2.368506789207458496e-01
2.105681449174880981e-01
5.252311378717422485e-02
3.585239946842193604e-01
6.262502670288085938e-01
3.367999196052551270e-02
2.046415954828262329e-01
2.900104999542236328e+00
2.811862230300903320e-01
0.000000000000000000e+00
5.915115475654602051e-01
2.200623989105224609e+00
1.029262185096740723e+00
1.910458564758300781e+00
2.022202730178833008e+00
2.570195674896240234e+00
2.714358568191528320e+00
2.964827418327331543e-01
1.010233610868453979e-01
1.064673662185668945e+00
0.000000000000000000e+00
3.895631991326808929e-03
