5.558362007141113281e-01
0.000000000000000000e+00
7.939597591757774353e-03
2.731734752655029297e+00
1.358180165290832520e+00
2.161284089088439941e-01
2.621499300003051758e-01
2.171293258666992188e+00
6.901486396789550781e+00
1.009605646133422852e+00
1.568500846624374390e-01
1.244056105613708496e+00
3.164936304092407227e-01
1.660554528236389160e+00
2.287666320800781250e+00
1.162700295448303223e+00
8.669621944427490234e-01
2.520535230636596680e+00
9.998386502265930176e-01
4.821257889270782471e-01
2.242063522338867188e+00
1.896051131188869476e-02
9.909878671169281006e-02
2.523597717285156250e+00
4.225799068808555603e-02
5.147651769220829010e-03
9.018020331859588623e-02
2.593983888626098633e+00
5.153176188468933105e-01
1.500912904739379883e-01
3.133735656738281250e-01
6.911066919565200806e-02
5.350655317306518555e-01
6.925323009490966797e-01
6.010407805442810059e-01
2.721763372421264648e+00
4.044989347457885742e-01
1.514737308025360107e-02
5.538820624351501465e-01
4.464408755302429199e-01
8.128370344638824463e-02
9.838380664587020874e-02
6.781631708145141602e-01
4.717399597167968750e+00
1.518376231193542480e+00
1.010845184326171875e+00
4.004075825214385986e-01
9.334380030632019043e-01
8.639208972454071045e-02
1.476890325546264648e+00
3.498134613037109375e+00
0.000000000000000000e+00
2.108653545379638672e+00
1.708014309406280518e-01
1.296950697898864746e+00
3.685258924961090088e-01
2.897544503211975098e-01
4.765315353870391846e-01
1.517732977867126465e+00
9.208600968122482300e-02
6.656251847743988037e-02
2.562546730041503906e-02
1.887095719575881958e-02
1.459681153297424316e+00
1.406468391418457031e+00
1.983269453048706055e-01
8.912900835275650024e-02
9.425891041755676270e-01
8.655949831008911133e-01
3.730049431324005127e-01
0.000000000000000000e+00
2.958851456642150879e-01
2.478747069835662842e-01
9.487977027893066406e-01
6.927329897880554199e-01
1.140465497970581055e+00
1.058976259082555771e-02
9.540803432464599609e-01
4.700186252593994141e-01
1.428782224655151367e+00
0.000000000000000000e+00
6.291638612747192383e-01
2.883704900741577148e+00
2.821695804595947266e-02
1.734524488449096680e+00
1.730797626078128815e-02
1.127043843269348145e+00
3.506821766495704651e-02
1.009655952453613281e+00
5.639639124274253845e-02
2.461385130882263184e-01
1.780360490083694458e-01
5.917754606343805790e-04
0.000000000000000000e+00
1.173702955245971680e+00
2.588268816471099854e-01
9.016497135162353516e-01
1.451453864574432373e-01
1.871394068002700806e-01
4.020024091005325317e-03
0.000000000000000000e+00
4.254272282123565674e-01
5.764867737889289856e-02
9.140239357948303223e-01
1.678509950637817383e+00
6.816857308149337769e-02
7.441828250885009766e-01
7.206239104270935059e-01
6.182023882865905762e-01
3.508720993995666504e-01
1.459731101989746094e+00
1.055833846330642700e-01
3.910437524318695068e-01
9.602856636047363281e-02
5.908368229866027832e-01
3.210872784256935120e-02
4.280802905559539795e-01
2.030404955148696899e-01
6.257023215293884277e-01
1.913595199584960938e+00
1.895254135131835938e+00
7.428418397903442383e-01
1.597807854413986206e-01
1.104011178016662598e+00
6.430900692939758301e-01
6.769636869430541992e-01
0.000000000000000000e+00
5.761259794235229492e-01
1.818256855010986328e+00
5.504731461405754089e-02
0.000000000000000000e+00
5.757721066474914551e-01
2.553110718727111816e-01
1.838914677500724792e-02
8.852722644805908203e-01
1.012984886765480042e-01
3.397334367036819458e-02
4.937703609466552734e+00
0.000000000000000000e+00
8.747088164091110229e-02
2.394969016313552856e-01
5.557264089584350586e-01
1.476895928382873535e+00
0.000000000000000000e+00
2.186531871557235718e-01
5.732267498970031738e-01
6.879479885101318359e-01
5.147318243980407715e-01
1.332006931304931641e+00
2.136171311140060425e-01
6.155269145965576172e+00
7.193393111228942871e-01
3.365950882434844971e-01
6.717473864555358887e-01
1.794141411781311035e+00
9.146747589111328125e-01
2.277310937643051147e-01
2.590515613555908203e-01
1.641160607337951660e+00
1.958692073822021484e-01
6.532803922891616821e-02
7.203020453453063965e-01
4.593845307826995850e-01
0.000000000000000000e+00
8.492461591958999634e-02
3.407924473285675049e-01
5.607718601822853088e-03
0.000000000000000000e+00
7.955042123794555664e-01
3.604866981506347656e+00
5.750792026519775391e-01
1.166368246078491211e+00
4.371770843863487244e-02
5.409762859344482422e-01
2.259908616542816162e-01
6.697199344635009766e+00
0.000000000000000000e+00
9.080136567354202271e-02
2.861804962158203125e-01
2.255753055214881897e-02
0.000000000000000000e+00
2.365313172340393066e-01
8.045726418495178223e-01
2.951062917709350586e+00
1.379605531692504883e-01
1.465213894844055176e-01
4.323062896728515625e-01
6.005780100822448730e-01
0.000000000000000000e+00
6.508100777864456177e-02
0.000000000000000000e+00
1.478842645883560181e-01
9.624254703521728516e-01
5.869875550270080566e-01
1.509408116340637207e+00
7.078812718391418457e-01
7.841989994049072266e-01
1.769159883260726929e-01
5.060439705848693848e-01
8.756805658340454102e-01
1.797338366508483887e+00
1.137377396225929260e-01
9.012670516967773438e-01
1.841012120246887207e+00
5.065039992332458496e-01
0.000000000000000000e+00
1.228926539421081543e+00
6.874132901430130005e-02
9.166266024112701416e-02
9.882283806800842285e-01
3.446191847324371338e-01
1.288310587406158447e-01
8.605520725250244141e-01
7.731046676635742188e-01
1.306067109107971191e+00
9.151092767715454102e-01
1.434882581233978271e-01
1.543795913457870483e-01
1.696465492248535156e+00
1.212917566299438477e+00
1.182200107723474503e-02
3.731888532638549805e-01
9.218031167984008789e-02
5.060862377285957336e-02
4.472430795431137085e-02
4.308850318193435669e-02
4.307746887207031250e-03
2.934977114200592041e-01
1.163557544350624084e-01
1.215291991829872131e-01
8.144578337669372559e-02
2.283520698547363281e-01
1.551367878913879395e+00
1.898038268089294434e+00
3.313176631927490234e-01
6.485409736633300781e-01
2.596640825271606445e+00
4.360746443271636963e-01
7.519715279340744019e-02
1.547246575355529785e+00
1.340126544237136841e-01
4.171122238039970398e-02
2.723259329795837402e-01
4.405736923217773438e+00
1.565067052841186523e+00
2.814833223819732666e-01
7.942528724670410156e-01
0.000000000000000000e+00
1.059568524360656738e+00
4.836382567882537842e-01
1.245886459946632385e-01
6.572149991989135742e-01
1.246285624802112579e-02
1.427619457244873047e+00
1.213277220726013184e+00
4.666605591773986816e-02
3.084797859191894531e-01
0.000000000000000000e+00
5.270731076598167419e-02
1.413585990667343140e-01
9.686369895935058594e-01
2.580680847167968750e-01
1.255916804075241089e-01
1.233808323740959167e-01
0.000000000000000000e+00
8.755060285329818726e-02
1.091794729232788086e+00
3.591381711885333061e-03
3.342493250966072083e-02
0.000000000000000000e+00
1.103508710861206055e+00
0.000000000000000000e+00
3.217301666736602783e-01
4.321345686912536621e-01
1.305718868970870972e-01
4.816217422485351562e-01
2.045896798372268677e-01
6.939862370491027832e-01
5.662883520126342773e-01
4.004631191492080688e-02
2.526764571666717529e-01
2.964193820953369141e-01
2.544104680418968201e-02
6.772843599319458008e-01
8.855983018875122070e-01
9.256910681724548340e-01
4.060702621936798096e-01
1.868488616310060024e-03
1.105353832244873047e-01
8.990554511547088623e-02
1.640485286712646484e+00
5.908177495002746582e-01
9.400581568479537964e-02
8.468791097402572632e-02
1.344560533761978149e-01
1.831058859825134277e-01
3.426681756973266602e-01
8.426477015018463135e-02
1.438150525093078613e+00
5.598049640655517578e+00
9.263581037521362305e-01
8.602674119174480438e-03
4.884206652641296387e-01
1.368255005218088627e-03
4.112681373953819275e-03
1.088082641363143921e-01
0.000000000000000000e+00
1.092716865241527557e-02
2.160181291401386261e-03
9.904198050498962402e-01
5.974487662315368652e-01
3.198379650712013245e-02
1.075227279216051102e-02
1.006463050842285156e+00
2.457391470670700073e-01
6.900985240936279297e-01
0.000000000000000000e+00
3.833765983581542969e-01
6.942332983016967773e-01
2.378945797681808472e-01
1.449784517288208008e+00
0.000000000000000000e+00
1.984078139066696167e-01
2.227316983044147491e-02
1.425732225179672241e-01
8.510732650756835938e-01
1.881246119737625122e-01
0.000000000000000000e+00
1.442666172981262207e+00
3.201153278350830078e-01
9.110110695473849773e-04
0.000000000000000000e+00
1.076787233352661133e+00
6.177246570587158203e-02
4.356277175247669220e-03
1.006850972771644592e-01
1.293390274047851562e+00
2.475765943527221680e-01
5.406584143638610840e-01
1.459395766258239746e+00
3.606663942337036133e-01
4.266373813152313232e-03
4.211582243442535400e-01
2.452514171600341797e-01
7.417733073234558105e-01
7.892760038375854492e-01
3.985587954521179199e-01
8.533706516027450562e-02
4.846909940242767334e-01
5.275991559028625488e-01
7.923175580799579620e-04
3.515436053276062012e-01
1.986617296934127808e-01
4.783482477068901062e-02
1.137990597635507584e-02
7.022117972373962402e-01
0.000000000000000000e+00
2.900307774543762207e-01
4.388342052698135376e-02
4.161895811557769775e-01
5.773288756608963013e-02
0.000000000000000000e+00
1.367599725723266602e+00
4.659000337123870850e-01
2.354128837585449219e+00
7.095248103141784668e-01
3.864431977272033691e-01
1.455885529518127441e+00
1.515002727508544922e+00
7.078888593241572380e-04
4.389637112617492676e-01
1.131027817726135254e+00
1.700792908668518066e+00
1.744006425142288208e-01
9.256466031074523926e-01
1.409813761711120605e-02
4.700193181633949280e-02
3.459622338414192200e-02
1.712104678153991699e-01
8.537445068359375000e-01
8.728510886430740356e-02
4.343890666961669922e+00
8.872917294502258301e-01
9.658613801002502441e-01
0.000000000000000000e+00
3.715727329254150391e-01
1.170632988214492798e-02
0.000000000000000000e+00
0.000000000000000000e+00
7.696509361267089844e-02
2.020770758390426636e-01
2.513585686683654785e-01
2.164357574656605721e-03
6.410062909126281738e-01
2.948361337184906006e-01
1.583023667335510254e-01
2.189875364303588867e+00
8.258390240371227264e-03
2.907300367951393127e-02
8.091139197349548340e-01
7.749060541391372681e-02
1.635843634605407715e+00
0.000000000000000000e+00
4.636667296290397644e-02
9.078146815299987793e-01
5.730040073394775391e-01
1.473600387573242188e+00
4.740501344203948975e-01
1.353628039360046387e+00
9.449417591094970703e-01
7.107262015342712402e-01
6.013676524162292480e-03
3.772630393505096436e-01
1.749935507774353027e+00
2.127133496105670929e-02
5.192599818110466003e-02
4.293403625488281250e+00
8.137655258178710938e-02
9.910996556282043457e-01
5.482881665229797363e-01
2.937497496604919434e-01
7.701668143272399902e-01
0.000000000000000000e+00
2.094863176345825195e+00
5.491384267807006836e-01
4.683112502098083496e-01
1.208083152770996094e+00
1.892763257026672363e+00
0.000000000000000000e+00
1.523105144500732422e+00
1.359939668327569962e-02
7.349491119384765625e-03
8.104369044303894043e-02
3.017124347388744354e-02
9.664383530616760254e-02
2.384707182645797729e-01
4.828901290893554688e-01
1.345799211412668228e-02
1.734530031681060791e-01
9.245368838310241699e-01
1.653334021568298340e+00
0.000000000000000000e+00
2.768121361732482910e-01
4.235247373580932617e-01
6.864333748817443848e-01
1.053682640194892883e-01
0.000000000000000000e+00
0.000000000000000000e+00
6.160135269165039062e-01
1.390782713890075684e+00
9.547711610794067383e-01
4.017044603824615479e-01
1.117091655731201172e+00
2.849702909588813782e-02
1.651819109916687012e+00
7.841021418571472168e-01
4.965552315115928650e-02
4.402975738048553467e-01
0.000000000000000000e+00
1.671315073966979980e+00
2.352575302124023438e+00
5.523182451725006104e-02
4.123662471771240234e+00
3.617738187313079834e-01
5.282437205314636230e-01
4.237990379333496094e-01
6.202520057559013367e-02
1.110599488019943237e-01
1.368816137313842773e+00
1.083828806877136230e+00
0.000000000000000000e+00
5.704451799392700195e-01
4.004236161708831787e-01
5.057770013809204102e-01
2.796858787536621094e+00
5.451944470405578613e-01
5.768122500739991665e-04
1.400434672832489014e-01
2.595778703689575195e-01
4.852863252162933350e-01
1.588379889726638794e-01
1.337785869836807251e-01
7.808535359799861908e-03
5.129372477531433105e-01
6.856427788734436035e-01
3.433648869395256042e-02
2.073012739419937134e-01
1.054880581796169281e-02
2.022279262542724609e+00
3.627403452992439270e-02
0.000000000000000000e+00
7.078836113214492798e-02
3.886608174070715904e-03
4.054776430130004883e-01
1.012415766716003418e+00
0.000000000000000000e+00
2.468897253274917603e-01
3.089800357818603516e+00
7.356353849172592163e-02
3.763373242691159248e-03
3.035876154899597168e-01
1.108237147331237793e+00
7.150755524635314941e-01
4.703364372253417969e-01
1.247752904891967773e+00
2.341889619827270508e+00
1.829273939132690430e+00
4.107729792594909668e-01
2.704221606254577637e-01
1.050190210342407227e+00
0.000000000000000000e+00
2.178558707237243652e-02
