1.174478679895401001e-01
0.000000000000000000e+00
1.212322041392326355e-01
2.425790309906005859e+00
7.377886176109313965e-01
1.360395401716232300e-01
7.589414119720458984e-01
2.858008146286010742e+00
7.163015842437744141e+00
1.402334570884704590e+00
9.070374816656112671e-02
1.461326360702514648e+00
4.844393730163574219e-01
1.119836688041687012e+00
1.831333994865417480e+00
1.373468756675720215e+00
8.759648799896240234e-01
2.352969169616699219e+00
5.589671134948730469e-01
8.122701942920684814e-02
2.025062084197998047e+00
0.000000000000000000e+00
5.312664508819580078e-01
2.922921657562255859e+00
1.015253812074661255e-01
0.000000000000000000e+00
5.153800919651985168e-02
1.622045397758483887e+00
4.331898391246795654e-01
3.625399246811866760e-02
1.073541417717933655e-01
1.628597825765609741e-01
7.791343331336975098e-01
1.027881026268005371e+00
1.082450747489929199e+00
2.843377113342285156e+00
1.293555051088333130e-01
2.195023149251937866e-01
3.787272274494171143e-01
7.955150008201599121e-01
1.988804042339324951e-01
1.057128384709358215e-01
4.451281726360321045e-01
4.445040225982666016e+00
3.520903885364532471e-01
1.009326577186584473e+00
4.632304608821868896e-02
9.969602227210998535e-01
1.406096369028091431e-01
1.492860913276672363e+00
3.126440286636352539e+00
2.824482321739196777e-02
1.645624041557312012e+00
9.407971799373626709e-02
7.484560608863830566e-01
5.157045274972915649e-02
3.269208073616027832e-01
1.950969733297824860e-02
2.457344055175781250e+00
1.576995849609375000e-01
2.503373660147190094e-03
8.828084915876388550e-03
5.364295095205307007e-03
7.998325228691101074e-01
1.775643944740295410e+00
7.243019938468933105e-01
7.447704672813415527e-02
2.869269549846649170e-01
1.013302683830261230e+00
5.579328536987304688e-02
0.000000000000000000e+00
3.587288782000541687e-02
9.009781479835510254e-02
1.068941593170166016e+00
5.265379548072814941e-01
1.343188166618347168e+00
4.969531670212745667e-03
9.714336395263671875e-01
4.140949249267578125e-01
7.892423272132873535e-01
1.570669817738234997e-03
6.818850040435791016e-01
2.868332147598266602e+00
5.844932049512863159e-02
1.775111436843872070e+00
1.110500097274780273e-01
9.959301352500915527e-01
4.459592327475547791e-02
5.701633095741271973e-01
5.473620444536209106e-02
7.865035533905029297e-02
2.168666571378707886e-02
0.000000000000000000e+00
0.000000000000000000e+00
7.643390297889709473e-01
5.522688031196594238e-01
5.208693742752075195e-01
7.003455758094787598e-01
3.105136752128601074e-01
1.830879040062427521e-02
0.000000000000000000e+00
1.165765821933746338e-01
7.110451161861419678e-02
1.656952857971191406e+00
1.559338331222534180e+00
4.741801321506500244e-02
7.415758371353149414e-01
6.320401430130004883e-01
1.549261361360549927e-01
5.417736172676086426e-01
1.567914605140686035e+00
7.395826978608965874e-04
7.016878724098205566e-01
4.282503128051757812e-01
6.761073470115661621e-01
4.565746709704399109e-02
4.353581666946411133e-01
1.678936034440994263e-01
1.133184790611267090e+00
2.616823196411132812e+00
1.486617684364318848e+00
5.202023983001708984e-01
0.000000000000000000e+00
1.609899401664733887e+00
9.835810661315917969e-01
4.193955659866333008e-01
0.000000000000000000e+00
7.860028147697448730e-01
1.484582066535949707e+00
1.165375858545303345e-01
4.334162175655364990e-02
1.068481922149658203e+00
2.718615531921386719e-01
2.181406319141387939e-02
3.278712034225463867e-01
0.000000000000000000e+00
5.921437591314315796e-02
4.360201835632324219e+00
2.998739946633577347e-03
2.861239314079284668e-01
1.394764482975006104e-01
1.191611960530281067e-01
1.721038341522216797e+00
1.296834740787744522e-02
3.808324923738837242e-03
3.324279189109802246e-01
1.227121233940124512e+00
4.802619814872741699e-01
1.068434119224548340e+00
1.306658983230590820e-01
5.879284858703613281e+00
3.640350401401519775e-01
9.350657463073730469e-02
6.354091167449951172e-01
1.554372668266296387e+00
1.357624292373657227e+00
8.896586298942565918e-02
6.285368651151657104e-02
2.270428895950317383e+00
1.910104006528854370e-01
1.281275600194931030e-01
1.033638000488281250e+00
2.952634096145629883e-01
7.277393341064453125e-02
3.786727190017700195e-01
5.655210018157958984e-01
0.000000000000000000e+00
0.000000000000000000e+00
8.100305795669555664e-01
2.887522220611572266e+00
4.946132898330688477e-01
6.908004283905029297e-01
1.498235613107681274e-01
5.302546024322509766e-01
8.190720081329345703e-01
6.501883029937744141e+00
0.000000000000000000e+00
3.205840662121772766e-02
3.387950658798217773e-01
4.965513572096824646e-02
0.000000000000000000e+00
4.494437947869300842e-02
6.106785535812377930e-01
4.086527347564697266e+00
0.000000000000000000e+00
4.279090836644172668e-02
9.851569682359695435e-02
2.849646806716918945e-01
2.993226051330566406e-03
0.000000000000000000e+00
0.000000000000000000e+00
5.007706582546234131e-02
9.559167027473449707e-01
7.955379486083984375e-01
1.622933149337768555e+00
8.386605381965637207e-01
1.166669249534606934e+00
9.610398113727569580e-02
4.837123751640319824e-01
1.549767702817916870e-01
9.909620285034179688e-01
3.542479872703552246e-02
4.097915887832641602e-01
1.004230737686157227e+00
4.518323242664337158e-01
0.000000000000000000e+00
1.520296335220336914e+00
0.000000000000000000e+00
2.449332922697067261e-01
1.176991343498229980e+00
1.643615961074829102e-01
3.312476277351379395e-01
5.079532861709594727e-01
6.653383374214172363e-01
5.100244879722595215e-01
6.067272424697875977e-01
9.866861999034881592e-02
3.175117969512939453e-01
1.818452477455139160e+00
7.067987918853759766e-01
7.616137620061635971e-03
8.023285865783691406e-01
3.118166923522949219e-01
1.780396997928619385e-01
8.624298870563507080e-02
2.135376818478107452e-02
3.646187484264373779e-02
8.362020254135131836e-01
1.094056479632854462e-02
4.005934894084930420e-01
7.594798505306243896e-02
3.870344161987304688e-01
1.687990427017211914e+00
2.074122667312622070e+00
3.962077498435974121e-01
9.578670263290405273e-01
2.404427766799926758e+00
5.093489289283752441e-01
1.853874512016773224e-02
6.599689126014709473e-01
5.355122685432434082e-02
3.322986187413334846e-03
1.213567703962326050e-01
3.762605190277099609e+00
8.046627044677734375e-01
9.271854162216186523e-01
9.378247857093811035e-01
0.000000000000000000e+00
1.492985010147094727e+00
7.239372134208679199e-01
8.955339342355728149e-02
8.657495975494384766e-01
1.033547427505254745e-02
1.850147008895874023e+00
9.307141900062561035e-01
1.383335292339324951e-01
3.131639957427978516e-02
0.000000000000000000e+00
1.055161207914352417e-01
2.471162825822830200e-01
1.507331252098083496e+00
2.576701939105987549e-01
2.419194020330905914e-02
3.431150317192077637e-02
0.000000000000000000e+00
3.736912459135055542e-02
1.528650403022766113e+00
9.191086888313293457e-02
2.995475195348262787e-02
6.498024612665176392e-02
1.080797076225280762e+00
0.000000000000000000e+00
2.913662493228912354e-01
4.693239033222198486e-01
1.107018962502479553e-01
4.869326651096343994e-01
7.844229042530059814e-02
6.465432643890380859e-01
9.579128026962280273e-01
1.575415581464767456e-01
7.353971898555755615e-02
5.834043622016906738e-01
1.292938441038131714e-01
2.857736945152282715e-01
8.779637813568115234e-01
1.016351819038391113e+00
4.560844302177429199e-01
2.547436207532882690e-02
2.182624936103820801e-01
5.622259154915809631e-02
1.637173652648925781e+00
8.711960315704345703e-01
2.538079917430877686e-01
5.330912396311759949e-02
8.687369525432586670e-02
5.001581311225891113e-01
3.382782638072967529e-01
1.886766999959945679e-01
8.770726919174194336e-01
5.417114257812500000e+00
5.941854119300842285e-01
7.911543548107147217e-02
4.820730984210968018e-01
0.000000000000000000e+00
1.630206592381000519e-02
9.634861350059509277e-02
0.000000000000000000e+00
0.000000000000000000e+00
3.693131357431411743e-02
7.600335478782653809e-01
5.702704191207885742e-01
7.411931455135345459e-02
4.957009106874465942e-03
1.058501601219177246e+00
1.407860685139894485e-02
5.180957913398742676e-01
3.888321225531399250e-05
4.350198507308959961e-01
5.942379832267761230e-01
3.505148738622665405e-02
1.690273284912109375e+00
0.000000000000000000e+00
2.031842470169067383e-01
1.006156951189041138e-01
5.137929227203130722e-03
4.922382906079292297e-02
5.922163650393486023e-02
0.000000000000000000e+00
7.216548323631286621e-01
4.801507294178009033e-01
0.000000000000000000e+00
0.000000000000000000e+00
7.284267544746398926e-01
1.847666501998901367e-02
4.475104622542858124e-03
1.897369623184204102e-01
1.467436671257019043e+00
5.349404215812683105e-01
8.237441778182983398e-01
1.216185092926025391e+00
1.111980229616165161e-01
6.137511227279901505e-03
2.537323236465454102e-01
3.693457692861557007e-02
6.231479644775390625e-01
7.635630369186401367e-01
1.453175302594900131e-02
3.727775439620018005e-02
5.724316835403442383e-01
3.528243005275726318e-01
3.144092857837677002e-02
1.035288929939270020e+00
2.201996743679046631e-01
9.715629741549491882e-03
0.000000000000000000e+00
8.808845281600952148e-01
0.000000000000000000e+00
1.230252906680107117e-01
3.601539880037307739e-02
4.821991026401519775e-01
4.863677918910980225e-01
4.329218063503503799e-03
9.829429984092712402e-01
4.805606901645660400e-01
1.586344838142395020e+00
1.280053377151489258e+00
4.950251579284667969e-01
1.832261085510253906e+00
1.493272423744201660e+00
0.000000000000000000e+00
3.508013188838958740e-01
9.209542274475097656e-01
7.127212285995483398e-01
2.971171736717224121e-01
1.374140381813049316e+00
1.243690308183431625e-02
1.475687325000762939e-01
4.820197820663452148e-02
3.680118173360824585e-02
1.013992786407470703e+00
6.252297163009643555e-01
3.923041820526123047e+00
1.507501721382141113e+00
4.196805953979492188e-01
0.000000000000000000e+00
3.425088226795196533e-01
8.324640220962464809e-04
0.000000000000000000e+00
0.000000000000000000e+00
7.709411904215812683e-03
1.617918014526367188e-01
1.708097606897354126e-01
0.000000000000000000e+00
1.193671077489852905e-01
6.404535770416259766e-01
7.754244208335876465e-01
1.676381349563598633e+00
5.770220607519149780e-02
3.873392939567565918e-02
5.991600751876831055e-01
1.595543324947357178e-02
4.911824464797973633e-01
0.000000000000000000e+00
9.989779442548751831e-02
1.233773708343505859e+00
3.868735134601593018e-01
1.433405280113220215e+00
8.500316739082336426e-02
1.194489955902099609e+00
4.663641452789306641e-01
3.099012970924377441e-01
2.464601397514343262e-02
3.149158954620361328e-01
2.054980993270874023e+00
3.202094137668609619e-02
1.277844514697790146e-02
3.364658832550048828e+00
4.582200646400451660e-01
3.375632464885711670e-01
9.866663813591003418e-01
1.125025153160095215e-01
8.380416631698608398e-01
0.000000000000000000e+00
2.757829189300537109e+00
2.270022630691528320e-01
7.381021976470947266e-01
1.209841370582580566e+00
1.997637987136840820e+00
2.259083651006221771e-02
1.583686947822570801e+00
2.141303941607475281e-02
1.000597234815359116e-02
1.036976948380470276e-01
0.000000000000000000e+00
3.391546308994293213e-01
1.616419851779937744e-01
2.262735068798065186e-01
0.000000000000000000e+00
8.223342895507812500e-02
7.348964214324951172e-01
1.482074141502380371e+00
0.000000000000000000e+00
1.184043064713478088e-01
6.103550791740417480e-01
5.447635650634765625e-01
0.000000000000000000e+00
0.000000000000000000e+00
1.670227386057376862e-02
4.584118425846099854e-01
1.004749536514282227e+00
7.652159333229064941e-01
4.332977533340454102e-01
1.619438648223876953e+00
0.000000000000000000e+00
1.006622552871704102e+00
3.463967442512512207e-01
1.440541446208953857e-01
2.768291831016540527e-01
0.000000000000000000e+00
1.547926783561706543e+00
2.245120286941528320e+00
1.756130158901214600e-01
3.456957101821899414e+00
1.194655075669288635e-01
5.986203551292419434e-01
1.769908368587493896e-01
1.840244233608245850e-01
1.627095192670822144e-01
1.162022590637207031e+00
5.730580687522888184e-01
0.000000000000000000e+00
2.359332144260406494e-01
4.134921133518218994e-01
3.406933844089508057e-01
2.617537260055541992e+00
3.279578089714050293e-01
0.000000000000000000e+00
6.805977225303649902e-02
1.628137081861495972e-01
6.060198545455932617e-01
7.465607672929763794e-02
2.337762713432312012e-02
4.152118414640426636e-02
6.044716835021972656e-01
6.111117601394653320e-01
1.437904872000217438e-02
8.760361373424530029e-02
1.418398767709732056e-01
2.262167215347290039e+00
1.343875527381896973e-01
3.492434695363044739e-02
1.437236666679382324e-01
2.072599716484546661e-03
2.589774727821350098e-01
7.943192124366760254e-01
6.379590928554534912e-02
3.236108124256134033e-01
2.646437644958496094e+00
3.404869735240936279e-01
0.000000000000000000e+00
1.366939842700958252e-01
1.193123698234558105e+00
9.011723995208740234e-01
3.458230793476104736e-01
1.338663220405578613e+00
2.462562322616577148e+00
2.148290157318115234e+00
6.102524399757385254e-01
2.561540603637695312e-01
1.034890413284301758e+00
0.000000000000000000e+00
2.149738371372222900e-02
