3.194654285907745361e-01
0.000000000000000000e+00
8.958362042903900146e-02
2.332764625549316406e+00
2.223834097385406494e-01
1.790537089109420776e-01
7.233154773712158203e-01
2.716060876846313477e+00
7.415605545043945312e+00
1.564927935600280762e+00
9.706091880798339844e-02
1.539669513702392578e+00
4.316231012344360352e-01
5.822973251342773438e-01
1.767883062362670898e+00
1.151441454887390137e+00
5.916574597358703613e-01
2.446030378341674805e+00
3.648522496223449707e-01
6.436813622713088989e-02
1.858742237091064453e+00
0.000000000000000000e+00
2.142154276371002197e-01
1.571220159530639648e+00
0.000000000000000000e+00
7.878114469349384308e-03
4.045916348695755005e-02
1.836930632591247559e+00
2.659017443656921387e-01
7.192193716764450073e-02
2.117010764777660370e-03
2.547578653320670128e-03
5.736980438232421875e-01
9.169661402702331543e-01
4.812411665916442871e-01
2.650894403457641602e+00
7.907515764236450195e-02
0.000000000000000000e+00
2.817373275756835938e-01
6.447598934173583984e-01
3.123461306095123291e-01
3.143059089779853821e-02
6.160471439361572266e-01
4.801804065704345703e+00
2.679741382598876953e-01
8.854961395263671875e-01
9.174455702304840088e-02
1.597176551818847656e+00
1.060318946838378906e-01
1.546457052230834961e+00
3.834170579910278320e+00
0.000000000000000000e+00
1.877884864807128906e+00
9.161791950464248657e-02
1.140682220458984375e+00
1.251679956912994385e-01
1.046522483229637146e-01
3.663253784179687500e-01
2.074973821640014648e+00
9.161543846130371094e-02
0.000000000000000000e+00
2.626199424266815186e-01
0.000000000000000000e+00
9.595965743064880371e-01
1.935360670089721680e+00
6.426545381546020508e-01
1.138442456722259521e-01
4.581740200519561768e-01
1.136438012123107910e+00
9.238657355308532715e-02
0.000000000000000000e+00
3.515467047691345215e-02
1.656433045864105225e-01
1.318245530128479004e+00
4.660440385341644287e-01
8.978734612464904785e-01
2.825774252414703369e-03
6.665086150169372559e-01
5.141163617372512817e-02
1.422315955162048340e+00
0.000000000000000000e+00
6.378948092460632324e-01
3.169368028640747070e+00
2.099297940731048584e-02
2.625268459320068359e+00
1.152303814888000488e-02
1.520105004310607910e+00
2.685451880097389221e-02
2.666191756725311279e-01
3.305728733539581299e-02
2.208951413631439209e-01
1.520970277488231659e-02
5.168943665921688080e-03
0.000000000000000000e+00
4.687635898590087891e-01
3.736108243465423584e-01
1.164728045463562012e+00
2.685739994049072266e-01
3.034295141696929932e-01
4.770898725837469101e-03
1.586133032105863094e-03
2.054603211581707001e-02
6.122290343046188354e-02
1.647106528282165527e+00
1.019487977027893066e+00
8.333174139261245728e-02
1.100371837615966797e+00
1.080886006355285645e+00
4.800819754600524902e-01
2.721227407455444336e-01
1.186922788619995117e+00
0.000000000000000000e+00
2.690366804599761963e-01
1.771702803671360016e-02
4.340707361698150635e-01
8.228138089179992676e-02
2.765297293663024902e-01
2.569081187248229980e-01
1.309384584426879883e+00
2.943037271499633789e+00
4.554076194763183594e-01
3.742557466030120850e-01
7.768603507429361343e-03
1.338273882865905762e+00
8.968396782875061035e-01
6.802722215652465820e-01
0.000000000000000000e+00
3.915138244628906250e-01
1.551604866981506348e+00
2.023656293749809265e-02
1.603258773684501648e-02
1.145609259605407715e+00
1.700527220964431763e-01
3.465316724032163620e-03
4.175016283988952637e-01
4.145919531583786011e-02
8.003939874470233917e-03
4.913744926452636719e+00
0.000000000000000000e+00
3.263391256332397461e-01
5.527878552675247192e-02
4.522787034511566162e-01
1.847561717033386230e+00
0.000000000000000000e+00
0.000000000000000000e+00
5.081015229225158691e-01
6.886300444602966309e-01
8.013252615928649902e-01
1.307153224945068359e+00
2.182050198316574097e-01
6.081638813018798828e+00
2.657371759414672852e-01
4.142649173736572266e-01
8.680522441864013672e-01
1.646908164024353027e+00
1.924735784530639648e+00
3.785199299454689026e-02
4.015755373984575272e-03
1.785928487777709961e+00
1.814633905887603760e-01
5.030521191656589508e-03
1.082338094711303711e+00
6.515656709671020508e-01
0.000000000000000000e+00
4.085553288459777832e-01
5.613417625427246094e-01
4.457205906510353088e-02
0.000000000000000000e+00
7.032409906387329102e-01
3.053607702255249023e+00
4.334119260311126709e-01
8.524163365364074707e-01
3.771914541721343994e-02
3.990444540977478027e-01
2.840612828731536865e-01
6.648525714874267578e+00
0.000000000000000000e+00
0.000000000000000000e+00
3.659819066524505615e-01
9.391015022993087769e-02
0.000000000000000000e+00
8.869687467813491821e-02
8.237994909286499023e-01
3.167439937591552734e+00
6.636860221624374390e-02
0.000000000000000000e+00
4.836441278457641602e-01
9.980862736701965332e-01
0.000000000000000000e+00
0.000000000000000000e+00
0.000000000000000000e+00
3.225231543183326721e-02
1.397725343704223633e+00
5.774856209754943848e-01
1.974649548530578613e+00
3.628743886947631836e-01
1.190308451652526855e+00
1.925937086343765259e-01
5.875905156135559082e-01
3.443025052547454834e-01
8.338651061058044434e-01
2.562590837478637695e-01
5.275719761848449707e-01
1.198176264762878418e+00
2.608504295349121094e-01
9.937407448887825012e-03
1.219140172004699707e+00
6.310756504535675049e-02
7.793714106082916260e-02
9.782125949859619141e-01
1.447448283433914185e-01
2.804407477378845215e-01
7.251433134078979492e-01
8.464854955673217773e-01
4.480946958065032959e-01
6.709322929382324219e-01
3.002741141244769096e-03
2.638817131519317627e-01
1.856505870819091797e+00
7.642517089843750000e-01
0.000000000000000000e+00
7.273624539375305176e-01
1.522626131772994995e-01
2.651900351047515869e-01
1.542681008577346802e-01
0.000000000000000000e+00
4.061905294656753540e-02
1.913599669933319092e-01
1.199263110756874084e-01
3.673629760742187500e-01
1.450687348842620850e-01
3.087943196296691895e-01
1.635687351226806641e+00
2.138330221176147461e+00
2.055519819259643555e-01
1.441201925277709961e+00
2.602513313293457031e+00
3.947522938251495361e-01
2.038717083632946014e-02
1.166075587272644043e+00
1.138423476368188858e-02
9.831768274307250977e-02
2.493082135915756226e-01
3.714170932769775391e+00
1.481642246246337891e+00
6.423085927963256836e-01
8.474907279014587402e-01
3.184134140610694885e-02
1.248095750808715820e+00
1.270992279052734375e+00
2.945104381069540977e-03
3.281483948230743408e-01
0.000000000000000000e+00
1.736977338790893555e+00
6.157761216163635254e-01
5.633996799588203430e-02
6.733475625514984131e-02
0.000000000000000000e+00
3.772846162319183350e-01
1.779758781194686890e-01
1.104981899261474609e+00
2.727713882923126221e-01
0.000000000000000000e+00
0.000000000000000000e+00
0.000000000000000000e+00
0.000000000000000000e+00
1.910788416862487793e+00
5.241920240223407745e-03
8.669360540807247162e-03
1.744186691939830780e-02
1.592972278594970703e+00
0.000000000000000000e+00
4.521597027778625488e-01
1.216694563627243042e-01
3.725325316190719604e-02
3.788499236106872559e-01
1.292695850133895874e-01
8.667216300964355469e-01
8.374370336532592773e-01
5.520835518836975098e-02
3.659806549549102783e-01
6.691077947616577148e-01
0.000000000000000000e+00
1.560145616531372070e-01
7.925323247909545898e-01
8.158413171768188477e-01
6.811254620552062988e-01
1.321028172969818115e-02
7.469178736209869385e-02
6.690043956041336060e-03
1.704367041587829590e+00
8.651559352874755859e-01
5.065094679594039917e-02
2.371847927570343018e-01
1.628118008375167847e-02
2.447803169488906860e-01
3.064101636409759521e-01
8.589942753314971924e-02
1.548717498779296875e+00
6.104082107543945312e+00
6.631554365158081055e-01
6.375606753863394260e-04
4.428893923759460449e-01
0.000000000000000000e+00
5.820674705319106579e-04
8.359026163816452026e-02
4.057899117469787598e-03
0.000000000000000000e+00
0.000000000000000000e+00
7.273666858673095703e-01
3.885459005832672119e-01
1.544513925909996033e-02
1.098017115145921707e-02
1.213691115379333496e+00
8.995927125215530396e-02
3.835674226284027100e-01
4.280674271285533905e-03
1.709779798984527588e-01
1.435649156570434570e+00
3.177864849567413330e-01
1.949751734733581543e+00
0.000000000000000000e+00
1.290487200021743774e-01
7.286644540727138519e-03
1.917715184390544891e-02
2.535322904586791992e-01
1.167098805308341980e-02
0.000000000000000000e+00
7.809557318687438965e-01
2.367938607931137085e-01
3.336102934554219246e-03
0.000000000000000000e+00
7.574190497398376465e-01
6.609266996383666992e-02
0.000000000000000000e+00
3.348262980580329895e-02
1.745223760604858398e+00
4.731627702713012695e-01
4.060591757297515869e-01
1.104245543479919434e+00
2.509368658065795898e-01
0.000000000000000000e+00
9.577946364879608154e-02
2.726557850837707520e-01
4.353890717029571533e-01
1.054538488388061523e+00
2.066500931978225708e-01
6.764260679483413696e-02
1.397652477025985718e-01
5.242583155632019043e-01
4.203906282782554626e-02
1.315996408462524414e+00
3.087390363216400146e-01
0.000000000000000000e+00
0.000000000000000000e+00
9.513108730316162109e-01
0.000000000000000000e+00
2.375726401805877686e-01
4.732090607285499573e-02
1.230221152305603027e+00
7.609634101390838623e-02
0.000000000000000000e+00
1.010459423065185547e+00
6.585830450057983398e-02
2.300377368927001953e+00
1.674442768096923828e+00
5.673103332519531250e-01
1.556738972663879395e+00
1.392217159271240234e+00
0.000000000000000000e+00
3.683597445487976074e-01
9.832780361175537109e-01
1.355628967285156250e+00
5.269394442439079285e-02
5.390782952308654785e-01
0.000000000000000000e+00
1.230649929493665695e-02
2.114585833624005318e-03
4.529533907771110535e-02
8.238996863365173340e-01
1.582979857921600342e-01
4.585377216339111328e+00
1.262537837028503418e+00
3.920546472072601318e-01
0.000000000000000000e+00
3.179898560047149658e-01
2.014805190265178680e-02
0.000000000000000000e+00
9.940395830199122429e-04
4.191987589001655579e-02
1.033643260598182678e-01
8.397350460290908813e-02
0.000000000000000000e+00
9.085662662982940674e-02
3.163159489631652832e-01
3.110636174678802490e-01
1.277006149291992188e+00
5.178658757358789444e-03
7.988673448562622070e-02
6.761868596076965332e-01
1.452911831438541412e-02
4.089346826076507568e-01
0.000000000000000000e+00
1.010165587067604065e-01
1.483637452125549316e+00
9.855889678001403809e-01
1.010145068168640137e+00
3.721435368061065674e-01
9.817481040954589844e-01
2.848552763462066650e-01
1.451262086629867554e-01
6.546557694673538208e-02
3.277491927146911621e-01
1.719570398330688477e+00
0.000000000000000000e+00
0.000000000000000000e+00
3.434000015258789062e+00
5.927568301558494568e-02
9.598925709724426270e-01
6.660969853401184082e-01
1.829983666539192200e-02
4.070271253585815430e-01
0.000000000000000000e+00
2.654510021209716797e+00
1.441365573555231094e-02
7.697469592094421387e-01
6.593288183212280273e-01
2.050921440124511719e+00
0.000000000000000000e+00
1.528412580490112305e+00
1.367892953567206860e-03
1.547829160699620843e-04
2.256871163845062256e-01
1.421908941119909286e-02
5.652251839637756348e-01
2.962138690054416656e-02
1.113013401627540588e-01
1.381601439788937569e-03
5.736911296844482422e-02
4.180462956428527832e-01
1.248645424842834473e+00
0.000000000000000000e+00
7.162135839462280273e-02
6.044219732284545898e-01
5.896431207656860352e-01
5.153325852006673813e-03
0.000000000000000000e+00
0.000000000000000000e+00
3.058674633502960205e-01
7.828023433685302734e-01
1.477095127105712891e+00
1.403982788324356079e-01
1.434373021125793457e+00
0.000000000000000000e+00
9.623367786407470703e-01
4.728526473045349121e-01
2.467397227883338928e-02
4.397086501121520996e-01
0.000000000000000000e+00
9.770851731300354004e-01
2.237001180648803711e+00
1.080548241734504700e-01
4.245563507080078125e+00
3.637555241584777832e-02
6.843994855880737305e-01
4.133464302867650986e-03
1.843868196010589600e-01
4.001358896493911743e-02
1.464129328727722168e+00
8.235532045364379883e-01
0.000000000000000000e+00
1.971415132284164429e-01
6.475054025650024414e-01
4.207263886928558350e-01
2.010955810546875000e+00
2.558631002902984619e-01
2.296988293528556824e-02
9.961437433958053589e-02
1.017299667000770569e-01
4.716687798500061035e-01
1.426098495721817017e-02
4.185033030807971954e-03
1.207080436870455742e-03
5.398939922451972961e-02
1.275655984878540039e+00
0.000000000000000000e+00
1.088530644774436951e-01
6.445801351219415665e-03
1.483800530433654785e+00
3.875751513987779617e-03
8.064831793308258057e-02
1.255288422107696533e-01
0.000000000000000000e+00
2.844821214675903320e-01
8.862295150756835938e-01
2.883696928620338440e-02
1.548694223165512085e-01
3.026139736175537109e+00
4.475256428122520447e-02
0.000000000000000000e+00
1.399353593587875366e-01
1.712735533714294434e+00
1.049973726272583008e+00
1.109105825424194336e+00
1.449579596519470215e+00
2.409959316253662109e+00
2.639335155487060547e+00
1.687643378973007202e-01
2.282580882310867310e-01
7.271096110343933105e-01
0.000000000000000000e+00
1.145010534673929214e-02
