1.521608233451843262e-01
0.000000000000000000e+00
5.312653183937072754e-01
2.334503412246704102e+00
1.166717290878295898e+00
7.860396057367324829e-02
9.807360768318176270e-01
2.738858938217163086e+00
6.026306629180908203e+00
1.096297264099121094e+00
1.473695933818817139e-01
1.102348923683166504e+00
3.044183850288391113e-01
1.619620442390441895e+00
1.581631660461425781e+00
1.238075256347656250e+00
8.318504095077514648e-01
1.186043024063110352e+00
4.986440539360046387e-01
3.325509130954742432e-01
2.504539966583251953e+00
0.000000000000000000e+00
7.052343338727951050e-02
1.979477763175964355e+00
1.540081501007080078e-01
2.152507426217198372e-03
1.126738172024488449e-02
1.864050745964050293e+00
4.078786671161651611e-01
4.311184957623481750e-02
4.241638183593750000e-01
1.567552536725997925e-01
1.227310597896575928e-01
1.623266339302062988e+00
2.473311424255371094e-01
2.285208463668823242e+00
2.911633253097534180e-01
9.403114020824432373e-02
1.871172189712524414e+00
8.997854590415954590e-01
1.595414131879806519e-01
1.086818128824234009e-01
5.998904705047607422e-01
4.882160186767578125e+00
1.200708150863647461e+00
9.303762912750244141e-01
1.907133124768733978e-02
4.313278794288635254e-01
1.463027112185955048e-02
8.822243213653564453e-01
3.460977792739868164e+00
0.000000000000000000e+00
1.521644711494445801e+00
2.411854416131973267e-01
7.969778776168823242e-01
4.884853959083557129e-02
9.245624393224716187e-02
6.956193596124649048e-02
1.896530747413635254e+00
3.684552013874053955e-02
2.351220464333891869e-03
3.081721961498260498e-01
0.000000000000000000e+00
8.320209383964538574e-01
1.677149534225463867e+00
3.593560755252838135e-01
3.204977512359619141e-01
4.076291322708129883e-01
8.914002180099487305e-01
1.260418295860290527e-01
0.000000000000000000e+00
6.380566209554672241e-02
6.077669933438301086e-02
5.410591959953308105e-01
5.227870941162109375e-01
5.627604126930236816e-01
1.237517744302749634e-01
4.938404262065887451e-01
5.354740023612976074e-01
1.339070796966552734e+00
0.000000000000000000e+00
9.776396155357360840e-01
3.063364028930664062e+00
8.272094279527664185e-02
1.807145118713378906e+00
1.200928688049316406e-01
5.133653879165649414e-01
3.331095352768898010e-02
9.217430949211120605e-01
5.354967713356018066e-02
2.375288307666778564e-01
0.000000000000000000e+00
3.238269686698913574e-02
0.000000000000000000e+00
1.743911743164062500e+00
3.928906843066215515e-02
1.164654493331909180e+00
6.224947422742843628e-02
2.142497748136520386e-01
1.289498247206211090e-02
2.066896297037601471e-03
2.273209244012832642e-01
4.786185547709465027e-02
1.646882891654968262e+00
1.578692317008972168e+00
2.714116275310516357e-01
3.935205042362213135e-01
5.975219607353210449e-01
5.990964174270629883e-01
2.909319698810577393e-01
1.062786579132080078e+00
3.386567160487174988e-02
4.782758653163909912e-01
2.141245454549789429e-01
5.165523886680603027e-01
2.502622306346893311e-01
4.546421468257904053e-01
2.580420076847076416e-01
8.413735032081604004e-01
2.804053068161010742e+00
1.630085706710815430e+00
6.002841591835021973e-01
2.202436514198780060e-02
1.290918111801147461e+00
1.074155092239379883e+00
6.048768758773803711e-01
1.965068746358156204e-03
6.384157538414001465e-01
1.240993022918701172e+00
0.000000000000000000e+00
4.634871333837509155e-02
4.717440605163574219e-01
2.408690154552459717e-01
0.000000000000000000e+00
5.597501993179321289e-01
1.489607095718383789e-01
4.421197474002838135e-01
4.451498985290527344e+00
0.000000000000000000e+00
1.415532380342483521e-01
2.389155626296997070e-01
4.145699143409729004e-01
1.357803463935852051e+00
3.994924481958150864e-03
0.000000000000000000e+00
4.592589139938354492e-01
5.882216691970825195e-01
6.043605208396911621e-01
1.077998280525207520e+00
3.278589844703674316e-01
5.867778301239013672e+00
7.960174679756164551e-01
1.117357537150382996e-01
8.079754114151000977e-01
1.793390393257141113e+00
1.111248850822448730e+00
2.016143202781677246e-01
1.979293525218963623e-01
1.973945379257202148e+00
1.189082339406013489e-01
1.760496944189071655e-01
1.288645386695861816e+00
3.215694129467010498e-01
9.302458167076110840e-02
1.125326007604598999e-01
5.189074277877807617e-01
1.297768801450729370e-01
0.000000000000000000e+00
4.819236993789672852e-01
3.213954210281372070e+00
3.850934505462646484e-01
7.504614591598510742e-01
2.904775440692901611e-01
3.812691271305084229e-01
6.851878166198730469e-01
6.205979347229003906e+00
5.193552747368812561e-02
1.378928422927856445e-01
2.009255886077880859e-01
4.506799206137657166e-02
0.000000000000000000e+00
6.425644457340240479e-02
8.605278730392456055e-01
3.642249822616577148e+00
4.256633669137954712e-02
1.295438706874847412e-01
1.849630624055862427e-01
6.452720761299133301e-01
0.000000000000000000e+00
1.177304908633232117e-01
0.000000000000000000e+00
1.351056098937988281e-01
1.029226422309875488e+00
3.341977596282958984e-01
1.579091429710388184e+00
5.629249811172485352e-01
1.103076696395874023e+00
3.416181206703186035e-01
9.251376986503601074e-01
7.172920703887939453e-01
7.755715847015380859e-01
1.267651654779911041e-02
8.746583461761474609e-01
1.001754999160766602e+00
4.842124283313751221e-01
0.000000000000000000e+00
1.198675513267517090e+00
4.062991216778755188e-02
9.146382808685302734e-01
1.141596674919128418e+00
1.189859211444854736e-01
5.846323370933532715e-01
4.562074244022369385e-01
8.215188384056091309e-01
4.152815937995910645e-01
8.098379373550415039e-01
1.858286745846271515e-02
3.739957213401794434e-01
1.416690111160278320e+00
9.702238440513610840e-01
2.138616517186164856e-02
1.296955347061157227e+00
6.108985468745231628e-02
4.394585788249969482e-01
1.843039393424987793e-01
0.000000000000000000e+00
2.005592584609985352e-01
2.616623044013977051e-01
6.757472455501556396e-02
1.150835752487182617e-01
1.854135394096374512e-01
5.382706522941589355e-01
1.291680335998535156e+00
1.669845581054687500e+00
4.584690630435943604e-01
9.048804044723510742e-01
3.185895681381225586e+00
2.254203706979751587e-01
0.000000000000000000e+00
9.833225011825561523e-01
1.396010071039199829e-01
9.408921748399734497e-02
4.731432795524597168e-01
5.260509014129638672e+00
7.309199571609497070e-01
4.833986759185791016e-01
8.909856081008911133e-01
9.001442790031433105e-02
1.795543909072875977e+00
3.787020742893218994e-01
3.220989834517240524e-03
3.652071058750152588e-01
0.000000000000000000e+00
2.250636577606201172e+00
5.469593405723571777e-01
1.588817536830902100e-01
8.512186259031295776e-02
0.000000000000000000e+00
4.753251746296882629e-02
2.790600061416625977e-01
8.743749260902404785e-01
5.453039407730102539e-01
3.338833525776863098e-02
9.368403255939483643e-02
1.332926750183105469e-02
1.795619353652000427e-02
8.886895775794982910e-01
1.068343296647071838e-01
7.758449763059616089e-02
0.000000000000000000e+00
9.549827575683593750e-01
0.000000000000000000e+00
5.946554541587829590e-01
6.994717568159103394e-02
6.403469294309616089e-02
8.828956484794616699e-01
1.382544636726379395e-01
9.062315821647644043e-01
6.884748935699462891e-01
1.337588876485824585e-01
2.400367110967636108e-01
2.763134539127349854e-01
2.230040961876511574e-03
3.282482028007507324e-01
1.218031048774719238e+00
6.686922907829284668e-01
2.062874436378479004e-01
2.279080450534820557e-02
1.817636489868164062e-01
9.937637951225042343e-04
1.554144740104675293e+00
5.422325134277343750e-01
7.631372660398483276e-02
2.004036754369735718e-01
9.184830635786056519e-02
1.096369475126266479e-01
4.373746812343597412e-01
2.785110175609588623e-01
1.003698348999023438e+00
6.028827190399169922e+00
1.216912627220153809e+00
4.663029313087463379e-02
1.381704509258270264e-01
0.000000000000000000e+00
1.152961980551481247e-02
1.053932681679725647e-01
2.269091783091425896e-03
0.000000000000000000e+00
4.710634425282478333e-02
3.599291741847991943e-01
3.220367729663848877e-01
2.633053958415985107e-01
1.223566830158233643e-01
1.171725392341613770e+00
1.740554869174957275e-01
3.678493499755859375e-01
0.000000000000000000e+00
3.797301352024078369e-01
7.478831410408020020e-01
6.354253739118576050e-02
2.150093793869018555e+00
0.000000000000000000e+00
1.313960403203964233e-01
2.049330770969390869e-01
5.237620696425437927e-02
8.171476721763610840e-01
2.815082203596830368e-03
0.000000000000000000e+00
9.849320650100708008e-01
1.771550476551055908e-01
0.000000000000000000e+00
0.000000000000000000e+00
9.993605017662048340e-01
1.095001026988029480e-01
5.928951129317283630e-02
1.213321685791015625e-01
1.772785067558288574e+00
7.371804118156433105e-01
3.491773307323455811e-01
1.189823269844055176e+00
3.123279511928558350e-01
0.000000000000000000e+00
2.094760388135910034e-01
3.760830461978912354e-01
4.566299915313720703e-01
6.310419440269470215e-01
1.287961006164550781e-01
3.808418512344360352e-01
4.831839203834533691e-01
5.603076815605163574e-01
8.157210424542427063e-03
1.136380791664123535e+00
1.204344108700752258e-01
3.181020915508270264e-02
4.416759684681892395e-02
1.078707933425903320e+00
0.000000000000000000e+00
5.082091093063354492e-01
1.085512116551399231e-01
5.246475934982299805e-01
1.227159500122070312e-01
1.113231759518384933e-02
1.660657763481140137e+00
4.812294542789459229e-01
2.832101583480834961e+00
9.865221381187438965e-01
5.442322492599487305e-01
1.580489754676818848e+00
1.973085999488830566e+00
0.000000000000000000e+00
4.934460222721099854e-01
8.528702259063720703e-01
1.184245824813842773e+00
6.746764481067657471e-02
9.339765906333923340e-01
9.514990448951721191e-02
1.295398175716400146e-01
9.650465217418968678e-04
2.655637450516223907e-02
7.020632028579711914e-01
2.590474188327789307e-01
3.339648485183715820e+00
1.938203096389770508e+00
8.278362154960632324e-01
0.000000000000000000e+00
1.730671674013137817e-01
3.262887150049209595e-02
0.000000000000000000e+00
3.559105843305587769e-02
4.616960138082504272e-02
3.737246692180633545e-01
3.054090440273284912e-01
2.927564783021807671e-03
8.464913368225097656e-01
5.382030010223388672e-01
7.730268836021423340e-01
1.923429131507873535e+00
6.898058205842971802e-02
2.428498268127441406e-01
5.568202137947082520e-01
5.976150278002023697e-04
3.293762803077697754e-01
0.000000000000000000e+00
1.429526954889297485e-01
1.717029809951782227e+00
7.699192166328430176e-01
9.454877972602844238e-01
3.285667896270751953e-01
8.307147622108459473e-01
8.846832513809204102e-01
2.234978973865509033e-01
3.416548296809196472e-02
5.055436491966247559e-01
2.103262424468994141e+00
3.230810165405273438e-02
0.000000000000000000e+00
3.142227411270141602e+00
8.153759688138961792e-02
8.708702325820922852e-01
5.063552856445312500e-01
7.562044262886047363e-02
5.667041540145874023e-01
0.000000000000000000e+00
2.235233068466186523e+00
4.294149577617645264e-02
5.782981514930725098e-01
1.795019149780273438e+00
1.604524850845336914e+00
0.000000000000000000e+00
1.436133265495300293e+00
5.021197348833084106e-02
2.178438939154148102e-02
2.920379117131233215e-02
0.000000000000000000e+00
4.050594568252563477e-01
1.286504119634628296e-01
5.530524998903274536e-02
0.000000000000000000e+00
4.139854907989501953e-01
7.324616909027099609e-01
9.538061618804931641e-01
1.678172731772065163e-03
4.845309630036354065e-02
8.107389211654663086e-01
4.849857389926910400e-01
9.458845108747482300e-02
2.746482146903872490e-03
7.714685052633285522e-02
3.786800801753997803e-01
8.190453052520751953e-01
1.316609740257263184e+00
1.825479716062545776e-01
1.615402221679687500e+00
0.000000000000000000e+00
1.847340703010559082e+00
4.571196436882019043e-01
4.832807183265686035e-02
3.298108279705047607e-01
0.000000000000000000e+00
8.010431528091430664e-01
1.978132605552673340e+00
2.613492868840694427e-02
3.432760953903198242e+00
1.859633773565292358e-01
6.031696200370788574e-01
7.570326328277587891e-01
8.584302663803100586e-02
6.668674200773239136e-02
6.017813086509704590e-01
1.158644199371337891e+00
0.000000000000000000e+00
2.671187520027160645e-01
3.712904751300811768e-01
6.924443244934082031e-01
2.140937089920043945e+00
3.037671186029911041e-02
0.000000000000000000e+00
2.125869095325469971e-01
1.833453029394149780e-01
7.509715557098388672e-01
1.687917858362197876e-01
1.134737953543663025e-02
1.016222499310970306e-02
2.856934070587158203e-01
1.293400764465332031e+00
1.381715876050293446e-03
3.277577757835388184e-01
4.958621412515640259e-02
1.437477827072143555e+00
0.000000000000000000e+00
2.507396936416625977e-01
9.575052559375762939e-02
1.032366883009672165e-03
9.036928415298461914e-02
8.507961034774780273e-01
0.000000000000000000e+00
2.530844509601593018e-01
2.681429386138916016e+00
1.451276987791061401e-01
0.000000000000000000e+00
4.513718187808990479e-01
1.558526873588562012e+00
8.926112651824951172e-01
4.007782638072967529e-01
1.432715535163879395e+00
2.194610595703125000e+00
1.716465473175048828e+00
1.286296844482421875e+00
4.808160066604614258e-01
1.318116188049316406e+00
0.000000000000000000e+00
1.509032696485519409e-01
