2.233225703239440918e-01
0.000000000000000000e+00
1.131874769926071167e-01
2.905219078063964844e+00
8.354705572128295898e-01
3.803112208843231201e-01
8.938232064247131348e-01
3.095779418945312500e+00
6.456512928009033203e+00
1.226790070533752441e+00
2.748850882053375244e-01
1.619302868843078613e+00
3.862619102001190186e-01
1.514415025711059570e+00
2.005584001541137695e+00
1.668608069419860840e+00
1.058144211769104004e+00
2.505907297134399414e+00
8.830496668815612793e-01
4.258218705654144287e-01
2.604654788970947266e+00
0.000000000000000000e+00
5.567116141319274902e-01
3.173640012741088867e+00
6.894697993993759155e-02
0.000000000000000000e+00
1.377431154251098633e-01
2.170382499694824219e+00
3.424319624900817871e-01
7.635640352964401245e-02
1.785563677549362183e-01
0.000000000000000000e+00
7.428152561187744141e-01
1.347242712974548340e+00
1.157203435897827148e+00
3.397697448730468750e+00
2.431306242942810059e-01
2.097632735967636108e-01
1.803365200757980347e-01
1.018614172935485840e+00
1.206942349672317505e-01
6.050518527626991272e-02
6.120987534523010254e-01
5.131720542907714844e+00
4.327355921268463135e-01
1.193787813186645508e+00
5.997208505868911743e-02
7.248688936233520508e-01
6.660585850477218628e-02
1.733487010002136230e+00
3.861660718917846680e+00
6.808365229517221451e-03
2.087755918502807617e+00
2.252020835876464844e-01
7.972602844238281250e-01
4.837466478347778320e-01
1.443587243556976318e-01
7.082787901163101196e-02
2.402672290802001953e+00
1.489650923758745193e-02
1.448388304561376572e-02
2.378130257129669189e-01
9.479940868914127350e-03
8.685031533241271973e-01
1.905769467353820801e+00
7.888552546501159668e-01
3.369067013263702393e-01
3.147058784961700439e-01
1.451105356216430664e+00
2.534987628459930420e-01
0.000000000000000000e+00
2.867312915623188019e-02
8.657165616750717163e-02
1.353353381156921387e+00
4.021404683589935303e-01
9.739304780960083008e-01
6.854947656393051147e-02
1.103248238563537598e+00
3.374478518962860107e-01
1.010697841644287109e+00
9.822417981922626495e-03
6.396007537841796875e-01
3.087449073791503906e+00
0.000000000000000000e+00
2.026118993759155273e+00
2.528043091297149658e-01
4.293081164360046387e-01
1.829141750931739807e-02
3.164178729057312012e-01
5.510622635483741760e-03
2.355656921863555908e-01
6.797564215958118439e-03
2.379154413938522339e-02
0.000000000000000000e+00
4.477977156639099121e-01
1.908045411109924316e-01
1.011520504951477051e+00
6.081821322441101074e-01
2.639750242233276367e-01
2.203930355608463287e-02
1.538899168372154236e-02
1.939325034618377686e-01
4.542394354939460754e-02
2.935925722122192383e+00
2.053799390792846680e+00
5.271480232477188110e-02
2.558481097221374512e-01
6.960983276367187500e-01
1.453428715467453003e-01
6.194395422935485840e-01
9.737626314163208008e-01
5.911117047071456909e-02
6.338713169097900391e-01
1.874260157346725464e-01
9.928737878799438477e-01
8.772529661655426025e-03
7.747294902801513672e-01
7.814875245094299316e-02
1.199465036392211914e+00
2.252604722976684570e+00
1.545534849166870117e+00
6.384634375572204590e-01
7.481120061129331589e-03
1.871027350425720215e+00
9.963077902793884277e-01
4.396463334560394287e-01
0.000000000000000000e+00
1.063604474067687988e+00
1.735492587089538574e+00
2.998540177941322327e-03
5.594328418374061584e-02
1.467396140098571777e+00
2.281350791454315186e-01
6.715796142816543579e-02
6.780288219451904297e-01
1.166281029582023621e-01
7.129925303161144257e-03
4.966733932495117188e+00
0.000000000000000000e+00
2.945895195007324219e-01
1.419478058815002441e-01
2.258067578077316284e-01
1.831255555152893066e+00
7.441747584380209446e-04
0.000000000000000000e+00
2.254693061113357544e-01
8.629221916198730469e-01
1.684348136186599731e-01
1.487570643424987793e+00
2.926953434944152832e-01
5.708928108215332031e+00
3.579961359500885010e-01
2.001563459634780884e-01
3.443969488143920898e-01
1.568055510520935059e+00
1.496523737907409668e+00
7.151120807975530624e-03
8.516620099544525146e-02
2.010123014450073242e+00
5.019850730895996094e-01
2.554149627685546875e-01
1.114660859107971191e+00
2.445741891860961914e-01
0.000000000000000000e+00
2.467455565929412842e-01
7.262555360794067383e-01
1.500561535358428955e-01
0.000000000000000000e+00
7.684651613235473633e-01
3.189927101135253906e+00
2.200683057308197021e-01
1.378260374069213867e+00
2.037432044744491577e-01
1.019058346748352051e+00
5.018418431282043457e-01
6.251912117004394531e+00
0.000000000000000000e+00
2.427081950008869171e-02
4.045589268207550049e-01
2.200524061918258667e-01
0.000000000000000000e+00
2.205879613757133484e-02
9.201589226722717285e-01
4.529242038726806641e+00
0.000000000000000000e+00
8.789951913058757782e-03
2.824554741382598877e-01
5.037554502487182617e-01
1.970444427570328116e-04
0.000000000000000000e+00
4.069725517183542252e-03
2.565508335828781128e-02
1.240066647529602051e+00
6.130054593086242676e-01
1.873762011528015137e+00
7.773364782333374023e-01
6.804806590080261230e-01
1.979377716779708862e-01
6.110763549804687500e-01
3.166894614696502686e-01
1.020091652870178223e+00
1.163822636008262634e-01
8.607782721519470215e-01
1.368452072143554688e+00
6.302716135978698730e-01
1.080221496522426605e-02
1.926688790321350098e+00
4.100264236330986023e-02
3.082177974283695221e-02
1.134770870208740234e+00
2.311091870069503784e-01
3.250044584274291992e-01
7.141686081886291504e-01
9.140880107879638672e-01
6.990039944648742676e-01
6.197239756584167480e-01
2.195918411016464233e-01
1.781046241521835327e-01
1.915553569793701172e+00
3.006394505500793457e-01
0.000000000000000000e+00
1.866653919219970703e+00
5.997170209884643555e-01
1.966851800680160522e-01
5.507162585854530334e-02
0.000000000000000000e+00
8.822908252477645874e-02
6.979454159736633301e-01
1.276665925979614258e-01
3.058238327503204346e-01
6.045243144035339355e-02
6.260743737220764160e-01
2.141309022903442383e+00
2.311402797698974609e+00
5.640755891799926758e-01
6.701872348785400391e-01
2.514173746109008789e+00
3.072889447212219238e-01
0.000000000000000000e+00
1.146351814270019531e+00
2.827377244830131531e-02
9.729652665555477142e-03
2.306614071130752563e-02
4.528428554534912109e+00
9.911816716194152832e-01
6.292005777359008789e-01
1.258209228515625000e+00
0.000000000000000000e+00
1.571414232254028320e+00
6.410857439041137695e-01
4.092962294816970825e-02
1.030480980873107910e+00
4.351114854216575623e-03
1.608071446418762207e+00
1.267462134361267090e+00
2.505018711090087891e-01
8.709068596363067627e-02
0.000000000000000000e+00
2.924465537071228027e-01
4.366736114025115967e-01
1.650362849235534668e+00
8.375927060842514038e-02
2.441430406179279089e-04
1.682940288446843624e-03
0.000000000000000000e+00
0.000000000000000000e+00
1.388408541679382324e+00
2.385756820440292358e-01
6.507063284516334534e-03
9.799118340015411377e-02
1.706754684448242188e+00
0.000000000000000000e+00
8.424029499292373657e-02
6.087458729743957520e-01
5.411440040916204453e-03
4.530143737792968750e-01
3.901484608650207520e-02
1.419322371482849121e+00
1.301025629043579102e+00
2.215606868267059326e-01
4.974567592144012451e-01
6.404436826705932617e-01
3.890865296125411987e-02
1.831257790327072144e-01
1.016968250274658203e+00
6.330086588859558105e-01
4.844196736812591553e-01
8.076967298984527588e-02
1.492007672786712646e-01
1.840837448835372925e-01
1.865875482559204102e+00
5.789316892623901367e-01
1.933246254920959473e-01
5.627183988690376282e-02
2.720528841018676758e-01
4.611698687076568604e-01
5.575828552246093750e-01
2.397740632295608521e-01
1.053588271141052246e+00
5.793311119079589844e+00
2.196146100759506226e-01
2.135440707206726074e-02
8.456867337226867676e-01
0.000000000000000000e+00
1.170667037367820740e-01
1.193089187145233154e-01
0.000000000000000000e+00
0.000000000000000000e+00
0.000000000000000000e+00
4.488965570926666260e-01
4.915142655372619629e-01
1.315868459641933441e-03
1.133788842707872391e-02
1.136541724205017090e+00
8.818540722131729126e-02
7.322200536727905273e-01
0.000000000000000000e+00
2.618764042854309082e-01
9.900705814361572266e-01
1.040580794215202332e-01
2.143402814865112305e+00
0.000000000000000000e+00
4.479087889194488525e-01
5.334691330790519714e-02
1.174221653491258621e-02
2.794777452945709229e-01
3.718004748225212097e-02
0.000000000000000000e+00
1.120456337928771973e+00
4.960810244083404541e-01
0.000000000000000000e+00
0.000000000000000000e+00
1.265197277069091797e+00
1.753242337144911289e-03
0.000000000000000000e+00
2.048190087080001831e-01
1.683029413223266602e+00
6.515577435493469238e-01
6.553878784179687500e-01
1.438360810279846191e+00
3.504260778427124023e-01
6.979139149188995361e-02
6.407661736011505127e-02
2.208338864147663116e-02
4.014228284358978271e-01
1.053130626678466797e+00
2.340470254421234131e-01
2.865043468773365021e-02
7.157910466194152832e-01
6.281636357307434082e-01
4.164628684520721436e-02
1.003288030624389648e+00
4.014386534690856934e-01
4.629755765199661255e-02
2.032308606430888176e-03
3.810880184173583984e-01
3.411897271871566772e-02
2.437516450881958008e-01
3.347126021981239319e-02
8.443253636360168457e-01
2.754991054534912109e-01
0.000000000000000000e+00
1.284801959991455078e+00
4.928507804870605469e-01
2.167561769485473633e+00
1.176587104797363281e+00
6.084771156311035156e-01
1.816145777702331543e+00
2.179864406585693359e+00
5.297639872878789902e-04
2.840973138809204102e-01
1.498413681983947754e+00
1.963356494903564453e+00
2.846525609493255615e-01
1.360153675079345703e+00
7.328243926167488098e-03
1.511636525392532349e-01
1.001075059175491333e-01
1.330447383224964142e-03
1.075420260429382324e+00
4.357209801673889160e-01
4.480468750000000000e+00
9.486610293388366699e-01
5.814772248268127441e-01
0.000000000000000000e+00
4.944411218166351318e-01
2.303215861320495605e-02
0.000000000000000000e+00
9.505775757133960724e-03
7.199419289827346802e-02
1.622831672430038452e-01
6.733831018209457397e-02
0.000000000000000000e+00
3.404712975025177002e-01
1.059290766716003418e+00
9.542160034179687500e-01
1.671291589736938477e+00
0.000000000000000000e+00
2.198225632309913635e-02
6.368378996849060059e-01
9.398619085550308228e-02
5.099287629127502441e-01
0.000000000000000000e+00
1.387402713298797607e-01
1.188174128532409668e+00
7.910078763961791992e-01
1.523162841796875000e+00
1.339967101812362671e-01
1.007913708686828613e+00
8.673093914985656738e-01
1.916221231222152710e-01
7.150699943304061890e-02
2.155888527631759644e-01
2.316151857376098633e+00
4.653896391391754150e-02
5.709500238299369812e-02
3.439202308654785156e+00
2.631856873631477356e-02
8.815531134605407715e-01
9.604097008705139160e-01
1.629303693771362305e-01
8.395352959632873535e-01
0.000000000000000000e+00
3.115918159484863281e+00
1.316289007663726807e-01
6.621463298797607422e-01
1.270722031593322754e+00
2.235914468765258789e+00
0.000000000000000000e+00
1.554690241813659668e+00
1.877242140471935272e-02
3.458625450730323792e-02
2.663085162639617920e-01
0.000000000000000000e+00
5.361707806587219238e-01
2.438901960849761963e-01
2.040115892887115479e-01
5.966959055513143539e-03
3.387116491794586182e-01
6.006177663803100586e-01
1.396983504295349121e+00
7.603246485814452171e-04
2.615759372711181641e-01
7.018766403198242188e-01
6.271962523460388184e-01
8.482640609145164490e-03
1.458617276512086391e-03
5.924507277086377144e-04
3.805144131183624268e-01
7.798591852188110352e-01
8.089220523834228516e-01
4.685636460781097412e-01
1.718844652175903320e+00
4.194180667400360107e-02
1.439242124557495117e+00
6.423698663711547852e-01
1.773980408906936646e-01
4.149425327777862549e-01
0.000000000000000000e+00
1.407489061355590820e+00
2.792645215988159180e+00
1.292259842157363892e-01
4.457572460174560547e+00
1.593041121959686279e-01
6.626310348510742188e-01
1.140103638172149658e-01
2.511726319789886475e-01
1.649353951215744019e-01
1.197048664093017578e+00
1.173941373825073242e+00
1.493612071499228477e-03
7.442119121551513672e-01
3.837439417839050293e-01
3.213147819042205811e-01
2.774226903915405273e+00
3.835541903972625732e-01
0.000000000000000000e+00
1.231080889701843262e-01
5.531897768378257751e-02
7.719643115997314453e-01
1.512355506420135498e-01
9.347186423838138580e-03
2.909164177253842354e-03
4.631713330745697021e-01
5.651558637619018555e-01
1.272664405405521393e-02
3.138669729232788086e-01
2.502011507749557495e-02
2.617322921752929688e+00
3.100887127220630646e-02
1.139206066727638245e-01
1.298303604125976562e-01
0.000000000000000000e+00
4.693929478526115417e-02
5.384148359298706055e-01
3.524383530020713806e-02
1.925402283668518066e-01
3.103947162628173828e+00
1.788366287946701050e-01
0.000000000000000000e+00
1.669417321681976318e-01
1.359378099441528320e+00
1.129927754402160645e+00
9.320877790451049805e-01
1.598863959312438965e+00
2.211641788482666016e+00
2.449844360351562500e+00
1.858958005905151367e-01
2.385964691638946533e-01
7.186937928199768066e-01
0.000000000000000000e+00
0.000000000000000000e+00
