3.761951327323913574e-01
0.000000000000000000e+00
3.046540543437004089e-02
2.238407373428344727e+00
5.034700632095336914e-01
2.380026876926422119e-01
8.483814001083374023e-01
3.145520210266113281e+00
6.648171901702880859e+00
1.280254840850830078e+00
4.777747765183448792e-02
1.178115963935852051e+00
5.221209526062011719e-01
1.195277452468872070e+00
2.454747438430786133e+00
7.541146278381347656e-01
8.111979961395263672e-01
2.438576698303222656e+00
7.743828296661376953e-01
3.172318041324615479e-01
1.633419036865234375e+00
0.000000000000000000e+00
4.224708974361419678e-01
2.111340522766113281e+00
1.016404107213020325e-01
4.330944793764501810e-04
9.369060397148132324e-02
1.761100888252258301e+00
5.308485627174377441e-01
3.096936829388141632e-02
5.920082703232765198e-02
9.462809190154075623e-03
9.058173894882202148e-01
6.828646063804626465e-01
1.105199217796325684e+00
2.780991077423095703e+00
1.362479031085968018e-01
1.279420256614685059e-01
2.618770599365234375e-01
5.727499723434448242e-01
3.034197390079498291e-01
2.353679239749908447e-01
2.149861305952072144e-01
4.246968269348144531e+00
4.877679049968719482e-01
9.639547467231750488e-01
1.667232662439346313e-01
1.226928472518920898e+00
1.008193120360374451e-01
1.699945211410522461e+00
3.236204147338867188e+00
0.000000000000000000e+00
2.049289226531982422e+00
2.200139015913009644e-01
6.549202799797058105e-01
1.455968469381332397e-01
2.772833406925201416e-01
5.455504357814788818e-02
1.910867452621459961e+00
1.777040511369705200e-01
3.485336527228355408e-02
4.612766951322555542e-02
2.505922922864556313e-03
6.581754088401794434e-01
1.773275017738342285e+00
6.712928414344787598e-01
5.174549818038940430e-01
1.977736800909042358e-01
9.228957891464233398e-01
2.261697053909301758e-01
0.000000000000000000e+00
1.533347833901643753e-02
2.203718274831771851e-01
8.876442313194274902e-01
6.220239400863647461e-01
1.648903846740722656e+00
0.000000000000000000e+00
7.569842934608459473e-01
2.410730421543121338e-01
1.073667526245117188e+00
1.064398884773254395e-02
9.690998196601867676e-01
2.603406667709350586e+00
6.391448527574539185e-02
1.894003987312316895e+00
1.980422288179397583e-01
1.357826709747314453e+00
6.347638368606567383e-02
3.483305871486663818e-01
7.583010592497885227e-04
3.075976073741912842e-01
8.863942697644233704e-03
3.721775719895958900e-03
0.000000000000000000e+00
9.718244671821594238e-01
8.218898624181747437e-02
6.495286226272583008e-01
4.352878928184509277e-01
2.633297741413116455e-01
0.000000000000000000e+00
0.000000000000000000e+00
1.149037405848503113e-01
3.089871071279048920e-02
1.058708429336547852e+00
1.388279676437377930e+00
1.151783913373947144e-01
1.364491939544677734e+00
5.995195508003234863e-01
8.719515800476074219e-02
1.359325051307678223e-01
1.743032336235046387e+00
1.046991162002086639e-02
6.253963112831115723e-01
4.122585654258728027e-01
7.430710792541503906e-01
9.285421669483184814e-02
4.340505301952362061e-01
1.252164244651794434e-01
9.612613916397094727e-01
2.022926330566406250e+00
1.290896177291870117e+00
8.409267067909240723e-01
1.634953659959137440e-03
1.532864570617675781e+00
5.004362463951110840e-01
6.249968409538269043e-01
0.000000000000000000e+00
1.038573622703552246e+00
1.784178376197814941e+00
1.809360086917877197e-01
0.000000000000000000e+00
9.856746196746826172e-01
1.285779476165771484e-01
8.390761911869049072e-02
2.556714117527008057e-01
1.092446073889732361e-01
2.885562926530838013e-02
4.698600769042968750e+00
0.000000000000000000e+00
2.850293219089508057e-01
3.252249360084533691e-01
3.820603787899017334e-01
1.666481971740722656e+00
6.795277446508407593e-02
2.918031252920627594e-02
3.279977738857269287e-01
1.151292324066162109e+00
4.946548342704772949e-01
8.906140923500061035e-01
3.720653802156448364e-02
6.156848430633544922e+00
4.294705986976623535e-01
9.161354601383209229e-02
6.117852926254272461e-01
9.931508898735046387e-01
1.722193956375122070e+00
6.316266953945159912e-02
7.786468416452407837e-02
2.600740909576416016e+00
3.819750845432281494e-01
9.255248308181762695e-02
1.037570953369140625e+00
3.755750358104705811e-01
1.023949356749653816e-03
3.120937347412109375e-01
4.937308132648468018e-01
0.000000000000000000e+00
0.000000000000000000e+00
1.242128491401672363e+00
2.150923967361450195e+00
2.113617807626724243e-01
4.919063746929168701e-01
8.191504329442977905e-02
9.288031458854675293e-01
3.620065450668334961e-01
6.497204780578613281e+00
0.000000000000000000e+00
2.242945693433284760e-02
4.218905568122863770e-01
3.205494582653045654e-02
0.000000000000000000e+00
1.696714013814926147e-02
6.722969412803649902e-01
3.706265211105346680e+00
7.420427352190017700e-02
2.330573275685310364e-03
3.807801008224487305e-01
2.212552726268768311e-01
4.384679254144430161e-03
0.000000000000000000e+00
8.548289770260453224e-04
1.483762054704129696e-03
7.051712870597839355e-01
5.625200271606445312e-01
1.258002281188964844e+00
8.704956769943237305e-01
8.520751595497131348e-01
6.257436424493789673e-02
3.318272829055786133e-01
3.517372608184814453e-01
9.048498272895812988e-01
1.626688241958618164e-01
5.847140550613403320e-01
9.723710417747497559e-01
5.642490983009338379e-01
2.926925010979175568e-02
7.204592823982238770e-01
5.507061257958412170e-02
3.833158686757087708e-02
1.510007500648498535e+00
1.149485781788825989e-01
1.440355181694030762e-01
3.510987460613250732e-01
6.426621675491333008e-01
4.858905971050262451e-01
7.433088421821594238e-01
9.046747349202632904e-03
2.252974212169647217e-01
1.766349911689758301e+00
9.330587983131408691e-01
0.000000000000000000e+00
6.660355329513549805e-01
4.340671598911285400e-01
7.227724045515060425e-02
1.177723854780197144e-01
0.000000000000000000e+00
5.718366801738739014e-02
2.132981270551681519e-01
4.778818413615226746e-02
2.966994941234588623e-01
4.449537396430969238e-02
2.597580552101135254e-01
2.123311281204223633e+00
2.299114465713500977e+00
4.323194622993469238e-01
9.693100452423095703e-01
2.032907962799072266e+00
3.594527244567871094e-01
1.264476776123046875e-02
9.567865729331970215e-01
2.365704812109470367e-02
0.000000000000000000e+00
4.011115059256553650e-02
2.930007934570312500e+00
7.194533944129943848e-01
6.962303519248962402e-01
9.657284021377563477e-01
3.668267512694001198e-03
1.889855146408081055e+00
1.237173914909362793e+00
8.164478465914726257e-03
7.774108648300170898e-01
2.283437922596931458e-02
1.365482568740844727e+00
7.575560212135314941e-01
1.301837861537933350e-01
6.515035778284072876e-02
0.000000000000000000e+00
1.449575461447238922e-02
1.704490631818771362e-01
1.381510496139526367e+00
2.589711248874664307e-01
4.275237442925572395e-04
9.157927334308624268e-02
0.000000000000000000e+00
0.000000000000000000e+00
1.978634238243103027e+00
1.399175524711608887e-01
5.854859016835689545e-03
5.302344448864459991e-03
1.576549887657165527e+00
0.000000000000000000e+00
5.764077305793762207e-01
3.269228935241699219e-01
5.831226706504821777e-02
6.460132598876953125e-01
6.103248521685600281e-02
1.125335812568664551e+00
1.122049212455749512e+00
9.366558492183685303e-02
3.522989749908447266e-01
4.215656816959381104e-01
2.738486230373382568e-01
5.114748477935791016e-01
8.495170474052429199e-01
8.356109261512756348e-01
1.005483627319335938e+00
4.376898705959320068e-02
1.381932199001312256e-01
3.964172676205635071e-02
1.444761633872985840e+00
6.954278349876403809e-01
1.019457355141639709e-01
1.807975471019744873e-01
9.963229298591613770e-02
2.100736647844314575e-01
3.161783218383789062e-01
3.692999780178070068e-01
1.034300208091735840e+00
5.355410099029541016e+00
3.001565337181091309e-01
8.922856301069259644e-03
5.498189926147460938e-01
0.000000000000000000e+00
1.518851332366466522e-02
3.292689025402069092e-01
2.777279587462544441e-03
0.000000000000000000e+00
0.000000000000000000e+00
5.743134617805480957e-01
2.322303950786590576e-01
0.000000000000000000e+00
2.781357243657112122e-02
1.143191218376159668e+00
5.666750296950340271e-02
1.009053364396095276e-01
0.000000000000000000e+00
3.444231748580932617e-01
1.019400238990783691e+00
1.321653872728347778e-01
1.930131196975708008e+00
0.000000000000000000e+00
3.011607229709625244e-01
5.324571207165718079e-02
8.171035349369049072e-02
1.373434662818908691e-01
4.691630974411964417e-02
0.000000000000000000e+00
8.037638664245605469e-01
7.249746918678283691e-01
0.000000000000000000e+00
1.232977118343114853e-02
8.209205269813537598e-01
0.000000000000000000e+00
4.645706154406070709e-03
2.649187743663787842e-01
1.612636566162109375e+00
1.059496328234672546e-01
7.993144989013671875e-01
1.543219923973083496e+00
3.922313749790191650e-01
1.481304466724395752e-01
2.910495996475219727e-01
1.029360219836235046e-01
7.728842496871948242e-01
1.011643409729003906e+00
6.225548684597015381e-02
1.009683217853307724e-02
6.484551429748535156e-01
4.155235886573791504e-01
3.504175245761871338e-01
7.115665078163146973e-01
1.096423491835594177e-01
0.000000000000000000e+00
1.123206689953804016e-02
6.961261034011840820e-01
0.000000000000000000e+00
2.524908781051635742e-01
1.946027763187885284e-02
7.147408127784729004e-01
1.600012332201004028e-01
0.000000000000000000e+00
1.001301050186157227e+00
4.369428157806396484e-01
1.291992068290710449e+00
1.628135204315185547e+00
5.147718787193298340e-01
1.335403919219970703e+00
1.734611630439758301e+00
0.000000000000000000e+00
3.314534425735473633e-01
8.611753582954406738e-01
7.757032513618469238e-01
4.091701805591583252e-01
7.620867490768432617e-01
0.000000000000000000e+00
5.076155439019203186e-02
4.048303514719009399e-02
3.734716912731528282e-03
8.957809209823608398e-01
1.263512521982192993e-01
3.539746284484863281e+00
1.865866541862487793e+00
3.915582001209259033e-01
0.000000000000000000e+00
7.431607246398925781e-01
3.841309994459152222e-02
0.000000000000000000e+00
0.000000000000000000e+00
4.746099188923835754e-02
1.598502397537231445e-01
2.823760509490966797e-01
0.000000000000000000e+00
1.198452413082122803e-01
5.570853948593139648e-01
7.378516793251037598e-01
1.038566589355468750e+00
1.157658826559782028e-02
3.522757440805435181e-02
1.231943607330322266e+00
4.321915656328201294e-02
4.191859364509582520e-01
0.000000000000000000e+00
2.507808804512023926e-01
1.717640757560729980e+00
5.514112114906311035e-01
1.516438245773315430e+00
2.193164527416229248e-01
1.087196111679077148e+00
6.279048919677734375e-01
2.780231833457946777e-01
5.747427698224782944e-03
4.719331562519073486e-01
1.322665452957153320e+00
3.512677922844886780e-02
0.000000000000000000e+00
3.879967451095581055e+00
1.697933673858642578e-02
5.121017098426818848e-01
7.178189158439636230e-01
3.257127702236175537e-01
5.313156843185424805e-01
0.000000000000000000e+00
2.769579887390136719e+00
3.922832906246185303e-01
9.649510383605957031e-01
9.989360570907592773e-01
2.614777803421020508e+00
0.000000000000000000e+00
1.530155062675476074e+00
5.235244333744049072e-02
1.420604647137224674e-03
0.000000000000000000e+00
0.000000000000000000e+00
1.425391286611557007e-01
7.335989922285079956e-02
4.262901246547698975e-01
0.000000000000000000e+00
1.600770503282546997e-01
5.853993892669677734e-01
9.417931437492370605e-01
0.000000000000000000e+00
1.331701129674911499e-01
3.532670140266418457e-01
5.478915572166442871e-01
0.000000000000000000e+00
6.239733844995498657e-02
0.000000000000000000e+00
2.962729632854461670e-01
1.055373549461364746e+00
5.586641430854797363e-01
3.070282936096191406e-01
1.796765685081481934e+00
1.377171650528907776e-02
1.032980442047119141e+00
4.203541874885559082e-01
1.927884072065353394e-01
1.526710391044616699e-01
0.000000000000000000e+00
1.215855360031127930e+00
2.324254274368286133e+00
9.512811899185180664e-02
3.312695264816284180e+00
1.829417496919631958e-01
6.015265583992004395e-01
3.263344988226890564e-02
3.007147647440433502e-02
1.601540446281433105e-01
1.368715167045593262e+00
3.468084037303924561e-01
0.000000000000000000e+00
2.544752657413482666e-01
2.977483272552490234e-01
4.747775197029113770e-01
2.749306678771972656e+00
4.166088402271270752e-01
3.216594830155372620e-02
9.588906168937683105e-02
2.414439767599105835e-01
6.870346665382385254e-01
2.409517019987106323e-01
6.705835461616516113e-03
8.590856567025184631e-03
6.830729246139526367e-01
1.048365473747253418e+00
3.468448994681239128e-03
3.662536740303039551e-01
5.743227526545524597e-02
2.210668563842773438e+00
3.692213213071227074e-03
4.956402699463069439e-04
1.831014156341552734e-01
5.282814148813486099e-03
2.295825481414794922e-01
9.591625332832336426e-01
3.914743289351463318e-02
2.543004751205444336e-01
2.769273281097412109e+00
1.841412931680679321e-01
0.000000000000000000e+00
3.009328842163085938e-01
1.257154464721679688e+00
6.587697267532348633e-01
6.532731056213378906e-01
1.162976026535034180e+00
2.209405183792114258e+00
2.201683998107910156e+00
4.202750623226165771e-01
1.042477115988731384e-01
9.365988373756408691e-01
0.000000000000000000e+00
2.661979794502258301e-01
