5.039075613021850586e-01
0.000000000000000000e+00
1.103679612278938293e-01
2.778937339782714844e+00
6.301264762878417969e-01
1.656953096389770508e-01
4.738870561122894287e-01
3.436984300613403320e+00
6.313163757324218750e+00
1.134255886077880859e+00
1.212607976049184799e-02
1.357472181320190430e+00
5.354446768760681152e-01
1.682552218437194824e+00
2.208505630493164062e+00
1.161677479743957520e+00
9.797425270080566406e-01
1.729635119438171387e+00
6.406804919242858887e-01
3.873071074485778809e-01
2.334834575653076172e+00
1.245784945785999298e-02
3.498465418815612793e-01
2.713248491287231445e+00
1.344981789588928223e-01
4.178245726507157087e-04
5.063618347048759460e-02
2.428131103515625000e+00
5.662608742713928223e-01
1.547590196132659912e-01
1.235913038253784180e-01
1.218225136399269104e-01
9.208681583404541016e-01
1.023030281066894531e+00
7.349069118499755859e-01
3.035605192184448242e+00
2.446885406970977783e-01
2.318353056907653809e-01
3.799426853656768799e-01
4.818479418754577637e-01
4.526140987873077393e-01
9.088657796382904053e-02
3.065215647220611572e-01
3.991726636886596680e+00
5.987963676452636719e-01
6.295428872108459473e-01
9.278311580419540405e-02
6.318338513374328613e-01
5.956334248185157776e-02
1.708200335502624512e+00
3.078311204910278320e+00
0.000000000000000000e+00
1.680006980895996094e+00
3.246361911296844482e-01
8.514980077743530273e-01
2.571332156658172607e-01
3.478408157825469971e-01
7.712495326995849609e-02
2.714245080947875977e+00
4.655184745788574219e-01
1.151823028922080994e-01
9.409256279468536377e-02
0.000000000000000000e+00
1.425227046012878418e+00
2.503393888473510742e+00
7.309608459472656250e-01
3.587269037961959839e-02
3.930566608905792236e-01
1.323312044143676758e+00
5.004630088806152344e-01
1.419835630804300308e-02
1.524789333343505859e-01
1.377201974391937256e-01
5.942884683609008789e-01
9.314682483673095703e-01
1.470309734344482422e+00
2.165515348315238953e-02
7.155913114547729492e-01
4.729288220405578613e-01
1.053853273391723633e+00
0.000000000000000000e+00
8.464152216911315918e-01
2.011453628540039062e+00
2.159028127789497375e-02
1.846815109252929688e+00
3.551464080810546875e-01
9.279174804687500000e-01
2.573665976524353027e-02
6.835605502128601074e-01
9.876538533717393875e-04
2.426693886518478394e-01
2.714714221656322479e-02
1.943415775895118713e-02
3.793057985603809357e-03
7.206295132637023926e-01
3.914369046688079834e-01
8.649145364761352539e-01
6.098618507385253906e-01
2.864418327808380127e-01
5.246147140860557556e-02
4.184460639953613281e-02
4.992503523826599121e-01
9.511437267065048218e-02
1.529618620872497559e+00
1.819095134735107422e+00
1.216508895158767700e-01
1.026154756546020508e+00
7.056256532669067383e-01
1.013588011264801025e-01
4.536196589469909668e-01
1.578116893768310547e+00
3.589831665158271790e-02
8.271725773811340332e-01
4.888450801372528076e-01
5.042553544044494629e-01
2.379963845014572144e-01
7.808492779731750488e-01
1.633185595273971558e-01
7.705744504928588867e-01
2.360509395599365234e+00
1.614286303520202637e+00
8.312574028968811035e-01
1.111605670303106308e-02
1.364214539527893066e+00
9.059856534004211426e-01
7.854459285736083984e-01
0.000000000000000000e+00
1.232361316680908203e+00
1.376360535621643066e+00
6.823671609163284302e-02
4.823333583772182465e-03
1.187565088272094727e+00
8.439432382583618164e-01
1.674050651490688324e-02
4.383934140205383301e-01
8.958705514669418335e-02
1.070175599306821823e-02
4.752680301666259766e+00
0.000000000000000000e+00
5.175078660249710083e-02
1.721812635660171509e-01
6.187096834182739258e-01
1.636611938476562500e+00
8.996631205081939697e-02
8.433427661657333374e-02
3.895166218280792236e-01
8.959700465202331543e-01
4.122800827026367188e-01
9.783397316932678223e-01
1.488799750804901123e-01
6.121788024902343750e+00
4.513034820556640625e-01
1.608411967754364014e-01
9.312134385108947754e-01
1.798280358314514160e+00
9.782879948616027832e-01
2.740569710731506348e-01
2.551473975181579590e-01
2.567281484603881836e+00
4.500865340232849121e-01
4.305729568004608154e-01
7.666712999343872070e-01
7.531852722167968750e-01
6.599900871515274048e-02
2.733403146266937256e-01
7.107165455818176270e-01
5.284054949879646301e-02
0.000000000000000000e+00
1.480320811271667480e+00
3.046231031417846680e+00
3.113071024417877197e-01
8.128008246421813965e-01
1.983928829431533813e-01
5.517674684524536133e-01
6.178415417671203613e-01
6.064365863800048828e+00
0.000000000000000000e+00
5.458230897784233093e-02
3.071521818637847900e-01
1.852234005928039551e-01
1.675380952656269073e-02
1.458964645862579346e-01
4.520469605922698975e-01
3.791019916534423828e+00
3.183367252349853516e-01
0.000000000000000000e+00
4.299067854881286621e-01
2.001361399888992310e-01
3.588068066164851189e-03
4.449453577399253845e-02
3.803285537287592888e-03
2.132382988929748535e-01
1.227278232574462891e+00
5.771253705024719238e-01
7.855720520019531250e-01
1.293533921241760254e+00
1.119723796844482422e+00
2.682554125785827637e-01
4.647595882415771484e-01
6.509961485862731934e-01
1.216197967529296875e+00
2.346423417329788208e-01
6.295693516731262207e-01
1.096165418624877930e+00
7.053130865097045898e-01
1.098738536238670349e-01
7.166103124618530273e-01
8.134177327156066895e-02
8.529691398143768311e-02
1.769315719604492188e+00
1.502683162689208984e-01
5.679693818092346191e-01
4.268666505813598633e-01
9.947148561477661133e-01
6.226238012313842773e-01
8.526986241340637207e-01
1.112016737461090088e-01
1.784177720546722412e-01
1.510457396507263184e+00
9.260880947113037109e-01
3.311703726649284363e-02
1.357988953590393066e+00
5.527327060699462891e-01
4.273110032081604004e-01
9.616477787494659424e-02
0.000000000000000000e+00
3.068579435348510742e-01
2.440074235200881958e-01
9.216245263814926147e-02
2.709860801696777344e-01
1.959819197654724121e-01
5.148114562034606934e-01
1.916152238845825195e+00
2.374527454376220703e+00
4.762700498104095459e-01
4.847030043601989746e-01
2.173264503479003906e+00
5.926986336708068848e-01
1.704004593193531036e-02
1.057766675949096680e+00
1.902930587530136108e-01
8.940396457910537720e-02
2.042875587940216064e-01
3.946262836456298828e+00
5.994649529457092285e-01
8.782790899276733398e-01
1.096275568008422852e+00
1.726360619068145752e-01
1.706459164619445801e+00
5.170463919639587402e-01
3.856655582785606384e-02
8.267953395843505859e-01
8.162611722946166992e-02
1.701683998107910156e+00
9.763907194137573242e-01
5.583320744335651398e-03
3.253113329410552979e-01
0.000000000000000000e+00
3.387474119663238525e-01
1.836924999952316284e-01
1.298895835876464844e+00
2.335411012172698975e-01
6.714811921119689941e-02
0.000000000000000000e+00
0.000000000000000000e+00
8.597394078969955444e-02
1.267503261566162109e+00
1.957392096519470215e-01
5.373353138566017151e-02
8.560937643051147461e-02
1.107027292251586914e+00
2.585319743957370520e-04
3.842679262161254883e-01
3.437674045562744141e-01
1.753062158823013306e-01
6.429378390312194824e-01
5.128949284553527832e-01
1.127880334854125977e+00
8.873813152313232422e-01
2.090257555246353149e-01
1.524475067853927612e-01
7.181265354156494141e-01
1.309801042079925537e-01
3.779209256172180176e-01
6.789591908454895020e-01
1.194464325904846191e+00
5.537829399108886719e-01
1.712713837623596191e-01
4.815521538257598877e-01
1.193745955824851990e-01
1.466569185256958008e+00
6.732902526855468750e-01
1.266684234142303467e-01
6.057197228074073792e-02
1.421926617622375488e-01
3.860592544078826904e-01
4.559037685394287109e-01
1.274063587188720703e-01
1.140387892723083496e+00
5.507387161254882812e+00
5.100242495536804199e-01
9.179825335741043091e-02
2.924109101295471191e-01
0.000000000000000000e+00
1.648985408246517181e-02
2.402875423431396484e-01
1.084260269999504089e-02
0.000000000000000000e+00
0.000000000000000000e+00
3.982132077217102051e-01
6.349948644638061523e-01
0.000000000000000000e+00
8.069330453872680664e-02
1.118411064147949219e+00
8.766331523656845093e-02
5.633318424224853516e-01
0.000000000000000000e+00
4.554889500141143799e-01
9.431331157684326172e-01
7.352089136838912964e-02
2.146037817001342773e+00
0.000000000000000000e+00
4.630927741527557373e-02
5.932338237762451172e-01
1.392914354801177979e-01
6.149612665176391602e-01
0.000000000000000000e+00
0.000000000000000000e+00
6.263189911842346191e-01
5.262824892997741699e-01
0.000000000000000000e+00
0.000000000000000000e+00
6.767950057983398438e-01
1.227528881281614304e-02
8.596361428499221802e-02
1.619288921356201172e-01
1.181972384452819824e+00
5.672858357429504395e-01
9.018420577049255371e-01
1.696205854415893555e+00
2.912015914916992188e-01
1.018598675727844238e-01
3.720351457595825195e-01
1.267340183258056641e-01
7.494938969612121582e-01
6.561627388000488281e-01
9.783650934696197510e-02
4.224983602762222290e-02
6.474459171295166016e-01
3.491569459438323975e-01
1.165788173675537109e-01
7.603434324264526367e-01
3.154463768005371094e-01
0.000000000000000000e+00
2.251593023538589478e-01
1.053082704544067383e+00
0.000000000000000000e+00
2.158956825733184814e-01
7.960984855890274048e-02
4.469800591468811035e-01
2.462814450263977051e-01
7.530582952313125134e-04
1.172749042510986328e+00
4.725309908390045166e-01
1.521010041236877441e+00
8.282967209815979004e-01
5.223325490951538086e-01
1.875339269638061523e+00
2.098573923110961914e+00
0.000000000000000000e+00
4.268550276756286621e-01
1.182548761367797852e+00
1.538982152938842773e+00
2.736278176307678223e-01
2.001682043075561523e+00
1.776491701602935791e-01
1.531153637915849686e-02
2.863611839711666107e-02
2.895496226847171783e-02
7.842867970466613770e-01
0.000000000000000000e+00
3.371786832809448242e+00
1.400991916656494141e+00
3.107628226280212402e-01
7.019736338406801224e-03
8.262238502502441406e-01
3.990645334124565125e-02
8.288816025014966726e-05
0.000000000000000000e+00
1.386190354824066162e-01
2.085398584604263306e-01
2.277364134788513184e-01
5.382793024182319641e-02
1.439174860715866089e-01
3.935698270797729492e-01
7.075046300888061523e-01
1.733958005905151367e+00
2.202555537223815918e-02
1.393256243318319321e-03
8.106450438499450684e-01
2.861131429672241211e-01
1.086116552352905273e+00
0.000000000000000000e+00
2.293769419193267822e-01
1.139608144760131836e+00
5.219377875328063965e-01
1.087095856666564941e+00
2.475311905145645142e-01
1.589821338653564453e+00
8.468704819679260254e-01
5.607644319534301758e-01
0.000000000000000000e+00
4.019147753715515137e-01
2.237881898880004883e+00
1.408349815756082535e-02
4.985440894961357117e-02
3.914749145507812500e+00
2.791081182658672333e-02
8.189316391944885254e-01
9.267333745956420898e-01
1.852968931198120117e-01
9.955982565879821777e-01
0.000000000000000000e+00
2.704417228698730469e+00
7.516589760780334473e-01
5.929570198059082031e-01
1.794793367385864258e+00
2.131277322769165039e+00
6.129012908786535263e-03
1.408808469772338867e+00
9.191876649856567383e-02
1.809554994106292725e-01
4.629195481538772583e-02
0.000000000000000000e+00
1.749609559774398804e-01
1.410271227359771729e-01
2.799210250377655029e-01
0.000000000000000000e+00
4.961798787117004395e-01
4.501931965351104736e-01
1.221265673637390137e+00
0.000000000000000000e+00
1.091935262084007263e-01
4.749846160411834717e-01
2.438809871673583984e-01
6.472212262451648712e-03
0.000000000000000000e+00
1.605549186933785677e-04
8.581167459487915039e-01
1.111376643180847168e+00
4.631747007369995117e-01
3.722551167011260986e-01
1.571441650390625000e+00
5.628157407045364380e-02
1.557635068893432617e+00
5.310595631599426270e-01
5.951756834983825684e-01
3.902413547039031982e-01
0.000000000000000000e+00
1.575953841209411621e+00
3.126075506210327148e+00
4.367448389530181885e-01
3.704257726669311523e+00
1.756167113780975342e-01
3.520151674747467041e-01
6.842756271362304688e-02
1.199089735746383667e-01
3.805714845657348633e-01
9.685277938842773438e-01
7.897801399230957031e-01
2.267284691333770752e-02
2.561175227165222168e-01
1.364216059446334839e-01
6.475145816802978516e-01
3.105391740798950195e+00
7.084534764289855957e-01
2.591326367110013962e-03
1.249253973364830017e-01
4.744042817037552595e-04
6.361148953437805176e-01
4.476839601993560791e-01
0.000000000000000000e+00
1.977303763851523399e-03
8.179739713668823242e-01
5.883170962333679199e-01
0.000000000000000000e+00
2.345719784498214722e-01
9.337206184864044189e-02
2.671060323715209961e+00
2.805396355688571930e-02
2.999717369675636292e-02
1.510311663150787354e-01
1.867122203111648560e-02
2.088615596294403076e-01
9.222880601882934570e-01
8.251242339611053467e-02
5.361242890357971191e-01
3.265680074691772461e+00
2.011671215295791626e-01
0.000000000000000000e+00
2.321309596300125122e-01
1.126533269882202148e+00
4.681440889835357666e-01
4.211626648902893066e-01
8.423568606376647949e-01
2.221077680587768555e+00
1.477756738662719727e+00
5.856429934501647949e-01
1.554068475961685181e-01
9.107676744461059570e-01
0.000000000000000000e+00
8.227832615375518799e-03
