1.530512273311614990e-01
0.000000000000000000e+00
5.879784375429153442e-02
2.452354907989501953e+00
3.863775730133056641e-01
1.165070235729217529e-01
5.268763303756713867e-01
3.242674112319946289e+00
7.257346630096435547e+00
1.408182978630065918e+00
1.806213557720184326e-01
1.882057309150695801e+00
4.244638383388519287e-01
1.282670736312866211e+00
2.580052852630615234e+00
1.193553566932678223e+00
9.876427650451660156e-01
2.191984891891479492e+00
1.021004199981689453e+00
4.693409502506256104e-01
2.178181886672973633e+00
0.000000000000000000e+00
4.605221152305603027e-01
2.570344448089599609e+00
4.378740116953849792e-02
0.000000000000000000e+00
1.913225799798965454e-01
2.437145709991455078e+00
6.774653196334838867e-01
7.871839217841625214e-03
1.342095136642456055e-01
1.522621721960604191e-03
8.223711848258972168e-01
7.629142999649047852e-01
1.602710127830505371e+00
3.318780422210693359e+00
1.405801624059677124e-01
1.347098592668771744e-02
5.065031647682189941e-01
1.181693196296691895e+00
3.319241106510162354e-01
1.702195554971694946e-01
1.708812713623046875e-01
4.690838813781738281e+00
5.698156952857971191e-01
9.224140048027038574e-01
2.307306528091430664e-01
1.237289905548095703e+00
6.126798689365386963e-02
1.452708363533020020e+00
3.577084779739379883e+00
0.000000000000000000e+00
1.504743933677673340e+00
4.050323367118835449e-01
5.839538574218750000e-01
2.337499111890792847e-01
1.948328614234924316e-01
1.780233681201934814e-01
2.111164808273315430e+00
3.263929625973105431e-03
1.969187892973423004e-02
7.079084217548370361e-02
2.706010453402996063e-02
6.520926952362060547e-01
2.536140441894531250e+00
7.092235684394836426e-01
4.669089242815971375e-02
3.019406199455261230e-01
1.213134527206420898e+00
4.691528677940368652e-01
0.000000000000000000e+00
1.250879615545272827e-01
1.109676733613014221e-01
5.614364147186279297e-01
3.192188441753387451e-01
1.456572890281677246e+00
6.015384569764137268e-03
1.064818978309631348e+00
3.612157702445983887e-01
1.402159571647644043e+00
6.169345695525407791e-03
8.313011527061462402e-01
2.815981864929199219e+00
0.000000000000000000e+00
2.043923139572143555e+00
3.247995376586914062e-01
6.578532457351684570e-01
6.253233551979064941e-02
6.486041545867919922e-01
7.625641766935586929e-03
1.169195920228958130e-01
0.000000000000000000e+00
3.011775901541113853e-03
0.000000000000000000e+00
5.651447772979736328e-01
1.033713072538375854e-01
7.706897854804992676e-01
3.763402998447418213e-01
4.556950926780700684e-01
2.658177400007843971e-03
1.755958236753940582e-02
1.760820448398590088e-01
1.942390948534011841e-02
1.976289868354797363e+00
1.694682836532592773e+00
1.804003491997718811e-02
1.000644564628601074e+00
5.989832282066345215e-01
9.050074964761734009e-02
3.629241883754730225e-01
1.737178325653076172e+00
2.225468307733535767e-02
4.826765060424804688e-01
4.147456288337707520e-01
6.056631207466125488e-01
1.198040023446083069e-01
5.907450318336486816e-01
9.409888833761215210e-02
1.105417370796203613e+00
2.378027439117431641e+00
1.410494089126586914e+00
8.265651464462280273e-01
1.580584212206304073e-03
1.913515925407409668e+00
4.832041263580322266e-01
7.407898902893066406e-01
0.000000000000000000e+00
4.687210023403167725e-01
2.063520193099975586e+00
1.687063425779342651e-01
4.317104443907737732e-02
1.413100123405456543e+00
4.241974949836730957e-01
6.829743087291717529e-02
7.441694140434265137e-01
2.537121437489986420e-02
2.161699347198009491e-02
4.728304862976074219e+00
0.000000000000000000e+00
1.101089492440223694e-01
6.349509954452514648e-01
1.563057154417037964e-01
1.871455430984497070e+00
8.307721465826034546e-02
1.177853904664516449e-02
5.121532827615737915e-02
1.094174623489379883e+00
8.450402021408081055e-01
1.104902029037475586e+00
2.673731446266174316e-01
6.999951362609863281e+00
3.069237470626831055e-01
8.279387652873992920e-02
5.277140140533447266e-01
1.999485850334167480e+00
2.071190834045410156e+00
3.985856473445892334e-01
3.278456628322601318e-01
2.603763103485107422e+00
5.063756704330444336e-01
1.237075552344322205e-01
1.226301670074462891e+00
5.368576049804687500e-01
1.242763362824916840e-02
3.306784331798553467e-01
4.467605054378509521e-01
3.399039804935455322e-02
0.000000000000000000e+00
1.450964331626892090e+00
3.510572433471679688e+00
2.993409335613250732e-01
3.917124867439270020e-01
1.864886283874511719e-01
1.413122057914733887e+00
7.297232151031494141e-01
7.343947887420654297e+00
0.000000000000000000e+00
9.934782236814498901e-02
2.964882552623748779e-01
1.766948401927947998e-02
0.000000000000000000e+00
4.212510585784912109e-02
6.964797973632812500e-01
3.806382417678833008e+00
1.622875481843948364e-01
4.686411935836076736e-03
3.194221258163452148e-01
4.127601981163024902e-01
0.000000000000000000e+00
0.000000000000000000e+00
0.000000000000000000e+00
1.862431061454117298e-03
7.844552397727966309e-01
3.476439416408538818e-01
1.507627129554748535e+00
5.238308310508728027e-01
8.509608507156372070e-01
1.170205548405647278e-01
4.041145145893096924e-01
4.680459797382354736e-01
8.774809241294860840e-01
1.807244122028350830e-01
5.324941873550415039e-01
9.900427460670471191e-01
5.123347640037536621e-01
2.122637629508972168e-01
1.166346430778503418e+00
4.046114161610603333e-02
1.199728623032569885e-01
1.099865078926086426e+00
1.492304652929306030e-01
3.662336766719818115e-01
6.021705865859985352e-01
1.230297803878784180e+00
5.890898704528808594e-01
7.909445166587829590e-01
1.264148950576782227e-01
2.211034148931503296e-01
1.723099946975708008e+00
9.138005971908569336e-01
0.000000000000000000e+00
7.762746810913085938e-01
6.766313910484313965e-01
4.080794751644134521e-01
9.765212982892990112e-02
0.000000000000000000e+00
3.544829785823822021e-02
2.688806653022766113e-01
7.596972584724426270e-02
1.535061746835708618e-01
3.733090311288833618e-02
3.377250730991363525e-01
1.940820097923278809e+00
2.627238988876342773e+00
9.425945281982421875e-01
8.065478801727294922e-01
2.420128583908081055e+00
3.462969660758972168e-01
6.940729171037673950e-02
1.341949701309204102e+00
3.189269453287124634e-02
6.516258697956800461e-03
2.609879523515701294e-02
3.972641229629516602e+00
7.409635782241821289e-01
8.903372287750244141e-01
1.228330492973327637e+00
0.000000000000000000e+00
1.389981865882873535e+00
9.650931358337402344e-01
1.428246125578880310e-02
4.687513411045074463e-01
0.000000000000000000e+00
1.779620528221130371e+00
1.233929038047790527e+00
3.645908832550048828e-02
1.486954987049102783e-01
0.000000000000000000e+00
4.524404928088188171e-02
1.387141942977905273e-01
1.904374122619628906e+00
1.222812309861183167e-01
3.000872582197189331e-02
2.849494852125644684e-02
0.000000000000000000e+00
5.696142558008432388e-03
2.153208494186401367e+00
4.866313934326171875e-02
4.969247803092002869e-02
0.000000000000000000e+00
1.293732643127441406e+00
0.000000000000000000e+00
4.295088350772857666e-01
2.492474615573883057e-01
5.901218205690383911e-02
7.562004327774047852e-01
6.296376138925552368e-02
9.195143580436706543e-01
1.279781699180603027e+00
5.158362910151481628e-02
1.849338412284851074e-01
5.578258633613586426e-01
2.062501907348632812e-01
3.561362326145172119e-01
7.747942805290222168e-01
9.704771637916564941e-01
9.017702937126159668e-01
3.672351688146591187e-02
6.353385448455810547e-01
2.399355173110961914e-02
1.735186219215393066e+00
1.238975882530212402e+00
3.741118311882019043e-02
2.373151928186416626e-01
3.948562219738960266e-02
4.378500580787658691e-01
5.884781479835510254e-01
2.223797589540481567e-01
1.444481015205383301e+00
5.939892768859863281e+00
1.542197465896606445e-01
4.524497687816619873e-02
6.165647506713867188e-01
8.101361803710460663e-03
0.000000000000000000e+00
2.296342253684997559e-01
0.000000000000000000e+00
0.000000000000000000e+00
0.000000000000000000e+00
2.637744247913360596e-01
5.728991627693176270e-01
0.000000000000000000e+00
1.932799443602561951e-02
1.525466322898864746e+00
2.045022994279861450e-01
5.433793067932128906e-01
0.000000000000000000e+00
2.689951360225677490e-01
1.000537037849426270e+00
1.401952803134918213e-01
1.921747922897338867e+00
0.000000000000000000e+00
1.942972093820571899e-01
4.021190479397773743e-02
0.000000000000000000e+00
3.063006103038787842e-01
4.685084521770477295e-02
0.000000000000000000e+00
1.024730920791625977e+00
6.576763987541198730e-01
0.000000000000000000e+00
0.000000000000000000e+00
1.330595970153808594e+00
3.737894445657730103e-02
1.665425673127174377e-02
1.940851807594299316e-01
1.214620709419250488e+00
2.117576599121093750e-01
8.441162109375000000e-01
1.657038927078247070e+00
1.658554822206497192e-01
7.067187875509262085e-02
4.100022017955780029e-01
1.771456003189086914e-02
6.559435725212097168e-01
1.313879132270812988e+00
1.299687325954437256e-01
2.293667942285537720e-02
7.549418807029724121e-01
4.963976740837097168e-01
1.337036769837141037e-02
8.701642751693725586e-01
2.830504477024078369e-01
2.984872786328196526e-03
1.205847784876823425e-01
6.764310002326965332e-01
1.516214758157730103e-02
1.426111608743667603e-01
5.450482014566659927e-03
6.630049347877502441e-01
3.302353024482727051e-01
5.787943024188280106e-03
8.860550522804260254e-01
7.725754976272583008e-01
2.242636203765869141e+00
1.227351784706115723e+00
4.777897298336029053e-01
2.044911623001098633e+00
2.385289907455444336e+00
0.000000000000000000e+00
5.393897891044616699e-01
1.495477557182312012e+00
1.431637525558471680e+00
4.183542728424072266e-02
1.698945641517639160e+00
8.240421302616596222e-03
4.344636108726263046e-03
8.945506997406482697e-03
6.151853129267692566e-03
9.410665035247802734e-01
7.364580780267715454e-02
4.476171493530273438e+00
1.574932456016540527e+00
7.301050424575805664e-01
0.000000000000000000e+00
2.684044539928436279e-01
1.908410340547561646e-02
0.000000000000000000e+00
1.429079752415418625e-02
5.847416352480649948e-03
2.673066556453704834e-01
2.794072590768337250e-02
0.000000000000000000e+00
1.100376248359680176e-01
4.223208725452423096e-01
6.888416409492492676e-01
1.157723784446716309e+00
8.702015131711959839e-02
4.734513163566589355e-02
1.333518743515014648e+00
2.048516869544982910e-01
4.973427951335906982e-01
0.000000000000000000e+00
3.729155063629150391e-01
1.524453878402709961e+00
1.009638190269470215e+00
1.622936010360717773e+00
4.208512902259826660e-01
1.454715490341186523e+00
8.892874121665954590e-01
9.595150500535964966e-02
3.902056813240051270e-02
4.895444810390472412e-01
2.091168165206909180e+00
1.226051747798919678e-01
8.063225075602531433e-03
4.373752117156982422e+00
1.729263961315155029e-01
5.471093058586120605e-01
8.685426115989685059e-01
1.661610305309295654e-01
7.392461299896240234e-01
0.000000000000000000e+00
2.387218952178955078e+00
6.858485341072082520e-01
1.149975180625915527e+00
7.868376374244689941e-01
2.791871547698974609e+00
0.000000000000000000e+00
1.239095687866210938e+00
6.664350163191556931e-03
1.929663680493831635e-02
2.368555404245853424e-02
9.282634407281875610e-02
1.234924420714378357e-01
3.494008630514144897e-02
3.146699965000152588e-01
7.542755920439958572e-03
5.182152390480041504e-01
4.432860314846038818e-01
1.444137096405029297e+00
0.000000000000000000e+00
3.867476284503936768e-01
3.974970877170562744e-01
6.674395799636840820e-01
0.000000000000000000e+00
2.120886556804180145e-02
0.000000000000000000e+00
5.199866294860839844e-01
1.428117036819458008e+00
2.004536539316177368e-01
2.295492142438888550e-01
1.703636646270751953e+00
1.934949075803160667e-03
1.221699476242065430e+00
5.197522640228271484e-01
4.121575653553009033e-01
1.651489883661270142e-01
0.000000000000000000e+00
1.473732113838195801e+00
2.415215969085693359e+00
1.347022503614425659e-01
4.045336246490478516e+00
1.557461023330688477e-01
6.865314245223999023e-01
1.958491951227188110e-01
1.961012184619903564e-02
2.943918704986572266e-01
1.262298822402954102e+00
1.047782897949218750e+00
2.131648594513535500e-03
3.382350802421569824e-01
3.646510839462280273e-01
7.911057472229003906e-01
3.415357828140258789e+00
3.939825594425201416e-01
3.139806911349296570e-03
5.227092653512954712e-02
3.418145477771759033e-01
8.404200077056884766e-01
2.116348035633563995e-02
3.822841122746467590e-02
6.024235859513282776e-02
7.845837473869323730e-01
9.006671309471130371e-01
5.022173747420310974e-03
1.153520047664642334e-01
1.002705935388803482e-02
2.028783798217773438e+00
7.857308536767959595e-02
1.409507989883422852e-01
1.123972311615943909e-01
4.927666857838630676e-03
4.589462187141180038e-03
9.771261215209960938e-01
1.045332029461860657e-01
3.684018254280090332e-01
3.775774240493774414e+00
1.416231244802474976e-01
0.000000000000000000e+00
1.022865101695060730e-01
1.123900413513183594e+00
9.577171802520751953e-01
6.554661989212036133e-01
8.083877563476562500e-01
3.004570960998535156e+00
2.185785055160522461e+00
4.227610826492309570e-01
3.522833287715911865e-01
8.032007813453674316e-01
0.000000000000000000e+00
5.571494624018669128e-02
