2.484540492296218872e-01
0.000000000000000000e+00
4.085474014282226562e-01
1.954013109207153320e+00
9.373052120208740234e-01
6.180753707885742188e-01
1.111400485038757324e+00
2.798899412155151367e+00
6.950636863708496094e+00
1.421586751937866211e+00
4.634295403957366943e-02
2.218668460845947266e+00
3.986032009124755859e-01
1.109516382217407227e+00
2.415424823760986328e+00
1.437410593032836914e+00
8.574681878089904785e-01
1.954826831817626953e+00
1.036542296409606934e+00
4.042732417583465576e-01
2.424574613571166992e+00
0.000000000000000000e+00
1.315755248069763184e-01
2.601359367370605469e+00
2.512662410736083984e-01
0.000000000000000000e+00
5.149360373616218567e-02
2.666931152343750000e+00
7.407343387603759766e-01
0.000000000000000000e+00
8.101639896631240845e-02
0.000000000000000000e+00
1.005528092384338379e+00
9.252663254737854004e-01
8.531591892242431641e-01
3.054419994354248047e+00
1.229271367192268372e-01
3.115535080432891846e-01
9.480876922607421875e-01
5.359092950820922852e-01
5.747981071472167969e-01
8.313374221324920654e-02
1.910694837570190430e-01
5.028026580810546875e+00
5.632153749465942383e-01
8.379051089286804199e-01
0.000000000000000000e+00
9.525846838951110840e-01
1.311636865139007568e-01
1.493244409561157227e+00
3.310303211212158203e+00
0.000000000000000000e+00
1.703586816787719727e+00
7.220646739006042480e-01
1.049398422241210938e+00
6.430498510599136353e-02
3.990628719329833984e-01
3.383723497390747070e-01
1.563879609107971191e+00
4.327281191945075989e-02
6.966990767978131771e-04
1.355541944503784180e-01
1.492898259311914444e-02
1.062287569046020508e+00
1.816132545471191406e+00
4.300627708435058594e-01
1.106593534350395203e-01
4.056822955608367920e-01
1.156135916709899902e+00
1.494883298873901367e-01
0.000000000000000000e+00
3.660791218280792236e-01
2.157686837017536163e-02
9.039653539657592773e-01
5.413094162940979004e-01
1.427160143852233887e+00
1.038205157965421677e-02
1.093920350074768066e+00
7.502277493476867676e-01
1.236277699470520020e+00
0.000000000000000000e+00
6.873582005500793457e-01
1.795224547386169434e+00
1.842952966690063477e-01
2.691352128982543945e+00
2.113728970289230347e-01
5.489293336868286133e-01
1.448826864361763000e-02
7.101295590400695801e-01
1.451741438359022141e-02
3.082205057144165039e-01
6.259115040302276611e-02
0.000000000000000000e+00
0.000000000000000000e+00
6.793005466461181641e-01
1.660170406103134155e-01
8.841756582260131836e-01
3.381060361862182617e-01
2.112868875265121460e-01
0.000000000000000000e+00
0.000000000000000000e+00
2.136919200420379639e-01
1.166519224643707275e-01
1.129558682441711426e+00
1.593634128570556641e+00
5.893189460039138794e-02
7.629130482673645020e-01
3.683194518089294434e-01
2.706577181816101074e-01
4.509220421314239502e-01
1.390439629554748535e+00
2.362895458936691284e-01
4.867744445800781250e-01
4.984521567821502686e-01
9.069781899452209473e-01
4.072341918945312500e-01
5.897652506828308105e-01
3.968978673219680786e-02
5.743831396102905273e-01
2.681347131729125977e+00
1.871092319488525391e+00
5.360813736915588379e-01
1.607923582196235657e-02
1.788798451423645020e+00
6.799576878547668457e-01
3.988277912139892578e-01
0.000000000000000000e+00
8.039411902427673340e-01
2.144593477249145508e+00
2.188960462808609009e-01
0.000000000000000000e+00
1.193251967430114746e+00
6.772430539131164551e-01
1.996203958988189697e-01
3.848945796489715576e-01
1.619031652808189392e-02
4.234510287642478943e-02
4.480575561523437500e+00
0.000000000000000000e+00
1.347527503967285156e-01
4.799265861511230469e-01
3.796268999576568604e-01
1.768926143646240234e+00
0.000000000000000000e+00
2.746590785682201385e-02
2.483248710632324219e-01
8.850185275077819824e-01
6.995779275894165039e-01
6.121457815170288086e-01
1.285070627927780151e-01
6.522688865661621094e+00
2.976858019828796387e-01
4.548817127943038940e-02
7.917920351028442383e-01
2.395411491394042969e+00
1.721706151962280273e+00
1.391699761152267456e-01
2.079391032457351685e-01
2.262439966201782227e+00
1.368269026279449463e-01
2.586556673049926758e-01
1.014728188514709473e+00
7.143580913543701172e-01
1.514672022312879562e-02
2.758409976959228516e-01
3.567300140857696533e-01
2.293235622346401215e-02
0.000000000000000000e+00
8.283554911613464355e-01
3.107603788375854492e+00
5.931729674339294434e-01
9.639834761619567871e-01
6.542270779609680176e-01
1.073420286178588867e+00
5.988408923149108887e-01
6.589967727661132812e+00
0.000000000000000000e+00
8.894198387861251831e-02
3.942261934280395508e-01
5.650908350944519043e-01
0.000000000000000000e+00
6.585704795725177974e-06
5.007756352424621582e-01
3.725368499755859375e+00
6.848683208227157593e-02
7.444294635206460953e-03
4.437969326972961426e-01
8.997500538825988770e-01
0.000000000000000000e+00
3.515668809413909912e-01
0.000000000000000000e+00
7.831457257270812988e-02
6.215795874595642090e-01
1.298243850469589233e-01
1.236167311668395996e+00
7.579717636108398438e-01
6.225378513336181641e-01
5.054840445518493652e-01
6.464205980300903320e-01
7.061976194381713867e-01
6.579936742782592773e-01
9.735327214002609253e-02
8.807262182235717773e-01
1.248104691505432129e+00
1.783632934093475342e-01
2.050256915390491486e-02
1.348261594772338867e+00
1.031677275896072388e-01
1.854263395071029663e-01
8.023532032966613770e-01
1.659682542085647583e-01
2.266274094581604004e-01
4.398103654384613037e-01
6.062710881233215332e-01
7.847933173179626465e-01
1.277066588401794434e+00
4.801211878657341003e-03
1.327557563781738281e-01
2.262987136840820312e+00
9.162630438804626465e-01
0.000000000000000000e+00
4.664319753646850586e-01
3.057994842529296875e-01
2.630676925182342529e-01
1.291694585233926773e-02
4.539588000625371933e-03
1.805149018764495850e-01
2.955934405326843262e-01
9.788732975721359253e-02
1.218933761119842529e-01
2.701814174652099609e-01
2.915884256362915039e-01
1.783754706382751465e+00
1.834213972091674805e+00
6.416799426078796387e-01
3.270510435104370117e-01
2.396648645401000977e+00
5.697295665740966797e-01
7.729727309197187424e-03
1.593951702117919922e+00
2.254720628261566162e-01
4.858376458287239075e-02
7.092123478651046753e-02
4.003752708435058594e+00
9.170936942100524902e-01
7.806749939918518066e-01
1.487371802330017090e+00
1.964357495307922363e-01
1.597319006919860840e+00
6.786567568778991699e-01
5.414626211859285831e-04
1.058201313018798828e+00
1.799595654010772705e-01
1.534165143966674805e+00
1.361495733261108398e+00
2.494887448847293854e-02
3.415858447551727295e-01
0.000000000000000000e+00
7.016982883214950562e-02
2.215364724397659302e-01
1.268074870109558105e+00
1.448621600866317749e-01
1.192216426134109497e-01
8.173389732837677002e-02
0.000000000000000000e+00
4.103507846593856812e-02
1.958205223083496094e+00
8.991476893424987793e-02
7.970479875802993774e-02
2.933667041361331940e-03
1.268206954002380371e+00
0.000000000000000000e+00
3.231907188892364502e-01
3.341879546642303467e-01
5.863276124000549316e-02
5.253813266754150391e-01
7.196719199419021606e-02
5.825030803680419922e-01
8.485413193702697754e-01
2.727222740650177002e-01
2.528708875179290771e-01
4.819648861885070801e-01
5.248957127332687378e-02
2.592773139476776123e-01
5.997554063796997070e-01
1.320171356201171875e+00
1.075944423675537109e+00
1.610490381717681885e-01
6.042820811271667480e-01
1.018062308430671692e-01
2.234615325927734375e+00
1.072278738021850586e+00
4.471259936690330505e-02
8.097210526466369629e-02
3.614092618227005005e-02
3.954693078994750977e-01
7.985429167747497559e-01
2.877185642719268799e-01
1.313019394874572754e+00
4.906103610992431641e+00
5.170290470123291016e-01
6.123547442257404327e-03
6.166362762451171875e-01
5.011525005102157593e-02
2.434478886425495148e-02
3.071090579032897949e-01
0.000000000000000000e+00
0.000000000000000000e+00
1.891653053462505341e-02
5.009533762931823730e-01
7.915481328964233398e-01
2.081805840134620667e-03
9.384486824274063110e-02
1.587195277214050293e+00
2.889533899724483490e-02
9.756175279617309570e-01
0.000000000000000000e+00
4.197832643985748291e-01
3.623419702053070068e-01
0.000000000000000000e+00
2.716351270675659180e+00
0.000000000000000000e+00
2.591233551502227783e-01
5.582463461905717850e-03
7.431865483522415161e-02
6.702496409416198730e-01
5.041465908288955688e-02
0.000000000000000000e+00
8.384104967117309570e-01
4.357173740863800049e-01
1.552405650727450848e-03
0.000000000000000000e+00
1.094360232353210449e+00
5.156884714961051941e-02
1.579427421092987061e-01
2.873850464820861816e-01
1.302952527999877930e+00
3.992795944213867188e-01
2.624757587909698486e-01
1.517192244529724121e+00
2.497762888669967651e-01
8.322651684284210205e-02
7.355207204818725586e-01
1.068318039178848267e-01
7.490909099578857422e-01
6.035298109054565430e-01
5.690808296203613281e-01
2.644336223602294922e-02
3.602688014507293701e-01
4.684607684612274170e-01
4.515348002314567566e-02
1.298207879066467285e+00
3.279582262039184570e-01
1.745090819895267487e-02
9.716488420963287354e-02
9.584522247314453125e-01
1.339131034910678864e-02
3.405866324901580811e-01
1.317895352840423584e-01
8.039086461067199707e-01
1.529513299465179443e-01
1.904697157442569733e-02
6.286748051643371582e-01
6.280499696731567383e-01
2.367774963378906250e+00
1.090920805931091309e+00
5.818867087364196777e-01
1.663808345794677734e+00
2.165809631347656250e+00
0.000000000000000000e+00
3.888221085071563721e-01
1.943176507949829102e+00
1.328022480010986328e+00
5.544112995266914368e-02
1.110942006111145020e+00
7.128537446260452271e-02
2.476833015680313110e-01
5.023769289255142212e-02
1.633221982046961784e-03
8.489377498626708984e-01
2.369009107351303101e-01
4.068060874938964844e+00
1.272145628929138184e+00
6.642416715621948242e-01
0.000000000000000000e+00
6.204650998115539551e-01
7.943758368492126465e-02
0.000000000000000000e+00
0.000000000000000000e+00
0.000000000000000000e+00
2.066225856542587280e-01
2.101652175188064575e-01
1.527951937168836594e-02
5.920122265815734863e-01
1.517543941736221313e-01
1.719542741775512695e-01
2.356676578521728516e+00
1.517871618270874023e-01
1.076866611838340759e-01
5.720128417015075684e-01
2.712639272212982178e-01
1.149889588356018066e+00
4.398656543344259262e-03
1.661193519830703735e-01
1.738425254821777344e+00
8.124099969863891602e-01
1.049181818962097168e+00
3.004204332828521729e-01
7.424513697624206543e-01
7.567048072814941406e-01
3.103173375129699707e-01
8.461408317089080811e-03
2.683168351650238037e-01
2.280421972274780273e+00
1.202154625207185745e-02
8.092147111892700195e-02
3.267570018768310547e+00
1.699122637510299683e-01
7.259109020233154297e-01
6.538808345794677734e-01
1.477711349725723267e-01
1.034809827804565430e+00
1.038019452244043350e-02
2.463112115859985352e+00
5.131809115409851074e-01
7.304639220237731934e-01
1.050829529762268066e+00
2.721840381622314453e+00
0.000000000000000000e+00
2.073882579803466797e+00
8.184072561562061310e-03
2.025983482599258423e-02
4.475157335400581360e-02
0.000000000000000000e+00
2.903245687484741211e-01
3.520903885364532471e-01
1.227221190929412842e-01
3.162261843681335449e-02
8.352059125900268555e-01
6.124159693717956543e-01
1.279797315597534180e+00
1.789842150174081326e-03
2.583073973655700684e-01
5.139886140823364258e-01
7.220064997673034668e-01
1.592849753797054291e-02
1.660116389393806458e-02
0.000000000000000000e+00
6.844384074211120605e-01
1.221773862838745117e+00
6.109811067581176758e-01
5.321214795112609863e-01
1.901688218116760254e+00
5.109109729528427124e-02
1.516491293907165527e+00
7.504606842994689941e-01
6.128999590873718262e-01
4.372070431709289551e-01
0.000000000000000000e+00
1.914243340492248535e+00
1.868799328804016113e+00
2.554050385951995850e-01
3.560822725296020508e+00
8.741989731788635254e-02
5.812590122222900391e-01
5.953832268714904785e-01
2.189089208841323853e-01
6.972105056047439575e-02
8.394333720207214355e-01
8.599375486373901367e-01
0.000000000000000000e+00
2.866231203079223633e-01
1.472178995609283447e-01
8.463577032089233398e-01
3.417955875396728516e+00
9.354242682456970215e-01
4.288517683744430542e-02
5.999797582626342773e-02
1.649312376976013184e-01
7.574405670166015625e-01
1.367503106594085693e-01
1.102409511804580688e-01
3.050278173759579659e-03
8.820430040359497070e-01
8.465383648872375488e-01
1.254845643416047096e-03
1.949601173400878906e-01
9.418580681085586548e-02
1.877649068832397461e+00
1.029085814952850342e-01
1.648062095046043396e-02
1.265925318002700806e-01
6.246012821793556213e-02
3.044148683547973633e-01
7.233744263648986816e-01
3.190366327762603760e-01
1.746280044317245483e-01
3.271220445632934570e+00
3.140588700771331787e-01
0.000000000000000000e+00
3.794352114200592041e-01
2.479795217514038086e+00
7.333403229713439941e-01
6.903899908065795898e-01
1.625325679779052734e+00
2.503735065460205078e+00
1.912143468856811523e+00
3.528817594051361084e-01
1.946268975734710693e-01
1.359104156494140625e+00
0.000000000000000000e+00
1.395109742879867554e-01
