1.577913910150527954e-01
0.000000000000000000e+00
1.704518646001815796e-01
2.743540287017822266e+00
6.422091126441955566e-01
3.644512593746185303e-01
9.182474613189697266e-01
3.073082447052001953e+00
6.783453464508056641e+00
6.990767121315002441e-01
2.042756378650665283e-01
1.422172307968139648e+00
3.404543697834014893e-01
1.443926930427551270e+00
2.145885467529296875e+00
1.292363047599792480e+00
7.252343297004699707e-01
2.252126693725585938e+00
6.785318851470947266e-01
2.363598197698593140e-01
2.574143171310424805e+00
0.000000000000000000e+00
3.236869275569915771e-01
1.950183749198913574e+00
1.249127928167581558e-02
2.451300621032714844e-02
1.362542435526847839e-02
2.406800031661987305e+00
3.500938415527343750e-01
4.579421505331993103e-02
6.859032064676284790e-02
1.379318721592426300e-02
7.555705308914184570e-01
7.709169983863830566e-01
9.168148040771484375e-01
3.064521789550781250e+00
5.043647885322570801e-01
9.174980223178863525e-02
7.241262197494506836e-01
1.125258564949035645e+00
1.921329647302627563e-01
1.049448400735855103e-01
6.263328194618225098e-01
4.643915176391601562e+00
8.278859853744506836e-01
8.399885296821594238e-01
2.542880177497863770e-01
9.724615812301635742e-01
5.683998018503189087e-02
9.348940253257751465e-01
3.136586666107177734e+00
0.000000000000000000e+00
1.910213470458984375e+00
1.263310909271240234e-01
1.002341270446777344e+00
1.182166952639818192e-02
1.911081969738006592e-01
2.446777373552322388e-01
2.221995830535888672e+00
2.433225698769092560e-02
3.352088108658790588e-02
4.041321203112602234e-02
0.000000000000000000e+00
9.368790388107299805e-01
1.395661354064941406e+00
6.076281070709228516e-01
3.867132961750030518e-02
6.240517497062683105e-01
8.591610193252563477e-01
4.066981673240661621e-01
0.000000000000000000e+00
1.310674846172332764e-01
6.754839420318603516e-02
1.517543792724609375e+00
7.239339947700500488e-01
1.089276194572448730e+00
5.815964657813310623e-03
7.923935055732727051e-01
2.680337727069854736e-01
1.534823298454284668e+00
1.305619534105062485e-02
7.381585240364074707e-01
3.126730680465698242e+00
2.612547017633914948e-02
1.799706101417541504e+00
1.112406551837921143e-01
8.839678168296813965e-01
3.071226878091692924e-03
4.481104612350463867e-01
2.669557742774486542e-02
1.675374060869216919e-01
1.002086419612169266e-02
2.028407528996467590e-02
0.000000000000000000e+00
8.378390073776245117e-01
3.852232396602630615e-01
5.868467688560485840e-01
5.562140941619873047e-01
1.297986358404159546e-01
2.421922050416469574e-02
6.450410466641187668e-03
2.499837875366210938e-01
6.690733879804611206e-02
1.316137790679931641e+00
1.830813050270080566e+00
1.400005817413330078e-01
7.207585573196411133e-01
5.919196009635925293e-01
4.371821582317352295e-01
5.316867828369140625e-01
1.275241374969482422e+00
5.177129060029983521e-03
4.489872753620147705e-01
3.490321040153503418e-01
1.036886692047119141e+00
2.805018723011016846e-01
2.650215029716491699e-01
2.704553306102752686e-01
6.224393248558044434e-01
2.384269237518310547e+00
1.163230299949645996e+00
1.858425140380859375e-01
3.120968304574489594e-02
1.273058414459228516e+00
8.746483922004699707e-01
5.693907737731933594e-01
0.000000000000000000e+00
1.238420248031616211e+00
1.371561169624328613e+00
1.854869350790977478e-02
9.898348944261670113e-04
6.536754369735717773e-01
3.226069808006286621e-01
8.677909150719642639e-03
6.929360032081604004e-01
0.000000000000000000e+00
2.126647718250751495e-02
5.233287334442138672e+00
0.000000000000000000e+00
3.266964554786682129e-01
2.757100202143192291e-02
1.952514946460723877e-01
1.777094602584838867e+00
0.000000000000000000e+00
3.150550276041030884e-02
4.482683837413787842e-01
9.931603074073791504e-01
3.517805635929107666e-01
1.384837865829467773e+00
2.171484082937240601e-01
5.902941703796386719e+00
8.607613444328308105e-01
1.615082621574401855e-01
7.736952304840087891e-01
1.569764256477355957e+00
1.239000082015991211e+00
1.693730205297470093e-01
1.214668452739715576e-01
1.602518796920776367e+00
4.483155440539121628e-03
1.508511789143085480e-02
8.472226262092590332e-01
1.030963063240051270e+00
2.305068448185920715e-02
3.650526106357574463e-01
3.340317308902740479e-01
4.513847082853317261e-02
0.000000000000000000e+00
1.080462336540222168e+00
3.429637908935546875e+00
2.976162433624267578e-01
1.202041625976562500e+00
1.306618899106979370e-01
7.696418762207031250e-01
4.461042881011962891e-01
6.039257526397705078e+00
0.000000000000000000e+00
7.764046639204025269e-02
1.743874251842498779e-01
5.485857650637626648e-02
0.000000000000000000e+00
1.158504560589790344e-02
3.891211748123168945e-01
3.104864597320556641e+00
8.616099506616592407e-02
1.535694673657417297e-02
2.706071734428405762e-01
6.294313669204711914e-01
0.000000000000000000e+00
1.962549239397048950e-02
1.703021989669650793e-04
7.028605788946151733e-02
1.386356115341186523e+00
4.698618650436401367e-01
1.578441619873046875e+00
6.570931077003479004e-01
1.372544884681701660e+00
1.346205323934555054e-01
5.840910077095031738e-01
2.049127072095870972e-01
1.449432969093322754e+00
2.393085509538650513e-01
5.247917175292968750e-01
1.205122590065002441e+00
1.233035251498222351e-01
0.000000000000000000e+00
1.920143127441406250e+00
6.127795670181512833e-03
2.091267518699169159e-02
7.445262670516967773e-01
1.255205720663070679e-01
4.480327665805816650e-01
5.370270609855651855e-01
6.867205500602722168e-01
9.521244168281555176e-01
5.277199745178222656e-01
6.408146768808364868e-02
1.018262729048728943e-01
1.925789356231689453e+00
9.922338128089904785e-01
8.156750351190567017e-02
8.089052438735961914e-01
1.453738808631896973e-01
1.963515579700469971e-01
1.515930593013763428e-01
0.000000000000000000e+00
1.809635907411575317e-01
6.184153556823730469e-01
2.579309046268463135e-02
4.513055086135864258e-01
1.867611557245254517e-01
6.308575868606567383e-01
1.543052196502685547e+00
1.581167101860046387e+00
3.050895333290100098e-01
6.771303415298461914e-01
2.908385038375854492e+00
2.646912932395935059e-01
1.473008841276168823e-02
1.365192651748657227e+00
5.165171623229980469e-02
2.240580469369888306e-01
4.075195789337158203e-01
4.345457553863525391e+00
1.296520233154296875e+00
3.905266523361206055e-01
9.822906255722045898e-01
2.767139673233032227e-02
1.843830347061157227e+00
8.501857519149780273e-01
7.148443255573511124e-04
1.413282871246337891e+00
6.186817958950996399e-02
1.088030695915222168e+00
9.358824491500854492e-01
2.225674688816070557e-01
7.475525885820388794e-02
0.000000000000000000e+00
1.091860234737396240e-01
1.518398970365524292e-01
8.708333969116210938e-01
3.577213883399963379e-01
7.030431181192398071e-02
3.829991817474365234e-02
5.777796613983809948e-04
1.931336300913244486e-04
1.688488721847534180e+00
2.263980954885482788e-01
1.174148917198181152e-01
4.433740861713886261e-03
1.246639013290405273e+00
0.000000000000000000e+00
5.372673869132995605e-01
2.135100364685058594e-01
2.665695548057556152e-02
4.859899580478668213e-01
5.007291212677955627e-02
1.151201009750366211e+00
1.267121911048889160e+00
1.176359355449676514e-01
8.726444095373153687e-02
4.732834100723266602e-01
7.899548858404159546e-02
1.379405260086059570e-01
1.006469726562500000e+00
4.021928608417510986e-01
7.970442175865173340e-01
1.475328765809535980e-02
2.389107495546340942e-01
2.608508104458451271e-03
1.716355562210083008e+00
8.256282806396484375e-01
9.112836420536041260e-02
4.877689853310585022e-02
1.088630482554435730e-01
1.970201134681701660e-01
4.043857753276824951e-01
2.195420712232589722e-01
1.053864240646362305e+00
4.962904453277587891e+00
9.643296599388122559e-01
5.595722422003746033e-02
5.443205833435058594e-01
6.735171657055616379e-03
2.572985365986824036e-03
1.106104999780654907e-01
9.576846845448017120e-03
0.000000000000000000e+00
2.419431926682591438e-03
3.517244160175323486e-01
7.904626131057739258e-01
6.205349788069725037e-02
6.285811960697174072e-02
9.108728766441345215e-01
1.045115198940038681e-02
4.908539950847625732e-01
2.209958911407738924e-04
5.805673003196716309e-01
5.515912175178527832e-01
9.424785524606704712e-02
1.892902851104736328e+00
0.000000000000000000e+00
1.556188166141510010e-01
9.453465044498443604e-02
2.016915567219257355e-02
6.579287052154541016e-01
1.540023740381002426e-02
0.000000000000000000e+00
5.582021474838256836e-01
5.793641209602355957e-01
0.000000000000000000e+00
0.000000000000000000e+00
6.314034461975097656e-01
3.029430098831653595e-02
0.000000000000000000e+00
1.534742861986160278e-01
1.535239219665527344e+00
9.260470271110534668e-01
7.235298156738281250e-01
1.098266482353210449e+00
1.640552580356597900e-01
1.717213424853980541e-03
9.202474355697631836e-02
1.606540679931640625e-01
5.671410560607910156e-01
5.687357187271118164e-01
1.208479702472686768e-01
2.687837556004524231e-02
3.327166140079498291e-01
6.402463316917419434e-01
1.158812567591667175e-01
1.012360811233520508e+00
2.485057562589645386e-01
4.772912245243787766e-03
1.396592557430267334e-01
7.507152557373046875e-01
0.000000000000000000e+00
3.252187073230743408e-01
4.559747502207756042e-02
6.136379241943359375e-01
2.645443379878997803e-01
1.935356482863426208e-02
5.194872617721557617e-01
3.772957324981689453e-01
2.010622501373291016e+00
1.241359114646911621e+00
7.066518068313598633e-01
1.597082257270812988e+00
1.577113986015319824e+00
0.000000000000000000e+00
1.905106455087661743e-01
8.017759323120117188e-01
9.730801582336425781e-01
1.064235195517539978e-01
7.712106108665466309e-01
1.711337454617023468e-02
4.316617920994758606e-02
9.247907996177673340e-02
1.556046772748231888e-02
9.587181210517883301e-01
4.545501172542572021e-01
4.809608459472656250e+00
1.000683784484863281e+00
1.825972348451614380e-01
0.000000000000000000e+00
5.337839722633361816e-01
5.803899094462394714e-02
0.000000000000000000e+00
1.759549602866172791e-03
3.737194230780005455e-03
2.418016493320465088e-01
1.198741141706705093e-02
1.845039054751396179e-02
1.458621174097061157e-01
8.324051499366760254e-01
3.994399905204772949e-01
2.089455366134643555e+00
1.524786204099655151e-01
2.373492345213890076e-02
5.434616804122924805e-01
1.762678921222686768e-01
9.528423547744750977e-01
0.000000000000000000e+00
5.786730721592903137e-02
1.220520853996276855e+00
6.848254799842834473e-01
1.570947527885437012e+00
1.891759783029556274e-01
9.304749965667724609e-01
5.439966320991516113e-01
5.000912547111511230e-01
0.000000000000000000e+00
5.543066263198852539e-01
1.537105321884155273e+00
6.120820716023445129e-02
5.024884594604372978e-04
3.217654943466186523e+00
2.446132749319076538e-01
4.410614669322967529e-01
6.786317229270935059e-01
2.207727581262588501e-01
7.828134894371032715e-01
2.732037566602230072e-03
2.607080459594726562e+00
2.724473774433135986e-01
6.577863097190856934e-01
1.200068831443786621e+00
1.867457270622253418e+00
6.459666788578033447e-02
1.687649130821228027e+00
3.132300078868865967e-02
2.993227541446685791e-02
1.525880843400955200e-01
0.000000000000000000e+00
3.325077593326568604e-01
2.238490432500839233e-01
3.279744684696197510e-01
0.000000000000000000e+00
2.717143893241882324e-01
4.623149931430816650e-01
1.602829098701477051e+00
0.000000000000000000e+00
4.176207184791564941e-01
3.307342529296875000e-01
8.234741687774658203e-01
0.000000000000000000e+00
0.000000000000000000e+00
1.104626506567001343e-01
5.099307894706726074e-01
3.397033810615539551e-01
1.206115245819091797e+00
3.769531250000000000e-01
1.813422918319702148e+00
3.939387854188680649e-03
1.802917480468750000e+00
5.379571914672851562e-01
1.166030094027519226e-01
1.563619822263717651e-01
4.685095045715570450e-03
1.311406612396240234e+00
2.123334884643554688e+00
1.480355262756347656e-01
3.925433397293090820e+00
3.481830656528472900e-01
5.231451392173767090e-01
4.685550555586814880e-02
1.851679533720016479e-01
6.044548377394676208e-02
1.269772529602050781e+00
1.713324546813964844e+00
1.234694663435220718e-02
2.195053398609161377e-01
4.279713332653045654e-01
4.583460688591003418e-01
2.780505657196044922e+00
4.948922693729400635e-01
1.227559149265289307e-01
8.436982631683349609e-01
1.921728402376174927e-01
1.020213723182678223e+00
1.016215831041336060e-01
5.696780513972043991e-03
1.102616488933563232e-01
5.841972827911376953e-01
7.936920523643493652e-01
1.290284376591444016e-02
1.868885606527328491e-01
5.236298963427543640e-02
1.863630890846252441e+00
4.911425709724426270e-02
5.064792931079864502e-02
2.999473549425601959e-02
0.000000000000000000e+00
2.432923018932342529e-01
6.912623047828674316e-01
0.000000000000000000e+00
9.134709089994430542e-02
2.752436161041259766e+00
3.786240220069885254e-01
4.135866765864193439e-04
4.020403027534484863e-01
1.772878766059875488e+00
4.873502254486083984e-01
1.026650667190551758e+00
1.446316957473754883e+00
1.878235459327697754e+00
2.329203128814697266e+00
5.115212798118591309e-01
7.010302040725946426e-03
9.695901274681091309e-01
0.000000000000000000e+00
1.347374636679887772e-02
