5.060085058212280273e-01
0.000000000000000000e+00
3.769407048821449280e-02
2.038598060607910156e+00
8.787452578544616699e-01
2.396230101585388184e-01
3.192574679851531982e-01
1.980821490287780762e+00
6.705701828002929688e+00
1.271449446678161621e+00
1.118758544325828552e-01
1.137193202972412109e+00
2.916981279850006104e-01
1.643900513648986816e+00
2.430490493774414062e+00
6.596292853355407715e-01
6.911876797676086426e-01
2.815186738967895508e+00
5.953590869903564453e-01
5.319766998291015625e-01
1.957072973251342773e+00
9.239880368113517761e-03
3.550461232662200928e-01
2.064095258712768555e+00
9.150159358978271484e-02
6.189209967851638794e-02
1.626802086830139160e-01
2.718280553817749023e+00
5.172452926635742188e-01
3.503881767392158508e-02
5.034706369042396545e-02
6.495615094900131226e-02
1.200772047042846680e+00
9.519036412239074707e-01
8.661199212074279785e-01
2.507363796234130859e+00
2.831809222698211670e-01
7.385832071304321289e-02
4.801408350467681885e-01
2.528329789638519287e-01
2.790974080562591553e-01
1.900411546230316162e-01
4.733450412750244141e-01
5.025468349456787109e+00
7.424985766410827637e-01
7.611580491065979004e-01
2.136377990245819092e-01
8.449499011039733887e-01
2.029092758893966675e-01
1.884442806243896484e+00
3.096081733703613281e+00
0.000000000000000000e+00
2.008635759353637695e+00
1.689742952585220337e-01
6.849780678749084473e-01
6.409086287021636963e-02
4.895119369029998779e-01
1.040689870715141296e-01
1.523374557495117188e+00
3.629251420497894287e-01
1.194343268871307373e-01
9.152501076459884644e-02
4.077200964093208313e-02
8.174242377281188965e-01
2.033299922943115234e+00
6.082003116607666016e-01
2.330216467380523682e-01
1.595811545848846436e-01
6.351394653320312500e-01
3.670117855072021484e-01
0.000000000000000000e+00
4.722793772816658020e-02
1.941122859716415405e-01
1.072513103485107422e+00
9.322825074195861816e-01
1.446130633354187012e+00
1.081199496984481812e-01
1.175830841064453125e+00
1.084481000900268555e+00
1.392771482467651367e+00
0.000000000000000000e+00
5.994708538055419922e-01
2.168640375137329102e+00
9.050299413502216339e-03
1.251147627830505371e+00
2.272733300924301147e-01
1.284258008003234863e+00
3.604176640510559082e-02
3.847817182540893555e-01
4.131059721112251282e-02
5.084224343299865723e-01
1.337164789438247681e-01
1.564809866249561310e-02
0.000000000000000000e+00
7.660887241363525391e-01
1.962316036224365234e-01
3.648519515991210938e-01
4.687587916851043701e-01
5.231143236160278320e-01
7.386248558759689331e-03
2.305775182321667671e-03
2.197249233722686768e-01
1.390176117420196533e-01
7.001039981842041016e-01
1.157483816146850586e+00
3.499909862875938416e-02
1.102486371994018555e+00
6.419655680656433105e-01
2.872135937213897705e-01
5.204982161521911621e-01
1.388310909271240234e+00
1.939534791745245457e-03
6.905806064605712891e-01
5.065317153930664062e-01
9.021571874618530273e-01
1.591165363788604736e-02
3.938367366790771484e-01
2.958989143371582031e-02
9.573888778686523438e-01
2.756991624832153320e+00
1.877785205841064453e+00
4.201698303222656250e-01
1.199020538479089737e-02
1.204782366752624512e+00
1.283817052841186523e+00
5.736815929412841797e-01
6.753574591130018234e-03
7.139433026313781738e-01
1.419789552688598633e+00
5.744358897209167480e-02
3.200485836714506149e-03
1.050315380096435547e+00
1.288996338844299316e-01
1.978291273117065430e-01
4.265837371349334717e-01
1.987925171852111816e-01
5.902601778507232666e-02
4.656447410583496094e+00
0.000000000000000000e+00
2.688688337802886963e-01
6.214351579546928406e-02
1.330731213092803955e-01
1.669031739234924316e+00
2.688314020633697510e-02
9.985984861850738525e-02
6.219248175621032715e-01
1.023324370384216309e+00
5.067144036293029785e-01
8.019093871116638184e-01
1.708903163671493530e-01
5.890855789184570312e+00
6.530995368957519531e-01
2.672092020511627197e-01
5.371739268302917480e-01
1.780179023742675781e+00
1.409871935844421387e+00
2.496733665466308594e-01
2.887196838855743408e-01
1.566342234611511230e+00
2.862431108951568604e-01
3.808935731649398804e-02
1.036992788314819336e+00
1.245569705963134766e+00
7.211260497570037842e-02
2.428681701421737671e-01
6.182472109794616699e-01
6.547643244266510010e-02
0.000000000000000000e+00
1.283998727798461914e+00
2.846389055252075195e+00
6.369911432266235352e-01
5.107186436653137207e-01
9.029208123683929443e-02
6.332781314849853516e-01
5.850039124488830566e-01
6.229854583740234375e+00
8.284772047773003578e-04
8.137066662311553955e-02
5.285909771919250488e-01
4.701496660709381104e-02
0.000000000000000000e+00
1.018911674618721008e-01
9.858661293983459473e-01
3.042695283889770508e+00
9.371502697467803955e-02
5.374400410801172256e-03
4.123612940311431885e-01
3.322760462760925293e-01
0.000000000000000000e+00
5.913008004426956177e-03
2.787338010966777802e-02
1.701681166887283325e-01
8.382251858711242676e-01
7.797989845275878906e-01
1.049645066261291504e+00
1.197466492652893066e+00
9.937304258346557617e-01
8.358123153448104858e-02
4.639676511287689209e-01
2.993580400943756104e-01
1.085215449333190918e+00
1.678965985774993896e-01
4.610016644001007080e-01
1.296836137771606445e+00
8.257514834403991699e-01
5.577770993113517761e-03
1.025864601135253906e+00
8.985646814107894897e-02
5.110540613532066345e-02
1.698063611984252930e+00
1.504217386245727539e-01
3.201098740100860596e-01
6.752838492393493652e-01
8.185989856719970703e-01
8.881511688232421875e-01
6.826968789100646973e-01
1.117928326129913330e-01
1.267771422863006592e-01
1.809190630912780762e+00
1.478021502494812012e+00
0.000000000000000000e+00
4.717853665351867676e-01
4.002746045589447021e-01
7.559616863727569580e-02
7.307166606187820435e-02
0.000000000000000000e+00
2.351099625229835510e-02
1.670960634946823120e-01
3.102445304393768311e-01
2.956936359405517578e-01
1.393549609929323196e-02
3.917258381843566895e-01
1.698010325431823730e+00
2.078381299972534180e+00
4.282566308975219727e-01
8.219878077507019043e-01
2.383877038955688477e+00
1.412579268217086792e-01
0.000000000000000000e+00
9.103503227233886719e-01
3.334407508373260498e-02
1.259495317935943604e-01
3.175599873065948486e-01
3.689352512359619141e+00
8.778092265129089355e-01
5.239905118942260742e-01
6.865680813789367676e-01
0.000000000000000000e+00
9.115002751350402832e-01
8.320286870002746582e-01
0.000000000000000000e+00
8.564379811286926270e-01
3.449842333793640137e-03
1.307682991027832031e+00
1.347509026527404785e+00
4.386924207210540771e-02
1.224966570734977722e-01
0.000000000000000000e+00
3.391977846622467041e-01
1.168281957507133484e-01
1.167767286300659180e+00
2.397789210081100464e-01
7.861094176769256592e-02
3.130721673369407654e-02
0.000000000000000000e+00
2.964505739510059357e-02
1.245311856269836426e+00
7.862356305122375488e-02
6.448990199714899063e-03
3.464845009148120880e-03
8.958333730697631836e-01
1.833021081984043121e-02
7.050398588180541992e-01
2.894431054592132568e-01
7.341621071100234985e-02
6.975791454315185547e-01
2.665822803974151611e-01
1.182718873023986816e+00
8.190883398056030273e-01
7.188367843627929688e-02
3.310653567314147949e-01
6.417508125305175781e-01
1.919188201427459717e-01
5.819657444953918457e-01
4.496787488460540771e-01
9.764589667320251465e-01
8.099129796028137207e-01
0.000000000000000000e+00
1.347888857126235962e-01
1.324162781238555908e-01
1.882233262062072754e+00
1.101822376251220703e+00
5.207572132349014282e-02
3.027757406234741211e-01
1.024673804640769958e-01
3.043722510337829590e-01
1.958845406770706177e-01
8.085241168737411499e-02
1.207309603691101074e+00
5.494387149810791016e+00
7.261937260627746582e-01
1.227530986070632935e-01
2.627783715724945068e-01
2.873432263731956482e-02
8.626932650804519653e-02
2.885082736611366272e-02
1.571145607158541679e-03
0.000000000000000000e+00
0.000000000000000000e+00
4.151762723922729492e-01
9.862249493598937988e-01
3.050604835152626038e-02
2.373817004263401031e-02
1.253036260604858398e+00
8.175987750291824341e-02
6.362321972846984863e-01
0.000000000000000000e+00
3.876331150531768799e-01
7.646326422691345215e-01
2.884583771228790283e-01
1.758552670478820801e+00
0.000000000000000000e+00
2.586622238159179688e-01
7.692707180976867676e-01
8.909534662961959839e-02
4.526490867137908936e-01
1.025698930025100708e-01
0.000000000000000000e+00
9.120863676071166992e-01
4.130578339099884033e-01
0.000000000000000000e+00
0.000000000000000000e+00
6.559540629386901855e-01
9.045626223087310791e-02
8.659555576741695404e-03
2.400627136230468750e-01
9.267638921737670898e-01
6.003758907318115234e-01
6.263493895530700684e-01
1.539406538009643555e+00
2.782379090785980225e-01
0.000000000000000000e+00
1.768507212400436401e-01
1.013891175389289856e-01
3.840210437774658203e-01
6.470610499382019043e-01
2.547993063926696777e-01
7.524047978222370148e-03
6.771032810211181641e-01
4.200576245784759521e-01
1.040051728487014771e-01
6.929509043693542480e-01
1.941920220851898193e-01
1.020824164152145386e-02
1.714791804552078247e-01
7.942444086074829102e-01
0.000000000000000000e+00
7.791253179311752319e-02
5.784265324473381042e-02
1.132601022720336914e+00
1.239723637700080872e-01
5.127181857824325562e-02
8.942831158638000488e-01
4.754539728164672852e-01
1.540339350700378418e+00
1.355792760848999023e+00
2.815821170806884766e-01
1.711295366287231445e+00
1.468305587768554688e+00
0.000000000000000000e+00
7.404680848121643066e-01
6.415610909461975098e-01
1.103429675102233887e+00
1.138707473874092102e-01
9.505397081375122070e-01
0.000000000000000000e+00
6.609714590013027191e-03
8.898738026618957520e-02
4.041130188852548599e-03
6.046131849288940430e-01
1.119239181280136108e-01
3.316106081008911133e+00
1.151284098625183105e+00
5.595197677612304688e-01
0.000000000000000000e+00
7.465181946754455566e-01
3.535039350390434265e-02
0.000000000000000000e+00
1.974046463146805763e-03
5.460928380489349365e-02
1.464757770299911499e-01
1.619586348533630371e-01
6.375723332166671753e-02
5.293699502944946289e-01
3.245429396629333496e-01
4.086139500141143799e-01
1.334921479225158691e+00
1.411344204097986221e-02
4.275881499052047729e-02
1.222035884857177734e+00
2.029212564229965210e-01
1.387410163879394531e+00
0.000000000000000000e+00
2.601476311683654785e-01
8.212895989418029785e-01
3.847133815288543701e-01
1.096403241157531738e+00
2.954340577125549316e-01
1.205390810966491699e+00
5.452324748039245605e-01
5.917426943778991699e-01
4.870159551501274109e-02
3.117987215518951416e-01
1.686521172523498535e+00
5.384344235062599182e-02
6.106010172516107559e-03
4.328047275543212891e+00
6.402470916509628296e-02
7.129395008087158203e-01
8.754981756210327148e-01
1.928723901510238647e-01
7.987610101699829102e-01
0.000000000000000000e+00
2.342158079147338867e+00
9.187901616096496582e-01
6.637517809867858887e-01
1.352325677871704102e+00
2.275202035903930664e+00
0.000000000000000000e+00
1.260716080665588379e+00
2.596625983715057373e-01
0.000000000000000000e+00
1.647600382566452026e-01
0.000000000000000000e+00
4.710935354232788086e-01
2.485285699367523193e-01
5.071386694908142090e-01
1.194659387692809105e-03
7.535039633512496948e-02
6.054481863975524902e-01
1.122465729713439941e+00
9.697506204247474670e-03
3.307572901248931885e-01
9.266619682312011719e-01
6.214493513107299805e-01
8.708802610635757446e-02
0.000000000000000000e+00
2.860351838171482086e-02
6.546672582626342773e-01
1.368081688880920410e+00
1.377606749534606934e+00
2.312723994255065918e-01
1.206125140190124512e+00
3.747899830341339111e-02
1.422507643699645996e+00
5.301326513290405273e-01
3.336814641952514648e-01
3.088657855987548828e-01
1.486808620393276215e-02
2.069664478302001953e+00
2.687683105468750000e+00
2.037836015224456787e-01
4.155005455017089844e+00
2.546359300613403320e-01
5.902794599533081055e-01
0.000000000000000000e+00
1.973908841609954834e-01
3.990180194377899170e-01
1.729329109191894531e+00
1.311922192573547363e+00
0.000000000000000000e+00
4.581403136253356934e-01
6.487813591957092285e-01
4.727347493171691895e-01
2.642278432846069336e+00
6.986761689186096191e-01
6.870749592781066895e-02
3.341225981712341309e-01
2.974261045455932617e-01
5.938860177993774414e-01
1.558455377817153931e-01
6.686236709356307983e-02
6.531267613172531128e-02
6.130305528640747070e-01
8.248510956764221191e-01
0.000000000000000000e+00
7.799159735441207886e-02
1.750263273715972900e-01
1.682113170623779297e+00
1.278833448886871338e-01
1.492100954055786133e-01
1.171337440609931946e-02
0.000000000000000000e+00
4.479389488697052002e-01
1.019491076469421387e+00
1.209550201892852783e-01
9.676607698202133179e-02
2.703843593597412109e+00
5.066508054733276367e-01
0.000000000000000000e+00
3.750843107700347900e-01
1.802685260772705078e+00
5.515673756599426270e-01
8.314183950424194336e-01
7.942835688591003418e-01
2.286619663238525391e+00
1.704403638839721680e+00
7.760448455810546875e-01
6.736408919095993042e-02
1.037092685699462891e+00
0.000000000000000000e+00
5.847529694437980652e-02
