4.269694685935974121e-01
0.000000000000000000e+00
6.099602580070495605e-01
3.071428298950195312e+00
8.145662024617195129e-03
2.099098414182662964e-01
4.435669481754302979e-01
2.505453348159790039e+00
5.920327663421630859e+00
7.908473014831542969e-01
3.241119384765625000e-01
1.270053744316101074e+00
3.826066851615905762e-02
1.208761572837829590e+00
2.691968202590942383e+00
9.898392558097839355e-01
4.147565066814422607e-01
2.032531023025512695e+00
2.130884647369384766e+00
7.733063399791717529e-02
5.333666205406188965e-01
0.000000000000000000e+00
9.477353160036727786e-05
1.950648307800292969e+00
1.024420410394668579e-01
1.766975075006484985e-01
9.123411774635314941e-02
2.598506689071655273e+00
4.102068543434143066e-01
0.000000000000000000e+00
4.701474606990814209e-01
4.274206757545471191e-01
3.486110568046569824e-01
2.166952341794967651e-01
2.058290690183639526e-01
1.783716320991516113e+00
4.763640165328979492e-01
1.124575376510620117e+00
1.546237826347351074e+00
1.018581688404083252e-01
4.767320156097412109e-01
9.020765125751495361e-02
5.532415509223937988e-01
3.416390180587768555e+00
6.225023865699768066e-01
7.149525880813598633e-01
4.938317835330963135e-01
2.189768105745315552e-01
1.174597721546888351e-02
4.537926018238067627e-01
1.040085434913635254e+00
2.517722547054290771e-02
1.002311587333679199e+00
3.619569838047027588e-01
1.481064558029174805e+00
4.418488591909408569e-03
5.426316261291503906e-01
0.000000000000000000e+00
2.771048307418823242e+00
3.816329836845397949e-01
5.054610967636108398e-01
2.814448475837707520e-01
3.588076531887054443e-01
1.108864784240722656e+00
1.817146986722946167e-01
4.573739469051361084e-01
9.906385093927383423e-03
2.763501405715942383e-01
2.790508978068828583e-02
1.076653599739074707e+00
0.000000000000000000e+00
8.649333715438842773e-01
9.901986923068761826e-04
5.203417539596557617e-01
4.301910996437072754e-01
2.978341102600097656e+00
0.000000000000000000e+00
6.959005445241928101e-02
2.530991137027740479e-01
8.727783560752868652e-01
3.377227485179901123e-02
1.770694851875305176e-01
1.935725688934326172e+00
1.448193341493606567e-01
1.016768574714660645e+00
1.042463332414627075e-01
1.343465089797973633e+00
2.172884792089462280e-01
1.315921068191528320e+00
8.871140331029891968e-02
1.268684715032577515e-01
7.122944295406341553e-02
1.341910194605588913e-02
0.000000000000000000e+00
1.771111249923706055e+00
8.333417028188705444e-02
3.768371641635894775e-01
5.332897901535034180e-01
0.000000000000000000e+00
4.182133972644805908e-01
4.097446054220199585e-02
2.923778593540191650e-01
1.513092666864395142e-01
8.528143167495727539e-01
2.429331302642822266e+00
1.847961395978927612e-01
6.977424621582031250e-01
1.202223226428031921e-01
5.218693614006042480e-01
4.354627728462219238e-01
9.732207059860229492e-01
2.710231393575668335e-02
4.420562982559204102e-01
2.601994015276432037e-02
1.048379018902778625e-01
3.454482853412628174e-01
0.000000000000000000e+00
0.000000000000000000e+00
1.705253869295120239e-02
1.418483018875122070e+00
2.635496377944946289e+00
1.378832161426544189e-01
0.000000000000000000e+00
1.497395753860473633e+00
3.578509092330932617e-01
2.584492564201354980e-01
1.248701736330986023e-01
2.352516502141952515e-01
8.071699738502502441e-01
3.291223347187042236e-01
9.982475312426686287e-04
6.285870671272277832e-01
2.244249433279037476e-01
2.481556832790374756e-01
2.660368382930755615e-01
2.411689423024654388e-02
5.723627209663391113e-01
4.940619468688964844e+00
0.000000000000000000e+00
2.751521579921245575e-02
7.927255034446716309e-01
3.899599425494670868e-03
1.479876399040222168e+00
0.000000000000000000e+00
2.831407487392425537e-01
1.041375160217285156e+00
8.514405488967895508e-01
6.716074347496032715e-01
7.944874763488769531e-01
2.527441382408142090e-01
4.215432167053222656e+00
1.023064628243446350e-01
3.401140868663787842e-02
2.566848397254943848e-01
1.322842597961425781e+00
7.056363224983215332e-01
1.660462617874145508e-01
1.981937736272811890e-01
1.724470734596252441e+00
2.117849439382553101e-01
7.835958898067474365e-02
1.092660546302795410e+00
3.619239926338195801e-01
3.564928472042083740e-01
2.304801717400550842e-03
1.594377905130386353e-01
0.000000000000000000e+00
3.759788349270820618e-03
4.331382215023040771e-01
1.816678166389465332e+00
2.711010351777076721e-02
4.399021267890930176e-01
5.548300966620445251e-02
2.766132652759552002e-01
5.045468211174011230e-01
5.903768062591552734e+00
0.000000000000000000e+00
0.000000000000000000e+00
1.173914074897766113e-01
1.663760393857955933e-01
1.313230837695300579e-03
5.369706451892852783e-02
2.891254797577857971e-02
2.050121307373046875e+00
2.516054362058639526e-02
1.035862565040588379e-01
1.210721656680107117e-01
1.109277486801147461e+00
0.000000000000000000e+00
1.095219627022743225e-01
5.464939866214990616e-03
2.392782419919967651e-01
8.886833786964416504e-01
1.031694784760475159e-01
1.462740004062652588e-01
1.373160928487777710e-01
1.258320093154907227e+00
3.071936964988708496e-01
3.694712221622467041e-01
5.002024769783020020e-01
1.035409569740295410e+00
9.005236029624938965e-01
4.744974970817565918e-01
2.965865135192871094e-01
6.204301863908767700e-02
1.970896311104297638e-02
1.426470637321472168e+00
8.950994163751602173e-02
4.492921829223632812e-01
1.770032882690429688e+00
1.759694665670394897e-01
7.729079574346542358e-02
2.634640783071517944e-03
0.000000000000000000e+00
1.921277046203613281e+00
1.687268614768981934e+00
5.249559879302978516e-01
3.806592226028442383e-01
1.143118023872375488e+00
1.466770410537719727e+00
1.318872123956680298e-01
5.032672286033630371e-01
6.147677898406982422e-01
8.555293083190917969e-02
2.315766066312789917e-01
4.653894156217575073e-02
3.158710002899169922e-01
9.164375662803649902e-01
0.000000000000000000e+00
5.864783190190792084e-03
3.894567489624023438e-01
9.013889729976654053e-02
2.520023286342620850e-01
7.960337400436401367e-01
1.467978954315185547e+00
1.833924204111099243e-01
1.515271186828613281e+00
2.731655538082122803e-01
0.000000000000000000e+00
1.684902906417846680e+00
1.567480713129043579e-01
2.081533670425415039e-01
5.470119416713714600e-03
2.429496049880981445e+00
4.857957065105438232e-01
2.699733711779117584e-02
6.234310269355773926e-01
9.585266932845115662e-03
3.359989643096923828e+00
1.014413684606552124e-01
1.951458007097244263e-01
7.150905132293701172e-01
2.234606742858886719e-01
2.519801445305347443e-02
9.200384616851806641e-01
6.622235476970672607e-02
5.836385115981101990e-02
0.000000000000000000e+00
2.065455764532089233e-01
2.400545775890350342e-01
7.843205928802490234e-01
3.469114378094673157e-02
8.017238974571228027e-02
3.351277709007263184e-01
6.004560738801956177e-02
1.994721442461013794e-01
2.623516917228698730e-01
1.145856380462646484e-01
4.419132694602012634e-02
9.218786656856536865e-02
9.250436425209045410e-01
4.211940765380859375e-01
6.653735637664794922e-01
8.271543383598327637e-01
1.587175011634826660e+00
4.342104867100715637e-02
3.239035308361053467e-01
3.856094181537628174e-01
1.186628222465515137e+00
1.325707137584686279e-02
1.381266210228204727e-02
1.991959810256958008e-01
5.705681443214416504e-02
1.625952869653701782e-01
2.261186093091964722e-01
4.622519016265869141e-01
8.178991079330444336e-01
0.000000000000000000e+00
7.188389897346496582e-01
9.205358102917671204e-03
1.743674993515014648e+00
8.192856311798095703e-01
3.170715272426605225e-01
1.217130851000547409e-02
1.446451991796493530e-03
7.504128217697143555e-01
2.307927757501602173e-01
2.726565301418304443e-01
8.059387207031250000e-01
3.474610567092895508e+00
1.555099010467529297e+00
7.800898551940917969e-01
5.426676869392395020e-01
3.983526024967432022e-03
9.638406336307525635e-02
3.736704587936401367e-01
1.136223506182432175e-02
0.000000000000000000e+00
4.635943914763629436e-04
2.102914154529571533e-01
2.284753471612930298e-01
1.252117101103067398e-02
2.437613904476165771e-01
7.382014989852905273e-01
0.000000000000000000e+00
4.264680445194244385e-01
4.205504804849624634e-02
1.943564116954803467e-01
2.352549508213996887e-02
6.448379252105951309e-03
1.342736363410949707e+00
2.252403944730758667e-01
0.000000000000000000e+00
1.518176048994064331e-01
4.674154222011566162e-01
1.008739829063415527e+00
3.858325779438018799e-01
0.000000000000000000e+00
7.309373021125793457e-01
3.179858326911926270e-01
8.275661617517471313e-03
9.881153237074613571e-04
9.286335110664367676e-02
0.000000000000000000e+00
5.388956665992736816e-01
3.032136261463165283e-01
1.807936549186706543e+00
1.529549360275268555e+00
1.635946929454803467e-01
2.584403157234191895e-01
0.000000000000000000e+00
3.186903595924377441e-01
2.226082794368267059e-02
2.758049368858337402e-01
5.135762095451354980e-01
5.665042996406555176e-01
4.198022186756134033e-01
2.735218219459056854e-02
0.000000000000000000e+00
4.241871535778045654e-01
9.907399415969848633e-01
1.054934382438659668e+00
6.531091779470443726e-02
3.421918749809265137e-01
8.991951495409011841e-02
1.188182473182678223e+00
0.000000000000000000e+00
6.522289663553237915e-02
0.000000000000000000e+00
3.418569266796112061e-01
1.544369935989379883e+00
1.052906438708305359e-01
3.206215202808380127e-01
1.452059388160705566e+00
2.584291696548461914e+00
1.167741775512695312e+00
4.708217680454254150e-01
1.184985518455505371e+00
2.241630554199218750e+00
0.000000000000000000e+00
1.244263797998428345e-01
8.982941508293151855e-01
4.135700464248657227e-01
1.060513257980346680e+00
5.760804414749145508e-01
2.112175673246383667e-01
0.000000000000000000e+00
1.066939011216163635e-01
5.411683581769466400e-03
2.694360911846160889e-01
3.442338705062866211e-01
2.185109853744506836e+00
2.406599998474121094e+00
3.947910368442535400e-01
0.000000000000000000e+00
4.996421039104461670e-01
1.560561265796422958e-02
0.000000000000000000e+00
0.000000000000000000e+00
7.986616343259811401e-02
2.404577285051345825e-01
0.000000000000000000e+00
7.124122977256774902e-02
6.107449531555175781e-01
8.929471671581268311e-02
2.850435860455036163e-02
2.147545814514160156e+00
4.076083004474639893e-01
8.225861191749572754e-02
2.134633660316467285e-01
3.912050127983093262e-01
2.521479368209838867e+00
0.000000000000000000e+00
6.040583252906799316e-01
1.232874512672424316e+00
3.337650895118713379e-01
1.071123957633972168e+00
2.204487025737762451e-01
6.089732050895690918e-01
1.389900743961334229e-01
4.733579754829406738e-01
7.489308714866638184e-02
4.576496779918670654e-01
1.333387255668640137e+00
3.718276321887969971e-01
3.746441304683685303e-01
1.339901924133300781e+00
8.280230164527893066e-01
1.326033771038055420e-01
3.168040141463279724e-02
1.499855369329452515e-01
9.096143394708633423e-02
0.000000000000000000e+00
1.154612421989440918e+00
9.298393130302429199e-01
0.000000000000000000e+00
8.463191986083984375e-01
9.026131033897399902e-01
2.076657861471176147e-02
4.844925403594970703e-01
6.145526468753814697e-02
2.393974550068378448e-02
1.040322147309780121e-02
2.403597831726074219e-01
0.000000000000000000e+00
8.276609778404235840e-01
3.857667148113250732e-01
5.740604922175407410e-02
2.372710257768630981e-01
2.641606032848358154e-01
1.986802935600280762e+00
0.000000000000000000e+00
1.050407141447067261e-01
3.425884619355201721e-02
5.739347934722900391e-01
2.688576281070709229e-01
6.397177278995513916e-02
5.082817673683166504e-01
3.857523798942565918e-01
1.106950998306274414e+00
5.211008191108703613e-01
1.779693514108657837e-01
1.779736399650573730e+00
1.039031818509101868e-01
7.573164701461791992e-01
1.624830365180969238e-01
1.225304305553436279e-01
5.549339056015014648e-01
3.038412146270275116e-02
1.191566586494445801e+00
1.876650094985961914e+00
2.174803167581558228e-01
1.625520944595336914e+00
2.532595694065093994e-01
5.971627235412597656e-01
6.007195115089416504e-01
1.373600512742996216e-01
1.100615382194519043e+00
5.324100255966186523e-01
8.088882565498352051e-01
2.326894924044609070e-02
4.108010530471801758e-01
1.451375335454940796e-01
1.137164309620857239e-01
1.689774751663208008e+00
7.391741871833801270e-01
8.148374035954475403e-03
8.523737788200378418e-01
7.135851681232452393e-02
5.689945220947265625e-01
8.891084790229797363e-02
3.767177404370158911e-04
1.870811581611633301e-01
1.571305394172668457e+00
5.779958367347717285e-01
8.484252542257308960e-02
7.252477109432220459e-02
1.998779624700546265e-01
9.766387939453125000e-01
1.417455375194549561e-01
1.515379399061203003e-01
6.405531167984008789e-01
3.660740554332733154e-01
7.929820418357849121e-01
3.467581793665885925e-02
4.074842929840087891e-01
7.265164982527494431e-03
1.206456661224365234e+00
3.596110045909881592e-01
9.255108982324600220e-02
1.025420784950256348e+00
8.376651406288146973e-01
3.329334547743201256e-03
7.194926142692565918e-01
8.334887623786926270e-01
1.174576759338378906e+00
1.822998642921447754e+00
2.476900368928909302e-01
5.752837657928466797e-02
6.169831156730651855e-01
0.000000000000000000e+00
9.611341170966625214e-03
