4.491747915744781494e-01
0.000000000000000000e+00
2.545787096023559570e-01
3.131842374801635742e+00
1.006559491157531738e+00
3.535657525062561035e-01
8.182544112205505371e-01
2.378005027770996094e+00
7.413735389709472656e+00
1.254701137542724609e+00
2.215710431337356567e-01
1.391567230224609375e+00
4.300637543201446533e-02
8.834999203681945801e-01
2.976691722869873047e+00
1.224877953529357910e+00
1.274479627609252930e+00
2.484628915786743164e+00
1.490800738334655762e+00
7.610122114419937134e-02
2.821506977081298828e+00
0.000000000000000000e+00
8.814494311809539795e-02
1.977407813072204590e+00
9.495785832405090332e-02
9.871546179056167603e-02
1.033369749784469604e-01
3.211112499237060547e+00
5.182888507843017578e-01
0.000000000000000000e+00
6.533449143171310425e-02
0.000000000000000000e+00
1.007456898689270020e+00
7.614718675613403320e-01
7.431456446647644043e-01
3.329737663269042969e+00
1.593192219734191895e-01
1.064323857426643372e-01
1.513382911682128906e+00
6.190700531005859375e-01
4.846957325935363770e-01
5.483543872833251953e-01
3.328608870506286621e-01
4.487154006958007812e+00
7.190654873847961426e-01
9.762967228889465332e-01
3.310859799385070801e-01
1.120645165443420410e+00
1.499117165803909302e-01
1.582077026367187500e+00
2.566855430603027344e+00
0.000000000000000000e+00
1.708589911460876465e+00
5.108489990234375000e-01
1.324777841567993164e+00
0.000000000000000000e+00
4.794387221336364746e-01
4.689366519451141357e-01
7.445057034492492676e-01
6.473966687917709351e-02
2.912389580160379410e-03
3.708661794662475586e-01
0.000000000000000000e+00
1.270861029624938965e+00
1.282433271408081055e+00
7.645883411169052124e-02
1.417801808565855026e-02
8.922852277755737305e-01
1.289150953292846680e+00
2.032913565635681152e-01
2.716331509873270988e-03
1.413168199360370636e-02
4.338938742876052856e-02
1.867334246635437012e+00
3.566277623176574707e-01
1.121905922889709473e+00
2.378954552114009857e-02
7.779440283775329590e-01
9.207957983016967773e-01
2.321337699890136719e+00
0.000000000000000000e+00
7.355847954750061035e-01
2.256625175476074219e+00
1.377158239483833313e-02
2.919442892074584961e+00
1.332316100597381592e-01
9.862840175628662109e-01
0.000000000000000000e+00
4.686624109745025635e-01
5.414037150330841541e-04
4.998407959938049316e-01
8.986934274435043335e-02
0.000000000000000000e+00
0.000000000000000000e+00
6.603814363479614258e-01
3.102482855319976807e-01
1.637858510017395020e+00
4.234539568424224854e-01
6.233578547835350037e-02
0.000000000000000000e+00
1.789313682820647955e-04
1.115239337086677551e-01
1.357536613941192627e-01
8.892456293106079102e-01
1.096449971199035645e+00
3.560535609722137451e-02
1.967050671577453613e+00
9.784709811210632324e-01
3.277897536754608154e-01
7.504004240036010742e-01
1.058681011199951172e+00
0.000000000000000000e+00
8.735881447792053223e-01
4.442992508411407471e-01
6.622932553291320801e-01
4.752590134739875793e-02
1.010982990264892578e-01
4.779668524861335754e-03
7.864432930946350098e-01
2.719758272171020508e+00
1.668537020683288574e+00
2.164989858865737915e-01
3.147274255752563477e-02
1.504417419433593750e+00
7.840753793716430664e-01
2.016604840755462646e-01
0.000000000000000000e+00
1.152213811874389648e+00
1.739422798156738281e+00
2.629652991890907288e-02
0.000000000000000000e+00
9.292581081390380859e-01
5.086638927459716797e-01
4.082012921571731567e-02
8.862954378128051758e-01
2.714936733245849609e-01
3.880560398101806641e-02
5.793314456939697266e+00
0.000000000000000000e+00
1.557581871747970581e-01
3.431130051612854004e-01
5.628116130828857422e-01
1.239147901535034180e+00
0.000000000000000000e+00
3.244556114077568054e-02
4.170341789722442627e-01
1.212127447128295898e+00
6.241137981414794922e-01
1.134341001510620117e+00
2.008244860917329788e-03
6.801276683807373047e+00
4.046166837215423584e-01
3.617997467517852783e-01
6.438332200050354004e-01
2.498709201812744141e+00
2.461510181427001953e+00
9.375225752592086792e-02
1.958009898662567139e-01
2.739348411560058594e+00
3.836300969123840332e-01
1.475617289543151855e-01
1.162594318389892578e+00
1.321201086044311523e+00
8.866243809461593628e-02
6.484165191650390625e-01
5.582327842712402344e-01
1.141522359102964401e-02
0.000000000000000000e+00
1.264442086219787598e+00
3.492458581924438477e+00
1.041551828384399414e+00
1.349615097045898438e+00
1.219433732330799103e-02
7.657420635223388672e-01
4.654337763786315918e-01
6.871078014373779297e+00
0.000000000000000000e+00
1.889973506331443787e-02
4.224575757980346680e-01
6.400243937969207764e-02
0.000000000000000000e+00
0.000000000000000000e+00
3.292478322982788086e-01
3.396510124206542969e+00
3.730375692248344421e-02
2.385124750435352325e-02
8.315362334251403809e-01
1.196510672569274902e+00
0.000000000000000000e+00
7.958327978849411011e-02
9.324224665760993958e-03
2.146658897399902344e-01
5.631321668624877930e-01
6.071424484252929688e-01
2.255336046218872070e+00
1.086557269096374512e+00
1.071995973587036133e+00
1.497059911489486694e-01
4.145423173904418945e-01
6.354436874389648438e-01
1.536436080932617188e+00
3.762365877628326416e-01
4.723384380340576172e-01
1.398685693740844727e+00
5.359391570091247559e-01
3.672068938612937927e-02
1.567904114723205566e+00
1.033894717693328857e-01
1.310231089591979980e-01
1.573529720306396484e+00
4.377910122275352478e-02
1.132251545786857605e-01
1.382848739624023438e+00
1.004178404808044434e+00
1.485378026962280273e+00
1.035309433937072754e+00
1.644329875707626343e-01
2.563681080937385559e-02
1.854433178901672363e+00
1.337084412574768066e+00
0.000000000000000000e+00
2.170647382736206055e-01
3.137713372707366943e-01
2.662658924236893654e-03
1.549246460199356079e-01
6.557368906214833260e-04
0.000000000000000000e+00
5.451961159706115723e-01
4.087074846029281616e-02
2.624059021472930908e-01
7.937122881412506104e-02
3.704437613487243652e-01
1.762202978134155273e+00
2.265165090560913086e+00
1.633972674608230591e-01
1.184136629104614258e+00
2.959187269210815430e+00
2.593474686145782471e-01
9.792409092187881470e-02
1.650983095169067383e+00
1.415822952985763550e-01
9.173149615526199341e-02
9.880205243825912476e-02
3.467190504074096680e+00
1.608947992324829102e+00
2.431524991989135742e-01
1.059892296791076660e+00
5.160996317863464355e-02
1.015888333320617676e+00
9.794576168060302734e-01
3.179904818534851074e-02
4.965379536151885986e-01
1.515949517488479614e-01
1.753501415252685547e+00
1.305827260017395020e+00
0.000000000000000000e+00
9.475836902856826782e-02
0.000000000000000000e+00
3.800824880599975586e-01
1.906572282314300537e-01
1.301727533340454102e+00
4.544486105442047119e-01
7.286297157406806946e-03
8.952617645263671875e-03
0.000000000000000000e+00
1.219064742326736450e-01
1.707626581192016602e+00
3.110914491117000580e-02
3.218249678611755371e-01
1.898681372404098511e-02
2.205690860748291016e+00
2.653322648257017136e-03
4.821926653385162354e-01
2.552342712879180908e-01
1.278569456189870834e-02
5.707788467407226562e-01
3.399112075567245483e-02
1.524862885475158691e+00
8.936556577682495117e-01
2.788027822971343994e-01
0.000000000000000000e+00
3.938829302787780762e-01
1.115407943725585938e-01
3.582763969898223877e-01
6.803378462791442871e-01
1.188057899475097656e+00
1.634520530700683594e+00
3.475231304764747620e-02
1.745794564485549927e-01
0.000000000000000000e+00
2.786132335662841797e+00
1.228464603424072266e+00
9.170945733785629272e-02
1.342843323945999146e-01
9.027657657861709595e-02
6.151642203330993652e-01
8.919856548309326172e-01
1.153351292014122009e-01
1.877152442932128906e+00
5.174878597259521484e+00
7.728981971740722656e-01
8.418971300125122070e-02
5.991579890251159668e-01
1.873261183500289917e-01
1.870578899979591370e-02
3.381953537464141846e-01
8.970891684293746948e-02
0.000000000000000000e+00
0.000000000000000000e+00
1.077630817890167236e-01
1.165390253067016602e+00
0.000000000000000000e+00
9.244456142187118530e-02
1.428358912467956543e+00
4.554139822721481323e-02
4.121025800704956055e-01
0.000000000000000000e+00
8.214604109525680542e-02
1.058800816535949707e+00
2.109750956296920776e-01
1.762169599533081055e+00
0.000000000000000000e+00
4.538779556751251221e-01
2.323149442672729492e-01
2.767621912062168121e-02
1.044116854667663574e+00
0.000000000000000000e+00
0.000000000000000000e+00
7.529426217079162598e-01
3.237759172916412354e-01
0.000000000000000000e+00
0.000000000000000000e+00
1.198578119277954102e+00
1.225515678524971008e-01
4.104827996343374252e-03
1.178154498338699341e-01
1.014668345451354980e+00
3.583718538284301758e-01
1.145071983337402344e+00
1.966914653778076172e+00
2.022681534290313721e-01
1.345304772257804871e-02
2.120582014322280884e-01
0.000000000000000000e+00
5.019658207893371582e-01
5.621589422225952148e-01
6.368473172187805176e-01
1.126397103071212769e-01
5.088246464729309082e-01
8.800952434539794922e-01
1.031917035579681396e-01
1.176333785057067871e+00
2.317092865705490112e-01
2.199937105178833008e-01
2.244741469621658325e-01
8.105517029762268066e-01
0.000000000000000000e+00
5.573830753564834595e-02
2.303611300885677338e-02
1.037730336189270020e+00
1.587219163775444031e-02
1.534169465303421021e-01
5.173664093017578125e-01
9.193866252899169922e-01
2.676861763000488281e+00
1.487948894500732422e+00
5.422434210777282715e-01
1.398668169975280762e+00
2.030491590499877930e+00
0.000000000000000000e+00
5.967131257057189941e-01
1.553322076797485352e+00
1.122133851051330566e+00
4.097395017743110657e-02
1.102497816085815430e+00
2.997812815010547638e-02
1.177172958850860596e-01
9.775970876216888428e-02
2.477173227816820145e-03
3.642681539058685303e-01
4.833024442195892334e-01
3.682235002517700195e+00
1.544626116752624512e+00
4.251981675624847412e-01
0.000000000000000000e+00
3.854568600654602051e-01
1.524509210139513016e-02
0.000000000000000000e+00
0.000000000000000000e+00
3.758136928081512451e-02
2.638358175754547119e-01
0.000000000000000000e+00
0.000000000000000000e+00
2.921497523784637451e-01
3.177425265312194824e-02
4.742664992809295654e-01
1.945366382598876953e+00
5.406161304563283920e-03
2.298791334033012390e-02
8.384217023849487305e-01
1.653279662132263184e-01
2.343104362487792969e+00
0.000000000000000000e+00
1.164547801017761230e-01
1.128862857818603516e+00
9.016712307929992676e-01
7.469750046730041504e-01
2.234309017658233643e-01
1.278574466705322266e+00
2.830781042575836182e-01
4.205901324748992920e-01
0.000000000000000000e+00
2.347592860460281372e-01
2.031688928604125977e+00
6.535949651151895523e-03
0.000000000000000000e+00
4.609391212463378906e+00
1.349774301052093506e-01
1.242464065551757812e+00
7.254166603088378906e-01
3.066505193710327148e-01
1.067131638526916504e+00
0.000000000000000000e+00
2.459159135818481445e+00
6.602743864059448242e-01
2.620870769023895264e-01
1.167494773864746094e+00
1.997051596641540527e+00
3.699129447340965271e-02
2.599669933319091797e+00
1.523870080709457397e-01
4.308586940169334412e-03
3.045887649059295654e-01
4.013617709279060364e-02
5.572219491004943848e-01
1.924472451210021973e-01
5.336868762969970703e-01
1.984107680618762970e-02
4.929176270961761475e-01
9.080589413642883301e-01
1.675306677818298340e+00
0.000000000000000000e+00
2.746813297271728516e-01
4.458806216716766357e-01
7.935722470283508301e-01
0.000000000000000000e+00
0.000000000000000000e+00
0.000000000000000000e+00
4.720614552497863770e-01
1.373015403747558594e+00
9.642027020454406738e-01
2.515798509120941162e-01
2.186421632766723633e+00
2.215388230979442596e-02
1.048895955085754395e+00
1.036782026290893555e+00
2.592854201793670654e-01
2.131003737449645996e-01
0.000000000000000000e+00
1.798833012580871582e+00
1.934548377990722656e+00
1.798890084028244019e-01
4.062480926513671875e+00
7.683112472295761108e-02
9.934039711952209473e-01
1.597876548767089844e-01
1.687102168798446655e-01
1.694817095994949341e-01
1.576876521110534668e+00
1.310803771018981934e+00
0.000000000000000000e+00
2.676046192646026611e-01
8.923375606536865234e-01
1.083443760871887207e+00
3.096943616867065430e+00
9.777964353561401367e-01
1.735311448574066162e-01
6.852194070816040039e-01
1.351851820945739746e-01
1.468008041381835938e+00
7.388513535261154175e-02
3.129673600196838379e-01
0.000000000000000000e+00
8.036398291587829590e-01
1.160552978515625000e+00
0.000000000000000000e+00
1.310172230005264282e-01
6.205910071730613708e-02
1.838859200477600098e+00
7.949590682983398438e-02
4.833926558494567871e-01
3.386297821998596191e-01
0.000000000000000000e+00
2.760908007621765137e-01
7.773992419242858887e-01
9.598290175199508667e-02
2.343944907188415527e-01
2.965731859207153320e+00
2.091158628463745117e-01
0.000000000000000000e+00
7.392204999923706055e-01
2.146550178527832031e+00
1.167628169059753418e+00
1.665635824203491211e+00
1.462187886238098145e+00
2.379965543746948242e+00
1.756495237350463867e+00
9.476654529571533203e-01
6.579631567001342773e-02
1.098259210586547852e+00
0.000000000000000000e+00
1.506652589887380600e-02
