5.125035643577575684e-01
0.000000000000000000e+00
4.915463924407958984e-02
2.677160739898681641e+00
3.480627536773681641e-01
6.567606329917907715e-01
2.467332184314727783e-01
3.763323068618774414e+00
7.476021766662597656e+00
1.053036928176879883e+00
8.903522789478302002e-02
1.356477022171020508e+00
6.026841402053833008e-01
9.610666632652282715e-01
2.513635158538818359e+00
7.655393481254577637e-01
4.796419739723205566e-01
2.405610084533691406e+00
9.134094715118408203e-01
1.848789490759372711e-02
1.684590578079223633e+00
1.832473278045654297e-02
5.263316631317138672e-02
1.946904659271240234e+00
1.326803467236459255e-03
4.968549683690071106e-02
6.952094286680221558e-02
2.908385038375854492e+00
2.660755813121795654e-01
0.000000000000000000e+00
4.713099077343940735e-02
0.000000000000000000e+00
9.292577505111694336e-01
5.675032138824462891e-01
5.020723938941955566e-01
3.049105405807495117e+00
3.745885491371154785e-01
1.150573268532752991e-01
1.164424061775207520e+00
6.639545559883117676e-01
4.325490593910217285e-01
4.521267116069793701e-01
6.726893186569213867e-01
3.943141222000122070e+00
5.803992748260498047e-01
3.820957839488983154e-01
4.920463562011718750e-01
1.149586677551269531e+00
2.436272352933883667e-01
1.914044499397277832e+00
2.227702140808105469e+00
2.093524299561977386e-02
1.411860942840576172e+00
1.860198676586151123e-01
6.680293679237365723e-01
6.006900221109390259e-03
5.214142799377441406e-01
1.219026371836662292e-01
1.252195477485656738e+00
1.850635558366775513e-01
5.799999833106994629e-02
1.064045578241348267e-01
2.608767338097095490e-02
1.043076515197753906e+00
1.929528355598449707e+00
5.604411363601684570e-01
2.697173319756984711e-02
8.051562905311584473e-01
9.613874554634094238e-01
4.639180898666381836e-01
0.000000000000000000e+00
4.426795523613691330e-03
1.815895736217498779e-01
9.273813962936401367e-01
6.059828996658325195e-01
1.288049221038818359e+00
0.000000000000000000e+00
6.451401114463806152e-01
7.003131508827209473e-01
1.156108617782592773e+00
8.955927565693855286e-03
8.420945405960083008e-01
2.280502319335937500e+00
2.930999547243118286e-02
2.466068983078002930e+00
6.038117781281471252e-02
1.463580012321472168e+00
1.645072735846042633e-02
6.643102169036865234e-01
1.940089836716651917e-02
1.358842998743057251e-01
5.228499323129653931e-02
6.124794110655784607e-02
0.000000000000000000e+00
8.055250048637390137e-01
9.495791047811508179e-02
1.143594861030578613e+00
2.309858649969100952e-01
2.313268035650253296e-01
8.974136784672737122e-03
0.000000000000000000e+00
7.299464195966720581e-02
8.685348927974700928e-02
7.854500412940979004e-01
1.390693306922912598e+00
8.743219822645187378e-02
1.656148314476013184e+00
8.812780976295471191e-01
3.666426539421081543e-01
4.638138413429260254e-01
1.751815319061279297e+00
1.749573089182376862e-02
9.161385893821716309e-01
5.835977792739868164e-01
7.213909029960632324e-01
3.716315329074859619e-01
2.303163856267929077e-01
1.222251579165458679e-01
1.033916249871253967e-01
2.448013782501220703e+00
1.803718686103820801e+00
4.868178367614746094e-01
3.721554949879646301e-02
9.367952942848205566e-01
6.992719173431396484e-01
4.804237484931945801e-01
0.000000000000000000e+00
8.879453539848327637e-01
2.139692544937133789e+00
1.474060565233230591e-01
0.000000000000000000e+00
7.358010411262512207e-01
9.826321005821228027e-01
1.090426743030548096e-01
1.428240090608596802e-01
1.006786152720451355e-02
0.000000000000000000e+00
5.520364284515380859e+00
0.000000000000000000e+00
1.417382969520986080e-03
1.396935433149337769e-01
2.675371766090393066e-01
1.130216240882873535e+00
4.133255220949649811e-03
4.107265770435333252e-01
5.074037909507751465e-01
8.264804482460021973e-01
8.486163616180419922e-01
7.664995789527893066e-01
1.103802844882011414e-01
6.758431434631347656e+00
4.910079836845397949e-01
1.396675258874893188e-01
6.212196350097656250e-01
1.631603240966796875e+00
1.932807683944702148e+00
2.683940827846527100e-01
6.278924345970153809e-01
2.728293657302856445e+00
1.743863523006439209e-01
0.000000000000000000e+00
8.705997467041015625e-01
6.755723357200622559e-01
8.831352740526199341e-02
3.727938979864120483e-02
3.048177361488342285e-01
4.355500265955924988e-02
0.000000000000000000e+00
9.597415924072265625e-01
3.369269371032714844e+00
5.320256352424621582e-01
9.582958221435546875e-01
2.643104456365108490e-02
1.160115957260131836e+00
3.808914422988891602e-01
6.911162376403808594e+00
0.000000000000000000e+00
2.967317029833793640e-02
1.133880019187927246e-01
5.814070627093315125e-02
0.000000000000000000e+00
1.956886239349842072e-02
4.598017632961273193e-01
2.813662767410278320e+00
2.496059685945510864e-01
2.439189702272415161e-02
2.383009195327758789e-01
5.226842164993286133e-01
0.000000000000000000e+00
6.050679832696914673e-03
0.000000000000000000e+00
6.124402955174446106e-02
1.127698302268981934e+00
6.863248944282531738e-01
1.360889434814453125e+00
1.044626951217651367e+00
9.088885784149169922e-01
2.499574273824691772e-01
3.910255432128906250e-01
7.501623630523681641e-01
1.732809662818908691e+00
3.279025852680206299e-01
9.880180358886718750e-01
8.218863010406494141e-01
1.764784008264541626e-01
4.167304560542106628e-02
1.626451373100280762e+00
2.879335880279541016e-01
1.436502486467361450e-02
1.511780381202697754e+00
8.830367028713226318e-02
1.898679733276367188e-01
7.509483695030212402e-01
8.890213966369628906e-01
1.655922651290893555e+00
1.083987116813659668e+00
9.775266796350479126e-02
8.537044376134872437e-02
1.579697608947753906e+00
1.823792695999145508e+00
1.012804545462131500e-02
3.098070919513702393e-01
1.098939925432205200e-01
4.488555341958999634e-02
3.275555968284606934e-01
2.132314024493098259e-03
3.932166472077369690e-02
2.561279833316802979e-01
1.431441307067871094e-01
1.453272905200719833e-02
2.370332777500152588e-01
3.180065155029296875e-01
1.440633416175842285e+00
2.339472770690917969e+00
6.903771758079528809e-01
8.417124748229980469e-01
2.484341144561767578e+00
3.525012135505676270e-01
8.144743740558624268e-02
1.454176902770996094e+00
1.436653286218643188e-01
8.033392578363418579e-02
3.847646713256835938e-01
3.371965885162353516e+00
9.418913722038269043e-01
4.673907160758972168e-01
7.839874625205993652e-01
3.224986046552658081e-02
1.122165560722351074e+00
1.437847852706909180e+00
1.202284824103116989e-02
3.984047472476959229e-01
1.381556391716003418e-01
1.993147730827331543e+00
1.095533490180969238e+00
1.390691380947828293e-02
1.569355130195617676e-01
0.000000000000000000e+00
1.037727817893028259e-01
3.127162903547286987e-02
1.253432393074035645e+00
4.287602901458740234e-01
1.327987108379602432e-02
3.550162538886070251e-02
0.000000000000000000e+00
7.874074578285217285e-02
2.340281248092651367e+00
1.028355434536933899e-01
9.238502383232116699e-02
2.704844810068607330e-03
1.609526276588439941e+00
1.453601568937301636e-02
3.254014849662780762e-01
1.199288815259933472e-01
2.910880446434020996e-01
4.398082792758941650e-01
7.985754311084747314e-02
1.122096657752990723e+00
9.456963539123535156e-01
2.584291398525238037e-01
2.909165620803833008e-01
2.045872062444686890e-01
4.061645865440368652e-01
3.599107563495635986e-01
6.191390752792358398e-01
9.682005643844604492e-01
8.297494053840637207e-01
3.450001403689384460e-02
4.898374676704406738e-01
0.000000000000000000e+00
2.013349533081054688e+00
1.104579329490661621e+00
5.281004682183265686e-02
1.986338496208190918e-01
3.533555718604475260e-04
3.920693695545196533e-01
3.371009826660156250e-01
2.504329681396484375e-01
1.826330065727233887e+00
5.329478740692138672e+00
9.466624855995178223e-01
9.317717701196670532e-02
1.832618266344070435e-01
3.179019689559936523e-02
1.477688364684581757e-02
4.034671187400817871e-01
0.000000000000000000e+00
0.000000000000000000e+00
1.189835555851459503e-02
8.035380393266677856e-02
1.188689231872558594e+00
1.263099610805511475e-01
6.110521033406257629e-03
1.254974365234375000e+00
2.557290792465209961e-01
3.135047256946563721e-01
0.000000000000000000e+00
3.769607543945312500e-01
1.211545467376708984e+00
4.090690612792968750e-01
1.321373939514160156e+00
0.000000000000000000e+00
1.119445487856864929e-01
2.694098092615604401e-02
1.857677660882472992e-02
7.776525020599365234e-01
3.800832480192184448e-02
0.000000000000000000e+00
5.544629096984863281e-01
6.763023734092712402e-01
6.485830526798963547e-04
0.000000000000000000e+00
8.412664532661437988e-01
1.509001106023788452e-01
6.232794746756553650e-02
1.065241619944572449e-01
1.353120326995849609e+00
2.386323511600494385e-01
4.795504808425903320e-01
9.606746435165405273e-01
3.521039336919784546e-02
1.943576522171497345e-02
2.583656907081604004e-01
8.173155039548873901e-02
6.760259270668029785e-01
1.173534750938415527e+00
3.738678097724914551e-01
0.000000000000000000e+00
4.209135174751281738e-01
6.225003600120544434e-01
3.383274376392364502e-01
1.190884113311767578e+00
5.972796678543090820e-01
5.832340568304061890e-02
3.908759951591491699e-01
3.980953395366668701e-01
0.000000000000000000e+00
3.571082949638366699e-01
2.998548001050949097e-02
1.032891988754272461e+00
2.453681528568267822e-01
1.852715015411376953e-02
4.905764758586883545e-01
4.796343445777893066e-01
1.743518114089965820e+00
1.746753096580505371e+00
2.984061837196350098e-01
1.674819946289062500e+00
2.257955789566040039e+00
0.000000000000000000e+00
1.078526854515075684e+00
9.681438207626342773e-01
6.926241517066955566e-01
1.677306145429611206e-01
8.147282600402832031e-01
7.139305584132671356e-03
8.216694928705692291e-03
5.464849248528480530e-02
2.116012759506702423e-02
4.053419828414916992e-01
2.463713586330413818e-01
3.677372694015502930e+00
1.559777975082397461e+00
1.903947293758392334e-01
2.248389413580298424e-03
7.438119053840637207e-01
5.162529274821281433e-02
2.765696868300437927e-02
0.000000000000000000e+00
3.158931806683540344e-02
3.305991291999816895e-01
8.851134032011032104e-02
1.124280225485563278e-02
2.190439552068710327e-01
2.041133493185043335e-01
3.911956250667572021e-01
1.774047493934631348e+00
9.962256252765655518e-02
0.000000000000000000e+00
1.097445726394653320e+00
4.357277154922485352e-01
1.531252145767211914e+00
0.000000000000000000e+00
5.126393586397171021e-02
1.413697361946105957e+00
1.217169880867004395e+00
9.932957887649536133e-01
1.794397681951522827e-01
1.456741571426391602e+00
2.875769436359405518e-01
4.997763335704803467e-01
0.000000000000000000e+00
3.146744072437286377e-01
1.635156273841857910e+00
7.685080915689468384e-02
5.345422308892011642e-03
4.767496109008789062e+00
2.002564072608947754e-01
8.190243840217590332e-01
2.997580170631408691e-01
1.746898144483566284e-01
5.582821965217590332e-01
0.000000000000000000e+00
2.075395107269287109e+00
6.526261568069458008e-01
6.700937747955322266e-01
1.032632946968078613e+00
1.710325360298156738e+00
0.000000000000000000e+00
1.725226879119873047e+00
1.184625830501317978e-02
1.745485467836260796e-03
1.701542735099792480e-02
0.000000000000000000e+00
3.593567013740539551e-01
1.492617726325988770e-01
4.631036221981048584e-01
5.706538446247577667e-03
5.193891525268554688e-01
7.177496552467346191e-01
1.429830670356750488e+00
0.000000000000000000e+00
1.642162501811981201e-01
4.379881918430328369e-01
3.594709932804107666e-01
9.074819274246692657e-03
0.000000000000000000e+00
0.000000000000000000e+00
5.913215279579162598e-01
1.364228487014770508e+00
6.041026711463928223e-01
1.798337846994400024e-01
1.896079182624816895e+00
0.000000000000000000e+00
1.254027247428894043e+00
8.368732333183288574e-01
2.680056691169738770e-01
2.633733451366424561e-01
0.000000000000000000e+00
1.589627265930175781e+00
2.277586936950683594e+00
7.289167493581771851e-02
3.619160413742065430e+00
1.613113731145858765e-01
4.384877681732177734e-01
1.264160964637994766e-02
8.905375748872756958e-02
3.216402530670166016e-01
1.636902809143066406e+00
1.198167443275451660e+00
2.697319258004426956e-03
3.066271245479583740e-01
2.272333800792694092e-01
6.725800037384033203e-01
3.379053115844726562e+00
2.840589284896850586e-01
1.986002922058105469e-02
4.335250854492187500e-01
1.382144838571548462e-01
1.040086627006530762e+00
1.443475931882858276e-01
1.489104796200990677e-02
5.875974521040916443e-02
1.042351722717285156e+00
1.168393373489379883e+00
4.391388967633247375e-02
1.950428038835525513e-01
1.227747369557619095e-02
1.959466695785522461e+00
2.160904854536056519e-01
1.884857863187789917e-01
8.349899947643280029e-02
4.015586455352604389e-04
3.307505249977111816e-01
9.358549714088439941e-01
2.805170416831970215e-01
4.902233779430389404e-01
3.737659215927124023e+00
1.275149285793304443e-01
0.000000000000000000e+00
7.614527940750122070e-01
1.725083351135253906e+00
6.522097587585449219e-01
7.737861275672912598e-01
1.696389317512512207e+00
2.114912986755371094e+00
1.856940984725952148e+00
9.175234436988830566e-01
4.556624591350555420e-02
7.868914008140563965e-01
0.000000000000000000e+00
0.000000000000000000e+00
