6.299684643745422363e-01
0.000000000000000000e+00
3.751570582389831543e-01
2.646459341049194336e+00
1.184094667434692383e+00
1.262098252773284912e-01
2.802592217922210693e-01
2.748417615890502930e+00
6.250527381896972656e+00
7.705994248390197754e-01
1.465386599302291870e-01
1.004185914993286133e+00
1.007742956280708313e-01
1.271031141281127930e+00
2.967862367630004883e+00
9.451017975807189941e-01
6.564701199531555176e-01
3.279447793960571289e+00
1.415714740753173828e+00
2.665496245026588440e-02
2.029333591461181641e+00
0.000000000000000000e+00
6.909667700529098511e-02
1.464722871780395508e+00
1.213035583496093750e-01
0.000000000000000000e+00
2.500490248203277588e-01
3.628399133682250977e+00
6.842570304870605469e-01
1.271428354084491730e-02
4.095706343650817871e-01
1.788106411695480347e-01
4.046411216259002686e-01
1.748203486204147339e-01
1.270238906145095825e-01
3.343851566314697266e+00
4.459784328937530518e-01
3.303105831146240234e-01
1.693522572517395020e+00
4.722456261515617371e-02
3.611694872379302979e-01
3.640476763248443604e-01
4.529006183147430420e-01
3.600803852081298828e+00
1.733182549476623535e+00
7.506276965141296387e-01
2.307189702987670898e-01
1.544092148542404175e-01
1.013226583600044250e-01
1.000450730323791504e+00
1.830392956733703613e+00
0.000000000000000000e+00
1.468169212341308594e+00
2.650746405124664307e-01
1.335619211196899414e+00
9.957605600357055664e-02
6.900196075439453125e-01
2.576735615730285645e-01
1.309425830841064453e+00
5.031533241271972656e-01
2.127760089933872223e-02
9.270226582884788513e-03
0.000000000000000000e+00
1.902727961540222168e+00
3.993390500545501709e-01
5.603556632995605469e-01
0.000000000000000000e+00
1.180404424667358398e+00
7.578621506690979004e-01
2.582756280899047852e-01
0.000000000000000000e+00
1.356387734413146973e+00
1.711530685424804688e-01
1.082210540771484375e+00
4.844964742660522461e-01
1.265771746635437012e+00
0.000000000000000000e+00
4.234969317913055420e-01
1.676283717155456543e+00
1.653092384338378906e+00
0.000000000000000000e+00
1.795870363712310791e-01
2.436882734298706055e+00
1.601033844053745270e-02
1.568948864936828613e+00
0.000000000000000000e+00
1.535695552825927734e+00
1.120007969439029694e-02
4.072791039943695068e-01
1.377103924751281738e-01
1.042226254940032959e-01
2.820495665073394775e-01
4.274201765656471252e-02
0.000000000000000000e+00
1.329250335693359375e+00
6.609284132719039917e-02
1.529692530632019043e+00
2.370663285255432129e-01
1.634911401197314262e-03
0.000000000000000000e+00
0.000000000000000000e+00
9.424436092376708984e-02
3.398605808615684509e-02
6.544629931449890137e-01
1.978865861892700195e+00
3.345059975981712341e-02
1.338900923728942871e+00
2.263963371515274048e-01
6.116254925727844238e-01
3.884822726249694824e-01
1.704397082328796387e+00
1.139935385435819626e-02
3.641484379768371582e-01
5.180814862251281738e-01
6.450843811035156250e-01
3.088941238820552826e-02
6.170083954930305481e-02
3.003136254847049713e-02
1.636138260364532471e-01
2.344417333602905273e+00
2.512532711029052734e+00
2.203837335109710693e-01
1.296190768480300903e-01
9.495083093643188477e-01
7.152919769287109375e-01
2.780777513980865479e-01
0.000000000000000000e+00
4.793038666248321533e-01
2.371367216110229492e+00
1.313026398420333862e-01
0.000000000000000000e+00
9.282797574996948242e-01
5.523713231086730957e-01
1.514996774494647980e-02
1.113119006156921387e+00
8.402004837989807129e-03
4.243729114532470703e-01
5.365676879882812500e+00
0.000000000000000000e+00
4.166125133633613586e-02
3.548439443111419678e-01
5.456615090370178223e-01
1.749545574188232422e+00
0.000000000000000000e+00
1.494880914688110352e-01
5.276048183441162109e-01
9.444693326950073242e-01
5.268873572349548340e-01
1.649908185005187988e+00
1.219494789838790894e-01
6.550544261932373047e+00
9.552406072616577148e-01
4.172618314623832703e-02
5.370129942893981934e-01
2.318269729614257812e+00
8.695439696311950684e-01
1.940238624811172485e-01
2.755039632320404053e-01
1.447301506996154785e+00
7.226483225822448730e-01
6.557277590036392212e-02
1.246868133544921875e+00
2.641778707504272461e+00
2.130071222782135010e-01
1.824270933866500854e-01
5.806246995925903320e-01
9.827820584177970886e-03
0.000000000000000000e+00
5.267556309700012207e-01
4.765816211700439453e+00
3.260881602764129639e-01
7.092145085334777832e-01
1.709939539432525635e-01
4.091675281524658203e-01
6.722268462181091309e-02
6.929247856140136719e+00
0.000000000000000000e+00
8.727645874023437500e-02
3.563371002674102783e-01
5.977088212966918945e-01
0.000000000000000000e+00
5.486164614558219910e-02
2.171075195074081421e-01
1.629636049270629883e+00
6.062825210392475128e-03
2.609325386583805084e-02
2.120459228754043579e-01
1.355260372161865234e+00
0.000000000000000000e+00
1.703522726893424988e-02
1.973237656056880951e-02
4.707436859607696533e-01
8.095822930335998535e-01
7.520060539245605469e-01
1.149583339691162109e+00
5.602849721908569336e-01
6.738245487213134766e-01
4.470629692077636719e-01
8.272438645362854004e-01
1.127818465232849121e+00
1.763365387916564941e+00
5.082416534423828125e-01
7.411926984786987305e-01
1.964540362358093262e+00
1.509238500148057938e-02
3.011660277843475342e-01
7.850321531295776367e-01
2.341652214527130127e-01
1.000470444560050964e-01
8.028578162193298340e-01
2.301481738686561584e-02
2.112394571304321289e-01
8.837678432464599609e-01
1.291781365871429443e-01
1.110525846481323242e+00
1.595997333526611328e+00
2.640839219093322754e-01
3.070021979510784149e-02
1.578900337219238281e+00
2.597584962844848633e+00
5.016860738396644592e-02
7.099763154983520508e-01
1.374485194683074951e-01
3.291945671662688255e-03
2.405363135039806366e-02
1.099192444235086441e-02
2.024604193866252899e-02
3.236428275704383850e-02
0.000000000000000000e+00
2.929575555026531219e-02
4.257080256938934326e-01
1.771728694438934326e-01
5.985870957374572754e-01
1.792396664619445801e+00
1.112986281514167786e-01
8.925127238035202026e-02
2.422100782394409180e+00
4.065839052200317383e-01
1.048356443643569946e-01
1.498134016990661621e+00
2.687483727931976318e-01
9.134270995855331421e-02
4.178074598312377930e-01
4.613021850585937500e+00
1.494212508201599121e+00
8.795214891433715820e-01
6.378045082092285156e-01
5.683534964919090271e-02
6.923002004623413086e-01
3.018339574337005615e-01
1.528294086456298828e-01
3.793505132198333740e-01
4.661341905593872070e-01
6.015900969505310059e-01
7.296282052993774414e-01
4.376447200775146484e-02
1.648195236921310425e-01
0.000000000000000000e+00
4.347703158855438232e-01
0.000000000000000000e+00
1.268638014793395996e+00
7.175149321556091309e-01
2.515977323055267334e-01
0.000000000000000000e+00
0.000000000000000000e+00
1.419805437326431274e-01
1.138402819633483887e+00
9.688327461481094360e-02
1.009643599390983582e-01
3.185891546308994293e-03
7.163799405097961426e-01
0.000000000000000000e+00
3.800865709781646729e-01
3.121066391468048096e-01
2.072635143995285034e-01
6.322437524795532227e-01
2.072380781173706055e-01
1.349882781505584717e-01
9.259325861930847168e-01
2.362877875566482544e-01
5.437247082591056824e-02
2.232697159051895142e-01
2.317895293235778809e-01
4.771617054939270020e-01
4.254641830921173096e-01
9.033995270729064941e-01
5.561538338661193848e-01
4.389230627566576004e-03
5.436260104179382324e-01
0.000000000000000000e+00
2.143623113632202148e+00
8.793681859970092773e-01
2.878006547689437866e-02
1.105075702071189880e-01
3.220168640837073326e-03
2.069644927978515625e-01
9.612424969673156738e-01
5.715898871421813965e-01
1.777203917503356934e+00
4.374437808990478516e+00
1.004783034324645996e+00
4.097474217414855957e-01
7.931643724441528320e-02
1.599734872579574585e-01
0.000000000000000000e+00
2.671240270137786865e-01
6.789521314203739166e-03
1.472313255071640015e-01
2.548959665000438690e-02
5.659187957644462585e-02
9.681683778762817383e-01
0.000000000000000000e+00
1.254267804324626923e-02
1.126890897750854492e+00
5.907822400331497192e-02
1.153042614459991455e-01
0.000000000000000000e+00
4.526820480823516846e-01
3.459808230400085449e-01
3.314831256866455078e-01
2.017484426498413086e+00
7.135362247936427593e-04
6.088163703680038452e-02
9.331248700618743896e-02
1.792497634887695312e-01
7.270805239677429199e-01
5.168901756405830383e-03
0.000000000000000000e+00
1.114672064781188965e+00
8.805297613143920898e-01
0.000000000000000000e+00
0.000000000000000000e+00
7.410660982131958008e-01
9.049706161022186279e-02
3.284201920032501221e-01
1.764036715030670166e-01
8.427819609642028809e-01
1.222746968269348145e-01
1.018821597099304199e+00
1.729899764060974121e+00
2.828003093600273132e-02
3.442832268774509430e-03
6.071009207516908646e-03
1.021050959825515747e-01
7.514359951019287109e-01
6.064197421073913574e-01
4.882787466049194336e-01
0.000000000000000000e+00
2.827085554599761963e-01
1.389113068580627441e-01
1.965802013874053955e-01
1.301434755325317383e+00
2.326185554265975952e-01
3.042920827865600586e-01
8.627082705497741699e-01
1.003454327583312988e+00
0.000000000000000000e+00
7.010667026042938232e-02
1.543805748224258423e-02
6.168498992919921875e-01
3.708379575982689857e-03
4.622050095349550247e-03
3.825575411319732666e-01
2.971425056457519531e-01
3.204636812210083008e+00
6.245716214179992676e-01
5.242990255355834961e-01
1.111975550651550293e+00
2.371878862380981445e+00
0.000000000000000000e+00
7.840301990509033203e-01
1.242134332656860352e+00
1.579738378524780273e+00
5.298435091972351074e-01
9.621651768684387207e-01
3.941567242145538330e-02
7.768880575895309448e-02
1.210372545756399632e-03
7.053359597921371460e-02
4.624420106410980225e-01
5.009011831134557724e-03
3.638710737228393555e+00
1.095516800880432129e+00
5.278404951095581055e-01
0.000000000000000000e+00
2.084831148386001587e-01
3.422773443162441254e-03
0.000000000000000000e+00
0.000000000000000000e+00
7.404645904898643494e-03
2.629447877407073975e-01
2.653993666172027588e-02
0.000000000000000000e+00
3.188065886497497559e-01
1.432262063026428223e-01
1.280775219202041626e-01
2.486119508743286133e+00
9.305276721715927124e-02
3.521114960312843323e-02
4.175151288509368896e-01
1.792570650577545166e-01
2.566484928131103516e+00
3.165246546268463135e-02
8.024346828460693359e-02
8.167228698730468750e-01
9.956990480422973633e-01
9.956958889961242676e-01
4.021017849445343018e-01
1.402778029441833496e+00
5.486714839935302734e-01
7.150403857231140137e-01
0.000000000000000000e+00
4.767645895481109619e-02
1.186991572380065918e+00
6.770636141300201416e-02
1.608879491686820984e-02
3.699399232864379883e+00
3.714334592223167419e-02
5.229163169860839844e-01
2.736544311046600342e-01
1.895352154970169067e-01
4.167913198471069336e-01
0.000000000000000000e+00
2.042426824569702148e+00
8.055018186569213867e-01
1.676436066627502441e-01
8.598436713218688965e-01
1.728105306625366211e+00
0.000000000000000000e+00
2.032860040664672852e+00
7.371714711189270020e-02
1.061516553163528442e-01
1.963221430778503418e-01
0.000000000000000000e+00
1.333064585924148560e-01
3.567486107349395752e-01
1.185713291168212891e+00
0.000000000000000000e+00
5.856896042823791504e-01
1.704878509044647217e-01
1.670129895210266113e+00
3.693826496601104736e-03
3.175753355026245117e-01
1.954024285078048706e-01
8.158050775527954102e-01
8.844468742609024048e-02
3.241820726543664932e-03
0.000000000000000000e+00
5.828779339790344238e-01
1.337606072425842285e+00
3.589745163917541504e-01
1.237875036895275116e-02
1.591928362846374512e+00
1.883282326161861420e-03
1.843803167343139648e+00
5.478218793869018555e-01
4.498291611671447754e-01
4.276281893253326416e-01
0.000000000000000000e+00
2.032012224197387695e+00
1.774058103561401367e+00
5.649047344923019409e-02
2.649727821350097656e+00
7.364286780357360840e-01
3.627872467041015625e-01
4.033606648445129395e-01
3.346000332385301590e-03
8.616196513175964355e-01
6.965710520744323730e-01
1.503463506698608398e+00
0.000000000000000000e+00
1.662994027137756348e-01
5.960166454315185547e-01
7.932240366935729980e-01
3.043976306915283203e+00
4.429857134819030762e-01
0.000000000000000000e+00
7.116213440895080566e-01
7.656349986791610718e-02
8.183853030204772949e-01
1.542992740869522095e-01
8.678290992975234985e-02
0.000000000000000000e+00
1.442095041275024414e+00
1.055663943290710449e+00
0.000000000000000000e+00
5.354799628257751465e-01
0.000000000000000000e+00
1.986534595489501953e+00
3.927008435130119324e-02
1.246525868773460388e-01
3.204334378242492676e-01
0.000000000000000000e+00
1.087871074676513672e+00
3.983964398503303528e-02
1.012679710984230042e-01
1.192762404680252075e-01
2.773439884185791016e+00
0.000000000000000000e+00
0.000000000000000000e+00
8.968892693519592285e-01
1.227567672729492188e+00
1.578284502029418945e-01
1.274781823158264160e+00
1.201937794685363770e+00
1.766008257865905762e+00
2.175033569335937500e+00
1.067748665809631348e+00
1.811025738716125488e-01
1.344196081161499023e+00
0.000000000000000000e+00
0.000000000000000000e+00
