1.533498317003250122e-01
0.000000000000000000e+00
3.748618066310882568e-01
3.036235809326171875e+00
3.081213450059294701e-03
4.616532623767852783e-01
1.798453032970428467e-01
2.905905246734619141e+00
5.762509822845458984e+00
6.894482970237731934e-01
4.656201004981994629e-01
1.503954529762268066e+00
2.403605729341506958e-01
1.360820055007934570e+00
3.270185232162475586e+00
7.881390452384948730e-01
6.798747777938842773e-01
2.050476312637329102e+00
1.947948813438415527e+00
4.271634668111801147e-02
7.513884305953979492e-01
0.000000000000000000e+00
3.065143898129463196e-02
3.139310836791992188e+00
7.518521975725889206e-03
1.027854997664690018e-02
7.049185037612915039e-02
2.476487636566162109e+00
1.342582702636718750e-01
0.000000000000000000e+00
1.065587878227233887e+00
3.159757554531097412e-01
2.873473465442657471e-01
3.074251115322113037e-02
3.590431436896324158e-02
2.293426513671875000e+00
1.909954100847244263e-01
1.062954306602478027e+00
7.660068273544311523e-01
3.105405904352664948e-02
3.873448967933654785e-01
1.978254020214080811e-01
7.008769512176513672e-01
3.032184123992919922e+00
4.204624295234680176e-01
9.670113325119018555e-01
9.944111853837966919e-02
2.204274237155914307e-01
3.678110986948013306e-02
8.922383785247802734e-01
7.485969662666320801e-01
4.254586249589920044e-02
1.121835708618164062e+00
8.946055918931961060e-02
1.317711472511291504e+00
0.000000000000000000e+00
5.225554108619689941e-01
0.000000000000000000e+00
2.716995477676391602e+00
8.663242459297180176e-01
9.236516952514648438e-01
8.033291995525360107e-02
1.019223630428314209e-01
1.506634712219238281e+00
1.197366356849670410e+00
6.781613230705261230e-01
4.604281485080718994e-02
6.107810139656066895e-02
5.442199856042861938e-02
1.419309496879577637e+00
0.000000000000000000e+00
6.645939946174621582e-01
2.670969255268573761e-02
5.560430698096752167e-03
9.155024290084838867e-01
3.558768749237060547e+00
0.000000000000000000e+00
1.473330333828926086e-02
2.946476936340332031e-01
4.647317230701446533e-01
3.934298753738403320e-01
1.125466823577880859e-01
1.206254124641418457e+00
2.370361052453517914e-02
1.319772958755493164e+00
3.074122667312622070e-01
2.072256803512573242e+00
4.624826014041900635e-01
1.089903593063354492e+00
3.766925306990742683e-03
3.647022694349288940e-02
5.840158462524414062e-01
7.547110319137573242e-02
0.000000000000000000e+00
1.745535731315612793e+00
3.360275924205780029e-01
1.198790371417999268e-01
5.286533236503601074e-01
2.802246436476707458e-02
1.032203361392021179e-01
0.000000000000000000e+00
3.258395195007324219e-01
0.000000000000000000e+00
1.531474947929382324e+00
2.330878019332885742e+00
3.369812369346618652e-01
1.236377716064453125e+00
1.135131111368536949e-03
6.234762817621231079e-02
7.950962334871292114e-02
9.648560881614685059e-01
3.935929853469133377e-03
7.879309058189392090e-01
2.843736484646797180e-02
1.418925821781158447e-01
7.142150402069091797e-02
0.000000000000000000e+00
1.524546928703784943e-02
0.000000000000000000e+00
2.199067115783691406e+00
3.269009351730346680e+00
5.618175119161605835e-02
5.455581471323966980e-03
1.990524530410766602e+00
1.536549478769302368e-01
3.304539918899536133e-01
6.933728605508804321e-02
3.847170155495405197e-03
1.548071026802062988e+00
5.566340684890747070e-01
1.108014509081840515e-01
7.228802144527435303e-02
3.665670156478881836e-01
1.302973330020904541e-01
2.326460480690002441e-01
0.000000000000000000e+00
6.936377286911010742e-01
4.017701625823974609e+00
0.000000000000000000e+00
9.104306227527558804e-04
1.269440531730651855e+00
2.043523937463760376e-01
1.626389145851135254e+00
1.854776777327060699e-02
8.245347142219543457e-01
1.353465437889099121e+00
1.177108407020568848e+00
8.309860229492187500e-01
1.272086739540100098e+00
8.987377583980560303e-02
4.191847801208496094e+00
2.566606402397155762e-01
8.312871679663658142e-03
5.626066401600837708e-02
9.475304484367370605e-01
3.079926967620849609e-01
2.533237338066101074e-01
2.042544633150100708e-01
2.904157638549804688e+00
8.316378109157085419e-03
3.674315512180328369e-01
3.545724451541900635e-01
4.387924075126647949e-01
3.762439787387847900e-01
0.000000000000000000e+00
2.464734613895416260e-01
0.000000000000000000e+00
0.000000000000000000e+00
8.171406984329223633e-01
1.932303547859191895e+00
4.505594447255134583e-02
2.840738743543624878e-02
6.252400577068328857e-03
5.953587293624877930e-01
3.075208663940429688e-01
7.209450721740722656e+00
0.000000000000000000e+00
0.000000000000000000e+00
6.232866272330284119e-02
2.174700424075126648e-02
0.000000000000000000e+00
7.979038637131452560e-04
1.649388228543102741e-03
2.240563392639160156e+00
5.209042131900787354e-02
1.689192652702331543e-02
3.561820834875106812e-03
2.115003168582916260e-01
3.811450675129890442e-03
1.439742511138319969e-03
1.166671048849821091e-02
2.134818732738494873e-01
7.111912965774536133e-01
1.159573420882225037e-01
5.823635030537843704e-03
3.798138201236724854e-01
1.400538802146911621e+00
1.250440031290054321e-01
5.787593126296997070e-01
5.233386158943176270e-01
1.612615466117858887e+00
1.356632232666015625e+00
4.239391386508941650e-01
1.885382533073425293e-01
3.544642031192779541e-02
3.678568825125694275e-02
8.622632622718811035e-01
2.496722787618637085e-01
1.024930179119110107e-01
2.894735097885131836e+00
1.542954742908477783e-01
2.872436493635177612e-02
0.000000000000000000e+00
1.340467715635895729e-03
1.427282333374023438e+00
1.220892786979675293e+00
3.999329805374145508e-01
7.666199207305908203e-01
1.324055433273315430e+00
1.084773302078247070e+00
8.873697370290756226e-02
4.398513138294219971e-01
1.007612109184265137e+00
0.000000000000000000e+00
1.167981863021850586e+00
0.000000000000000000e+00
1.386095769703388214e-02
6.328731179237365723e-01
4.651570634450763464e-04
5.150212906301021576e-03
2.197190970182418823e-01
1.565006189048290253e-02
1.614541411399841309e-01
1.916021823883056641e+00
8.895593285560607910e-01
4.747634828090667725e-01
1.227653980255126953e+00
8.183929324150085449e-01
0.000000000000000000e+00
1.066019892692565918e+00
2.034270763397216797e-01
1.193441823124885559e-01
5.671762675046920776e-02
2.131297111511230469e+00
1.026612967252731323e-01
5.328084900975227356e-02
7.469407320022583008e-01
0.000000000000000000e+00
4.122737407684326172e+00
8.846308290958404541e-02
1.200529113411903381e-01
7.720888853073120117e-01
3.379930257797241211e-01
1.020232811570167542e-01
3.630915880203247070e-01
9.643141180276870728e-02
3.703429549932479858e-02
0.000000000000000000e+00
0.000000000000000000e+00
4.525535926222801208e-02
9.530034065246582031e-01
8.869190700352191925e-03
0.000000000000000000e+00
5.499700456857681274e-02
0.000000000000000000e+00
1.581542491912841797e-01
4.638459980487823486e-01
2.126346081495285034e-01
3.205695003271102905e-02
5.915883183479309082e-01
7.449812293052673340e-01
9.823063015937805176e-01
9.141154885292053223e-01
3.943703770637512207e-01
1.386900544166564941e+00
2.752366103231906891e-02
1.511016488075256348e-01
1.588109582662582397e-01
7.176793813705444336e-01
7.714080065488815308e-02
1.294331275857985020e-03
1.958842277526855469e-01
1.108743771910667419e-01
1.242825295776128769e-02
2.499765008687973022e-01
2.201398909091949463e-01
8.034467697143554688e-01
1.526116952300071716e-02
7.549924254417419434e-01
0.000000000000000000e+00
8.411393165588378906e-01
7.886987924575805664e-01
2.376432418823242188e-01
0.000000000000000000e+00
5.983975529670715332e-02
3.188412785530090332e-01
2.016667872667312622e-01
5.437633395195007324e-01
5.146614909172058105e-01
3.905358791351318359e+00
1.519202589988708496e+00
5.738137960433959961e-01
8.000302314758300781e-02
0.000000000000000000e+00
6.468556821346282959e-03
5.295699834823608398e-02
9.442532435059547424e-03
0.000000000000000000e+00
1.400413736701011658e-02
9.097299724817276001e-02
2.644714415073394775e-01
0.000000000000000000e+00
3.127410709857940674e-01
5.332810282707214355e-01
5.980441812425851822e-03
6.665948033332824707e-01
0.000000000000000000e+00
2.718809247016906738e-01
0.000000000000000000e+00
0.000000000000000000e+00
1.271347403526306152e+00
2.866804227232933044e-02
0.000000000000000000e+00
5.523949265480041504e-01
4.060147404670715332e-01
1.329563021659851074e+00
4.938820004463195801e-01
0.000000000000000000e+00
7.125272154808044434e-01
2.804354429244995117e-01
0.000000000000000000e+00
1.220177412033081055e-01
9.306645020842552185e-03
6.285763811320066452e-04
6.603985279798507690e-02
4.705875813961029053e-01
1.663443446159362793e+00
9.361917972564697266e-01
2.417175024747848511e-01
2.560159564018249512e-01
0.000000000000000000e+00
3.557096794247627258e-02
6.916256994009017944e-02
1.462336909025907516e-02
1.355863213539123535e+00
1.156227707862854004e+00
7.721735239028930664e-01
0.000000000000000000e+00
0.000000000000000000e+00
4.324220120906829834e-01
9.409483075141906738e-01
3.703476488590240479e-01
8.609384298324584961e-02
3.292946889996528625e-02
3.364465534687042236e-01
7.598313093185424805e-01
2.022653631865978241e-02
2.140571549534797668e-02
0.000000000000000000e+00
1.313591152429580688e-01
2.208017110824584961e+00
8.140891790390014648e-03
1.302031725645065308e-01
9.083141088485717773e-01
1.541391134262084961e+00
9.601525664329528809e-01
1.173490166664123535e+00
1.377337217330932617e+00
2.624465942382812500e+00
3.846933692693710327e-02
6.150154024362564087e-02
9.652767181396484375e-01
1.032853797078132629e-01
1.367822408676147461e+00
4.324336051940917969e-01
5.971428379416465759e-02
8.068645000457763672e-02
0.000000000000000000e+00
0.000000000000000000e+00
1.795793026685714722e-01
1.138039901852607727e-01
2.007725954055786133e+00
2.178322076797485352e+00
3.652361631393432617e-01
0.000000000000000000e+00
8.019646406173706055e-01
0.000000000000000000e+00
1.917932648211717606e-03
0.000000000000000000e+00
0.000000000000000000e+00
4.382076263427734375e-01
0.000000000000000000e+00
0.000000000000000000e+00
1.647923737764358521e-01
2.396749258041381836e-01
0.000000000000000000e+00
1.757324814796447754e+00
6.839038729667663574e-01
2.872909791767597198e-02
4.154844284057617188e-01
6.110730171203613281e-01
1.983866453170776367e+00
0.000000000000000000e+00
5.599225163459777832e-01
1.994731426239013672e+00
2.401967644691467285e-01
1.288948893547058105e+00
1.354712694883346558e-01
9.437622427940368652e-01
1.527075916528701782e-01
1.604542732238769531e-01
6.598931550979614258e-02
4.312688410282135010e-01
2.520773649215698242e+00
4.191124141216278076e-01
2.638730406761169434e-01
1.640410661697387695e+00
1.373416483402252197e-01
6.037639081478118896e-02
0.000000000000000000e+00
5.034390091896057129e-02
4.577438533306121826e-02
0.000000000000000000e+00
1.535438060760498047e+00
1.014439821243286133e+00
0.000000000000000000e+00
3.163003027439117432e-01
1.752010345458984375e+00
3.073983266949653625e-02
1.549561321735382080e-01
2.786951372399926186e-04
1.820768043398857117e-02
0.000000000000000000e+00
1.807012408971786499e-02
0.000000000000000000e+00
1.466649621725082397e-01
1.448513418436050415e-01
1.200328767299652100e-02
9.583587758243083954e-03
8.702523261308670044e-02
2.378082036972045898e+00
0.000000000000000000e+00
8.416146039962768555e-03
2.728509902954101562e-02
7.582619190216064453e-01
5.347268283367156982e-02
7.915385067462921143e-02
1.273597627878189087e-01
2.188857495784759521e-01
1.011161208152770996e+00
7.503710687160491943e-02
8.430702984333038330e-02
2.011780977249145508e+00
1.267560292035341263e-02
3.962287902832031250e-01
1.076687574386596680e-01
2.623376846313476562e-01
9.664764255285263062e-02
1.202684640884399414e-02
1.067521452903747559e+00
2.123456239700317383e+00
6.451822519302368164e-01
1.945161223411560059e+00
1.358107626438140869e-01
1.216574549674987793e+00
3.645545244216918945e-01
2.672726660966873169e-02
1.381607770919799805e+00
2.758345901966094971e-01
1.016258239746093750e+00
1.883875019848346710e-02
1.040394529700279236e-01
6.479365378618240356e-02
3.059181384742259979e-02
2.011457443237304688e+00
1.004558801651000977e-02
0.000000000000000000e+00
5.242685079574584961e-01
2.743600606918334961e-01
8.646168708801269531e-01
5.255634337663650513e-02
0.000000000000000000e+00
2.711000107228755951e-02
1.525115132331848145e+00
1.176709651947021484e+00
2.612208761274814606e-02
1.140429154038429260e-01
6.029021460562944412e-03
9.629164338111877441e-01
1.239660009741783142e-01
8.731458336114883423e-02
1.099406838417053223e+00
9.588407725095748901e-02
7.451317310333251953e-01
1.041601039469242096e-02
1.209991499781608582e-01
0.000000000000000000e+00
1.297040224075317383e+00
4.252413809299468994e-01
5.130140483379364014e-02
1.014518380165100098e+00
3.615791499614715576e-01
4.366711154580116272e-02
3.020952641963958740e-01
8.206543326377868652e-01
1.259424567222595215e+00
1.639804720878601074e+00
5.236839056015014648e-01
1.298334002494812012e-01
1.050186231732368469e-01
1.191867236047983170e-02
0.000000000000000000e+00
