4.029661118984222412e-01
0.000000000000000000e+00
1.294081807136535645e-01
2.855427503585815430e+00
1.000673413276672363e+00
1.487274765968322754e-01
5.443795323371887207e-01
3.308375597000122070e+00
6.279464244842529297e+00
7.568253874778747559e-01
7.025166600942611694e-02
1.210026741027832031e+00
3.417057096958160400e-01
1.104479312896728516e+00
2.896867275238037109e+00
1.115719079971313477e+00
1.167025446891784668e+00
2.682480096817016602e+00
1.365225911140441895e+00
9.527190774679183960e-02
2.216454744338989258e+00
2.949098125100135803e-02
1.643450558185577393e-01
1.754922032356262207e+00
2.562656998634338379e-01
0.000000000000000000e+00
1.289409399032592773e-01
3.213331222534179688e+00
2.973931431770324707e-01
8.219529874622821808e-03
9.463971853256225586e-02
1.290344749577343464e-03
4.465448260307312012e-01
2.098584771156311035e-01
5.175653845071792603e-03
2.851127386093139648e+00
1.866170912981033325e-01
1.290514022111892700e-01
7.132553458213806152e-01
2.563046514987945557e-01
4.313680529594421387e-02
5.797893404960632324e-01
5.833774209022521973e-01
3.740081310272216797e+00
7.945749759674072266e-01
1.120550632476806641e+00
1.844977885484695435e-01
5.868100523948669434e-01
1.002756063826382160e-03
1.562227129936218262e+00
1.768011450767517090e+00
0.000000000000000000e+00
1.045335054397583008e+00
9.642586857080459595e-02
1.134956121444702148e+00
2.722420394420623779e-01
8.810899257659912109e-01
0.000000000000000000e+00
1.440243124961853027e+00
4.630797505378723145e-01
8.477833867073059082e-02
1.480717957019805908e-01
1.171855702996253967e-01
1.507496714591979980e+00
1.781470775604248047e+00
7.529332041740417480e-01
1.482551097869873047e-01
7.505714297294616699e-01
5.217871665954589844e-01
1.127464532852172852e+00
0.000000000000000000e+00
2.053364068269729614e-01
2.244417816400527954e-01
9.576096534729003906e-01
2.879635989665985107e-01
1.634775519371032715e+00
0.000000000000000000e+00
4.887758791446685791e-01
8.202393651008605957e-01
4.530682265758514404e-01
0.000000000000000000e+00
4.660048782825469971e-01
2.070069789886474609e+00
1.578730880282819271e-03
1.287007570266723633e+00
1.201216783374547958e-02
7.957456707954406738e-01
5.529701709747314453e-02
1.080271601676940918e+00
9.175645536743104458e-04
7.761867344379425049e-02
1.204511821269989014e-01
2.069463953375816345e-02
0.000000000000000000e+00
8.873634934425354004e-01
1.317705214023590088e-01
1.160079002380371094e+00
6.010361909866333008e-01
6.370536983013153076e-03
9.782796725630760193e-03
0.000000000000000000e+00
3.964488208293914795e-01
3.135826438665390015e-02
1.306270837783813477e+00
1.453369855880737305e+00
8.763034641742706299e-02
9.075432419776916504e-01
2.236123085021972656e-01
9.060059487819671631e-02
5.736921429634094238e-01
1.454730749130249023e+00
8.726915344595909119e-03
9.306737184524536133e-01
3.816136121749877930e-01
4.002183675765991211e-01
3.248364478349685669e-02
4.430678673088550568e-03
7.563577592372894287e-02
4.040123894810676575e-03
2.264650106430053711e+00
2.100421667098999023e+00
9.817498922348022461e-02
4.371881484985351562e-02
1.191694617271423340e+00
5.687237977981567383e-01
5.176696181297302246e-01
0.000000000000000000e+00
2.339650690555572510e-01
2.439241647720336914e+00
3.762910068035125732e-01
2.569299191236495972e-03
1.091293334960937500e+00
4.748006463050842285e-01
0.000000000000000000e+00
2.620417177677154541e-01
1.135678868740797043e-02
1.944101899862289429e-01
5.024241447448730469e+00
0.000000000000000000e+00
0.000000000000000000e+00
4.096632897853851318e-01
2.297894209623336792e-01
1.719355344772338867e+00
0.000000000000000000e+00
8.618190288543701172e-01
5.275576114654541016e-01
8.760514259338378906e-01
1.273980259895324707e+00
4.201042056083679199e-01
3.060122728347778320e-01
5.853942871093750000e+00
4.731934070587158203e-01
2.889387868344783783e-02
3.397293388843536377e-01
2.205955266952514648e+00
7.280861735343933105e-01
1.709520518779754639e-01
1.768814772367477417e-01
2.455834865570068359e+00
2.215003073215484619e-01
2.946556508541107178e-01
1.442879676818847656e+00
1.026020169258117676e+00
1.460094600915908813e-01
6.542035192251205444e-02
4.455426931381225586e-01
3.186810063198208809e-03
0.000000000000000000e+00
1.084016919136047363e+00
3.152635574340820312e+00
2.619760036468505859e-01
5.893271565437316895e-01
3.620899748057126999e-03
1.043953657150268555e+00
1.900564432144165039e-01
6.939034461975097656e+00
0.000000000000000000e+00
5.942263454198837280e-02
9.624663740396499634e-02
1.637306213378906250e-01
5.773673765361309052e-03
1.234956784173846245e-03
1.286694593727588654e-02
2.229200124740600586e+00
0.000000000000000000e+00
2.575459703803062439e-02
3.406955301761627197e-02
6.066753268241882324e-01
0.000000000000000000e+00
3.753758966922760010e-02
0.000000000000000000e+00
3.709166347980499268e-01
8.653022646903991699e-01
4.852712750434875488e-01
7.912483811378479004e-02
5.095227360725402832e-01
6.449544429779052734e-01
3.635601699352264404e-01
2.076844125986099243e-01
9.826383590698242188e-01
1.666509985923767090e+00
5.025072693824768066e-01
4.005158543586730957e-01
9.196847081184387207e-01
8.085109293460845947e-03
5.775193497538566589e-02
4.858636558055877686e-01
6.403049081563949585e-02
1.559855975210666656e-02
1.607749223709106445e+00
8.884762227535247803e-02
1.370383799076080322e-01
3.208632469177246094e-01
3.028784096240997314e-01
1.131514191627502441e+00
1.254771590232849121e+00
7.989614605903625488e-01
1.645967364311218262e-01
1.632881879806518555e+00
1.287780761718750000e+00
8.728554844856262207e-02
3.590892255306243896e-02
4.833103120326995850e-01
6.832490675151348114e-03
5.413169264793395996e-01
0.000000000000000000e+00
3.329171836376190186e-01
5.867264866828918457e-01
6.889282376505434513e-04
1.301495879888534546e-01
2.831590771675109863e-01
2.653051912784576416e-01
9.935387969017028809e-01
2.415036201477050781e+00
3.656944632530212402e-01
4.248374998569488525e-01
1.522130608558654785e+00
9.181887507438659668e-01
0.000000000000000000e+00
9.407082200050354004e-01
1.652822047472000122e-01
3.080370463430881500e-02
3.391938507556915283e-01
3.522382497787475586e+00
8.300589323043823242e-01
6.799093484878540039e-01
9.158424139022827148e-01
1.399772986769676208e-02
1.565053582191467285e+00
6.695094108581542969e-01
1.931679099798202515e-01
2.124456614255905151e-01
5.245081186294555664e-01
7.087780833244323730e-01
8.668661117553710938e-01
7.676729559898376465e-02
0.000000000000000000e+00
0.000000000000000000e+00
2.732683718204498291e-02
2.079981938004493713e-02
8.701269626617431641e-01
0.000000000000000000e+00
2.927774190902709961e-02
6.912652403116226196e-03
0.000000000000000000e+00
1.368482857942581177e-01
1.969760417938232422e+00
1.274712234735488892e-01
2.127535194158554077e-01
0.000000000000000000e+00
7.434694766998291016e-01
1.315830498933792114e-01
6.382476687431335449e-01
1.841344833374023438e-01
4.333942830562591553e-01
4.242869317531585693e-01
2.994589209556579590e-01
3.579180240631103516e-01
1.610631465911865234e+00
4.241669178009033203e-02
1.525968313217163086e-03
8.477781414985656738e-01
2.764527499675750732e-01
9.140746295452117920e-02
1.724402457475662231e-01
9.981491565704345703e-01
4.424699842929840088e-01
1.803326420485973358e-02
1.331651568412780762e+00
0.000000000000000000e+00
1.005350232124328613e+00
1.767357826232910156e+00
2.506231144070625305e-02
2.086344957351684570e-01
0.000000000000000000e+00
4.063512682914733887e-01
3.824670016765594482e-01
3.334026932716369629e-01
1.392608642578125000e+00
4.651860237121582031e+00
6.488275527954101562e-01
2.078788876533508301e-01
3.114927001297473907e-02
4.023551940917968750e-01
0.000000000000000000e+00
4.106353595852851868e-02
0.000000000000000000e+00
0.000000000000000000e+00
6.607970595359802246e-02
9.441895037889480591e-02
1.063671112060546875e+00
0.000000000000000000e+00
3.307102620601654053e-02
6.173988580703735352e-01
1.534255295991897583e-01
3.600525557994842529e-01
0.000000000000000000e+00
4.749163389205932617e-01
6.438286900520324707e-01
2.002243846654891968e-01
1.669222116470336914e+00
0.000000000000000000e+00
0.000000000000000000e+00
2.742971479892730713e-01
2.279246896505355835e-01
7.117335200309753418e-01
9.375233203172683716e-02
0.000000000000000000e+00
8.574376106262207031e-01
7.968628406524658203e-01
0.000000000000000000e+00
1.944298273883759975e-03
3.881178796291351318e-01
0.000000000000000000e+00
1.520794071257114410e-02
3.571084737777709961e-01
1.154801607131958008e+00
1.450629532337188721e-01
1.190819859504699707e+00
8.418332934379577637e-01
2.145432122051715851e-02
9.976625442504882812e-04
1.841307990252971649e-02
6.340438500046730042e-03
6.216183900833129883e-01
7.496311068534851074e-01
1.738000959157943726e-01
1.621468365192413330e-02
6.206761598587036133e-01
1.716186553239822388e-01
3.774038851261138916e-01
1.468409776687622070e+00
1.621221154928207397e-01
2.080033868551254272e-01
5.643339753150939941e-01
1.628739953041076660e+00
0.000000000000000000e+00
3.902519345283508301e-01
1.290772855281829834e-02
2.024067491292953491e-01
4.582101404666900635e-01
9.042657166719436646e-02
3.344658315181732178e-01
6.105782985687255859e-01
1.795122385025024414e+00
9.098656773567199707e-01
5.235610604286193848e-01
1.003926038742065430e+00
2.233075857162475586e+00
1.584021560847759247e-02
7.823769450187683105e-01
1.185802936553955078e+00
1.129562616348266602e+00
3.227075040340423584e-01
1.050216555595397949e+00
0.000000000000000000e+00
9.315951913595199585e-02
8.442557603120803833e-02
1.612348705530166626e-01
6.856779456138610840e-01
1.191840022802352905e-01
2.753424644470214844e+00
1.887471079826354980e+00
3.200826346874237061e-01
0.000000000000000000e+00
4.682363271713256836e-01
1.616043411195278168e-02
0.000000000000000000e+00
0.000000000000000000e+00
1.347939521074295044e-01
6.652358770370483398e-01
0.000000000000000000e+00
3.638106584548950195e-02
2.482740134000778198e-01
1.790904402732849121e-01
3.124955296516418457e-01
2.240981817245483398e+00
5.943950265645980835e-03
0.000000000000000000e+00
1.128703474998474121e+00
2.686559855937957764e-01
1.932506561279296875e+00
0.000000000000000000e+00
4.504044353961944580e-01
1.383831024169921875e+00
3.614931702613830566e-01
9.154945015907287598e-01
1.711289137601852417e-01
1.678270936012268066e+00
1.236863583326339722e-01
3.426221907138824463e-01
0.000000000000000000e+00
4.416227340698242188e-01
1.266048431396484375e+00
2.090002894401550293e-01
1.480809878557920456e-02
3.903814792633056641e+00
1.650326140224933624e-02
4.384590387344360352e-01
1.913289576768875122e-01
1.103529408574104309e-01
6.687419414520263672e-01
0.000000000000000000e+00
3.291094541549682617e+00
1.587425351142883301e+00
3.987101912498474121e-01
1.747231721878051758e+00
1.015792727470397949e+00
2.232943288981914520e-02
8.680404424667358398e-01
2.560492604970932007e-02
5.573209840804338455e-03
2.063415944576263428e-03
0.000000000000000000e+00
1.145488861948251724e-02
2.948266267776489258e-01
1.697416007518768311e-01
0.000000000000000000e+00
8.299209177494049072e-02
3.809537738561630249e-02
2.552286624908447266e+00
0.000000000000000000e+00
5.490095168352127075e-02
1.751424074172973633e-01
9.196712374687194824e-01
9.822964668273925781e-02
0.000000000000000000e+00
2.232869854196906090e-03
9.646495580673217773e-01
1.171575307846069336e+00
4.857662916183471680e-01
2.115240991115570068e-01
2.188228130340576172e+00
1.768739521503448486e-02
1.075173377990722656e+00
1.509275138378143311e-01
4.476948380470275879e-01
2.375436872243881226e-01
1.608546823263168335e-02
1.878520250320434570e+00
2.014806032180786133e+00
6.605356186628341675e-02
2.646962881088256836e+00
2.107302993535995483e-01
5.697024464607238770e-01
2.920595183968544006e-02
3.301015822216868401e-03
7.259491682052612305e-01
2.522457540035247803e-01
7.520406246185302734e-01
6.978777050971984863e-02
1.118484809994697571e-01
9.955180436372756958e-02
4.157076776027679443e-01
2.921216964721679688e+00
7.357728481292724609e-01
2.854693122208118439e-02
6.219214200973510742e-01
3.502487838268280029e-01
1.058330178260803223e+00
1.019878089427947998e-01
0.000000000000000000e+00
3.711592173203825951e-03
2.335666418075561523e+00
1.198276758193969727e+00
0.000000000000000000e+00
3.259086012840270996e-01
8.167058229446411133e-02
2.142365932464599609e+00
5.624452829360961914e-01
3.546253740787506104e-01
3.014974594116210938e-01
0.000000000000000000e+00
4.547109007835388184e-01
2.208300381898880005e-01
7.804131507873535156e-02
4.398680105805397034e-02
2.445078611373901367e+00
2.660989761352539062e-01
0.000000000000000000e+00
2.455438822507858276e-01
1.703696489334106445e+00
8.159606903791427612e-02
4.056652486324310303e-01
8.094335794448852539e-01
1.466708064079284668e+00
1.913356542587280273e+00
9.663399457931518555e-01
6.866876967251300812e-03
9.882265925407409668e-01
0.000000000000000000e+00
0.000000000000000000e+00
