5.577940344810485840e-01
0.000000000000000000e+00
9.610030055046081543e-02
2.738739252090454102e+00
6.496523022651672363e-01
2.218440622091293335e-01
1.058599576354026794e-01
3.385704994201660156e+00
6.394401073455810547e+00
6.680936217308044434e-01
1.958936080336570740e-02
1.345717430114746094e+00
2.883785665035247803e-01
1.090756535530090332e+00
2.464045524597167969e+00
7.478849291801452637e-01
5.608014464378356934e-01
2.331053256988525391e+00
1.260601878166198730e+00
2.451233007013797760e-02
1.605682373046875000e+00
1.223281677812337875e-02
1.124326214194297791e-01
1.470983386039733887e+00
1.295602172613143921e-01
7.160158455371856689e-02
5.862148851156234741e-02
2.924653291702270508e+00
3.923442959785461426e-01
6.665404140949249268e-02
1.529617011547088623e-01
4.923395067453384399e-02
3.133845329284667969e-01
2.841669619083404541e-01
1.485511362552642822e-01
2.459035634994506836e+00
7.979275286197662354e-02
3.555697575211524963e-02
9.197891950607299805e-01
2.014113068580627441e-01
3.572079837322235107e-01
5.112360119819641113e-01
6.688411235809326172e-01
3.397629261016845703e+00
7.687042951583862305e-01
1.084992766380310059e+00
3.456132113933563232e-01
7.161207795143127441e-01
1.320103555917739868e-01
1.133335947990417480e+00
1.981610774993896484e+00
0.000000000000000000e+00
1.319855332374572754e+00
1.697456650435924530e-02
6.673043370246887207e-01
1.328270882368087769e-01
1.012204051017761230e+00
8.695228397846221924e-02
1.395370006561279297e+00
6.506785154342651367e-01
8.293026126921176910e-03
4.811689257621765137e-02
1.983110755681991577e-01
1.192839622497558594e+00
1.519582033157348633e+00
5.432120561599731445e-01
1.077576540410518646e-03
4.258780181407928467e-01
2.524739503860473633e-01
1.384401172399520874e-01
0.000000000000000000e+00
5.074629187583923340e-01
8.104016631841659546e-02
6.528455615043640137e-01
4.456670284271240234e-01
1.123431086540222168e+00
0.000000000000000000e+00
4.209469258785247803e-01
1.123588562011718750e+00
7.256739139556884766e-01
1.935259997844696045e-02
4.680890440940856934e-01
1.318859577178955078e+00
1.600913144648075104e-02
1.385485053062438965e+00
6.013121455907821655e-02
1.242029070854187012e+00
0.000000000000000000e+00
3.958436548709869385e-01
2.934152958914637566e-03
1.027698665857315063e-01
1.338737756013870239e-01
3.141325199976563454e-03
0.000000000000000000e+00
1.011207461357116699e+00
1.064213179051876068e-02
1.058730840682983398e+00
1.671364009380340576e-01
8.920250087976455688e-02
0.000000000000000000e+00
1.243771333247423172e-02
4.823068678379058838e-01
6.847253441810607910e-02
8.121201992034912109e-01
1.389527916908264160e+00
1.042442470788955688e-01
8.756487965583801270e-01
4.172013700008392334e-01
4.267179369926452637e-01
5.060058832168579102e-01
1.146337032318115234e+00
1.064989492297172546e-01
3.018907010555267334e-01
5.162078738212585449e-01
3.455276489257812500e-01
9.813804924488067627e-02
1.285337656736373901e-01
0.000000000000000000e+00
6.064473092555999756e-02
2.942568778991699219e+00
1.829280614852905273e+00
2.950911521911621094e-01
5.791920796036720276e-02
8.963795900344848633e-01
9.100980162620544434e-01
2.533173263072967529e-01
4.323454959376249462e-06
2.416123747825622559e-01
2.161697149276733398e+00
1.592216789722442627e-01
0.000000000000000000e+00
7.832553982734680176e-01
4.695439040660858154e-01
0.000000000000000000e+00
8.422660827636718750e-02
2.358598075807094574e-02
8.050701767206192017e-02
5.169856548309326172e+00
0.000000000000000000e+00
1.797115057706832886e-02
2.556942775845527649e-02
3.806769549846649170e-01
1.079547166824340820e+00
0.000000000000000000e+00
8.060788512229919434e-01
5.253770947456359863e-01
7.933068275451660156e-01
4.221969842910766602e-01
7.839132547378540039e-01
3.738944232463836670e-01
5.082996368408203125e+00
4.820520281791687012e-01
3.857125341892242432e-02
5.464705824851989746e-01
1.778605341911315918e+00
1.206720590591430664e+00
5.851026251912117004e-02
2.142026573419570923e-01
1.644373059272766113e+00
4.578630924224853516e-01
1.919093132019042969e-01
1.738265633583068848e+00
9.070149660110473633e-01
2.874188721179962158e-01
1.957481727004051208e-02
2.161303162574768066e-01
1.174646839499473572e-01
0.000000000000000000e+00
5.541164278984069824e-01
3.067771911621093750e+00
6.721391528844833374e-02
6.568812131881713867e-01
4.931844770908355713e-02
1.056105256080627441e+00
7.602914422750473022e-02
6.588466167449951172e+00
0.000000000000000000e+00
3.883918374776840210e-02
2.088049203157424927e-01
2.410324662923812866e-01
2.836470957845449448e-03
7.274279836565256119e-03
2.623521164059638977e-02
1.923427343368530273e+00
2.082282118499279022e-02
1.821136474609375000e-02
5.457667261362075806e-02
7.950867414474487305e-01
0.000000000000000000e+00
4.218459071125835180e-04
0.000000000000000000e+00
2.969266474246978760e-01
9.538758397102355957e-01
5.574888586997985840e-01
3.748500645160675049e-01
9.882506132125854492e-01
3.846126794815063477e-01
4.117218554019927979e-01
4.856728017330169678e-01
5.865153074264526367e-01
1.515148162841796875e+00
3.384792208671569824e-01
8.406949639320373535e-01
1.001852512359619141e+00
9.227924048900604248e-03
2.596670016646385193e-02
1.286566704511642456e-01
4.461700096726417542e-02
1.151203587651252747e-01
1.459723353385925293e+00
1.614415347576141357e-01
1.015714704990386963e-01
3.723343014717102051e-01
4.947083890438079834e-01
1.223313331604003906e+00
1.327193617820739746e+00
4.672293365001678467e-01
2.031841427087783813e-01
1.311251521110534668e+00
1.716461420059204102e+00
0.000000000000000000e+00
7.130132317543029785e-01
2.814221680164337158e-01
3.844448365271091461e-03
1.505545526742935181e-01
5.289632827043533325e-03
1.061739772558212280e-01
7.990000396966934204e-02
3.307870065327733755e-04
1.268358528614044189e-01
3.010957539081573486e-01
2.428771704435348511e-01
8.721761703491210938e-01
1.680933713912963867e+00
4.952243268489837646e-01
6.495626568794250488e-01
1.786165118217468262e+00
5.333757996559143066e-01
1.084360387176275253e-02
1.506984472274780273e+00
1.229060217738151550e-01
8.173844218254089355e-02
3.218620419502258301e-01
3.169481515884399414e+00
6.143806576728820801e-01
2.084130346775054932e-01
7.924379706382751465e-01
1.482578925788402557e-02
9.673353433609008789e-01
6.510781645774841309e-01
3.191551193594932556e-02
1.426032036542892456e-01
6.210072636604309082e-01
1.436390757560729980e+00
7.293017506599426270e-01
9.487952105700969696e-03
2.377412766218185425e-01
0.000000000000000000e+00
1.604428291320800781e-01
2.257021330296993256e-02
7.746245265007019043e-01
1.473976112902164459e-02
1.343283951282501221e-01
0.000000000000000000e+00
0.000000000000000000e+00
1.472781747579574585e-01
1.653421163558959961e+00
1.613889336585998535e-01
3.649773448705673218e-02
3.402407513931393623e-03
9.026014804840087891e-01
1.729240454733371735e-02
1.889703869819641113e-01
2.629845142364501953e-01
2.688588201999664307e-01
2.904551923274993896e-01
2.009979933500289917e-01
6.434031128883361816e-01
1.038418054580688477e+00
1.082863658666610718e-01
1.877598017454147339e-01
3.500895798206329346e-01
3.047223985195159912e-01
2.302369028329849243e-01
6.778299063444137573e-02
9.569385647773742676e-01
4.376765191555023193e-01
1.291842013597488403e-02
5.371320247650146484e-01
0.000000000000000000e+00
1.736050367355346680e+00
1.475718140602111816e+00
1.650137454271316528e-02
9.125211089849472046e-02
0.000000000000000000e+00
3.164405226707458496e-01
4.858932495117187500e-01
4.003141820430755615e-01
1.542091846466064453e+00
4.687757968902587891e+00
5.119498968124389648e-01
2.844943106174468994e-01
5.331457406282424927e-02
4.769887924194335938e-01
0.000000000000000000e+00
2.023052573204040527e-01
4.279986023902893066e-03
0.000000000000000000e+00
3.017794527113437653e-02
1.828249543905258179e-01
1.133367776870727539e+00
0.000000000000000000e+00
3.713572770357131958e-02
8.301463127136230469e-01
2.088396698236465454e-01
6.311453580856323242e-01
0.000000000000000000e+00
2.982295155525207520e-01
5.245021581649780273e-01
3.484323024749755859e-01
1.522199749946594238e+00
0.000000000000000000e+00
0.000000000000000000e+00
1.169547885656356812e-01
4.720008075237274170e-01
6.628809571266174316e-01
2.427729079499840736e-03
0.000000000000000000e+00
6.316128969192504883e-01
6.740412712097167969e-01
9.779728716239333153e-04
5.251386202871799469e-03
6.688028573989868164e-01
0.000000000000000000e+00
1.281089037656784058e-01
1.345838010311126709e-01
1.119620203971862793e+00
2.727633714675903320e-01
5.011733770370483398e-01
6.867154240608215332e-01
3.592654317617416382e-02
5.865142121911048889e-02
2.217232435941696167e-01
9.403858333826065063e-03
7.132087945938110352e-01
6.006669402122497559e-01
3.897681534290313721e-01
3.585732355713844299e-02
5.533328652381896973e-01
3.140317201614379883e-01
1.745927482843399048e-01
1.022920131683349609e+00
2.496941536664962769e-01
2.929129302501678467e-01
6.860952377319335938e-01
8.870639204978942871e-01
0.000000000000000000e+00
2.548848986625671387e-01
0.000000000000000000e+00
3.028796315193176270e-01
9.671703726053237915e-02
1.029556617140769958e-02
8.495320677757263184e-01
3.037599325180053711e-01
2.208958148956298828e+00
1.114264845848083496e+00
3.518556058406829834e-01
1.223643541336059570e+00
2.208336114883422852e+00
1.220302283763885498e-02
9.478521347045898438e-01
1.238943934440612793e+00
6.799582242965698242e-01
1.488578915596008301e-01
9.752874970436096191e-01
1.631479151546955109e-02
6.151139736175537109e-03
1.586502641439437866e-01
1.107712183147668839e-02
5.541143417358398438e-01
5.569587275385856628e-02
2.871389627456665039e+00
2.082112789154052734e+00
3.077097833156585693e-01
8.078315295279026031e-03
3.864993155002593994e-01
1.148769445717334747e-02
0.000000000000000000e+00
0.000000000000000000e+00
7.909019291400909424e-02
4.945212006568908691e-01
8.188851177692413330e-02
7.688875496387481689e-02
2.998738586902618408e-01
1.715934127569198608e-01
4.276384115219116211e-01
2.083481788635253906e+00
4.836379550397396088e-03
2.635060995817184448e-02
3.947600722312927246e-01
5.399692058563232422e-01
1.753390789031982422e+00
0.000000000000000000e+00
7.874101400375366211e-02
1.083905220031738281e+00
6.531197428703308105e-01
5.379525423049926758e-01
1.867283433675765991e-01
1.245421648025512695e+00
2.323750406503677368e-01
3.595213592052459717e-01
0.000000000000000000e+00
3.412001430988311768e-01
1.129729270935058594e+00
7.710605859756469727e-02
5.880217626690864563e-02
4.176593780517578125e+00
3.570271655917167664e-02
5.218381285667419434e-01
2.590775787830352783e-01
1.216001585125923157e-01
3.918091058731079102e-01
0.000000000000000000e+00
2.468263864517211914e+00
1.333772540092468262e+00
1.055049970746040344e-01
1.741520404815673828e+00
1.167349815368652344e+00
2.115003764629364014e-03
1.185325860977172852e+00
6.400997936725616455e-02
6.150201661512255669e-04
3.680420340970158577e-04
0.000000000000000000e+00
2.144201993942260742e-01
3.178633153438568115e-01
7.098428010940551758e-01
0.000000000000000000e+00
5.054739117622375488e-01
3.738482594490051270e-01
1.610209822654724121e+00
1.084553543478250504e-02
2.203943952918052673e-02
5.614767670631408691e-01
3.274675905704498291e-01
8.424523472785949707e-02
0.000000000000000000e+00
6.836079806089401245e-02
5.247604846954345703e-01
1.292247533798217773e+00
4.352053999900817871e-01
1.554456949234008789e-01
1.865011811256408691e+00
0.000000000000000000e+00
1.188823938369750977e+00
3.298133015632629395e-01
4.590349793434143066e-01
6.436101198196411133e-01
2.776999399065971375e-02
1.767347931861877441e+00
2.077723979949951172e+00
1.527194231748580933e-01
2.283789396286010742e+00
4.597296714782714844e-01
4.438976347446441650e-01
9.637900441884994507e-02
4.162020981311798096e-02
6.494525671005249023e-01
2.797753512859344482e-01
8.824918866157531738e-01
2.833081781864166260e-02
1.118309646844863892e-01
5.965975522994995117e-01
3.835023045539855957e-01
2.638061523437500000e+00
4.635447263717651367e-01
9.207658469676971436e-02
5.024270415306091309e-01
1.445693373680114746e-01
5.247511863708496094e-01
3.627046048641204834e-01
2.215333096683025360e-02
1.658198051154613495e-02
1.371053576469421387e+00
7.300062179565429688e-01
4.328991752117872238e-03
6.879536807537078857e-02
2.491510007530450821e-03
2.286858558654785156e+00
4.247986972332000732e-01
1.911880671977996826e-01
3.143488764762878418e-01
3.303996752947568893e-03
3.327259719371795654e-01
5.523433089256286621e-01
1.881112009286880493e-01
1.356061995029449463e-01
2.340876102447509766e+00
3.728763014078140259e-02
1.847738586366176605e-02
3.787407279014587402e-01
1.392426133155822754e+00
3.385033309459686279e-01
3.007317185401916504e-01
8.263507485389709473e-01
1.508065819740295410e+00
1.491673350334167480e+00
9.723481535911560059e-01
6.115034222602844238e-02
8.968523740768432617e-01
2.715020067989826202e-02
0.000000000000000000e+00
