2.300928086042404175e-01
0.000000000000000000e+00
8.402939885854721069e-02
3.168007373809814453e+00
1.061155915260314941e+00
2.818558514118194580e-01
4.383575320243835449e-01
2.911635875701904297e+00
6.182424545288085938e+00
5.226080417633056641e-01
8.262098580598831177e-02
9.190274477005004883e-01
5.749611258506774902e-01
1.450153589248657227e+00
2.611153602600097656e+00
7.559667825698852539e-01
7.717593312263488770e-01
3.124233961105346680e+00
1.527679920196533203e+00
1.266758739948272705e-01
1.848503232002258301e+00
6.713898852467536926e-03
3.521076589822769165e-02
1.985058784484863281e+00
3.281159102916717529e-01
2.680914709344506264e-03
3.077900111675262451e-01
3.246168375015258789e+00
5.129591226577758789e-01
5.670882016420364380e-02
1.950402706861495972e-01
9.270989149808883667e-02
1.377643465995788574e+00
4.940565228462219238e-01
7.398921251296997070e-01
3.231968164443969727e+00
4.052994847297668457e-01
2.351639606058597565e-02
1.063357472419738770e+00
1.569735556840896606e-01
2.912595570087432861e-01
5.840031504631042480e-01
1.832174211740493774e-01
3.830196380615234375e+00
1.009804725646972656e+00
8.815323114395141602e-01
5.536158084869384766e-01
4.869397580623626709e-01
1.874233782291412354e-01
1.749413132667541504e+00
1.655970692634582520e+00
0.000000000000000000e+00
1.261629343032836914e+00
2.499044686555862427e-01
8.339963555335998535e-01
8.775101602077484131e-02
5.318929553031921387e-01
1.258452534675598145e-01
7.413726449012756348e-01
4.452233016490936279e-01
1.202639117836952209e-01
1.800946593284606934e-01
1.426631305366754532e-02
8.948379755020141602e-01
2.025841712951660156e+00
2.953169643878936768e-01
0.000000000000000000e+00
3.259235918521881104e-01
7.044696211814880371e-01
2.209896445274353027e-01
0.000000000000000000e+00
1.239726170897483826e-01
4.441971704363822937e-02
1.105858683586120605e+00
8.605504035949707031e-01
1.002057671546936035e+00
3.983582835644483566e-03
7.924206852912902832e-01
1.074400901794433594e+00
1.038975596427917480e+00
0.000000000000000000e+00
2.605828940868377686e-01
2.492425680160522461e+00
1.570970937609672546e-02
1.487159132957458496e+00
0.000000000000000000e+00
7.044525146484375000e-01
2.561934757977724075e-03
2.776305973529815674e-01
4.003208503127098083e-02
3.104951381683349609e-01
6.446544826030731201e-02
7.787442300468683243e-03
0.000000000000000000e+00
6.459431648254394531e-01
9.238270111382007599e-03
1.166693568229675293e+00
9.576422721147537231e-02
1.604866050183773041e-02
1.581731811165809631e-02
0.000000000000000000e+00
2.657626271247863770e-01
5.584614351391792297e-02
7.637515664100646973e-01
1.524035811424255371e+00
8.543632179498672485e-02
1.046658396720886230e+00
4.232478141784667969e-01
2.520294785499572754e-01
3.006713986396789551e-01
1.686612963676452637e+00
0.000000000000000000e+00
1.243848800659179688e+00
3.296226859092712402e-01
6.780062913894653320e-01
1.252430677413940430e-01
2.075227349996566772e-01
1.395583734847605228e-03
4.989512637257575989e-02
1.272766113281250000e+00
1.846042394638061523e+00
6.039270758628845215e-01
9.686014056205749512e-02
9.772353172302246094e-01
9.931231141090393066e-01
2.936131954193115234e-01
0.000000000000000000e+00
6.147118806838989258e-01
2.125226497650146484e+00
4.494189098477363586e-02
0.000000000000000000e+00
5.679885745048522949e-01
7.168053388595581055e-01
1.579971462488174438e-01
1.500129997730255127e-01
0.000000000000000000e+00
4.665259271860122681e-03
5.246208190917968750e+00
0.000000000000000000e+00
5.204784870147705078e-02
7.171534895896911621e-01
5.717720985412597656e-01
1.205359458923339844e+00
0.000000000000000000e+00
6.145358085632324219e-01
3.350306451320648193e-01
2.810827791690826416e-01
7.184249758720397949e-01
1.076654314994812012e+00
1.358288899064064026e-02
6.447733879089355469e+00
4.717789292335510254e-01
2.208784595131874084e-02
7.425684928894042969e-01
1.581481575965881348e+00
1.186239361763000488e+00
1.268862038850784302e-01
2.651946842670440674e-01
1.972426056861877441e+00
4.648542404174804688e-01
3.820225894451141357e-01
1.260314583778381348e+00
9.160766601562500000e-01
4.251101985573768616e-02
1.159579753875732422e-01
2.531441450119018555e-01
2.275811880826950073e-02
0.000000000000000000e+00
8.567677736282348633e-01
4.009155750274658203e+00
4.014970660209655762e-01
6.670894622802734375e-01
1.601314358413219452e-02
8.619806766510009766e-01
1.947115659713745117e-01
6.321371555328369141e+00
0.000000000000000000e+00
7.028373330831527710e-02
2.563002705574035645e-01
1.503155380487442017e-01
0.000000000000000000e+00
3.091919468715786934e-03
4.309792816638946533e-01
2.354948759078979492e+00
6.342466175556182861e-02
4.659723117947578430e-02
1.975031644105911255e-01
1.365959495306015015e-01
0.000000000000000000e+00
7.659914554096758366e-04
0.000000000000000000e+00
1.087406650185585022e-01
5.440368056297302246e-01
7.381146550178527832e-01
6.842889189720153809e-01
1.154229521751403809e+00
7.218989133834838867e-01
4.095861017704010010e-01
8.333456516265869141e-01
5.649603009223937988e-01
1.847426652908325195e+00
1.527745425701141357e-01
8.528797030448913574e-01
1.167132019996643066e+00
2.957843840122222900e-01
1.569823175668716431e-01
2.126168906688690186e-01
2.736564725637435913e-02
3.228462068364024162e-03
1.691699743270874023e+00
1.444586068391799927e-01
2.370834052562713623e-01
1.055020093917846680e+00
9.587880373001098633e-01
1.064739704132080078e+00
5.396373271942138672e-01
2.142112106084823608e-01
8.793535828590393066e-02
1.170718908309936523e+00
1.845908880233764648e+00
1.982875913381576538e-02
5.667458176612854004e-01
2.550842165946960449e-01
7.499749190174043179e-04
2.688658423721790314e-02
0.000000000000000000e+00
3.940277174115180969e-02
6.599777191877365112e-02
1.050552912056446075e-02
0.000000000000000000e+00
1.808967888355255127e-01
7.882469892501831055e-01
1.226782202720642090e+00
2.232081890106201172e+00
3.515270948410034180e-01
4.827742278575897217e-01
2.201803445816040039e+00
1.498113572597503662e-01
1.930343359708786011e-02
1.102808117866516113e+00
1.442388296127319336e-01
7.655265182256698608e-02
2.225895822048187256e-01
3.944410085678100586e+00
6.634807586669921875e-01
6.828180551528930664e-01
6.912491321563720703e-01
3.342339396476745605e-02
8.090779781341552734e-01
5.143630504608154297e-01
0.000000000000000000e+00
1.793980449438095093e-01
3.117074370384216309e-01
1.336308956146240234e+00
6.672493219375610352e-01
4.677502438426017761e-02
2.054637484252452850e-02
0.000000000000000000e+00
3.513415455818176270e-01
6.808300316333770752e-02
9.290890693664550781e-01
6.047987341880798340e-01
0.000000000000000000e+00
2.024326287209987640e-02
0.000000000000000000e+00
7.330536842346191406e-03
1.739268541336059570e+00
4.843996837735176086e-02
2.470703050494194031e-02
1.994266733527183533e-02
1.390231609344482422e+00
0.000000000000000000e+00
3.818669617176055908e-01
3.770169615745544434e-01
4.886915441602468491e-03
8.082286119461059570e-01
1.096909269690513611e-01
1.035360097885131836e+00
1.298662066459655762e+00
2.415185980498790741e-02
6.340111047029495239e-02
4.527858197689056396e-01
5.312029719352722168e-01
4.130704402923583984e-01
5.525699853897094727e-01
8.578613996505737305e-01
7.013010382652282715e-01
0.000000000000000000e+00
4.378046989440917969e-01
0.000000000000000000e+00
1.817177295684814453e+00
8.619377613067626953e-01
5.814592167735099792e-02
3.968376666307449341e-02
7.937146723270416260e-02
1.749248057603836060e-01
4.869260787963867188e-01
7.528661191463470459e-02
1.404206752777099609e+00
5.124245166778564453e+00
3.790097832679748535e-01
2.198857963085174561e-01
2.003501541912555695e-02
3.835780322551727295e-01
8.056748658418655396e-03
4.427889585494995117e-01
6.927287671715021133e-03
2.155791409313678741e-02
0.000000000000000000e+00
8.880132436752319336e-02
1.147243738174438477e+00
0.000000000000000000e+00
2.246141433715820312e-02
1.074094653129577637e+00
8.181244134902954102e-02
2.675440907478332520e-01
0.000000000000000000e+00
4.367978572845458984e-01
5.431345701217651367e-01
4.718067944049835205e-01
1.361822128295898438e+00
0.000000000000000000e+00
3.878194093704223633e-01
2.779009938240051270e-01
1.911388337612152100e-01
6.293562054634094238e-01
5.090638622641563416e-02
0.000000000000000000e+00
9.122529029846191406e-01
6.030988097190856934e-01
8.586878888309001923e-03
0.000000000000000000e+00
8.864921331405639648e-01
6.985311955213546753e-02
9.204941987991333008e-02
1.167868897318840027e-01
1.100574254989624023e+00
2.742652297019958496e-01
1.170123696327209473e+00
1.940214753150939941e+00
2.029703110456466675e-01
5.323660373687744141e-02
7.179789245128631592e-03
1.865501143038272858e-02
8.194617033004760742e-01
5.883194208145141602e-01
2.167527228593826294e-01
2.827243413776159286e-03
8.491209149360656738e-01
3.213835954666137695e-01
1.399749368429183960e-01
1.065841078758239746e+00
3.557379543781280518e-01
1.929378807544708252e-01
1.278278976678848267e-01
7.350788116455078125e-01
0.000000000000000000e+00
5.645795166492462158e-02
2.387357410043478012e-03
4.332843720912933350e-01
5.751946568489074707e-02
1.945844106376171112e-02
6.549344062805175781e-01
1.009253144264221191e+00
2.334038734436035156e+00
8.101143836975097656e-01
3.776240050792694092e-01
1.616454124450683594e+00
1.829387664794921875e+00
0.000000000000000000e+00
1.100502014160156250e+00
9.016451835632324219e-01
7.928260564804077148e-01
2.285031974315643311e-01
1.425849914550781250e+00
2.012338489294052124e-02
2.141894027590751648e-02
1.672199927270412445e-02
0.000000000000000000e+00
8.129712343215942383e-01
0.000000000000000000e+00
2.838254690170288086e+00
1.660199642181396484e+00
1.086190640926361084e-01
0.000000000000000000e+00
2.417626976966857910e-01
2.605094388127326965e-02
0.000000000000000000e+00
0.000000000000000000e+00
2.186110988259315491e-02
3.814947009086608887e-01
2.279593050479888916e-02
0.000000000000000000e+00
2.374555319547653198e-01
2.731600590050220490e-02
5.776088237762451172e-01
2.154644966125488281e+00
9.590662084519863129e-03
1.006438396871089935e-02
7.755858302116394043e-01
3.359334468841552734e-01
2.443979263305664062e+00
0.000000000000000000e+00
3.876161202788352966e-02
1.056126475334167480e+00
9.066976904869079590e-01
5.370941162109375000e-01
1.726555824279785156e-01
1.828910350799560547e+00
6.176031827926635742e-01
3.799417316913604736e-01
7.322307676076889038e-03
2.905206382274627686e-01
1.187791347503662109e+00
5.545710399746894836e-02
0.000000000000000000e+00
5.789243698120117188e+00
2.706626430153846741e-02
1.079190492630004883e+00
9.852665066719055176e-01
3.564958274364471436e-01
8.707039356231689453e-01
0.000000000000000000e+00
1.935405492782592773e+00
1.152608871459960938e+00
2.641013860702514648e-01
1.666275024414062500e+00
1.450758576393127441e+00
0.000000000000000000e+00
9.631031155586242676e-01
2.424939721822738647e-02
1.393575407564640045e-02
1.406631022691726685e-01
9.631398133933544159e-04
7.966563850641250610e-02
1.467965394258499146e-01
8.195182681083679199e-01
0.000000000000000000e+00
7.391620278358459473e-01
3.266909718513488770e-01
1.604011058807373047e+00
0.000000000000000000e+00
2.868848741054534912e-01
2.925017774105072021e-01
3.801168501377105713e-01
1.457070349715650082e-03
0.000000000000000000e+00
5.346945673227310181e-02
9.009384512901306152e-01
1.756823420524597168e+00
4.792998135089874268e-01
7.065751403570175171e-02
1.930516123771667480e+00
2.386721409857273102e-02
1.777252435684204102e+00
7.976889014244079590e-01
6.688032746315002441e-01
6.493002176284790039e-01
0.000000000000000000e+00
1.576442122459411621e+00
2.306617736816406250e+00
1.146623715758323669e-01
3.664652109146118164e+00
9.465883970260620117e-01
4.991006255149841309e-01
5.759719386696815491e-02
1.161007210612297058e-03
4.041281640529632568e-01
1.031571865081787109e+00
1.139192819595336914e+00
0.000000000000000000e+00
3.143768608570098877e-01
3.992304503917694092e-01
4.401470720767974854e-01
3.009776830673217773e+00
8.183318972587585449e-01
2.506594173610210419e-03
5.214303135871887207e-01
2.712577581405639648e-01
1.131327390670776367e+00
1.189152747392654419e-01
6.700189411640167236e-02
9.476621635258197784e-03
9.174311161041259766e-01
5.015220046043395996e-01
0.000000000000000000e+00
5.017924308776855469e-01
2.445820346474647522e-02
2.448488950729370117e+00
5.163234099745750427e-02
2.574053406715393066e-01
1.982598155736923218e-01
9.034912101924419403e-03
2.618485987186431885e-01
8.083252906799316406e-01
3.908542171120643616e-02
7.015132904052734375e-01
3.128149509429931641e+00
1.377326250076293945e-01
0.000000000000000000e+00
6.516026854515075684e-01
1.102718591690063477e+00
3.229539692401885986e-01
9.521388411521911621e-01
5.804951786994934082e-01
1.799779772758483887e+00
1.427878856658935547e+00
9.534866213798522949e-01
9.168330579996109009e-02
8.536891937255859375e-01
0.000000000000000000e+00
3.730182768777012825e-03
