5.779215097427368164e-01
0.000000000000000000e+00
4.264620840549468994e-01
1.835562825202941895e+00
5.609708428382873535e-01
1.720046550035476685e-01
3.584442734718322754e-01
2.657225608825683594e+00
6.183259010314941406e+00
1.027059555053710938e+00
1.884577330201864243e-03
1.129326820373535156e+00
1.379803866147994995e-01
1.404528975486755371e+00
1.386161565780639648e+00
1.044831752777099609e+00
9.244627356529235840e-01
1.759087324142456055e+00
9.461658596992492676e-01
1.962008774280548096e-01
2.247319936752319336e+00
0.000000000000000000e+00
9.805466234683990479e-02
1.949717164039611816e+00
1.420499384403228760e-01
0.000000000000000000e+00
0.000000000000000000e+00
2.157961130142211914e+00
4.438947439193725586e-01
4.552247002720832825e-03
1.380491349846124649e-02
0.000000000000000000e+00
3.492636382579803467e-01
8.933779597282409668e-01
1.190739050507545471e-01
2.178981304168701172e+00
4.198194146156311035e-01
7.445208728313446045e-02
1.193285107612609863e+00
4.802224636077880859e-01
1.958112716674804688e-01
2.508422732353210449e-01
5.230986475944519043e-01
3.995012521743774414e+00
4.841318726539611816e-01
9.804886579513549805e-01
3.051151335239410400e-01
8.528280854225158691e-01
4.246406722813844681e-03
1.494066119194030762e+00
2.776785135269165039e+00
0.000000000000000000e+00
1.361363291740417480e+00
3.387543261051177979e-01
5.209043622016906738e-01
9.123868495225906372e-02
2.419206798076629639e-01
1.270402967929840088e-01
1.469815254211425781e+00
2.676278650760650635e-01
0.000000000000000000e+00
8.036161959171295166e-02
0.000000000000000000e+00
5.528727173805236816e-01
2.138320684432983398e+00
5.645168423652648926e-01
2.476265132427215576e-01
4.158798158168792725e-01
5.420655012130737305e-01
3.240646794438362122e-02
0.000000000000000000e+00
1.124597061425447464e-02
3.156993091106414795e-01
7.334547638893127441e-01
4.707232415676116943e-01
1.913404107093811035e+00
1.291177328675985336e-02
7.677917480468750000e-01
3.562775254249572754e-01
7.042887806892395020e-01
0.000000000000000000e+00
7.600646615028381348e-01
2.114822864532470703e+00
2.418560674414038658e-03
1.814035058021545410e+00
1.898660659790039062e-01
9.366971850395202637e-01
1.290116608142852783e-01
3.477697074413299561e-01
1.246325764805078506e-02
1.462014764547348022e-01
3.008323721587657928e-02
8.690639398992061615e-03
0.000000000000000000e+00
6.574048399925231934e-01
1.449930220842361450e-01
1.081604719161987305e+00
3.594835698604583740e-01
1.407587230205535889e-01
0.000000000000000000e+00
0.000000000000000000e+00
2.995843589305877686e-01
3.476790338754653931e-02
5.296127200126647949e-01
1.115045905113220215e+00
5.816277489066123962e-02
7.079159617424011230e-01
4.308167099952697754e-01
3.517258167266845703e-01
3.284918963909149170e-01
9.740614295005798340e-01
6.327043753117322922e-03
5.167629122734069824e-01
2.643243372440338135e-01
6.256027221679687500e-01
2.625969611108303070e-02
6.134961247444152832e-01
1.631888747215270996e-01
6.453586816787719727e-01
3.234066963195800781e+00
1.109702110290527344e+00
6.039096117019653320e-01
1.106126420199871063e-02
1.626244902610778809e+00
9.042026400566101074e-01
7.083100080490112305e-01
0.000000000000000000e+00
3.096375763416290283e-01
1.579220533370971680e+00
2.200189605355262756e-02
9.333492489531636238e-04
1.000761389732360840e+00
1.132604107260704041e-01
5.738233216106891632e-03
3.175130188465118408e-01
6.477894634008407593e-02
1.115117743611335754e-01
5.405869483947753906e+00
0.000000000000000000e+00
7.908763736486434937e-02
1.648653000593185425e-01
2.585643827915191650e-01
1.149938106536865234e+00
4.780984017997980118e-03
7.738300412893295288e-02
4.706316590309143066e-01
6.219841837882995605e-01
6.948771476745605469e-01
4.527359306812286377e-01
1.213582381606101990e-01
5.789781093597412109e+00
2.518844306468963623e-01
1.510050799697637558e-02
4.075578749179840088e-01
1.397426366806030273e+00
1.500407695770263672e+00
6.153504177927970886e-02
6.822440028190612793e-02
1.983203768730163574e+00
1.737757325172424316e-01
6.559465825557708740e-02
1.512448310852050781e+00
4.943614304065704346e-01
1.649636775255203247e-01
3.183622285723686218e-02
7.650986909866333008e-01
2.725397469475865364e-03
0.000000000000000000e+00
1.192129492759704590e+00
3.104509592056274414e+00
1.601015627384185791e-01
6.692502498626708984e-01
1.776498258113861084e-01
5.601866245269775391e-01
5.423192381858825684e-01
6.048707962036132812e+00
0.000000000000000000e+00
8.822794258594512939e-02
1.747547686100006104e-01
1.028814315795898438e-01
1.037901174277067184e-02
1.198675632476806641e-01
3.739367425441741943e-01
3.333379507064819336e+00
6.015998497605323792e-02
8.597381412982940674e-03
4.824514091014862061e-01
2.119898051023483276e-01
0.000000000000000000e+00
4.450131207704544067e-02
1.001756731420755386e-02
6.182206422090530396e-02
7.418994903564453125e-01
8.121435642242431641e-01
7.200039029121398926e-01
1.067419886589050293e+00
5.856385231018066406e-01
2.196624428033828735e-01
4.477165341377258301e-01
2.276548296213150024e-01
8.889759182929992676e-01
3.809253871440887451e-02
4.759648144245147705e-01
9.550918340682983398e-01
3.023071289062500000e-01
0.000000000000000000e+00
6.811597347259521484e-01
3.054385632276535034e-02
2.975343465805053711e-01
1.285686135292053223e+00
5.143675580620765686e-02
8.054096251726150513e-02
4.932869374752044678e-01
8.448174595832824707e-01
7.271546721458435059e-01
8.549228310585021973e-01
2.232753299176692963e-02
1.330319941043853760e-01
1.575604200363159180e+00
7.089501023292541504e-01
0.000000000000000000e+00
4.450857937335968018e-01
3.153989464044570923e-02
4.437789916992187500e-01
8.107385784387588501e-02
0.000000000000000000e+00
3.887170925736427307e-02
2.323316782712936401e-01
4.262873530387878418e-02
1.559488624334335327e-01
3.271269425749778748e-02
3.533896505832672119e-01
1.227016329765319824e+00
2.142990112304687500e+00
3.227941989898681641e-01
6.833601593971252441e-01
2.139748334884643555e+00
1.807314008474349976e-01
0.000000000000000000e+00
1.231505870819091797e+00
2.683379687368869781e-02
1.555192749947309494e-03
2.001469582319259644e-01
3.794266939163208008e+00
1.017980575561523438e+00
2.720487415790557861e-01
7.100781798362731934e-01
1.664489321410655975e-02
1.264529466629028320e+00
9.193003177642822266e-01
1.684826165437698364e-01
5.433102846145629883e-01
2.888632193207740784e-02
1.960010409355163574e+00
9.987094402313232422e-01
1.285246573388576508e-02
1.457494050264358521e-01
0.000000000000000000e+00
1.280633062124252319e-01
8.646781742572784424e-02
6.478930115699768066e-01
1.253268402069807053e-02
5.520963668823242188e-02
0.000000000000000000e+00
0.000000000000000000e+00
4.957494791597127914e-03
1.669585466384887695e+00
9.241025149822235107e-02
4.993300884962081909e-02
4.887693095952272415e-03
1.115037441253662109e+00
0.000000000000000000e+00
4.851323366165161133e-01
1.245035827159881592e-01
4.350480809807777405e-02
3.361720144748687744e-01
8.591897040605545044e-02
5.721255540847778320e-01
7.892728447914123535e-01
2.276937104761600494e-02
1.454964578151702881e-01
4.366742670536041260e-01
8.650212548673152924e-03
1.249903365969657898e-01
5.506517887115478516e-01
7.506333589553833008e-01
5.710828304290771484e-01
1.827022433280944824e-02
3.397364616394042969e-01
4.194500856101512909e-03
1.590291261672973633e+00
5.413572788238525391e-01
2.133098803460597992e-02
1.024031452834606171e-02
4.644305445253849030e-03
6.741047650575637817e-02
3.747166991233825684e-01
2.965374290943145752e-02
1.415226817131042480e+00
5.245174407958984375e+00
6.946633458137512207e-01
1.839103922247886658e-02
2.800540626049041748e-01
0.000000000000000000e+00
1.832899078726768494e-02
1.220490634441375732e-01
0.000000000000000000e+00
1.543432241305708885e-03
1.516072824597358704e-02
3.167745471000671387e-01
9.142022728919982910e-01
4.999658092856407166e-02
1.279162615537643433e-01
9.889949560165405273e-01
2.595426328480243683e-02
5.181621313095092773e-01
0.000000000000000000e+00
4.509442150592803955e-01
3.935749530792236328e-01
1.743839383125305176e-01
1.247391700744628906e+00
0.000000000000000000e+00
7.479257415980100632e-03
3.595751821994781494e-01
1.847112923860549927e-01
7.206652164459228516e-01
8.099572360515594482e-02
0.000000000000000000e+00
6.677175760269165039e-01
5.040454864501953125e-02
0.000000000000000000e+00
0.000000000000000000e+00
5.332330465316772461e-01
0.000000000000000000e+00
0.000000000000000000e+00
1.620019823312759399e-01
1.407181024551391602e+00
1.363041400909423828e-01
1.638111174106597900e-01
8.860362768173217773e-01
1.762949079275131226e-01
8.571886457502841949e-03
4.225293993949890137e-01
1.059646978974342346e-01
6.207963824272155762e-01
5.516735315322875977e-01
2.396153360605239868e-01
0.000000000000000000e+00
3.263039588928222656e-01
6.084229350090026855e-01
3.583337739109992981e-02
7.416463494300842285e-01
1.223952919244766235e-01
4.321313276886940002e-02
0.000000000000000000e+00
7.353328466415405273e-01
0.000000000000000000e+00
2.678987979888916016e-01
5.107412487268447876e-02
4.441254138946533203e-01
1.036806777119636536e-01
1.368233188986778259e-02
1.112606763839721680e+00
4.072292745113372803e-01
2.402354717254638672e+00
1.510302424430847168e+00
4.400791823863983154e-01
1.016849637031555176e+00
1.101977586746215820e+00
2.790619060397148132e-02
5.050922632217407227e-01
6.068108677864074707e-01
8.375242352485656738e-01
4.902551881968975067e-03
1.029848694801330566e+00
0.000000000000000000e+00
2.666882239282131195e-02
4.607332870364189148e-02
3.206607699394226074e-02
3.767275512218475342e-01
8.141203224658966064e-02
2.971163511276245117e+00
2.490732669830322266e+00
3.677217960357666016e-01
0.000000000000000000e+00
3.514364063739776611e-01
2.588452072814106941e-03
0.000000000000000000e+00
0.000000000000000000e+00
1.393140852451324463e-01
5.876027345657348633e-01
3.991141617298126221e-01
0.000000000000000000e+00
1.158123686909675598e-01
2.045301645994186401e-01
1.420783996582031250e-01
1.831512093544006348e+00
0.000000000000000000e+00
4.523355513811111450e-03
7.084454894065856934e-01
3.485748767852783203e-01
1.172755599021911621e+00
0.000000000000000000e+00
4.485841691493988037e-01
1.720372080802917480e+00
6.633194088935852051e-01
9.713366627693176270e-01
4.147964715957641602e-01
1.174190163612365723e+00
5.619112849235534668e-01
5.218209624290466309e-01
5.842066556215286255e-02
4.703737795352935791e-01
1.799336314201354980e+00
0.000000000000000000e+00
0.000000000000000000e+00
3.204828023910522461e+00
1.077794432640075684e-01
2.298495769500732422e-01
5.998582839965820312e-01
1.839412897825241089e-01
6.481136083602905273e-01
0.000000000000000000e+00
2.115527391433715820e+00
3.717668056488037109e-01
4.893974661827087402e-01
7.194054722785949707e-01
1.818494915962219238e+00
0.000000000000000000e+00
1.319203853607177734e+00
6.176928430795669556e-02
0.000000000000000000e+00
2.227485924959182739e-02
0.000000000000000000e+00
1.084719300270080566e-01
6.539399176836013794e-02
3.817568719387054443e-02
0.000000000000000000e+00
3.194824457168579102e-01
6.303032636642456055e-01
9.076374173164367676e-01
0.000000000000000000e+00
4.219344630837440491e-02
8.294987678527832031e-01
4.718880355358123779e-01
1.790342666208744049e-02
0.000000000000000000e+00
2.151582855731248856e-03
3.114097416400909424e-01
1.015019297599792480e+00
9.828168153762817383e-01
4.684888124465942383e-01
1.367654323577880859e+00
7.912747678346931934e-04
1.332076668739318848e+00
6.364226937294006348e-01
2.281659394502639771e-01
2.961379289627075195e-01
0.000000000000000000e+00
1.521424055099487305e+00
1.616702318191528320e+00
1.561673134565353394e-01
2.870214939117431641e+00
6.254535168409347534e-02
5.870455503463745117e-01
5.013132467865943909e-02
1.138849332928657532e-01
1.449114270508289337e-02
8.857080936431884766e-01
8.315889835357666016e-01
4.709497094154357910e-03
1.212058141827583313e-01
1.174665167927742004e-01
2.587840855121612549e-01
2.131474971771240234e+00
4.763573408126831055e-01
1.208897773176431656e-02
2.822431325912475586e-01
5.019120126962661743e-02
7.503992319107055664e-01
1.072085648775100708e-01
0.000000000000000000e+00
7.993570528924465179e-03
1.626995950937271118e-01
7.056917548179626465e-01
3.385473741218447685e-03
1.208639293909072876e-01
5.323314666748046875e-02
1.711736798286437988e+00
3.211057186126708984e-02
5.525462627410888672e-01
3.892707824707031250e-02
0.000000000000000000e+00
1.298687160015106201e-01
6.282094120979309082e-01
9.278341196477413177e-03
1.025612205266952515e-01
2.626007080078125000e+00
1.948871463537216187e-02
0.000000000000000000e+00
3.017001450061798096e-01
2.297382593154907227e+00
3.871578276157379150e-01
7.015192508697509766e-01
7.150072455406188965e-01
2.043826818466186523e+00
1.939603686332702637e+00
1.016357660293579102e+00
1.680371612310409546e-01
1.262174248695373535e+00
0.000000000000000000e+00
9.775642305612564087e-02
