6.291772127151489258e-01
0.000000000000000000e+00
8.735408633947372437e-02
2.677465677261352539e+00
1.127435803413391113e+00
2.649254202842712402e-01
5.298075079917907715e-01
2.539662122726440430e+00
7.549020290374755859e+00
1.300270080566406250e+00
4.049625247716903687e-02
1.809073567390441895e+00
4.849723279476165771e-01
6.134117841720581055e-01
2.159198522567749023e+00
8.298255801200866699e-01
9.171648621559143066e-01
2.498945236206054688e+00
5.646238327026367188e-01
4.353478550910949707e-02
2.619990587234497070e+00
3.187817707657814026e-02
3.787563741207122803e-02
1.760714769363403320e+00
1.443205922842025757e-01
2.778778783977031708e-02
7.128947973251342773e-02
2.775100231170654297e+00
3.180032670497894287e-01
2.394979819655418396e-02
4.476594626903533936e-01
1.388521790504455566e-01
8.290012478828430176e-01
1.011075973510742188e+00
6.901898980140686035e-01
3.341484069824218750e+00
3.444786071777343750e-01
4.735796526074409485e-02
1.299896955490112305e+00
5.175381898880004883e-01
6.480982303619384766e-01
8.328613042831420898e-01
2.685647904872894287e-01
4.516406059265136719e+00
9.084725975990295410e-01
1.136071205139160156e+00
2.986062765121459961e-01
8.711904287338256836e-01
4.323487877845764160e-01
1.524632453918457031e+00
2.572091817855834961e+00
6.772330496460199356e-03
2.360232830047607422e+00
1.429713666439056396e-01
9.548624753952026367e-01
0.000000000000000000e+00
5.063261985778808594e-01
2.301925718784332275e-01
7.482081651687622070e-01
2.113331854343414307e-01
3.593813627958297729e-03
7.784388959407806396e-02
0.000000000000000000e+00
9.408556818962097168e-01
1.862499594688415527e+00
9.453065693378448486e-02
1.019951514899730682e-02
7.187228798866271973e-01
1.529678106307983398e+00
4.395936802029609680e-02
0.000000000000000000e+00
8.060609549283981323e-02
1.302500367164611816e-01
1.617488622665405273e+00
4.364540278911590576e-01
1.430745005607604980e+00
0.000000000000000000e+00
3.550087213516235352e-01
7.209436893463134766e-01
1.447499632835388184e+00
0.000000000000000000e+00
9.312615990638732910e-01
2.655115127563476562e+00
8.613338693976402283e-03
2.554599285125732422e+00
1.430446095764636993e-02
1.972555637359619141e+00
1.387275522574782372e-03
8.342121243476867676e-01
0.000000000000000000e+00
9.420672804117202759e-02
1.163684502243995667e-01
0.000000000000000000e+00
0.000000000000000000e+00
7.556427121162414551e-01
1.071810200810432434e-01
1.385940551757812500e+00
9.216120839118957520e-02
3.307277336716651917e-02
0.000000000000000000e+00
0.000000000000000000e+00
1.096974015235900879e-01
6.511957943439483643e-02
9.564167261123657227e-01
8.897166252136230469e-01
5.945023521780967712e-02
1.724595665931701660e+00
1.096906423568725586e+00
3.859395384788513184e-01
6.789594292640686035e-01
1.853564023971557617e+00
7.737937569618225098e-02
8.267244696617126465e-01
2.856927514076232910e-01
7.069379687309265137e-01
2.035046815872192383e-01
3.404614031314849854e-01
4.805956035852432251e-02
3.080804646015167236e-01
2.688187599182128906e+00
1.445425391197204590e+00
2.267459928989410400e-01
0.000000000000000000e+00
1.705500245094299316e+00
1.152861595153808594e+00
7.398840188980102539e-01
0.000000000000000000e+00
9.544431567192077637e-01
2.342194318771362305e+00
3.773763775825500488e-02
0.000000000000000000e+00
9.267398715019226074e-01
8.609949946403503418e-01
1.934307217597961426e-01
4.990056753158569336e-01
2.553102187812328339e-02
9.820462763309478760e-02
5.668457508087158203e+00
0.000000000000000000e+00
1.839810051023960114e-02
5.339100956916809082e-01
4.027790725231170654e-01
1.320378899574279785e+00
0.000000000000000000e+00
1.710543930530548096e-01
2.829803824424743652e-01
9.786806702613830566e-01
6.044112443923950195e-01
1.098817229270935059e+00
0.000000000000000000e+00
7.243506431579589844e+00
3.828856647014617920e-01
1.602222472429275513e-01
6.288557648658752441e-01
2.199383020401000977e+00
2.114676237106323242e+00
1.053638309240341187e-01
2.975863218307495117e-01
2.220775604248046875e+00
5.554627180099487305e-01
4.592345096170902252e-03
1.502511382102966309e+00
1.054340600967407227e+00
4.003016650676727295e-02
1.608991771936416626e-01
5.924318432807922363e-01
2.370046637952327728e-02
0.000000000000000000e+00
1.356481671333312988e+00
4.906251907348632812e+00
3.351090550422668457e-01
7.584047913551330566e-01
1.646770983934402466e-01
1.156720757484436035e+00
3.584779202938079834e-01
7.060966014862060547e+00
0.000000000000000000e+00
1.379976421594619751e-01
2.148283720016479492e-01
1.977311819791793823e-01
0.000000000000000000e+00
4.519026353955268860e-02
4.292544126510620117e-01
3.133090734481811523e+00
5.104610323905944824e-02
2.416770718991756439e-02
8.053110837936401367e-01
5.843019485473632812e-01
0.000000000000000000e+00
8.143982291221618652e-02
0.000000000000000000e+00
2.135283350944519043e-01
8.050659894943237305e-01
9.159802794456481934e-01
1.602769136428833008e+00
1.013625741004943848e+00
1.100826025009155273e+00
3.005503416061401367e-01
7.190453410148620605e-01
4.784087240695953369e-01
1.343869566917419434e+00
1.235029399394989014e-01
7.365857958793640137e-01
1.356556892395019531e+00
5.339018106460571289e-01
0.000000000000000000e+00
6.769127249717712402e-01
8.474602550268173218e-02
2.719984948635101318e-01
1.231582880020141602e+00
2.210225015878677368e-01
1.066686734557151794e-01
8.531506657600402832e-01
1.070918440818786621e+00
1.450404882431030273e+00
9.053106307983398438e-01
0.000000000000000000e+00
3.141519427299499512e-02
1.582499384880065918e+00
1.531534314155578613e+00
0.000000000000000000e+00
4.518574178218841553e-01
1.644831597805023193e-01
8.545533753931522369e-03
1.044929549098014832e-01
0.000000000000000000e+00
5.415713787078857422e-02
3.955087363719940186e-01
2.661637775599956512e-02
2.064553089439868927e-02
6.387778371572494507e-02
5.128020644187927246e-01
1.053425550460815430e+00
2.730107784271240234e+00
8.301255851984024048e-02
1.165543675422668457e+00
2.529441833496093750e+00
1.071249321103096008e-01
5.253445357084274292e-02
1.509991645812988281e+00
4.635364562273025513e-02
1.646449044346809387e-02
7.307188119739294052e-03
3.554152488708496094e+00
1.228279829025268555e+00
1.168146133422851562e+00
9.269071221351623535e-01
1.451311111450195312e-01
7.274249196052551270e-01
1.171809434890747070e+00
2.141490345820784569e-03
2.424843013286590576e-01
5.721022188663482666e-02
2.373708963394165039e+00
1.287364959716796875e+00
0.000000000000000000e+00
6.978570669889450073e-02
0.000000000000000000e+00
3.185606002807617188e-01
2.996339276432991028e-02
1.487851500511169434e+00
3.228773176670074463e-01
1.023369186441414058e-04
0.000000000000000000e+00
0.000000000000000000e+00
6.876973807811737061e-02
1.957847118377685547e+00
0.000000000000000000e+00
0.000000000000000000e+00
1.234146114438772202e-02
1.767310023307800293e+00
0.000000000000000000e+00
6.594894528388977051e-01
2.996110618114471436e-01
9.486800990998744965e-03
7.285910248756408691e-01
1.901541650295257568e-01
9.438418745994567871e-01
1.053149938583374023e+00
8.708527684211730957e-02
2.072905562818050385e-02
3.780308961868286133e-01
3.002001643180847168e-01
4.759459197521209717e-01
4.682846069335937500e-01
1.380078077316284180e+00
1.181259632110595703e+00
5.956540349870920181e-03
2.102193981409072876e-01
7.119544898159801960e-04
2.657646656036376953e+00
1.381710767745971680e+00
1.976524665951728821e-02
1.024093180894851685e-01
7.648383080959320068e-02
4.099729657173156738e-01
4.705813229084014893e-01
7.020162791013717651e-02
1.953795433044433594e+00
5.489736080169677734e+00
4.657626152038574219e-01
3.737326562404632568e-01
1.671055406332015991e-01
2.731284499168395996e-01
5.765357054769992828e-03
3.244975209236145020e-01
0.000000000000000000e+00
0.000000000000000000e+00
4.032477270811796188e-03
4.144284427165985107e-01
1.244835495948791504e+00
0.000000000000000000e+00
4.870539531111717224e-02
1.398452520370483398e+00
4.663887619972229004e-02
4.394689202308654785e-01
0.000000000000000000e+00
3.161834478378295898e-01
1.150979757308959961e+00
6.609232425689697266e-01
1.650144100189208984e+00
0.000000000000000000e+00
2.645119130611419678e-01
8.778471499681472778e-02
4.883855115622282028e-03
1.008874058723449707e+00
0.000000000000000000e+00
0.000000000000000000e+00
4.959712326526641846e-01
3.207297325134277344e-01
0.000000000000000000e+00
0.000000000000000000e+00
1.252431750297546387e+00
2.591945230960845947e-02
9.248454123735427856e-02
1.472443491220474243e-01
1.059358119964599609e+00
6.703396141529083252e-02
8.603757023811340332e-01
1.804422259330749512e+00
1.615540832281112671e-01
5.748762190341949463e-02
4.984399080276489258e-01
5.701622739434242249e-02
5.987525582313537598e-01
7.557950615882873535e-01
0.000000000000000000e+00
2.438843250274658203e-03
6.362793445587158203e-01
6.907722949981689453e-01
1.093354001641273499e-01
1.950112700462341309e+00
5.735065937042236328e-01
6.720853596925735474e-02
2.110535204410552979e-01
6.588910222053527832e-01
0.000000000000000000e+00
6.421711295843124390e-02
0.000000000000000000e+00
1.016758918762207031e+00
6.588890403509140015e-02
0.000000000000000000e+00
7.623878717422485352e-01
7.357499599456787109e-01
2.600364685058593750e+00
1.448248267173767090e+00
4.904839098453521729e-01
1.776242256164550781e+00
2.023874282836914062e+00
0.000000000000000000e+00
1.192937254905700684e+00
1.197359204292297363e+00
1.155602931976318359e+00
1.303602308034896851e-01
1.249199628829956055e+00
0.000000000000000000e+00
0.000000000000000000e+00
0.000000000000000000e+00
0.000000000000000000e+00
5.717423558235168457e-01
1.014513671398162842e-01
3.827759265899658203e+00
1.887872576713562012e+00
5.736411213874816895e-01
0.000000000000000000e+00
6.495288610458374023e-01
7.406135648488998413e-02
0.000000000000000000e+00
0.000000000000000000e+00
1.183274388313293457e-01
4.700835794210433960e-02
2.984623424708843231e-03
1.984948292374610901e-03
5.195424705743789673e-02
1.028394103050231934e-01
6.169985532760620117e-01
1.673066496849060059e+00
0.000000000000000000e+00
8.615314215421676636e-02
5.724587440490722656e-01
5.910731106996536255e-02
1.602307677268981934e+00
0.000000000000000000e+00
9.748383611440658569e-02
1.245450973510742188e+00
1.792409062385559082e+00
1.120503187179565430e+00
3.201640844345092773e-01
2.102127075195312500e+00
4.501529037952423096e-01
4.023283123970031738e-01
0.000000000000000000e+00
2.811613678932189941e-01
2.055612564086914062e+00
2.921030682045966387e-04
0.000000000000000000e+00
5.458349227905273438e+00
1.009250506758689880e-01
1.010404109954833984e+00
7.890038490295410156e-01
7.152263820171356201e-02
5.577674508094787598e-01
0.000000000000000000e+00
2.077110052108764648e+00
7.236679792404174805e-01
2.576482594013214111e-01
1.278644561767578125e+00
1.625834226608276367e+00
0.000000000000000000e+00
1.295227289199829102e+00
3.703857213258743286e-02
0.000000000000000000e+00
1.377434283494949341e-01
0.000000000000000000e+00
5.094200968742370605e-01
1.673745922744274139e-02
4.701480269432067871e-01
1.924665085971355438e-02
1.167988538742065430e+00
2.776587009429931641e-01
1.372068762779235840e+00
0.000000000000000000e+00
2.278960198163986206e-01
2.700052261352539062e-01
2.287641614675521851e-01
0.000000000000000000e+00
0.000000000000000000e+00
0.000000000000000000e+00
7.514748573303222656e-01
1.740029931068420410e+00
4.558142423629760742e-01
2.041652612388134003e-02
1.998509287834167480e+00
0.000000000000000000e+00
1.259534478187561035e+00
5.109796524047851562e-01
5.322599411010742188e-01
7.098776102066040039e-01
0.000000000000000000e+00
1.330777049064636230e+00
2.317895650863647461e+00
1.923773810267448425e-02
3.928544282913208008e+00
1.914472728967666626e-01
6.266217231750488281e-01
2.208847850561141968e-01
5.575628951191902161e-03
2.035700380802154541e-01
2.290122032165527344e+00
8.328374028205871582e-01
0.000000000000000000e+00
3.007222712039947510e-02
9.504529088735580444e-02
4.660469591617584229e-01
2.756745576858520508e+00
7.874714732170104980e-01
2.762951515614986420e-02
1.694290786981582642e-01
9.183140099048614502e-02
6.487384438514709473e-01
6.044921930879354477e-03
7.814119756221771240e-02
0.000000000000000000e+00
8.571126461029052734e-01
1.089983701705932617e+00
6.202249787747859955e-03
7.036336660385131836e-01
1.868498697876930237e-02
1.714382886886596680e+00
1.310386657714843750e-01
3.628553152084350586e-01
1.906814873218536377e-01
0.000000000000000000e+00
4.970886111259460449e-01
4.326575696468353271e-01
1.311051994562149048e-01
8.042089939117431641e-01
3.630973339080810547e+00
1.265230327844619751e-01
0.000000000000000000e+00
3.682332634925842285e-01
1.968156456947326660e+00
1.036853790283203125e+00
1.644344687461853027e+00
1.200668931007385254e+00
2.776450634002685547e+00
2.026937007904052734e+00
7.357761263847351074e-01
4.338510334491729736e-01
1.039143323898315430e+00
0.000000000000000000e+00
1.176090240478515625e-01
