1.904613226652145386e-01
0.000000000000000000e+00
2.904701419174671173e-02
2.207557439804077148e+00
1.375174045562744141e+00
3.152243196964263916e-01
7.837314605712890625e-01
2.505702018737792969e+00
6.949465274810791016e+00
1.663771152496337891e+00
1.330857276916503906e-01
1.466067552566528320e+00
5.363798737525939941e-01
1.283754587173461914e+00
2.572384119033813477e+00
1.070391535758972168e+00
1.092965960502624512e+00
2.559913158416748047e+00
1.710537791252136230e+00
2.478400319814682007e-01
2.566954374313354492e+00
1.880784519016742706e-03
8.659591525793075562e-02
2.513222455978393555e+00
1.057693138718605042e-01
9.823922999203205109e-03
2.250651270151138306e-01
2.328507900238037109e+00
2.855505645275115967e-01
0.000000000000000000e+00
2.534804400056600571e-03
1.829680427908897400e-02
1.602614998817443848e+00
8.109177947044372559e-01
8.249624967575073242e-01
3.664005517959594727e+00
1.359348595142364502e-01
4.292612895369529724e-03
9.595525264739990234e-01
5.343596935272216797e-01
2.580042779445648193e-01
5.245890021324157715e-01
2.710639238357543945e-01
5.770510196685791016e+00
5.601277947425842285e-01
1.057330250740051270e+00
1.066944301128387451e-01
1.399568319320678711e+00
1.661729812622070312e-01
1.151948332786560059e+00
3.443547487258911133e+00
0.000000000000000000e+00
2.452523946762084961e+00
8.950468897819519043e-02
1.197235941886901855e+00
8.270767331123352051e-02
2.794515788555145264e-01
3.613063097000122070e-01
9.084964394569396973e-01
2.985936775803565979e-02
0.000000000000000000e+00
2.685281336307525635e-01
3.781944746151566505e-03
6.349110603332519531e-01
1.508111000061035156e+00
2.852995097637176514e-01
2.557491958141326904e-01
1.670444458723068237e-01
1.246960520744323730e+00
7.357730716466903687e-02
0.000000000000000000e+00
1.334073580801486969e-02
9.682688117027282715e-02
1.745669007301330566e+00
4.668945968151092529e-01
1.015301465988159180e+00
2.966381981968879700e-02
1.281288385391235352e+00
1.023626089096069336e+00
1.582231402397155762e+00
0.000000000000000000e+00
9.103152155876159668e-01
2.984925270080566406e+00
3.882826864719390869e-02
2.696200609207153320e+00
7.970711588859558105e-02
8.876131772994995117e-01
1.607548445463180542e-02
5.116542577743530273e-01
2.584684267640113831e-02
2.350895553827285767e-01
0.000000000000000000e+00
0.000000000000000000e+00
0.000000000000000000e+00
3.710280358791351318e-01
4.370152205228805542e-02
1.326867580413818359e+00
5.670403838157653809e-01
1.704124957323074341e-01
1.327303797006607056e-02
0.000000000000000000e+00
3.045037388801574707e-03
0.000000000000000000e+00
9.421201348304748535e-01
1.252512812614440918e+00
4.909779131412506104e-02
1.236808776855468750e+00
6.592036485671997070e-01
5.033521652221679688e-01
4.361405074596405029e-01
1.276195168495178223e+00
4.073647782206535339e-02
8.391869664192199707e-01
1.235265210270881653e-01
6.973294615745544434e-01
1.108230426907539368e-01
1.644905358552932739e-01
1.152699515223503113e-01
9.206156134605407715e-01
2.536677122116088867e+00
1.305701851844787598e+00
3.013797998428344727e-01
9.362972527742385864e-02
1.710035920143127441e+00
9.603777527809143066e-01
7.127131819725036621e-01
0.000000000000000000e+00
1.010239362716674805e+00
2.465982198715209961e+00
3.925279527902603149e-02
0.000000000000000000e+00
5.617735981941223145e-01
2.911825776100158691e-01
7.522775232791900635e-02
1.002656936645507812e+00
5.078125745058059692e-02
8.415934443473815918e-02
5.573009014129638672e+00
0.000000000000000000e+00
1.094215735793113708e-02
1.563767194747924805e-01
4.256803393363952637e-01
1.367050409317016602e+00
0.000000000000000000e+00
3.958059847354888916e-02
1.762600541114807129e-01
9.180783629417419434e-01
5.810156464576721191e-01
1.505974888801574707e+00
1.144534908235073090e-02
6.953192710876464844e+00
2.902827560901641846e-01
1.455789357423782349e-01
3.570396900177001953e-01
2.423682451248168945e+00
1.873121857643127441e+00
2.599988579750061035e-01
1.674508601427078247e-01
1.751321196556091309e+00
3.781776428222656250e-01
5.873735621571540833e-02
1.504569172859191895e+00
9.003713130950927734e-01
0.000000000000000000e+00
2.818047106266021729e-01
3.289360404014587402e-01
4.270254075527191162e-02
0.000000000000000000e+00
1.165856838226318359e+00
4.074150562286376953e+00
6.303977966308593750e-01
7.384393215179443359e-01
2.339029014110565186e-01
1.218066096305847168e+00
3.149657547473907471e-01
6.796281814575195312e+00
1.284338347613811493e-02
1.762907803058624268e-01
1.271270066499710083e-01
1.461686939001083374e-01
5.609113257378339767e-03
1.039597019553184509e-01
8.614976406097412109e-01
3.790435314178466797e+00
5.733172595500946045e-02
1.558342017233371735e-02
7.671613693237304688e-01
7.157186269760131836e-01
0.000000000000000000e+00
4.988761618733406067e-02
0.000000000000000000e+00
1.720957830548286438e-02
7.755677700042724609e-01
4.313662648200988770e-01
1.706649541854858398e+00
6.781172156333923340e-01
7.109765410423278809e-01
2.879502475261688232e-01
3.170007467269897461e-01
6.585403084754943848e-01
1.349941015243530273e+00
2.261472195386886597e-01
9.285164475440979004e-01
1.404494404792785645e+00
7.514494657516479492e-01
0.000000000000000000e+00
1.227480530738830566e+00
0.000000000000000000e+00
2.218641340732574463e-01
1.040507197380065918e+00
1.462676525115966797e-01
1.279520541429519653e-01
1.100406050682067871e+00
1.215023398399353027e+00
1.339345216751098633e+00
9.826723933219909668e-01
1.108718737959861755e-01
6.127978116273880005e-02
1.940747737884521484e+00
1.328100681304931641e+00
0.000000000000000000e+00
4.682766497135162354e-01
1.386219114065170288e-01
1.391054391860961914e-01
6.530997902154922485e-02
0.000000000000000000e+00
4.842236638069152832e-02
2.708119153976440430e-01
6.724634766578674316e-02
1.978481858968734741e-01
1.288022845983505249e-01
3.768195509910583496e-01
2.427168607711791992e+00
1.968280196189880371e+00
3.618876338005065918e-01
1.180991530418395996e+00
3.102834939956665039e+00
2.044219672679901123e-01
0.000000000000000000e+00
8.868421912193298340e-01
6.238245964050292969e-02
7.039152830839157104e-02
2.872221767902374268e-01
4.048604965209960938e+00
1.318100571632385254e+00
5.582788586616516113e-01
7.466403245925903320e-01
1.024769898504018784e-02
1.214797616004943848e+00
1.518699407577514648e+00
6.761846691370010376e-02
7.512969970703125000e-01
0.000000000000000000e+00
2.286555290222167969e+00
9.700872898101806641e-01
3.761485591530799866e-02
2.456611245870590210e-01
0.000000000000000000e+00
3.836714923381805420e-01
2.875672876834869385e-01
7.336673140525817871e-01
2.180871367454528809e-01
5.549225956201553345e-02
1.908758282661437988e-02
0.000000000000000000e+00
6.195241119712591171e-03
3.302561283111572266e+00
3.379786014556884766e-02
1.223708838224411011e-01
0.000000000000000000e+00
1.798166871070861816e+00
0.000000000000000000e+00
1.159343957901000977e+00
2.644251286983489990e-01
1.975463330745697021e-02
8.207464218139648438e-01
4.343111440539360046e-02
1.213734865188598633e+00
1.416616320610046387e+00
2.218499965965747833e-02
2.627326846122741699e-01
1.899516433477401733e-01
2.970236241817474365e-01
4.831739068031311035e-01
8.106456995010375977e-01
1.622652292251586914e+00
9.859418272972106934e-01
5.316800670698285103e-04
1.003612279891967773e-01
1.172200194559991360e-03
2.319735527038574219e+00
1.065182209014892578e+00
1.660338342189788818e-01
6.611820310354232788e-02
2.011959701776504517e-01
3.784975707530975342e-01
3.005272448062896729e-01
1.692709978669881821e-03
1.519847273826599121e+00
6.437872409820556641e+00
4.826516807079315186e-01
0.000000000000000000e+00
3.562804162502288818e-01
2.258016169071197510e-01
8.421805500984191895e-02
1.532115489244461060e-01
5.817840341478586197e-03
0.000000000000000000e+00
1.718758977949619293e-02
5.904217958450317383e-01
9.309929609298706055e-01
9.421019814908504486e-03
2.026439905166625977e-01
1.376584529876708984e+00
5.362607911229133606e-02
8.557732105255126953e-01
0.000000000000000000e+00
2.952245175838470459e-01
1.051170229911804199e+00
3.948271572589874268e-01
1.901386737823486328e+00
0.000000000000000000e+00
8.703075647354125977e-01
7.492741942405700684e-02
2.823479101061820984e-02
6.028969883918762207e-01
1.792726851999759674e-02
0.000000000000000000e+00
9.478809237480163574e-01
3.690742850303649902e-01
7.388877565972507000e-05
0.000000000000000000e+00
1.466997981071472168e+00
4.848608002066612244e-02
3.558616340160369873e-02
2.759732306003570557e-01
1.282247304916381836e+00
1.499644517898559570e-01
4.854618012905120850e-01
1.747560381889343262e+00
3.908118605613708496e-01
7.230850309133529663e-02
2.243888229131698608e-01
7.255040109157562256e-02
4.623219072818756104e-01
7.343407273292541504e-01
5.387252196669578552e-02
1.451431512832641602e-01
6.617488861083984375e-01
6.493309140205383301e-01
2.092535607516765594e-02
9.174670577049255371e-01
7.345435619354248047e-01
2.443001419305801392e-01
4.492058977484703064e-02
4.912478923797607422e-01
0.000000000000000000e+00
2.704882025718688965e-01
1.075790077447891235e-01
9.598664641380310059e-01
6.200860440731048584e-02
2.445501089096069336e-02
8.479040861129760742e-01
4.792137145996093750e-01
1.805655002593994141e+00
1.180412888526916504e+00
4.335856437683105469e-01
1.891831040382385254e+00
1.572994232177734375e+00
0.000000000000000000e+00
1.008129954338073730e+00
1.055695891380310059e+00
1.406164050102233887e+00
4.787319898605346680e-02
8.849755525588989258e-01
0.000000000000000000e+00
8.323708921670913696e-02
0.000000000000000000e+00
1.877745089586824179e-04
5.775952339172363281e-01
5.558401346206665039e-01
3.670908689498901367e+00
1.489707589149475098e+00
6.102090477943420410e-01
0.000000000000000000e+00
7.598683834075927734e-01
1.216151285916566849e-02
0.000000000000000000e+00
0.000000000000000000e+00
8.480173349380493164e-02
1.252148598432540894e-01
6.600499618798494339e-03
0.000000000000000000e+00
4.448978602886199951e-01
1.103959530591964722e-01
2.321389168500900269e-01
2.460467100143432617e+00
0.000000000000000000e+00
2.113669551908969879e-02
8.347511887550354004e-01
2.588517665863037109e-01
1.058361172676086426e+00
0.000000000000000000e+00
1.763717085123062134e-01
1.077123761177062988e+00
9.453868865966796875e-01
1.330087423324584961e+00
1.699533611536026001e-01
1.709475278854370117e+00
5.665755271911621094e-01
3.362335562705993652e-01
1.061553717590868473e-03
3.591316640377044678e-01
1.930047869682312012e+00
0.000000000000000000e+00
0.000000000000000000e+00
4.700802326202392578e+00
1.182213202118873596e-01
8.583064079284667969e-01
4.112275838851928711e-01
3.300492465496063232e-01
9.686909914016723633e-01
0.000000000000000000e+00
2.690402746200561523e+00
2.348555624485015869e-01
6.665048003196716309e-01
1.216002821922302246e+00
2.483795166015625000e+00
0.000000000000000000e+00
1.745791912078857422e+00
0.000000000000000000e+00
0.000000000000000000e+00
3.170579075813293457e-01
3.977254033088684082e-03
9.570808410644531250e-01
1.966716051101684570e-01
1.611873805522918701e-01
2.709701657295227051e-03
8.054789304733276367e-01
6.023275852203369141e-01
1.422823548316955566e+00
8.750845678150653839e-03
2.711471319198608398e-01
5.479248166084289551e-01
8.617966175079345703e-01
2.065233653411269188e-03
0.000000000000000000e+00
4.125027358531951904e-02
6.171883940696716309e-01
1.389827489852905273e+00
1.256595849990844727e+00
1.495165973901748657e-01
1.851890087127685547e+00
0.000000000000000000e+00
1.231245040893554688e+00
7.292687296867370605e-01
5.712516233325004578e-02
3.158565759658813477e-01
9.753844700753688812e-03
1.717566013336181641e+00
2.100731849670410156e+00
3.258799761533737183e-02
4.533663272857666016e+00
1.574338376522064209e-01
8.319468498229980469e-01
8.213483961299061775e-04
1.702586114406585693e-01
2.024228498339653015e-02
1.906302571296691895e+00
1.036534309387207031e+00
0.000000000000000000e+00
9.524210542440414429e-02
1.544251441955566406e-01
8.867071866989135742e-01
3.101167678833007812e+00
6.487997770309448242e-01
5.844170693308115005e-03
2.635187506675720215e-01
7.693936675786972046e-02
9.775539636611938477e-01
7.531816512346267700e-02
7.206124812364578247e-02
7.378111779689788818e-02
3.876571655273437500e-01
7.181946635246276855e-01
2.051568776369094849e-02
3.103500306606292725e-01
6.830140203237533569e-02
1.535807490348815918e+00
1.890435628592967987e-02
7.445954084396362305e-01
4.199364036321640015e-02
0.000000000000000000e+00
2.148393690586090088e-01
8.388112783432006836e-01
3.358915448188781738e-02
5.508401989936828613e-01
3.185581445693969727e+00
1.661224514245986938e-01
0.000000000000000000e+00
7.212108373641967773e-01
2.238067150115966797e+00
8.009793162345886230e-01
1.744044661521911621e+00
1.488347053527832031e+00
2.708236217498779297e+00
2.376413822174072266e+00
7.895671725273132324e-01
1.087701618671417236e-01
6.150286197662353516e-01
0.000000000000000000e+00
1.442277580499649048e-01
