3.567773103713989258e-01
1.390465185977518559e-03
7.415209412574768066e-01
3.246246337890625000e+00
1.263229101896286011e-01
5.588306188583374023e-01
2.721675634384155273e-01
3.432624578475952148e+00
4.824131011962890625e+00
8.822418451309204102e-01
5.058844089508056641e-01
1.784279465675354004e+00
3.394224941730499268e-01
1.118549823760986328e+00
3.806732177734375000e+00
9.711388945579528809e-01
8.976718187332153320e-01
1.720939159393310547e+00
2.273789644241333008e+00
1.150674000382423401e-01
8.619124293327331543e-01
6.134768016636371613e-03
2.518513984978199005e-02
4.454424858093261719e+00
1.956024765968322754e-01
6.645529717206954956e-02
6.390963494777679443e-02
2.223099708557128906e+00
4.160103201866149902e-01
1.243303436785936356e-02
7.833613157272338867e-01
1.372411698102951050e-01
2.893976569175720215e-01
2.087748795747756958e-01
2.555145509541034698e-02
2.259182691574096680e+00
4.258081316947937012e-01
1.357124090194702148e+00
9.467178583145141602e-01
2.197557091712951660e-01
5.325777530670166016e-01
9.219916909933090210e-02
1.106335878372192383e+00
3.042525768280029297e+00
4.707077741622924805e-01
1.275742292404174805e+00
9.943680465221405029e-02
2.790720760822296143e-01
6.546161323785781860e-02
8.554427027702331543e-01
1.333533883094787598e+00
0.000000000000000000e+00
1.175333380699157715e+00
1.119243726134300232e-01
1.700717329978942871e+00
4.038332700729370117e-01
6.705721020698547363e-01
0.000000000000000000e+00
3.238286733627319336e+00
4.144801199436187744e-01
1.016542434692382812e+00
2.402992397546768188e-01
4.029919207096099854e-01
1.221379876136779785e+00
1.596503973007202148e+00
1.242184162139892578e+00
0.000000000000000000e+00
3.254288733005523682e-01
2.054696381092071533e-01
2.232888221740722656e+00
0.000000000000000000e+00
3.135492205619812012e-01
3.270303308963775635e-01
3.458595573902130127e-01
6.516355872154235840e-01
2.900319337844848633e+00
0.000000000000000000e+00
7.627812623977661133e-01
5.867871642112731934e-01
5.348508358001708984e-01
3.265257477760314941e-01
7.547040581703186035e-01
1.947517514228820801e+00
1.100783050060272217e-01
1.436948776245117188e+00
4.117386043071746826e-01
1.395517468452453613e+00
6.416748166084289551e-01
1.618302345275878906e+00
5.654218047857284546e-02
2.176744118332862854e-02
2.887865602970123291e-01
8.024455606937408447e-02
0.000000000000000000e+00
1.424934029579162598e+00
3.188549578189849854e-01
3.025418221950531006e-01
5.343238711357116699e-01
3.414841834455728531e-03
3.212706372141838074e-02
1.196941733360290527e-02
1.827805936336517334e-01
3.398279100656509399e-02
1.974812865257263184e+00
2.388391494750976562e+00
2.926992177963256836e-01
1.250122666358947754e+00
1.147393062710762024e-01
1.807531267404556274e-01
2.926205098628997803e-01
1.150988817214965820e+00
2.059556916356086731e-02
9.394720792770385742e-01
4.770284593105316162e-01
6.284923553466796875e-01
1.788333617150783539e-02
8.819233626127243042e-02
0.000000000000000000e+00
7.656654715538024902e-02
2.031800985336303711e+00
3.513255834579467773e+00
2.043786644935607910e-01
4.543782211840152740e-03
1.695392012596130371e+00
4.268438816070556641e-01
8.599593043327331543e-01
8.396480232477188110e-02
2.652009725570678711e-01
2.119178295135498047e+00
7.974203228950500488e-01
1.060567572712898254e-01
5.888779163360595703e-01
5.184723734855651855e-01
2.239518463611602783e-01
4.038287103176116943e-01
3.459146991372108459e-02
9.290319681167602539e-01
4.491928100585937500e+00
0.000000000000000000e+00
6.480748951435089111e-02
1.116825342178344727e+00
4.136850312352180481e-02
1.412258625030517578e+00
1.245766654610633850e-01
1.443744182586669922e+00
1.107775688171386719e+00
1.444084286689758301e+00
1.225986719131469727e+00
1.226747632026672363e+00
2.217027246952056885e-01
4.511250972747802734e+00
1.498729139566421509e-01
2.087641358375549316e-01
6.049303337931632996e-02
1.685538768768310547e+00
7.858899831771850586e-01
9.475347399711608887e-01
2.979354858398437500e-01
2.456439971923828125e+00
2.223662100732326508e-02
1.936834305524826050e-01
7.167879939079284668e-01
2.680452167987823486e-01
6.410939693450927734e-01
0.000000000000000000e+00
3.234677612781524658e-01
0.000000000000000000e+00
0.000000000000000000e+00
6.684137582778930664e-01
2.338577270507812500e+00
1.460853405296802521e-02
2.305318862199783325e-01
4.086362197995185852e-03
4.194008409976959229e-01
5.682826638221740723e-01
7.256818294525146484e+00
0.000000000000000000e+00
5.590177327394485474e-02
3.409505635499954224e-02
1.253449022769927979e-01
2.333065308630466461e-02
1.731895357370376587e-01
1.511599421501159668e-01
2.803773880004882812e+00
1.064425632357597351e-01
1.598989963531494141e-02
3.739175945520401001e-02
1.795931011438369751e-01
0.000000000000000000e+00
2.635757438838481903e-03
7.190619595348834991e-03
1.582008600234985352e-01
9.759480953216552734e-01
4.756648093461990356e-02
9.726016223430633545e-02
4.645073711872100830e-01
1.045453190803527832e+00
6.238192319869995117e-01
7.577650994062423706e-02
7.716443538665771484e-01
1.606184363365173340e+00
1.501674532890319824e+00
6.013456583023071289e-01
6.728151440620422363e-01
0.000000000000000000e+00
5.418125167489051819e-02
1.056185126304626465e+00
1.454399228096008301e-01
7.091517448425292969e-01
2.442950248718261719e+00
1.958347856998443604e-01
7.015546560287475586e-01
3.280938565731048584e-01
5.591548606753349304e-02
1.360312342643737793e+00
1.541585206985473633e+00
8.646901845932006836e-01
1.078465223312377930e+00
1.875704050064086914e+00
1.371498823165893555e+00
1.040318533778190613e-01
5.533246397972106934e-01
1.109979510307312012e+00
1.324857771396636963e-01
8.794694542884826660e-01
0.000000000000000000e+00
3.646825551986694336e-01
1.090270876884460449e+00
0.000000000000000000e+00
2.601600438356399536e-02
6.420798301696777344e-01
2.201509177684783936e-01
1.123664975166320801e+00
1.815853118896484375e+00
1.016028285026550293e+00
2.999055683612823486e-01
2.024125576019287109e+00
1.221452474594116211e+00
2.673657238483428955e-02
1.682309389114379883e+00
3.594048023223876953e-01
1.939034312963485718e-01
3.962299823760986328e-01
2.279823541641235352e+00
6.424323916435241699e-01
2.271589189767837524e-01
1.171773433685302734e+00
0.000000000000000000e+00
3.610399961471557617e+00
1.142167598009109497e-01
3.561439514160156250e-01
1.156154513359069824e+00
3.377998471260070801e-01
3.760221004486083984e-01
1.444881200790405273e+00
3.536139726638793945e-01
1.157142966985702515e-01
7.327546831220388412e-03
3.537560999393463135e-02
3.106250166893005371e-01
1.182361841201782227e+00
0.000000000000000000e+00
9.153255820274353027e-02
1.913681030273437500e-01
9.791669994592666626e-02
5.170721411705017090e-01
1.034871935844421387e+00
4.743765294551849365e-02
1.905786842107772827e-01
1.333904564380645752e-01
7.363823056221008301e-01
8.176531791687011719e-01
1.458570957183837891e+00
7.569468021392822266e-01
9.700388908386230469e-01
2.392350584268569946e-01
3.350625932216644287e-01
3.513452410697937012e-01
9.320683479309082031e-01
3.465526923537254333e-02
1.155805066227912903e-01
2.576665580272674561e-01
5.126166939735412598e-01
7.267473638057708740e-02
2.486063241958618164e-01
3.618997037410736084e-01
8.135948181152343750e-01
2.803598763421177864e-03
1.036719322204589844e+00
6.284984946250915527e-02
8.712493777275085449e-01
1.348130226135253906e+00
7.698835730552673340e-01
5.041519924998283386e-02
4.754894599318504333e-02
2.813706994056701660e-01
5.603577494621276855e-01
1.927477866411209106e-01
7.953550219535827637e-01
3.785416603088378906e+00
1.515865087509155273e+00
5.517209172248840332e-01
5.860565304756164551e-01
2.003511413931846619e-02
2.675427868962287903e-02
1.126512512564659119e-01
2.800086513161659241e-03
0.000000000000000000e+00
2.650924958288669586e-02
8.109118044376373291e-02
2.263162285089492798e-01
4.578900337219238281e-02
3.759261071681976318e-01
8.446817994117736816e-01
4.316034261137247086e-03
1.266604185104370117e+00
8.194882422685623169e-02
1.883530467748641968e-01
0.000000000000000000e+00
1.598119176924228668e-02
1.444138526916503906e+00
5.414241552352905273e-02
1.826822571456432343e-02
4.764173030853271484e-01
3.263426721096038818e-01
1.170399546623229980e+00
3.331198394298553467e-01
0.000000000000000000e+00
2.030748605728149414e+00
5.323705673217773438e-01
1.152557786554098129e-03
2.784786373376846313e-02
2.548552490770816803e-02
6.420556921511888504e-03
2.764670252799987793e-01
4.224274158477783203e-01
1.473318576812744141e+00
1.005830645561218262e+00
5.084584951400756836e-01
2.617799043655395508e-01
0.000000000000000000e+00
1.995522826910018921e-01
4.407770186662673950e-02
2.555692195892333984e-02
1.698467612266540527e+00
9.022428393363952637e-01
7.354570627212524414e-01
0.000000000000000000e+00
7.755204290151596069e-02
3.758471310138702393e-01
5.424280762672424316e-01
4.325002729892730713e-01
2.693008184432983398e-01
0.000000000000000000e+00
3.881159424781799316e-01
1.022573351860046387e+00
7.261265534907579422e-03
2.741025984287261963e-01
0.000000000000000000e+00
1.263559460639953613e-01
1.940141797065734863e+00
1.640766113996505737e-01
3.243697881698608398e-01
8.981651663780212402e-01
1.335347771644592285e+00
5.390750169754028320e-01
1.037748336791992188e+00
1.183894753456115723e+00
3.012540578842163086e+00
0.000000000000000000e+00
6.899594515562057495e-02
1.070038795471191406e+00
3.027555346488952637e-01
1.477478623390197754e+00
1.009076237678527832e+00
1.292222738265991211e-01
2.358746714890003204e-02
4.721570014953613281e-02
1.119618713855743408e-01
6.546817421913146973e-01
2.120029777288436890e-01
1.949822545051574707e+00
1.513507127761840820e+00
1.023661375045776367e+00
0.000000000000000000e+00
6.584160327911376953e-01
0.000000000000000000e+00
0.000000000000000000e+00
0.000000000000000000e+00
1.825220137834548950e-01
8.416007757186889648e-01
1.169528737664222717e-01
9.606970474123954773e-03
4.003161191940307617e-01
2.530921995639801025e-01
1.893086475320160389e-03
2.157500028610229492e+00
7.677392363548278809e-01
3.786493837833404541e-02
9.865446686744689941e-01
4.187088310718536377e-01
2.017120361328125000e+00
0.000000000000000000e+00
7.860748171806335449e-01
1.823382139205932617e+00
1.898720562458038330e-01
1.797076940536499023e+00
3.741419315338134766e-01
1.497747778892517090e+00
5.901601314544677734e-01
5.597434639930725098e-01
1.586944907903671265e-01
3.362681269645690918e-01
2.337377786636352539e+00
7.169365882873535156e-01
4.944231808185577393e-01
1.808112859725952148e+00
3.784207999706268311e-01
1.702951043844223022e-01
7.451983541250228882e-02
2.514559030532836914e-01
6.530763208866119385e-02
0.000000000000000000e+00
1.998538732528686523e+00
1.816170334815979004e+00
1.724674552679061890e-01
8.075491189956665039e-01
1.823438167572021484e+00
8.889551274478435516e-03
2.548138797283172607e-01
3.251220099627971649e-03
4.600352421402931213e-02
0.000000000000000000e+00
4.607474431395530701e-03
0.000000000000000000e+00
3.262867927551269531e-01
1.610479652881622314e-01
0.000000000000000000e+00
8.371949195861816406e-02
3.040565252304077148e-01
2.702873229980468750e+00
3.987190872430801392e-02
1.122261360287666321e-01
1.682925820350646973e-01
1.030064821243286133e+00
1.601265221834182739e-01
7.275783922523260117e-03
4.122622609138488770e-01
3.582958877086639404e-01
1.688441038131713867e+00
1.523627191781997681e-01
1.883080452680587769e-01
1.513285756111145020e+00
6.340061873197555542e-02
2.082442641258239746e-01
5.090191364288330078e-01
5.227705240249633789e-01
4.749992787837982178e-01
4.561373963952064514e-02
2.065197229385375977e+00
1.695450425148010254e+00
6.191835403442382812e-01
2.127550363540649414e+00
7.198478281497955322e-02
1.231782793998718262e+00
3.833051621913909912e-01
6.238927692174911499e-02
1.715027093887329102e+00
5.960687994956970215e-01
9.009667038917541504e-01
1.620987355709075928e-01
5.359869003295898438e-01
2.564759179949760437e-02
7.408931106328964233e-02
2.975141286849975586e+00
3.903236389160156250e-01
3.140047774650156498e-04
7.177785038948059082e-01
2.064570933580398560e-01
8.527234792709350586e-01
2.553340196609497070e-01
0.000000000000000000e+00
2.483012825250625610e-01
1.928354620933532715e+00
7.606636285781860352e-01
2.510520257055759430e-02
2.139403969049453735e-01
2.137908339500427246e-01
9.381997585296630859e-01
5.774203538894653320e-01
5.191494897007942200e-02
1.112764120101928711e+00
1.785060316324234009e-01
8.638045191764831543e-01
8.809904754161834717e-02
9.665738791227340698e-02
1.327858865261077881e-02
1.614914417266845703e+00
5.213693976402282715e-01
1.530166864395141602e-01
9.564980864524841309e-01
8.244137763977050781e-01
0.000000000000000000e+00
3.828897178173065186e-01
7.717100977897644043e-01
1.364207625389099121e+00
1.825041174888610840e+00
1.199697494506835938e+00
9.440190345048904419e-02
3.897360265254974365e-01
2.306280285120010376e-02
8.017133921384811401e-03
