4.613043963909149170e-01
0.000000000000000000e+00
3.028309345245361328e-01
2.873623609542846680e+00
1.459598392248153687e-01
2.023269832134246826e-01
9.064171910285949707e-01
3.679063320159912109e+00
5.265519142150878906e+00
1.041349053382873535e+00
3.915230929851531982e-01
1.899535417556762695e+00
9.397170692682266235e-02
1.661348104476928711e+00
3.782029151916503906e+00
1.281602740287780762e+00
3.195863664150238037e-01
1.870339512825012207e+00
3.305832147598266602e+00
1.371980179101228714e-02
8.705409765243530273e-01
3.399309143424034119e-02
4.818646609783172607e-02
3.525312900543212891e+00
5.202861130237579346e-02
1.315900683403015137e-01
3.277679979801177979e-01
2.233200073242187500e+00
4.575869739055633545e-01
4.267450887709856033e-03
3.683975636959075928e-01
4.032673314213752747e-02
3.847857415676116943e-01
1.903192326426506042e-02
5.507439747452735901e-02
2.340881824493408203e+00
3.593821525573730469e-01
1.672182202339172363e+00
5.350017547607421875e-01
2.360393851995468140e-01
2.266524881124496460e-01
5.185158923268318176e-02
1.262237310409545898e+00
3.801176548004150391e+00
4.208475053310394287e-01
1.000194072723388672e+00
3.968104422092437744e-01
1.758732050657272339e-01
0.000000000000000000e+00
4.051589369773864746e-01
1.375571727752685547e+00
3.178351372480392456e-02
1.481924533843994141e+00
3.928057476878166199e-02
1.592335939407348633e+00
8.401282876729965210e-02
6.583178639411926270e-01
0.000000000000000000e+00
2.735225915908813477e+00
4.692471325397491455e-01
4.737231433391571045e-01
2.175905182957649231e-02
7.375399470329284668e-01
1.204918384552001953e+00
5.793995261192321777e-01
7.157204747200012207e-01
0.000000000000000000e+00
2.507553994655609131e-01
2.552480399608612061e-01
1.562960028648376465e+00
0.000000000000000000e+00
2.708083689212799072e-01
5.383137986063957214e-02
1.667870730161666870e-01
5.559506416320800781e-01
2.852649927139282227e+00
0.000000000000000000e+00
6.756725311279296875e-01
7.198609113693237305e-01
6.317238807678222656e-01
4.746628999710083008e-01
5.233475565910339355e-01
2.036972999572753906e+00
5.173053964972496033e-02
1.904805541038513184e+00
5.163018405437469482e-02
1.128328084945678711e+00
1.203099116683006287e-01
1.382511615753173828e+00
4.814748838543891907e-02
2.877620421350002289e-02
2.073890268802642822e-01
1.420489326119422913e-02
0.000000000000000000e+00
1.444199323654174805e+00
3.590402305126190186e-01
4.869129359722137451e-01
1.091426968574523926e+00
0.000000000000000000e+00
3.230438381433486938e-02
9.536823257803916931e-03
2.565253376960754395e-01
3.589361906051635742e-03
9.713956713676452637e-01
2.513964891433715820e+00
2.921555936336517334e-01
1.153487563133239746e+00
8.429540693759918213e-02
5.705708265304565430e-01
2.706670463085174561e-01
1.049138545989990234e+00
0.000000000000000000e+00
6.751266121864318848e-01
1.678150743246078491e-01
6.078423857688903809e-01
1.342547982931137085e-01
0.000000000000000000e+00
0.000000000000000000e+00
0.000000000000000000e+00
2.065404653549194336e+00
2.769203186035156250e+00
7.123279571533203125e-02
3.164197504520416260e-02
1.653275609016418457e+00
3.186788260936737061e-01
2.689273059368133545e-01
0.000000000000000000e+00
5.166648887097835541e-03
1.927408814430236816e+00
8.059438467025756836e-01
2.943882159888744354e-02
5.186956524848937988e-01
4.538617730140686035e-01
5.781915038824081421e-02
6.373228877782821655e-02
0.000000000000000000e+00
5.385900139808654785e-01
5.011343955993652344e+00
0.000000000000000000e+00
1.698554493486881256e-02
8.801797032356262207e-01
2.971279248595237732e-02
1.576625227928161621e+00
0.000000000000000000e+00
2.906472086906433105e-01
1.093884229660034180e+00
7.730461955070495605e-01
4.675845503807067871e-01
1.693721175193786621e+00
3.713778257369995117e-01
4.537448883056640625e+00
9.770232439041137695e-02
2.183536998927593231e-02
5.370539426803588867e-02
1.781858325004577637e+00
5.621569156646728516e-01
5.148484706878662109e-01
5.016680359840393066e-01
2.706868648529052734e+00
0.000000000000000000e+00
1.363640427589416504e-01
8.036051392555236816e-01
6.450768113136291504e-01
5.031841993331909180e-01
2.833699807524681091e-02
1.679912209510803223e-01
0.000000000000000000e+00
0.000000000000000000e+00
3.285118341445922852e-01
2.331138134002685547e+00
5.860997736454010010e-02
3.219224810600280762e-01
1.652067899703979492e-02
4.952774643898010254e-01
5.592582225799560547e-01
7.404385566711425781e+00
0.000000000000000000e+00
4.850121960043907166e-02
5.713658407330513000e-02
1.573803424835205078e-01
0.000000000000000000e+00
6.602516863495111465e-03
2.250607591122388840e-03
2.775172948837280273e+00
1.828031241893768311e-01
0.000000000000000000e+00
2.291449159383773804e-02
3.372963070869445801e-01
5.897876340895891190e-03
1.509034484624862671e-01
1.019673328846693039e-02
5.266302451491355896e-02
8.957691192626953125e-01
1.769399791955947876e-01
5.678119510412216187e-02
3.442939519882202148e-01
9.141004085540771484e-01
3.637489974498748779e-01
1.221046820282936096e-01
1.182546496391296387e+00
1.913325786590576172e+00
8.827478885650634766e-01
5.271623730659484863e-01
5.920044183731079102e-01
0.000000000000000000e+00
0.000000000000000000e+00
1.814773678779602051e+00
1.449188143014907837e-01
4.959079995751380920e-02
1.959269285202026367e+00
2.926306724548339844e-01
1.378643810749053955e-01
0.000000000000000000e+00
2.680841274559497833e-02
1.442333936691284180e+00
1.106476783752441406e+00
4.652154147624969482e-01
9.021691679954528809e-01
1.634224176406860352e+00
1.428156018257141113e+00
1.318701058626174927e-01
3.039230108261108398e-01
3.394212424755096436e-01
0.000000000000000000e+00
6.029359102249145508e-01
0.000000000000000000e+00
5.622563883662223816e-02
5.726177096366882324e-01
1.270917477086186409e-03
1.789717316569294780e-05
4.717965722084045410e-01
3.388047218322753906e-02
1.332552552223205566e+00
1.482157468795776367e+00
1.316215038299560547e+00
3.022224307060241699e-01
2.274134397506713867e+00
8.128064274787902832e-01
0.000000000000000000e+00
1.161320209503173828e+00
2.593951523303985596e-01
1.694963574409484863e-01
3.751619756221771240e-01
2.753941297531127930e+00
4.381073415279388428e-01
1.037442535161972046e-01
7.266832590103149414e-01
4.108792915940284729e-02
3.928425550460815430e+00
2.463517636060714722e-01
3.884179294109344482e-01
4.954104423522949219e-01
9.577217698097229004e-02
9.955178946256637573e-02
1.208405494689941406e+00
3.766669705510139465e-02
1.367908567190170288e-01
6.665115058422088623e-02
4.970217123627662659e-02
1.373858898878097534e-01
1.081211328506469727e+00
1.731342375278472900e-01
9.031178802251815796e-02
2.322561889886856079e-01
0.000000000000000000e+00
1.881262362003326416e-01
1.949107527732849121e+00
1.704635769128799438e-01
1.626568473875522614e-02
1.007632017135620117e-01
6.359468698501586914e-01
4.224525690078735352e-01
1.567134261131286621e+00
1.942225694656372070e-01
1.525756478309631348e+00
2.719952352344989777e-02
3.672053217887878418e-01
4.040822386741638184e-01
1.456193804740905762e+00
3.567238803952932358e-03
0.000000000000000000e+00
3.652880489826202393e-01
9.040306210517883301e-01
1.280445903539657593e-01
4.894218221306800842e-02
5.956236124038696289e-01
8.880119919776916504e-01
0.000000000000000000e+00
4.700084030628204346e-01
6.930193305015563965e-02
1.018751740455627441e+00
7.532874941825866699e-01
6.648566722869873047e-01
1.332721710205078125e-01
9.198112785816192627e-02
6.262369751930236816e-01
3.903919756412506104e-01
1.622649133205413818e-01
4.133122563362121582e-01
4.593718051910400391e+00
1.282136082649230957e+00
8.964229822158813477e-01
4.642204642295837402e-01
1.366229820996522903e-02
5.954536027275025845e-04
2.552080154418945312e-01
1.049951650202274323e-02
0.000000000000000000e+00
0.000000000000000000e+00
3.179518133401870728e-02
5.141441822052001953e-01
2.676009386777877808e-02
1.220831181854009628e-03
5.368705987930297852e-01
1.355914864689111710e-02
6.305392980575561523e-01
1.311852131038904190e-02
5.553550720214843750e-01
1.005153059959411621e-01
0.000000000000000000e+00
1.793158173561096191e+00
1.599814146757125854e-01
0.000000000000000000e+00
2.097555696964263916e-01
9.926901012659072876e-02
9.215508699417114258e-01
6.166070103645324707e-01
0.000000000000000000e+00
9.366034269332885742e-01
1.102834701538085938e+00
0.000000000000000000e+00
4.014508333057165146e-03
7.749217003583908081e-02
8.397880010306835175e-03
2.540128119289875031e-02
7.882754206657409668e-01
1.796325922012329102e+00
8.827784657478332520e-01
6.388914585113525391e-01
2.122689634561538696e-01
0.000000000000000000e+00
2.684805949684232473e-04
6.196910515427589417e-02
1.073100790381431580e-01
7.190964221954345703e-01
4.731346368789672852e-01
7.460535764694213867e-01
1.950412290170788765e-03
0.000000000000000000e+00
2.137341201305389404e-01
1.219228148460388184e+00
6.478501558303833008e-01
1.901451200246810913e-01
0.000000000000000000e+00
2.537039220333099365e-01
7.904205322265625000e-01
0.000000000000000000e+00
2.617463767528533936e-01
0.000000000000000000e+00
3.414768278598785400e-01
2.253383636474609375e+00
5.251886695623397827e-02
3.687022924423217773e-01
8.421138525009155273e-01
1.140318155288696289e+00
4.247684478759765625e-01
8.880867958068847656e-01
1.657356739044189453e+00
2.949017524719238281e+00
0.000000000000000000e+00
4.432096183300018311e-01
1.291605591773986816e+00
3.484350740909576416e-01
1.213982462882995605e+00
1.594549864530563354e-01
1.916701346635818481e-02
7.578939199447631836e-02
9.067787788808345795e-03
3.478420972824096680e-01
8.803574442863464355e-01
2.616209685802459717e-01
2.507012367248535156e+00
1.530026435852050781e+00
4.311519563198089600e-01
0.000000000000000000e+00
8.757210969924926758e-01
2.810098230838775635e-03
0.000000000000000000e+00
0.000000000000000000e+00
2.720971824601292610e-03
1.921088695526123047e-01
0.000000000000000000e+00
7.353101973421871662e-04
2.161819040775299072e-01
1.389790773391723633e-01
2.398256026208400726e-02
2.753251314163208008e+00
3.872580826282501221e-01
1.346141397953033447e-01
5.167840123176574707e-01
7.150251269340515137e-01
2.174937248229980469e+00
2.216632477939128876e-02
6.741824746131896973e-01
1.045968055725097656e+00
1.673596054315567017e-01
1.503556251525878906e+00
1.700436621904373169e-01
1.509567260742187500e+00
5.681445598602294922e-01
1.472800672054290771e-01
0.000000000000000000e+00
6.621143221855163574e-01
1.652970552444458008e+00
3.311143219470977783e-01
7.270871400833129883e-01
1.690357923507690430e+00
6.752939820289611816e-01
4.657322913408279419e-02
0.000000000000000000e+00
2.393825203180313110e-01
5.414746701717376709e-02
0.000000000000000000e+00
2.979931831359863281e+00
8.885510563850402832e-01
1.631987243890762329e-01
9.591769576072692871e-01
1.904896020889282227e+00
0.000000000000000000e+00
8.579412102699279785e-01
0.000000000000000000e+00
1.603216826915740967e-01
0.000000000000000000e+00
5.323709547519683838e-02
1.058611669577658176e-03
3.254215717315673828e-01
4.667079448699951172e-02
3.141389414668083191e-02
5.729356408119201660e-02
2.729734778404235840e-01
2.397677898406982422e+00
0.000000000000000000e+00
1.617579162120819092e-01
4.433315619826316833e-02
1.129982471466064453e+00
4.205580428242683411e-02
0.000000000000000000e+00
1.264226436614990234e-01
8.277782201766967773e-01
9.814815521240234375e-01
2.314105927944183350e-01
1.784274429082870483e-01
2.477165937423706055e+00
5.044082924723625183e-02
2.909962236881256104e-01
7.528657466173171997e-02
2.676899731159210205e-02
1.040670052170753479e-01
1.829653978347778320e-03
1.889456272125244141e+00
2.067005872726440430e+00
3.047976493835449219e-01
2.181893348693847656e+00
1.544128954410552979e-01
1.023377299308776855e+00
1.555094420909881592e-01
6.689432263374328613e-02
1.648184180259704590e+00
6.039571166038513184e-01
7.445464730262756348e-01
6.483516097068786621e-02
5.761574506759643555e-01
4.520280659198760986e-01
3.047097027301788330e-01
3.024598598480224609e+00
2.776058316230773926e-01
0.000000000000000000e+00
1.065156459808349609e+00
2.392789535224437714e-02
9.362188577651977539e-01
2.159507870674133301e-01
7.077310234308242798e-02
1.526955515146255493e-01
2.219414234161376953e+00
6.821767687797546387e-01
1.065270230174064636e-01
3.880231678485870361e-01
7.267408072948455811e-02
1.391990184783935547e+00
4.030742049217224121e-01
8.833367377519607544e-02
3.288235366344451904e-01
1.000880077481269836e-01
1.173671722412109375e+00
2.174458354711532593e-01
3.616904616355895996e-01
2.993075875565409660e-03
9.859301447868347168e-01
2.690797448158264160e-01
5.698232725262641907e-02
1.578763365745544434e+00
6.784528493881225586e-01
0.000000000000000000e+00
6.399132013320922852e-01
6.343236565589904785e-01
1.689417958259582520e+00
2.450929880142211914e+00
1.221644520759582520e+00
2.214235812425613403e-02
3.608953356742858887e-01
0.000000000000000000e+00
5.763149261474609375e-02
